step,system_total_stopped,system_total_waiting_time,system_mean_waiting_time,system_mean_speed,ststem_total_time_loss,system_mean_time_loss,system_total_depart_delay,system_mean_depart_delay,tl_stopped,tl_accumulated_waiting_time,tl_average_speed,agents_total_stopped,agents_total_accumulated_waiting_time
0.0,0,0.0,0.0,0.0,0.0,0.0,0.0,0.0,0,0.0,1.0,0,0.0
5.0,0,0.0,0.0,5.603309118292915,28.255056265481617,1.8836704176987744,18.0,1.2,0,0.0,0.460033353545267,0,0.0
10.0,2,0.0,0.0,10.646587968751831,52.23544651378698,2.611772325689349,54.0,2.7,1,0.0,0.7575749395457532,1,0.0
15.0,2,1.0,0.043478260869565216,5.555779170701488,91.60915873678681,3.9830069015994267,58.333000000000006,2.536217391304348,1,1.0,0.3224890850860571,1,1.0
20.0,13,46.0,1.84,4.904829281417921,164.85538601061498,6.5942154404246,58.96200000000001,2.35848,12,46.0,0.1611540446377374,12,46.0
25.0,16,118.0,4.538461538461538,3.169493112694818,246.31934685206068,9.473821032771564,63.233000000000004,2.4320384615384616,16,118.0,0.08009041988602672,16,118.0
30.0,19,205.0,7.068965517241379,2.36726849400319,341.36196068141874,11.771102092462716,56.758,1.9571724137931035,19,205.0,0.07849486304121099,19,205.0
35.0,18,229.0,7.15625,4.2467619986826595,451.2341439066525,14.101066997082889,58.378,1.8243125,17,229.0,0.07427369939387549,17,229.0
40.0,21,321.0,9.727272727272727,3.036099246102252,570.7547321154975,17.295597942893863,59.266,1.795939393939394,19,317.0,0.07593176216541639,19,317.0
45.0,23,432.0,12.705882352941176,2.5958751641781728,655.5418236075452,19.280641870810147,61.063,1.7959705882352939,22,424.0,0.033346919581269764,22,424.0
50.0,26,556.0,15.885714285714286,2.5515452523211404,765.1799050745968,21.862283002131335,62.942,1.7983428571428572,24,540.0,0.07496808232600563,24,540.0
55.0,20,429.0,11.0,2.373177458423567,886.5165943669995,22.731194727358957,63.65999999999999,1.632307692307692,16,509.0,0.0823497781456107,16,509.0
60.0,19,482.0,11.75609756097561,5.221407731058467,1022.1245065318169,24.92986601297114,67.071,1.635878048780488,14,499.0,0.18356136543716361,14,499.0
65.0,18,570.0,12.666666666666666,4.764482759113597,1121.301873189164,24.917819404203648,61.794999999999995,1.3732222222222223,13,539.0,0.13378081486631954,13,539.0
70.0,27,690.0,16.428571428571427,2.7829073432322082,1068.819339688242,25.44807951638671,49.684,1.182952380952381,19,625.0,0.18265138402841843,19,625.0
75.0,31,810.0,20.25,1.7699083951299013,1159.2280674203625,28.980701685509057,42.657999999999994,1.0664500000000001,21,701.0,0.003640722065108356,21,701.0
80.0,37,973.0,21.152173913043477,1.8737859849129541,1337.980505843007,29.086532735717537,48.373,1.051586956521739,24,814.0,0.0351353181540148,24,814.0
85.0,34,1143.0,23.3265306122449,2.5690073330958607,1488.2952130944402,30.3733716958049,68.59899999999999,1.3999795918367348,23,929.0,0.08682628315317419,23,929.0
90.0,37,1318.0,26.36,1.772040922561404,1680.846556023204,33.61693112046408,77.519,1.55038,25,1049.0,0.12419040958728864,25,1049.0
95.0,38,1334.0,24.703703703703702,1.425567051342525,1917.2003803177515,35.50371074662502,77.766,1.4401111111111116,23,1043.0,0.04996819941100976,23,1043.0
100.0,40,1448.0,25.403508771929825,2.568970163200103,2147.346254673825,37.67274131006712,81.989,1.4384035087719298,22,1088.0,0.08822659236360776,22,1088.0
105.0,38,1613.0,26.442622950819672,3.115859596419818,2376.7709788058387,38.963458668948185,83.969,1.3765409836065572,21,1167.0,0.12463234154788731,21,1167.0
110.0,42,1813.0,31.80701754385965,1.7414891691392624,2337.0236298544833,41.00041455885059,72.28,1.2680701754385966,23,1277.0,0.09017933595097925,23,1277.0
115.0,44,1980.0,34.73684210526316,1.1094847208886587,2531.822712013467,44.41794231602573,71.808,1.2597894736842106,25,1349.0,0.05145353773374728,25,1349.0
120.0,53,2221.0,37.016666666666666,0.7787594084956834,2803.169488493136,46.7194914748856,76.69500000000001,1.2782499999999999,29,1486.0,0.0185612074296395,29,1486.0
125.0,53,2484.0,38.8125,1.3301324090555706,3063.872157531656,47.873002461432115,80.223,1.2534843750000002,31,1639.0,0.024674405836038103,31,1639.0
130.0,59,2760.0,42.46153846153846,1.0904881545780218,3319.346925016525,51.066875769484994,82.64899999999999,1.271523076923077,34,1802.0,0.08892606864284529,34,1802.0
135.0,44,2343.0,34.97014925373134,1.2638127459817956,3601.6079936953047,53.75534318948215,86.46799999999998,1.2905671641791046,21,1615.0,0.0736075569754334,21,1615.0
140.0,52,2512.0,36.94117647058823,1.2992544641940407,3906.47190782027,57.44811629147454,90.08299999999997,1.3247499999999999,23,1613.0,0.07627429014249108,23,1613.0
145.0,52,2683.0,40.04477611940298,1.0747235805415898,4190.220399236423,62.540602973677956,86.86799999999998,1.2965373134328357,25,1732.0,0.015718978179584824,25,1732.0
150.0,58,2934.0,43.791044776119406,0.9352479535943546,4456.963050346324,66.5218365723332,98.97799999999998,1.4772835820895525,31,1883.0,0.002259993863939863,31,1883.0
155.0,55,3136.0,47.515151515151516,1.3633214282820336,4487.806134395645,67.99706264235826,105.09799999999998,1.5923939393939397,29,1963.0,0.02174695622163126,29,1963.0
160.0,57,3416.0,50.23529411764706,1.7637860779780028,4652.202643080787,68.41474475118804,104.00799999999998,1.529529411764706,29,2108.0,0.06668055034713731,29,2108.0
165.0,58,3702.0,52.885714285714286,1.6167952277328839,4847.038540625245,69.24340772321781,110.154,1.5736285714285714,30,2254.0,0.092045992711563,30,2254.0
170.0,60,3998.0,60.57575757575758,0.5851609263448085,5065.3483069887825,76.74770162104214,106.72399999999999,1.6170303030303033,32,2410.0,0.05242992218662886,32,2410.0
175.0,59,4125.0,62.5,0.5289161685173575,5383.575458095755,81.56932512266296,106.72399999999999,1.6170303030303033,31,2394.0,0.017579778978218732,31,2394.0
180.0,56,4288.0,64.96969696969697,1.3215139732250754,5689.412691135035,86.20322259295509,106.72399999999999,1.6170303030303033,28,2411.0,0.05826725271476152,28,2411.0
185.0,52,4407.0,62.957142857142856,1.7904787424098747,5890.99225537614,84.15703221965914,106.988,1.5284,25,2482.0,0.05696734890405233,25,2482.0
190.0,54,4645.0,68.30882352941177,1.6177392131898094,5965.16514597344,87.72301685255059,140.95999999999998,2.0729411764705885,28,2644.0,0.10172711576631262,28,2644.0
195.0,49,4148.0,61.0,1.536597829560456,6089.397625475792,89.54996508052633,221.08799999999997,3.251294117647059,22,2132.0,0.09120709737013362,22,2132.0
200.0,53,4406.0,63.85507246376812,2.4624958365257594,6377.322138702089,92.42495853191433,269.632,3.9077101449275364,27,2171.0,0.0416147000002313,27,2171.0
205.0,56,4681.0,67.84057971014492,2.0473810385914573,6348.606172354476,92.00878510658659,351.0830000000001,5.088159420289856,30,2316.0,0.03812663864731512,30,2316.0
210.0,59,4967.0,76.41538461538461,0.7244314849207592,6129.303531264539,94.29697740406979,382.50700000000006,5.884723076923077,31,2469.0,0.02130127566089917,31,2469.0
215.0,54,5067.0,79.171875,1.2792986342173365,6402.913978871252,100.0455309198633,382.5050000000001,5.976640625,26,2450.0,0.021974571955348736,26,2450.0
220.0,54,5337.0,83.390625,1.3420894803080978,6687.35002456284,104.48984413379436,382.5050000000001,5.976640625,26,2559.0,0.035843117000477855,26,2559.0
225.0,56,5612.0,90.51612903225806,0.9331820143364947,6904.051790710024,111.35567404371005,378.78700000000003,6.109467741935484,28,2694.0,0.00010271244170051194,28,2694.0
230.0,56,5892.0,98.2,0.7932144267315413,7106.513498181469,118.44189163635778,378.78700000000003,6.313116666666668,28,2834.0,0.0,28,2834.0
235.0,49,5878.0,99.62711864406779,1.0109016512680158,7294.875927449718,123.64196487202916,379.64700000000005,6.434694915254238,21,2703.0,0.01869824329481384,21,2703.0
240.0,44,5898.0,99.96610169491525,2.0385652907284215,7535.534683985852,127.72092684721787,379.86400000000003,6.438372881355932,16,2601.0,0.08530299594664338,16,2601.0
245.0,42,5957.0,93.078125,2.1408534356741513,7658.822839682483,119.66910687003885,385.754,6.02740625,15,2675.0,0.11886412993971036,15,2675.0
250.0,48,6140.0,99.03225806451613,1.6909520456242464,7735.250231513792,124.762100508287,376.8500000000001,6.078225806451615,21,2800.0,0.1509886961275833,21,2800.0
255.0,47,6342.0,102.29032258064517,1.2313009528758574,7880.008289301087,127.09690789195304,456.02400000000006,7.355225806451614,21,2908.0,0.05356551210861291,21,2908.0
260.0,53,6597.0,99.95454545454545,1.3013064978931728,8034.13732846008,121.72935346151637,616.5970000000001,9.342378787878788,27,3033.0,0.08024582939580682,27,3033.0
265.0,56,6865.0,102.46268656716418,1.5392549680108087,8316.277126545614,124.12353920217332,769.893,11.490940298507462,29,3171.0,0.030570086761447037,29,3171.0
270.0,60,7155.0,111.796875,0.6841927210139123,8594.007575250447,134.28136836328824,766.893,11.982703125,32,3327.0,0.04225342688301987,32,3327.0
275.0,55,7295.0,115.7936507936508,0.7159912100404296,8848.605688426782,140.45405854645682,766.893,12.172904761904762,27,3220.0,0.014620298211231378,27,3220.0
280.0,51,7465.0,118.4920634920635,1.7901891612792986,9132.707102735127,144.96360480531948,766.893,12.172904761904762,23,3126.0,0.08105325483681516,23,3126.0
285.0,49,7628.0,117.35384615384615,1.5987615570530593,9398.756826679864,144.5962588719979,685.198,10.541507692307691,21,3231.0,0.05732597416444957,21,3231.0
290.0,51,7840.0,124.44444444444444,1.2840433106111866,9365.394096075774,148.6570491440599,701.065,11.128015873015874,24,3365.0,0.06730115715206907,24,3365.0
295.0,51,8067.0,130.11290322580646,1.1180118289476995,9359.938279733235,150.96674644731027,797.733,12.866661290322579,25,3479.0,0.0917166740567192,25,3479.0
300.0,57,8336.0,130.25,0.843455656894628,9651.843574579934,150.8100558528115,991.3530000000001,15.489890625000001,30,3618.0,0.013221231867587984,30,3618.0
305.0,58,8623.0,128.70149253731344,1.2280363424647178,9933.128828386278,148.25565415501913,1088.366,16.24426865671642,32,3775.0,0.031479481813575225,32,3775.0
310.0,62,8918.0,131.14705882352942,0.7146625017561151,10206.033041066414,150.0887211921532,1281.28,18.842352941176472,34,3940.0,0.10120152871977121,34,3940.0
315.0,52,8374.0,121.3623188405797,1.2072653849787436,10519.137024730546,152.45126122797888,1282.2359999999999,18.583130434782607,24,3320.0,0.04292802353741054,24,3320.0
320.0,50,8468.0,120.97142857142858,1.7904158137595174,10823.118478755723,154.61597826793886,1286.1919999999998,18.374171428571426,20,3145.0,0.11853301397026623,20,3145.0
325.0,51,8656.0,121.91549295774648,1.4706311519038298,10942.496319858,154.1196664768732,1195.097,16.832352112676055,22,3247.0,0.06813259971927958,22,3247.0
330.0,55,8890.0,128.84057971014494,1.1586922461656461,10940.64427809584,158.560062001389,1096.566,15.892260869565218,27,3388.0,0.049840101600076986,27,3388.0
335.0,55,9087.0,129.81428571428572,1.2354308644229204,11019.853008921928,157.42647155602762,1207.602,17.251457142857145,28,3481.0,0.008345610094367796,28,3481.0
340.0,59,9378.0,132.08450704225353,1.4706985475147092,11017.661486038116,155.1783307892692,1320.41,18.597323943661973,33,3642.0,0.04378203462001412,33,3642.0
345.0,62,9679.0,140.2753623188406,1.189715042876101,11139.718586723879,161.44519690904175,1306.1480000000001,18.92968115942029,34,3809.0,0.024037815696518822,34,3809.0
350.0,63,9991.0,151.37878787878788,0.20528628586468933,11403.478558707437,172.77997816223387,1306.1480000000001,19.79012121212121,35,3981.0,0.003529846602417882,35,3981.0
355.0,59,10144.0,156.06153846153848,0.5397951311542957,11694.279773978045,179.91199652273917,1306.1480000000001,20.09458461538462,31,3905.0,0.015693010259466744,31,3905.0
360.0,54,10291.0,158.3230769230769,1.3766830588986465,11995.331751274643,184.5435654042253,1306.1480000000001,20.09458461538462,26,3822.0,0.05299806082287692,26,3822.0
365.0,50,10452.0,151.47826086956522,1.7103274728582878,12124.16237298021,175.71249815913342,1162.228,16.843884057971014,23,3831.0,0.06739390554327444,23,3831.0
370.0,53,10686.0,154.8695652173913,1.9209266726596579,12261.884802276209,177.70847539530735,1262.992,18.30423188405797,26,3978.0,0.12059261494510226,26,3978.0
375.0,47,10105.0,150.82089552238807,1.505141700078129,12117.59168842991,180.85957743925238,1281.737,19.130402985074628,21,3396.0,0.09308032741631564,21,3396.0
380.0,53,10359.0,150.1304347826087,2.428787420312673,12403.520122678126,179.76116119823365,1556.469,22.557521739130436,27,3413.0,0.04836121626710169,27,3413.0
385.0,57,10632.0,154.08695652173913,1.848579807751311,12485.118007997433,180.94373924633962,1833.36,26.570434782608693,30,3556.0,0.0008396052291963873,30,3556.0
390.0,57,10917.0,167.95384615384614,1.048704052333026,12126.95403971373,186.56852368790354,1962.1359999999997,30.186707692307692,31,3711.0,0.04761772456913052,31,3711.0
395.0,53,11032.0,169.72307692307692,1.561056132581622,12339.771647461077,189.84264073017042,2100.54,32.316,25,3707.0,0.06311060837956771,25,3707.0
400.0,55,11303.0,173.8923076923077,1.3877711567935422,12627.61856664827,194.2710548715118,2100.54,32.316,27,3822.0,0.06609448003840673,27,3822.0
405.0,57,11584.0,170.35294117647058,1.5340387820845167,12877.972576175232,189.38194964963577,2102.8219999999997,30.923852941176474,29,3963.0,0.02015217127737867,29,3963.0
410.0,57,11869.0,185.453125,1.189031445156237,13061.85719442893,204.091518662952,2099.528,32.805125000000004,29,4108.0,0.06520050376386369,29,4108.0
415.0,51,11856.0,185.25,1.130218664938857,13296.018344492928,207.750286632702,2097.68,32.77625,23,3961.0,0.04382559270498037,23,3961.0
420.0,48,11895.0,188.8095238095238,2.2228167797641283,13564.540859615092,215.31017237484267,2097.68,33.296507936507936,20,3855.0,0.08057403901325658,20,3855.0
425.0,45,11978.0,181.4848484848485,2.4305761088633977,13831.404691542013,209.56673775063655,2097.68,31.7830303030303,18,3859.0,0.10546797038732089,18,3859.0
430.0,50,12177.0,202.95,1.2227805243940462,13447.582728492103,224.1263788082018,1512.618,25.210300000000004,23,3992.0,0.13601424439494594,23,3992.0
435.0,52,12402.0,200.03225806451613,1.0481881603229628,13725.098960275072,221.3725638754043,1851.1499999999999,29.857258064516127,25,4119.0,0.024836765722972422,25,4119.0
440.0,53,12663.0,197.859375,1.2948080494704544,13889.991528169636,217.03111762765053,1922.6499999999999,30.041406249999998,27,4250.0,0.053608833265496696,27,4250.0
445.0,57,12937.0,196.0151515151515,1.3601093251674206,14170.01679266513,214.6972241312898,2257.496,34.20448484848485,30,4394.0,0.007031188086401946,30,4394.0
450.0,58,13221.0,206.578125,0.804430168432192,14424.436656531754,225.38182275830863,2426.141,37.908453124999994,31,4547.0,0.08199355519692458,31,4547.0
455.0,55,13376.0,209.0,0.8567455924535177,14720.73612839639,230.01150200619352,2426.141,37.908453124999994,27,4465.0,0.019836250333216187,27,4465.0
460.0,51,13529.0,211.390625,1.6222208996295973,15007.699954291764,234.49531178580878,2426.141,37.908453124999994,23,4400.0,0.07179556134456405,23,4400.0
465.0,50,13707.0,210.87692307692308,1.317545025523876,15278.973184413551,235.0611259140546,2255.235,34.69592307692307,23,4511.0,0.0541928114851048,23,4511.0
470.0,52,13945.0,224.91935483870967,1.0746072261050654,15276.420415434122,246.39387766829225,1892.999,30.53224193548387,26,4648.0,0.05073022997225135,26,4648.0
475.0,52,14160.0,221.25,1.1247509248926773,15308.538155527254,239.19590868011335,2064.3830000000003,32.255984375,26,4748.0,0.0962014446096082,26,4748.0
480.0,57,14430.0,218.63636363636363,0.9242125667848303,15605.112748115336,236.4411022441717,2427.187,36.7755606060606,30,4888.0,0.0388013695066127,30,4888.0
485.0,60,14725.0,204.51388888888889,1.3500048826165367,15901.015653268245,220.84743962872562,2617.4289999999996,36.353180555555554,34,5053.0,0.028073521409613524,34,5053.0
490.0,65,15032.0,208.77777777777777,1.026299595131407,16169.42318716231,224.57532204392098,2806.2369999999996,38.97551388888889,36,5228.0,0.08614826928149517,36,5228.0
495.0,55,14429.0,200.40277777777777,0.8981956172152845,16503.861842583552,229.22030336921594,2806.2369999999996,38.97551388888889,26,4792.0,0.03608309716205788,26,4792.0
500.0,54,14491.0,201.26388888888889,1.4105400581339333,16831.822521932056,233.77531280461184,2806.2369999999996,38.97551388888889,25,4595.0,0.08440644748917334,25,4595.0
505.0,56,14665.0,212.53623188405797,0.658091265279657,16879.322206479927,244.62785806492641,2456.631,35.603347826086946,28,4724.0,0.018771716013408726,28,4724.0
510.0,60,14925.0,216.30434782608697,0.7642905460561004,17206.41049820271,249.36826808989446,2456.631,35.603347826086946,34,4896.0,0.005836437346485038,34,4896.0
515.0,59,15142.0,219.44927536231884,1.1410588722000878,16913.79500585125,245.12746385291666,2858.2129999999997,41.423376811594196,32,4999.0,0.019252152701693642,32,4999.0
520.0,61,15441.0,214.45833333333334,1.6675779799692418,17233.74398076885,239.35755528845624,2860.367,39.72731944444445,33,5164.0,0.05825126118320773,33,5164.0
525.0,62,15749.0,224.9857142857143,1.0826542074392298,17346.3751358575,247.80535908367855,2744.6049999999996,39.20864285714285,34,5332.0,0.05606934401902541,34,5332.0
530.0,64,16067.0,239.80597014925374,0.191353883187668,17597.63274286335,262.6512349681096,2741.6049999999996,40.919477611940295,36,5510.0,0.022720888455135035,36,5510.0
535.0,61,16211.0,241.955223880597,0.5420980643397569,17925.418569113335,267.5435607330347,2741.6049999999996,40.919477611940295,33,5415.0,0.01712614395579862,33,5415.0
540.0,56,16355.0,244.1044776119403,1.4055067200871318,18235.001611679138,272.16420315938996,2741.6049999999996,40.919477611940295,28,5336.0,0.05793527469266929,28,5336.0
545.0,52,16512.0,235.88571428571427,1.6785637301068876,18348.98523983943,262.1283605691347,2417.5689999999995,34.536699999999996,25,5359.0,0.0720312465392058,25,5359.0
550.0,55,16755.0,239.35714285714286,1.5903047058491397,18349.080051793513,262.1297150256216,2373.468,33.906685714285715,29,5551.0,0.11664816949395194,29,5551.0
555.0,50,16109.0,230.12857142857143,1.5229994027088942,18374.34653454692,262.49066477924174,2567.8059999999996,36.68294285714285,23,4902.0,0.08934745039242416,23,4902.0
560.0,56,16371.0,230.57746478873239,2.4613157547854043,18672.13390531359,262.98780148328996,2800.076,39.43769014084507,30,4907.0,0.053134727960563746,30,4907.0
565.0,56,16651.0,228.0958904109589,2.0512141564980446,18611.884094298945,254.9573163602595,3265.2720000000004,44.72975342465753,30,5057.0,0.03362933598165781,30,5057.0
570.0,60,16943.0,249.16176470588235,0.7947946440500848,18278.244019412476,268.79770616783065,3489.6600000000003,51.3185294117647,34,5219.0,0.03649972566406937,34,5219.0
575.0,57,17060.0,250.88235294117646,1.2158511199841182,18581.963246421044,273.26416538854465,3489.6600000000003,51.31852941176471,29,5215.0,0.02294992934068882,29,5215.0
580.0,58,17349.0,255.13235294117646,1.3615979746409028,18884.63387877307,277.715204099604,3489.6600000000003,51.31852941176471,30,5346.0,0.03376534017514417,30,5346.0
585.0,60,17644.0,271.44615384615383,0.6378118325227611,19095.491892153455,293.7767983408222,3486.9340000000007,53.64513846153846,32,5501.0,4.240973145154368e-05,32,5501.0
590.0,60,17944.0,280.375,0.7574783308265779,19344.774887819985,302.2621076221873,3486.9340000000007,54.48334375,32,5661.0,0.0,32,5661.0
595.0,53,17950.0,284.92063492063494,1.055368008485839,19551.544300284597,310.34197302039036,3487.7980000000002,55.36187301587302,25,5515.0,0.027883799990889666,25,5515.0
600.0,48,17991.0,290.1774193548387,2.092375339018006,19805.63382936078,319.44570692517385,3487.7980000000002,56.25480645161291,20,5305.0,0.05291368669833082,20,5305.0
605.0,45,18074.0,273.8484848484849,2.3152051130585973,20075.29291971419,304.1711048441544,3490.7980000000002,52.89087878787879,18,5396.0,0.10328803118222485,18,5396.0
610.0,50,18276.0,290.0952380952381,1.7735753753027106,19974.822112485603,317.0606684521523,2953.53,46.88142857142857,23,5536.0,0.12761449916745676,23,5536.0
615.0,50,18488.0,303.08196721311475,1.4155561874901728,19832.858375801858,325.12882583281726,2700.131,44.264442622950824,24,5652.0,0.07589233952950128,24,5652.0
620.0,54,18747.0,288.4153846153846,1.2275458958301035,20116.488195682083,309.4844337797244,3237.083,49.80127692307692,28,5781.0,0.02578591216842161,28,5781.0
625.0,56,19020.0,292.61538461538464,1.4989594905958779,20386.44678717709,313.63764287964756,3773.362,58.05172307692307,29,5924.0,0.032573802205669536,29,5924.0
630.0,56,19299.0,301.546875,0.7339853751782291,20629.067481829796,322.3291794035905,4036.4320000000007,63.06925000000001,30,6073.0,0.06247700040022123,30,6073.0
635.0,54,19441.0,294.56060606060606,1.0915200698304333,20926.20049016992,317.0636437904532,4300.474,65.15869696969698,27,5939.0,0.06415818312609738,27,5939.0
640.0,51,19596.0,296.90909090909093,1.8677034668948844,21216.748344564225,321.4658840085488,4300.474,65.15869696969698,23,5859.0,0.08494130683773125,23,5859.0
645.0,48,19784.0,282.62857142857143,1.9514497639323285,21445.814192474852,306.3687741782122,4071.8,58.16857142857143,21,5880.0,0.07071103875750637,21,5880.0
650.0,52,20021.0,298.82089552238807,1.683163485974918,21419.289844587605,319.69089320280005,3444.138,51.40504477611941,25,6008.0,0.08397774440637061,25,6008.0
655.0,52,20252.0,306.8484848484849,1.184794105201043,21450.88609913912,325.01342574453196,3337.0290000000005,50.56104545454546,26,6119.0,0.06647218433221072,26,6119.0
660.0,59,20533.0,306.46268656716416,0.8917814754031012,21634.096524425822,322.89696305113154,3694.665,55.144253731343284,33,6270.0,0.028720215491316734,33,6270.0
665.0,62,20834.0,293.4366197183099,1.0972798429436248,21930.658684842696,308.8825166879252,4243.935,59.773732394366206,35,6441.0,0.02845292651575455,35,6441.0
670.0,66,21146.0,297.83098591549293,0.546944333648859,22224.226780367528,313.0172785967257,4521.96,63.689577464788734,38,6623.0,0.0698308601050108,38,6623.0
675.0,56,20501.0,288.7464788732394,1.0023952563458323,22557.671391154912,317.71368156556207,4521.96,63.689577464788734,28,6078.0,0.030300806373795203,28,6078.0
680.0,52,20490.0,288.59154929577466,1.4777368367963555,22874.94168004908,322.1822771837898,4521.96,63.689577464788734,23,5835.0,0.10554459074169052,23,5835.0
685.0,52,20664.0,291.0422535211268,1.255282353363593,23163.001531162005,326.2394581853802,4261.830000000001,60.02577464788734,24,5949.0,0.03818792112219646,24,5949.0
690.0,58,20914.0,303.1014492753623,0.8734717704048296,23085.477118567615,334.5721321531537,4039.8940000000002,58.5491884057971,31,6103.0,0.03578731850945232,31,6103.0
695.0,57,21137.0,301.95714285714286,1.5762098356101049,23121.30179725839,330.30431138940554,4332.245,61.88921428571428,31,6210.0,0.04982351411913694,31,6210.0
700.0,59,21427.0,297.59722222222223,1.588081822502113,23025.20021209052,319.79444739014605,4914.584000000001,68.2581111111111,33,6370.0,0.04928527122917154,33,6370.0
705.0,64,21736.0,301.8888888888889,1.4167648701182654,23346.741877711407,324.2603038571028,4914.584000000001,68.2581111111111,36,6543.0,0.025629214100446263,36,6543.0
710.0,65,22057.0,329.2089552238806,0.1179266371986645,23449.352518633397,349.9903360990059,4682.529,69.88849253731344,37,6724.0,0.01476267042285874,37,6724.0
715.0,59,22197.0,331.2985074626866,0.6671072619839372,23773.710980763553,354.8315071755753,4682.529,69.88849253731344,31,6641.0,0.026415075712704832,31,6641.0
720.0,55,22345.0,333.5074626865672,1.4700294989579863,24081.22895839401,359.4213277372239,4682.529,69.88849253731344,27,6640.0,0.04549858804699249,27,6640.0
725.0,54,22539.0,308.75342465753425,1.6767538247200624,24211.059591044625,331.658350562255,4180.172,57.26263013698631,26,6770.0,0.04772623399177194,26,6770.0
730.0,55,22762.0,320.59154929577466,1.6897813646575288,24259.153232593737,341.6782145435737,3709.1989999999996,52.24223943661971,28,6932.0,0.12715376107537082,28,6932.0
735.0,51,22028.0,310.2535211267606,1.6896417409385334,24472.014193615058,344.6762562480994,3757.6649999999995,52.92485915492957,24,6238.0,0.08414875615514861,24,6238.0
740.0,54,22288.0,305.3150684931507,2.411895794064208,24770.82593541349,339.3263826768972,4393.969,60.19135616438356,28,6222.0,0.032999853916997494,28,6222.0
745.0,58,22570.0,313.47222222222223,2.0573469273389207,24783.527363896264,344.2156578318926,4707.311000000001,65.37931944444445,32,6374.0,0.0001804459997877933,32,6374.0
750.0,58,22860.0,346.3636363636364,0.8890663580214629,24297.430891981287,368.14289230274693,5019.916,76.05933333333334,32,6534.0,0.026346959103700954,32,6534.0
755.0,54,22983.0,359.109375,1.386950811852963,24559.459990679406,383.74156235436584,5016.908,78.38918749999999,26,6534.0,0.019818754922060273,26,6534.0
760.0,55,23257.0,363.390625,1.4405000788723206,24843.397190856405,388.17808110713145,5016.908,78.38918749999999,27,6652.0,0.03781435675843594,27,6652.0
765.0,56,23536.0,373.58730158730157,1.2599932875452766,25057.978799538058,397.7456952307628,5013.178000000001,79.57425396825398,28,6791.0,0.0,28,6791.0
770.0,56,23816.0,396.93333333333334,0.861516370725574,25255.868635764877,420.9311439294146,5012.884000000001,83.54806666666667,28,6931.0,0.03244367637791161,28,6931.0
775.0,49,23796.0,396.6,0.8483259748836098,25475.916059720275,424.5986009953379,5011.615000000001,83.52691666666668,21,6783.0,0.0275320058521054,21,6783.0
780.0,45,23820.0,397.0,2.2885431930673903,25739.91126465524,428.99852107758727,5011.615000000001,83.52691666666668,17,6677.0,0.09549817505608928,17,6677.0
785.0,42,23883.0,379.0952380952381,2.3207939074751094,25961.02665089801,412.0797881094921,4691.259000000001,74.46442857142858,15,6663.0,0.11238127334202619,15,6663.0
790.0,47,24069.0,401.15,1.5965362999432264,25639.941305806875,427.3323550967811,3657.541,60.959016666666656,20,6787.0,0.18126205789583671,20,6787.0
795.0,49,24285.0,404.75,1.364560235297057,25788.753099126454,429.8125516521075,3732.5950000000003,62.20991666666666,23,6907.0,0.06329479656395406,23,6907.0
800.0,52,24541.0,383.453125,1.2256153749089371,26068.129430494228,407.3145223514723,4439.033,69.359890625,26,7033.0,0.02621685759837441,26,7033.0
805.0,56,24813.0,370.34328358208955,1.3842425392514879,26341.63769926823,393.158771630869,5154.741,76.9364328358209,29,7175.0,0.046112553539110875,29,7175.0
810.0,58,25094.0,380.2121212121212,0.956648413098015,26608.25275546665,403.15534477979776,5508.119000000001,83.45634848484848,32,7326.0,0.09536620462209132,32,7326.0
815.0,52,24636.0,362.29411764705884,0.9730742197972994,26924.646312234945,395.95068106227865,5859.854,86.17432352941175,25,6793.0,0.0563170088352551,25,6793.0
820.0,50,24699.0,363.22058823529414,1.3805454244396922,27232.47617792838,400.4775908518879,5859.854,86.17432352941175,20,6578.0,0.08204220474426542,20,6578.0
825.0,48,24873.0,365.77941176470586,1.0334365326490662,27192.968158007137,399.8965905589283,5539.255,81.45963235294118,21,6679.0,0.041508835078752505,21,6679.0
830.0,52,25111.0,380.469696969697,1.1496820471546374,27481.897811116854,416.3923910775281,4829.467,73.17374242424243,26,6807.0,0.007334874527116206,26,6807.0
835.0,56,25335.0,383.8636363636364,1.276988136857288,27514.801725534206,416.8909352353666,5195.393999999999,78.71809090909092,30,6903.0,0.04684665794863653,30,6903.0
840.0,59,25623.0,406.7142857142857,0.5581262418216074,27274.693698570525,432.9316460090559,4912.968,77.98361904761904,31,7055.0,3.299384352293394e-05,31,7055.0
845.0,59,25918.0,392.6969696969697,0.9301647134188054,27556.628715380528,417.5246775057654,4915.102,74.47124242424242,31,7210.0,0.0,31,7210.0
850.0,61,26213.0,397.1666666666667,0.9350133968452143,27819.62128802442,421.5094134549154,4915.826,74.48221212121211,31,7365.0,0.08483336607619166,31,7365.0
855.0,55,26330.0,405.0769230769231,0.6619069752864476,28111.737469505166,432.48826876161786,4915.826,75.62809230769231,27,7226.0,0.024789962683663222,27,7226.0
860.0,54,26483.0,407.4307692307692,1.3255032609335373,28408.83404510258,437.0589853092704,4915.826,75.62809230769231,26,7120.0,0.09363999161046734,26,7120.0
865.0,52,26599.0,403.0151515151515,1.2022270108190598,28706.727937082473,434.9504232891283,4915.955,74.48416666666667,25,7243.0,0.06228848880535415,25,7243.0
870.0,55,26839.0,412.9076923076923,0.7092499088241078,28641.156892398645,440.6331829599792,4769.896,73.38301538461538,29,7418.0,0.03827195925270479,29,7418.0
875.0,49,26858.0,413.2,0.810428646240178,28638.83921116286,440.5975263255824,4585.353,70.5438923076923,23,7231.0,0.051440648860490885,23,7231.0
880.0,50,27089.0,392.59420289855075,1.6977183272894416,28942.33292399429,419.45410034774335,5392.543,78.15279710144928,23,7215.0,0.13434595233079538,23,7215.0
885.0,55,27333.0,374.4246575342466,1.3424540697362055,29161.96948641206,399.4790340604391,6195.034000000001,84.86347945205479,27,7286.0,0.04608992582660299,27,7286.0
890.0,58,27607.0,383.43055555555554,1.1701377523358363,29330.76980466867,407.37180284262035,6194.383000000001,86.03309722222222,32,7432.0,0.02826489798046943,32,7432.0
895.0,58,27707.0,384.81944444444446,1.4325102168191994,29574.24276568542,410.75337174563083,6593.679,91.578875,30,7413.0,0.04827335796861621,30,7413.0
900.0,61,28000.0,394.36619718309856,1.3876148526101344,29794.246539008316,419.63727519730026,6593.289000000001,92.86322535211266,32,7561.0,0.018223980895332843,32,7561.0
905.0,61,28301.0,382.44594594594594,1.7214711022724003,29843.420919837277,403.28947188969295,6303.151,85.17771621621621,33,7723.0,1.5421034187299876e-05,33,7723.0
910.0,61,28606.0,420.6764705882353,1.268681709452812,29946.524528058195,440.39006658909113,6301.989,92.67630882352941,33,7888.0,0.09465056528586295,33,7888.0
915.0,57,28694.0,434.75757575757575,0.7376779384595076,30193.86413084439,457.4827898612787,6298.989,95.43922727272727,29,7738.0,0.0301542179122415,29,7738.0
920.0,55,28853.0,437.1666666666667,1.4690241677715374,30495.620170947583,462.0548510749634,6298.989,95.43922727272727,27,7669.0,0.055573151611592306,27,7669.0
925.0,50,28970.0,438.93939393939394,1.6618418769239829,30754.198151484383,465.9726992649148,5895.491,89.3256212121212,23,7705.0,0.07120658979305476,23,7705.0
930.0,52,29199.0,442.40909090909093,1.2219045464802814,30732.00976254741,465.6365115537487,5252.859999999999,79.58878787878788,26,7856.0,0.0673470959210373,26,7856.0
935.0,46,28447.0,431.0151515151515,1.970450636461219,30559.752422036694,463.0265518490408,5128.173000000001,77.69959090909092,18,7170.0,0.09081383015884416,18,7170.0
940.0,48,28677.0,428.0149253731343,2.8367971719460288,30827.529284044056,460.11237737379184,5561.463000000001,83.0069104477612,22,7102.0,0.1171712908458922,22,7102.0
945.0,53,28929.0,419.2608695652174,2.4668108403611906,30766.45323070107,445.89062653189956,6422.217,93.07560869565216,26,7224.0,0.05790775008290751,26,7224.0
950.0,55,29196.0,478.62295081967216,0.8477680925778286,30335.364777223076,497.3010619216897,6844.226,112.2004262295082,29,7361.0,0.06129038817299936,29,7361.0
955.0,50,29326.0,473.0,1.0144092172516896,30560.812895178828,492.9163370190133,7274.802000000001,117.33551612903227,23,7271.0,0.06388853563048476,23,7271.0
960.0,47,29468.0,475.2903225806452,2.1824759769976514,30830.16624751158,497.26074592760614,7274.802000000001,117.33551612903227,19,7189.0,0.0737557205339513,19,7189.0
965.0,44,29632.0,442.2686567164179,2.3454966073738,30952.390281992946,461.97597435810354,6927.2519999999995,103.39182089552239,17,7191.0,0.09718344026680116,17,7191.0
970.0,47,29849.0,473.7936507936508,1.7014937912972563,30901.96105371949,490.5073183130077,5374.282,85.3060634920635,21,7308.0,0.13145306610662708,21,7308.0
975.0,44,29796.0,472.95238095238096,1.4799442391763096,31044.172384155667,492.764641018344,5463.058,86.71520634920635,18,7195.0,0.10290176389847133,18,7195.0
980.0,48,30025.0,454.92424242424244,1.9187811436382285,31196.541443071997,472.67487034957554,5980.2300000000005,90.60954545454545,22,7225.0,0.08225541876472305,22,7225.0
985.0,53,30276.0,451.8805970149254,1.9355986492989128,31418.502894597557,468.932879023844,6861.590999999999,102.41180597014925,26,7346.0,0.0028898755455762275,26,7346.0
990.0,54,30544.0,492.64516129032256,1.2228749450783487,31559.068709751376,509.01723725405435,6860.713000000001,110.65666129032259,28,7484.0,0.041268434017604376,28,7484.0
995.0,49,30673.0,494.7258064516129,1.3104258761225265,31675.40345365281,510.89360409117444,7748.156000000001,124.97025806451614,23,7451.0,0.0843188984885148,23,7451.0
1000.0,47,30818.0,505.21311475409834,1.9882834139646124,31927.721533385276,523.4052710391029,7748.156000000001,127.01895081967214,19,7415.0,0.09656273095899914,19,7415.0
1005.0,46,30997.0,484.328125,1.8980721190500094,32194.125203854324,503.0332063102238,7748.464,121.06975,18,7503.0,0.0616658744870083,18,7503.0
1010.0,48,31210.0,511.6393442622951,1.4715995388691303,32220.266196329194,528.2010851857247,6503.790999999999,106.61952459016395,21,7611.0,0.06395170133463,21,7611.0
1015.0,48,31391.0,532.0508474576271,0.9497023633848024,32278.376279386506,547.0911233794322,5717.908000000001,96.91369491525424,22,7670.0,0.07291915623990863,22,7670.0
1020.0,51,31638.0,510.2903225806452,1.0154066502435972,32558.203880869303,525.1323206591824,6622.587,106.81591935483871,25,7776.0,0.04668539754949977,25,7776.0
1025.0,55,31906.0,490.8615384615385,1.4567983466897838,32822.000902852764,504.95386004388854,7075.585,108.85515384615384,28,7898.0,0.051247370266197564,28,7898.0
1030.0,61,32190.0,495.2307692307692,0.7340378860619841,33041.66718137824,508.3333412519727,7073.739,108.82675384615385,31,8021.0,0.08501873981490196,31,8021.0
1035.0,53,32332.0,505.1875,1.0140685747957199,33331.37354166338,520.8027115884902,7073.739,110.52717187500001,25,7963.0,0.045913254737095885,25,7963.0
1040.0,50,32477.0,507.453125,1.6049880473886815,33616.05067009364,525.250791720213,7073.739,110.52717187500001,22,7940.0,0.09005188154893186,22,7940.0
1045.0,50,32644.0,487.2238805970149,1.9119228842139275,33902.69442128014,506.0103644967184,7076.739,105.62297014925373,23,7967.0,0.06873927839085048,23,7967.0
1050.0,51,32875.0,513.671875,1.2473513077215328,33858.56506398461,529.0400791247598,5831.249,91.113265625,25,8095.0,0.09685013318096969,25,8095.0
1055.0,51,33067.0,508.7230769230769,1.0721178217462237,33975.15665384074,522.694717751396,5921.432,91.09895384615386,24,8122.0,0.05301833123360232,24,8122.0
1060.0,55,33334.0,490.20588235294116,1.589534834558859,34275.775871685735,504.05552752479014,6395.37,94.04955882352941,29,8224.0,0.07447611523283029,29,8224.0
1065.0,58,33620.0,487.2463768115942,1.334878863605288,34560.587308346716,500.8780769325612,7333.538,106.28315942028985,32,8345.0,0.06454874286842602,32,8345.0
1070.0,63,33921.0,498.8382352941176,0.5762574461708014,34814.59971461176,511.97940756782,8280.922,121.77826470588236,36,8481.0,0.02429114789546052,36,8481.0
1075.0,58,34083.0,516.4090909090909,0.6949436101862392,35108.06364947406,531.9403583253644,8280.922,125.46851515151516,30,8427.0,0.027727746143415676,30,8427.0
1080.0,53,34259.0,519.0757575757576,1.755223062738171,35405.91051592251,536.4531896351893,8280.922,125.46851515151516,25,8403.0,0.05448780852262233,25,8403.0
1085.0,49,34442.0,485.09859154929575,2.1971624641201237,35656.56530733361,502.205145173713,7833.08,110.3250704225352,23,8430.0,0.06464931925205417,23,8430.0
1090.0,52,34693.0,517.8059701492538,1.878835179856903,35617.76803988426,531.6084782072278,6059.823,90.44511940298507,26,8539.0,0.12800805874138796,26,8539.0
1095.0,55,34933.0,521.3880597014926,1.3640020483913868,35737.049577168946,533.3887996592379,6142.585999999999,91.6803880597015,28,8614.0,0.07494744457949686,28,8614.0
1100.0,59,35217.0,503.1,1.1910335768142075,36049.81718679839,514.9973883828341,6630.896999999999,94.7271,33,8733.0,0.024608540649662773,33,8733.0
1105.0,61,35518.0,507.4,1.2588228383930438,36330.98288308688,519.0140411869553,7595.095,108.50135714285713,35,8869.0,0.066866800377633,35,8869.0
1110.0,63,35827.0,504.6056338028169,0.5756666610954395,36637.963904522585,516.0276606270785,8551.545,120.44429577464787,36,9013.0,0.024400994760366435,36,9013.0
1115.0,55,35288.0,497.01408450704224,1.3219183801699932,36961.84927906905,520.5894264657612,8551.545,120.44429577464787,27,8583.0,0.03808943056408798,27,8583.0
1120.0,50,35423.0,498.9154929577465,1.3412865490238643,37281.12895970853,525.0863233761767,8551.545,120.44429577464787,21,8505.0,0.07956001861844335,21,8505.0
1125.0,53,35618.0,487.9178082191781,1.383490565070906,37570.42093716305,514.6633005090828,8079.368999999999,110.67628767123288,25,8585.0,0.027784864494454074,25,8585.0
1130.0,58,35872.0,505.23943661971833,1.096861036755383,37763.025142189654,531.8735935519669,7164.4169999999995,100.90728169014083,31,8705.0,0.03682445163358769,31,8705.0
1135.0,51,35057.0,486.90277777777777,1.6264275233443257,37656.49274819867,523.0068437249813,7660.543,106.39643055555555,25,7916.0,0.036065538229308594,25,7916.0
1140.0,53,35319.0,490.5416666666667,2.913967339466925,37775.80955548926,524.6640216040173,8154.492999999999,113.25684722222222,27,7834.0,0.028635015130959802,27,7834.0
1145.0,55,35588.0,487.5068493150685,2.6731608867583554,37867.73990220029,518.7361630438395,7702.172999999999,105.50921917808219,27,7934.0,0.04723630488056129,27,7934.0
1150.0,58,35874.0,569.4285714285714,0.8768154176721792,37109.19099171322,589.0347776462415,7690.402999999998,122.06988888888887,30,8045.0,0.0495324589417966,30,8045.0
1155.0,47,23811.0,390.344262295082,1.1194551857659616,37321.23155585873,611.8234681288315,7690.092999999999,126.06709836065572,22,5108.0,0.03889742898929653,22,5108.0
1160.0,39,15345.0,243.57142857142858,2.399784680338535,37586.78867696024,596.6156932850831,7691.832999999999,122.09258730158729,22,6196.0,0.04867640491280363,22,6196.0
1165.0,33,5978.0,94.88888888888889,3.2330753368858933,37794.38738986355,599.9109109502149,7691.535,122.08785714285715,26,8273.0,0.012275784151378206,26,8273.0
1170.0,33,965.0,16.637931034482758,2.4796311206708963,33467.98237556764,577.0341788890972,7686.477999999999,132.5254827586207,29,8382.0,0.0318465223533442,29,8382.0
1175.0,37,863.0,14.627118644067796,1.8010515027888194,29185.054028025846,494.6619326784042,11813.434,200.22769491525423,27,8229.0,0.019565798060540023,27,8229.0
1180.0,39,811.0,13.516666666666667,2.0327666355077474,28320.235614960777,472.00392691601274,14900.939,248.3489833333333,21,8131.0,0.10269011080803761,21,8131.0
1185.0,41,822.0,13.258064516129032,1.7488034189820303,28429.44331025921,458.53940822998715,15484.971,249.75759677419353,21,8110.0,0.07063490654683699,21,8110.0
1190.0,47,1004.0,16.459016393442624,1.2369161400909667,28399.613934005472,465.56744154107326,15636.495,256.33598360655736,23,8267.0,0.05092920332909236,23,8267.0
1195.0,47,1021.0,16.737704918032787,1.1723900538372949,28443.12783469071,466.2807841752575,15773.839,258.5875245901639,20,8195.0,0.09754299197372496,20,8195.0
1200.0,51,1266.0,20.419354838709676,1.5796595817800978,28718.115264149797,463.19540748628685,16318.979,263.2093387096774,25,8214.0,0.0715123586698502,25,8214.0
1205.0,53,1528.0,21.82857142857143,1.9453164271236016,28980.376623900163,414.0053803414308,17402.605,248.60864285714285,27,8298.0,0.05042593979300764,27,8298.0
1210.0,59,1804.0,25.408450704225352,1.7606195762076684,29123.056173375728,410.18388976585516,18483.642000000003,260.332985915493,30,8409.0,0.11129703830283198,30,8409.0
1215.0,54,1936.0,28.470588235294116,1.1353039876540354,29327.036999500953,431.27995587501397,18483.642000000003,271.81826470588237,26,8276.0,0.049070895785673634,26,8276.0
1220.0,53,2100.0,30.88235294117647,1.893213656340517,29625.875186757865,435.67463509938034,18483.642000000003,271.81826470588237,25,8191.0,0.09144853400867368,25,8191.0
1225.0,51,2291.0,34.19402985074627,1.7357805091463085,29900.44469583327,446.27529396766073,17936.750000000004,267.7126865671642,24,8183.0,0.06552036786639787,24,8183.0
1230.0,53,2538.0,40.285714285714285,0.7732897808123581,29779.550781272934,472.6912822424274,15988.766000000003,253.78993650793657,27,8301.0,0.048320669515761534,27,8301.0
1235.0,52,2723.0,42.546875,1.1254287069811397,29832.84340115403,466.1381781430316,16129.400000000001,252.021875,25,8321.0,0.03327469034377313,25,8321.0
1240.0,54,2988.0,44.59701492537314,1.5896438458526874,30127.703841179624,449.66722151014363,16682.284,248.98931343283581,28,8421.0,0.06821124791237444,28,8421.0
1245.0,60,3270.0,47.391304347826086,1.4533906840878819,30410.610324877525,440.73348296923945,17789.809,257.8233188405797,33,8538.0,0.029059714524286934,33,8538.0
1250.0,62,3567.0,53.23880597014925,0.7902833646469353,30620.21205043182,457.0180903049525,18890.654,281.95005970149253,35,8670.0,0.06568750351195175,35,8670.0
1255.0,58,3733.0,54.89705882352941,0.8962733531922982,30936.87558877146,454.9540527760509,18891.478,277.81585294117644,30,8577.0,0.030843956138428368,30,8577.0
1260.0,53,3907.0,57.455882352941174,1.94703358346843,31236.61605003284,459.3620007357769,18895.301999999996,277.8720882352941,25,8489.0,0.08306296453914883,25,8489.0
1265.0,50,4095.0,56.875,2.687173370686136,31515.439977563557,437.7144441328271,18338.381999999998,254.69975000000002,23,8408.0,0.07675202587646382,23,8408.0
1270.0,52,4334.0,62.81159420289855,2.3415056214806187,31502.12415698999,456.5525240143477,16829.143,243.9006231884058,25,8504.0,0.15662250286269067,25,8504.0
1275.0,56,4599.0,69.68181818181819,0.6897181814389153,31370.00731492157,475.3031411351753,15378.968,233.01466666666664,30,8615.0,0.05859829902599745,30,8615.0
1280.0,52,3648.0,54.44776119402985,1.1196111765941597,31617.656686697825,471.90532368205703,15966.902000000002,238.31197014925374,29,5766.0,0.04740555622348459,29,5766.0
1285.0,47,3244.0,45.690140845070424,2.549501656808073,31912.07675527586,449.4658697926176,16536.82,232.91295774647887,31,4919.0,0.0655617174584669,31,4919.0
1290.0,43,2404.0,32.486486486486484,2.9255404793560142,29722.670494909737,401.6577093906722,17662.326000000005,238.68008108108108,37,8017.0,0.0803793740317212,37,8017.0
1295.0,44,1990.0,27.26027397260274,2.48313911770792,25118.602300184542,344.09044246828154,18786.956,257.35556164383564,43,10143.0,0.027117569431217643,43,10143.0
1300.0,43,1282.0,17.324324324324323,1.737408648041692,20593.07726569141,278.28482791474875,23828.338,322.00456756756756,39,9735.0,0.04768079563342716,39,9735.0
1305.0,52,1261.0,16.376623376623378,1.5440872944791542,19734.303504232663,256.2896558991255,28273.340999999993,367.18624675324673,35,9519.0,0.03909027668937554,35,9519.0
1310.0,51,1430.0,18.333333333333332,1.3327695172629945,20058.651599196393,257.1621999896973,29919.040999999997,383.5774487179487,34,9646.0,0.026681719526751795,34,9646.0
1315.0,62,1710.0,21.645569620253166,0.6558520676664108,20026.582846971087,253.5010486958365,31047.038999999993,393.00049367088604,40,9805.0,0.005829149013872456,40,9805.0
1320.0,62,1652.0,20.911392405063292,1.3024377946644923,20112.263245218426,254.58561069896746,31620.681999999993,400.2617974683544,36,9709.0,0.029964124969983814,36,9709.0
1325.0,66,1972.0,24.048780487804876,1.7703580665176033,20060.25569521369,244.63726457577675,32197.749999999993,392.655487804878,37,9769.0,0.040800824847864584,37,9769.0
1330.0,67,2303.0,28.7875,1.6915225338992148,20290.355565703576,253.6294445712946,32194.007999999994,402.42510000000004,39,9921.0,0.04669539674781801,39,9921.0
1335.0,69,2644.0,34.33766233766234,0.7424675333268399,20450.89509014988,265.5960401318167,31652.42299999999,411.0704285714286,41,10082.0,0.012919921985327338,41,10082.0
1340.0,61,2683.0,34.84415584415584,1.0728618437744721,20695.68858571238,268.7751764378232,31654.166999999994,411.09307792207784,33,9783.0,0.03655306560848987,33,9783.0
1345.0,58,2826.0,37.68,1.4227146021371806,20915.120897247314,278.8682786299642,31654.166999999994,422.05555999999996,29,9776.0,0.0418526504907001,29,9776.0
1350.0,57,2995.0,40.472972972972975,1.1664546744998003,21127.19100015571,285.5025810831854,31114.841999999993,420.4708378378378,30,9880.0,0.03564771336612956,30,9880.0
1355.0,62,3266.0,44.73972602739726,0.7193009710499604,21147.66386672938,289.69402557163534,31169.216999999993,426.9755753424658,35,10034.0,0.009637978555448488,35,10034.0
1360.0,52,2140.0,29.72222222222222,1.5021340050748453,21314.019423650934,296.0280475507075,31772.050999999996,441.27848611111114,24,9116.0,0.06429692791264646,24,9116.0
1365.0,56,2411.0,31.31168831168831,2.621242905977845,21491.027069122058,279.1042476509358,31841.818,413.5301038961039,29,8867.0,0.04086521328154418,29,8867.0
1370.0,58,2690.0,36.351351351351354,2.4159934861776495,21243.026395229965,287.06792425986447,31839.922,430.26921621621625,30,8976.0,0.04161984808502657,30,8976.0
1375.0,60,2987.0,44.582089552238806,0.8251498138687285,20727.847870028723,309.370863731772,31833.023999999998,475.1197611940299,32,9093.0,0.03911959767967676,32,9093.0
1380.0,57,3128.0,48.12307692307692,0.691391752391273,20930.21599385738,322.0033229824214,31832.138,489.72520000000003,29,8993.0,0.01588812231373652,29,8993.0
1385.0,53,3275.0,48.88059701492537,1.693405451500338,21195.888993995697,316.3565521491896,31832.138,475.1065373134328,25,8894.0,0.046974369106720294,25,8894.0
1390.0,52,3434.0,50.5,1.420174935981958,21469.947739040672,315.7345255741276,31221.305999999997,459.13685294117647,23,8972.0,0.07240331639252154,23,8972.0
1395.0,54,3671.0,54.791044776119406,0.9966072240141014,21496.437724153566,320.84235409184424,30747.294,458.9148358208956,27,9084.0,0.03878602060008586,27,9084.0
1400.0,48,3542.0,53.666666666666664,1.5046800735644486,21530.684281009428,326.2224891062035,30280.879,458.80119696969706,22,8936.0,0.10164574619663198,22,8936.0
1405.0,51,3779.0,54.768115942028984,1.971494983533485,21820.986727138436,316.2461844512816,31549.101,457.2333478260869,25,8869.0,0.06793344793957803,25,8869.0
1410.0,56,4043.0,56.943661971830984,2.004233449732753,22056.850527970873,310.659866591139,32814.105,462.17049295774655,29,8963.0,0.0741739466200951,29,8963.0
1415.0,58,4324.0,63.588235294117645,1.2462035402299658,22142.118062697224,325.61938327495915,32817.249,482.6066029411765,31,9072.0,0.03489827273353158,31,9072.0
1420.0,53,4470.0,68.76923076923077,1.2652344056171037,22202.70398320453,341.58006128006974,32815.265,504.85023076923073,25,8941.0,0.07457699620119854,25,8941.0
1425.0,52,4636.0,71.32307692307693,1.8793292093864076,22490.33098101119,346.00509201555667,32815.265,504.85023076923073,24,8820.0,0.10650555311900722,24,8820.0
1430.0,49,4788.0,74.8125,1.4232162020616572,22614.675546835522,353.35430541930486,32262.569999999996,504.10265625,22,8889.0,0.05219922503372196,22,8889.0
1435.0,53,5026.0,82.39344262295081,0.5803923409997709,22598.183839450736,370.4620301549299,30516.658999999996,500.27309836065575,26,8988.0,0.03903626326649664,26,8988.0
1440.0,51,5213.0,85.45901639344262,0.7750110014948874,22749.004489136303,372.9344998219063,30603.869999999995,501.70278688524587,25,9023.0,0.04506621114664404,25,9023.0
1445.0,54,5480.0,77.1830985915493,1.5006329546574106,23051.917660953222,324.6748966331438,31918.215999999997,449.55233802816895,28,9107.0,0.04344777145573726,28,9107.0
1450.0,58,5763.0,81.16901408450704,1.9970743159522113,23342.23742166147,328.76390734734446,32565.577999999998,458.6701126760563,32,9220.0,0.12639507247400408,32,9220.0
1455.0,62,6059.0,86.55714285714286,0.5628389515427733,23582.34137291033,336.8905910415761,33217.62699999999,474.5375285714285,35,9344.0,0.04541040018381371,35,9344.0
1460.0,62,6243.0,90.47826086956522,0.6164767332166928,23892.316673131987,346.2654590308981,33217.62699999999,481.414884057971,34,9242.0,0.016326283376498364,34,9242.0
1465.0,57,6426.0,93.1304347826087,1.4866731023440587,24208.43210174499,350.8468420542751,33217.62699999999,481.414884057971,29,9150.0,0.04921839791838796,29,9150.0
1470.0,53,6622.0,93.26760563380282,1.82143233775851,24516.625024968907,345.3045778164633,33218.23099999999,467.8624084507042,26,9148.0,0.06015364272640502,26,9148.0
1475.0,56,6876.0,99.65217391304348,1.3590473566583121,24473.117090038057,354.682856377363,31457.29,455.90275362318846,29,9263.0,0.04543979873512624,29,9263.0
1480.0,49,6507.0,97.11940298507463,1.7145626628600381,24334.215080419057,363.1972400062544,30414.056,453.94113432835826,22,8776.0,0.10208341497100995,22,8776.0
1485.0,53,6760.0,96.57142857142857,2.1965096147863203,24625.118769761855,351.7874109965978,31748.517,453.55024285714285,27,8815.0,0.0338987133849626,27,8815.0
1490.0,57,7037.0,99.11267605633803,1.8976905916040374,24674.50684042942,347.52826535816087,33089.714,466.05230985915495,30,8922.0,0.0509337438243805,30,8922.0
1495.0,59,7323.0,109.29850746268657,0.7115343549355119,24558.338059119487,366.5423590913355,33749.514,503.72408955223887,33,9038.0,0.029064100573456667,33,9038.0
1500.0,55,7403.0,112.16666666666667,1.2062448167137774,24797.856211670973,375.7250941162268,34416.858,521.4675454545455,28,8984.0,0.045318538931430466,28,8984.0
1505.0,56,7682.0,111.33333333333333,1.4925072745610706,25099.901550050294,363.7666891311636,34416.858,498.795043478261,28,9047.0,0.01070169466591085,28,9047.0
1510.0,58,7970.0,115.5072463768116,1.7802485171803262,25401.953038115425,368.144246929209,34416.858,498.795043478261,30,9155.0,0.05813685651456196,30,9155.0
1515.0,59,8261.0,129.078125,0.5920687408886685,25502.68560820833,398.4794626282551,34413.54,537.7115625,31,9266.0,0.002899665354790408,31,9266.0
1520.0,53,8261.0,129.078125,0.9365096191832977,25741.127812898274,402.2051220765353,34411.700000000004,537.6828125,25,9076.0,0.03167456143216622,25,9076.0
1525.0,49,8353.0,126.56060606060606,2.2951624003533757,26002.97745511084,393.98450689561867,34414.700000000004,521.4348484848485,21,8968.0,0.062044241302743545,21,8968.0
1530.0,44,8406.0,129.3230769230769,2.649494068402236,26206.00334125629,403.1692821731736,33762.651000000005,519.4254,17,8940.0,0.17302172120096207,17,8940.0
1535.0,51,8613.0,136.71428571428572,1.201331672319745,26128.07619613082,414.73136819255257,31907.936,506.47517460317465,24,9036.0,0.059485522382273545,24,9036.0
1540.0,49,8785.0,144.01639344262296,1.1466271981501686,26064.963221935726,427.29447904812656,30708.121000000003,503.4118196721312,23,9068.0,0.06112655430877346,23,9068.0
1545.0,53,9043.0,137.0151515151515,1.4588089543144585,26347.240693833028,399.2006165732276,32108.756,486.496303030303,27,9156.0,0.05504742502900351,27,9156.0
1550.0,55,9312.0,138.98507462686567,1.8484598174913038,26619.079604741924,397.29969559316316,33505.008,500.0747462686566,28,9255.0,0.07526242560829914,28,9255.0
1555.0,58,9594.0,149.90625,0.416467400159215,26814.236587473308,418.9724466792705,34204.386000000006,534.44353125,32,9367.0,0.02879779055850268,32,9367.0
1560.0,52,8999.0,142.84126984126985,0.8081487330194388,27114.485767557402,430.3886629771017,34204.386000000006,542.9267619047619,23,8911.0,0.03473340620744668,23,8911.0
1565.0,49,9138.0,136.38805970149255,1.6708736116231007,27410.71693088079,409.1151780728476,34207.386000000006,510.5580000000001,20,8707.0,0.053485296829344,20,8707.0
1570.0,53,9322.0,133.17142857142858,1.849881566578156,27436.54440277294,391.95063432532754,34212.55300000001,488.75075714285714,23,8772.0,0.11108268430154819,23,8772.0
1575.0,54,9552.0,142.56716417910448,1.2932198689722716,27494.450869985325,410.36493835798984,32808.427,489.6780149253732,28,8871.0,0.05949594773659334,28,8871.0
1580.0,54,9600.0,145.45454545454547,1.3628651880639864,27500.742507469353,416.6779167798387,33520.55300000001,507.88716666666664,27,8760.0,0.06747852341663127,27,8760.0
1585.0,58,9877.0,147.4179104477612,1.6543666493062341,27796.985911676125,414.8803867414347,34237.699,511.0104328358209,30,8866.0,0.03160301958058661,30,8866.0
1590.0,58,10167.0,158.859375,1.0426273974887341,27808.204917208575,434.50320183138376,33606.58900000001,525.102953125,30,8976.0,0.0009430259480404311,30,8976.0
1595.0,59,10461.0,174.35,0.14642318780805605,27957.0287729297,465.9504795488284,33602.98300000001,560.0497166666667,31,9090.0,0.0,31,9090.0
1600.0,54,10621.0,171.30645161290323,1.0434272473230368,28248.759969494185,455.6251607982932,33604.44700000001,542.0072096774195,26,9070.0,0.022753572888296596,26,9070.0
1605.0,54,10891.0,165.0151515151515,1.6805457092366551,28536.956582083007,432.3781300315608,33607.44700000001,509.2037424242424,26,9160.0,0.08968755599263833,26,9160.0
1610.0,54,11161.0,174.390625,1.344510243502411,28743.255654071796,449.11336959487164,33607.287000000004,525.113859375,26,9250.0,0.07484685138843514,26,9250.0
1615.0,57,11443.0,184.56451612903226,0.47089384163537906,28986.978069200257,467.53190434193954,33603.84100000001,541.997435483871,29,9352.0,0.01093138715395435,29,9352.0
1620.0,54,11427.0,190.45,0.6139691850407674,29236.79452484148,487.27990874735804,33603.84100000001,560.0640166666667,26,9132.0,0.022493654601167087,26,9132.0
1625.0,49,11429.0,175.83076923076922,1.8860369528069065,29522.635776826937,454.1943965665683,33606.87700000001,517.028876923077,21,8845.0,0.04946570902321114,21,8845.0
1630.0,46,11473.0,182.11111111111111,2.2777756260659903,29558.997164561784,469.1904311835203,32255.694,511.99514285714287,19,8901.0,0.16959289879141526,19,8901.0
1635.0,50,11661.0,188.08064516129033,0.9862072059592932,29519.73678091439,476.1247867889417,31700.304,511.2952258064516,24,9011.0,0.07686313753149669,24,9011.0
1640.0,49,11854.0,194.327868852459,1.167674273372472,29494.179017234852,483.51113143007944,31147.266,510.61091803278686,23,9080.0,0.04093518194434481,23,9080.0
1645.0,55,12115.0,186.3846153846154,1.5897939133222885,29772.673342435806,458.041128345166,32684.521,502.8387846153846,29,9171.0,0.04855081889289643,29,9171.0
1650.0,55,12385.0,182.13235294117646,1.6641173460637098,30027.713182636584,441.58401739171444,34210.299,503.0926323529413,28,9271.0,0.07469049158398278,28,9271.0
1655.0,59,12669.0,194.90769230769232,0.6713472252023867,30264.332531802695,465.6051158738874,34970.381,538.0058615384615,33,9385.0,0.01796745377202748,33,9385.0
1660.0,55,12821.0,194.25757575757575,1.0985750683997442,30568.60374039277,463.16066273322355,35734.69300000001,541.4347424242424,27,9221.0,0.0780935023960909,27,9221.0
1665.0,53,12983.0,196.71212121212122,1.7178152196129721,30863.254602858127,467.6250697402747,35734.69300000001,541.4347424242424,25,9060.0,0.06730370763647718,25,9060.0
1670.0,50,13173.0,202.66153846153847,1.8578962205520917,31128.292375126264,478.8968057711733,34964.723000000005,537.9188153846153,23,9043.0,0.07481523149407267,23,9043.0
1675.0,51,13413.0,212.9047619047619,0.9103089350380682,30906.938847023113,490.58633090512876,32213.963,511.33274603174596,25,9149.0,0.059877427202493,25,9149.0
1680.0,53,13619.0,216.17460317460316,1.0408826351403713,30911.036567408166,490.65137408584377,32400.043999999998,514.2864126984126,26,9185.0,0.03182275559389098,26,9185.0
1685.0,55,13886.0,198.37142857142857,1.521383333040805,31212.638417380942,445.8948345340133,33178.8,473.9828571428572,29,9282.0,0.06894124679873688,29,9282.0
1690.0,60,14174.0,199.6338028169014,1.5572356908284077,31500.969038620904,443.67562026226614,34729.856999999996,489.1529154929578,34,9400.0,0.0888704744897491,34,9400.0
1695.0,61,14476.0,206.8,0.6051119341855389,31771.6247218569,453.88035316938425,35503.327,507.1903857142858,35,9532.0,0.04675748270867489,35,9532.0
1700.0,62,14657.0,203.56944444444446,0.9060866637332884,32101.987486702386,445.8609373153108,36280.967000000004,503.9023194444445,34,9439.0,0.04090680347162717,34,9439.0
1705.0,57,14846.0,206.19444444444446,1.9144341193561998,32421.60579044573,450.30008042285743,36280.967000000004,503.9023194444445,29,9355.0,0.05270794269119288,29,9355.0
1710.0,53,15042.0,211.85915492957747,1.844831494809017,32707.284355855616,460.6659768430369,35498.703,499.9817323943662,27,9360.0,0.08782902650960908,27,9360.0
1715.0,58,15324.0,222.08695652173913,1.0102257094005986,32718.097159636625,474.1753211541539,33332.295,483.07673913043476,32,9482.0,0.03872278093954663,32,9482.0
1720.0,57,15514.0,228.14705882352942,0.997248674696418,32650.422468185592,480.15327159096455,32777.8,482.0264705882353,30,9512.0,0.04222185065488275,30,9512.0
1725.0,60,15804.0,216.4931506849315,1.4771047577725123,32966.29084344771,451.59302525270823,33563.304,459.7712876712329,34,9632.0,0.04280279665985083,34,9632.0
1730.0,61,16105.0,220.6164383561644,1.1340938987806675,33221.06653463908,455.083103214234,35135.32600000001,481.30583561643834,35,9764.0,0.057327857654540106,35,9764.0
1735.0,65,16422.0,228.08333333333334,0.5483931940975219,33498.35345744818,465.2549091312246,35917.919,498.85998611111114,38,9910.0,0.0489485262729978,38,9910.0
1740.0,60,15822.0,222.8450704225352,0.6545549268095703,33835.83037876595,476.5609912502248,35917.919,505.8861830985916,31,9559.0,0.04951826815376069,31,9559.0
1745.0,55,15899.0,214.85135135135135,1.4477237029190195,34173.459081816,461.8035011056216,35917.919,485.3772837837837,26,9343.0,0.054919581890277944,26,9343.0
1750.0,57,16101.0,214.68,1.4498239124027008,34482.96656430179,459.7728875240237,35130.665,468.40886666666665,27,9434.0,0.0861391425101003,27,9434.0
1755.0,59,16357.0,224.06849315068493,0.9707918734659671,34624.1504113404,474.3034302923344,34342.527,470.44557534246576,33,9560.0,0.007918769765011366,33,9560.0
1760.0,60,16616.0,234.0281690140845,1.2010901723147918,34363.772023821606,483.99678906790973,35145.765999999996,495.0107887323943,34,9663.0,0.05419900752452814,34,9663.0
1765.0,65,16928.0,225.70666666666668,1.3515697870117271,34696.40555837635,462.6187407783513,35953.132,479.3750933333333,36,9799.0,0.025208699680332524,36,9799.0
1770.0,65,17246.0,236.24657534246575,1.2334815090737827,34897.38375524397,478.04635281156135,35188.102,482.02879452054793,37,9940.0,0.027141926003923775,37,9940.0
1775.0,67,17574.0,251.05714285714285,0.30955145251918287,35198.41834188044,502.83454774114915,35187.653999999995,502.68077142857135,39,10088.0,0.0004513591997235263,39,10088.0
1780.0,58,17606.0,247.9718309859155,1.1680243838378264,35493.623734388195,499.91019344208735,35189.121999999996,495.6214366197182,30,9736.0,0.05930192715674037,30,9736.0
1785.0,55,17736.0,249.80281690140845,1.605789089012258,35806.44332113747,504.3161031146122,35189.121999999996,495.6214366197182,26,9681.0,0.06931737460413008,26,9681.0
1790.0,53,17873.0,259.0289855072464,1.1701547174923221,35956.14818653709,521.1035969063347,33634.613999999994,487.4581739130435,26,9770.0,0.033497930423015305,26,9770.0
1795.0,56,18145.0,270.82089552238807,0.7386806829286823,35844.2330415396,534.9885528588001,33700.843,502.9976567164179,30,9904.0,0.017824912031160812,30,9904.0
1800.0,46,17005.0,257.6515151515151,1.8099264099587595,36039.33282397193,546.0504973329081,34530.352,523.1871515151515,20,8932.0,0.08299865536342964,20,8932.0
1805.0,50,17245.0,229.93333333333334,2.9922442277172157,36192.38215972529,482.5650954630037,35451.412,472.6854933333333,24,8689.0,0.054433149026733345,24,8689.0
1810.0,52,17499.0,246.46478873239437,2.9774556084670665,35966.75050230516,506.57395073669244,35450.662,499.30509859154927,25,8770.0,0.15986444121973484,25,8770.0
1815.0,55,17768.0,273.3538461538462,0.9990777496826461,35433.70478063955,545.1339197021471,35443.606,545.2862461538463,27,8859.0,0.03743214128439248,27,8859.0
1820.0,55,17895.0,293.3606557377049,0.5918555378751709,35531.896445798426,582.4901056688265,35438.547999999995,580.9598032786885,27,8728.0,0.024035892239789337,27,8728.0
1825.0,51,18058.0,296.0327868852459,1.4099810325579316,35811.645529456364,587.0761562205961,35438.547999999995,580.9598032786885,23,8524.0,0.04538168207266026,23,8524.0
1830.0,48,18183.0,288.6190476190476,1.7829300396045067,36083.59712829766,572.7555099729785,35439.159999999996,562.5263492063491,21,8588.0,0.08046250520589383,21,8588.0
1835.0,48,18401.0,296.7903225806452,1.557159774639774,36056.12859637184,581.5504612318038,33927.035,547.210241935484,22,8700.0,0.06479634651859996,22,8700.0
1840.0,44,18352.0,300.8524590163934,1.6221763206497117,35925.16980684955,588.9372099483535,33318.517,546.2051967213115,17,8527.0,0.11851804984269938,17,8527.0
1845.0,47,18578.0,285.81538461538463,1.981164220817028,36198.46903225129,556.8995235730964,34179.996,525.8460923076923,21,8537.0,0.03785420580317671,21,8537.0
1850.0,51,18827.0,289.6461538461538,2.3978897922852194,36383.915097027406,559.7525399542677,35893.33699999999,552.2051846153846,25,8616.0,0.10894762682906166,25,8616.0
1855.0,54,19084.0,298.1875,1.0968150407025519,36451.797122708216,569.5593300423157,37601.42499999999,587.5222656249999,27,8703.0,0.059212130107790376,27,8703.0
1860.0,47,12562.0,205.9344262295082,1.5053918836959657,36658.38831038399,600.9571854161309,37598.42499999999,616.3676229508196,23,4876.0,0.037545087929224535,23,4876.0
1865.0,41,8862.0,138.46875,2.523623638287334,36925.724809112064,576.9644501423757,37598.42499999999,587.475390625,23,4666.0,0.060730429078045,23,4666.0
1870.0,34,4026.0,64.93548387096774,3.073311415412684,33639.44440330431,542.571683924263,37595.00899999999,606.3711129032257,26,7059.0,0.0995724541064029,26,7059.0
1875.0,35,867.0,14.948275862068966,2.0314090168649845,26858.579590026668,463.07895844873565,37593.19799999999,648.1585862068964,32,7190.0,0.0008175236446747824,32,7190.0
1880.0,36,754.0,12.360655737704919,1.674064111591808,22909.360070876624,375.5632798504365,43156.138,707.4776721311475,27,6989.0,0.02246760916435697,27,6989.0
1885.0,35,726.0,11.34375,2.6762444018147287,21414.31044851267,334.59860075801043,46446.345,725.724140625,21,6833.0,0.08340014152727102,21,6833.0
1890.0,39,767.0,11.447761194029852,2.498722622938908,21673.965036809604,323.4920154747701,51369.251,766.7052388059701,19,6908.0,0.14080374924033545,19,6908.0
1895.0,49,957.0,14.953125,0.830277161582258,20935.238857865654,327.1131071541507,48649.17599999999,760.143375,26,7033.0,0.031817124484398634,26,7033.0
1900.0,50,1089.0,17.285714285714285,1.1623429765524167,20922.43321541315,332.10211453036754,47967.179,761.3837936507937,24,7054.0,0.05703391991030632,24,7054.0
1905.0,54,1351.0,20.16417910447761,1.5334350285101384,21211.638370410106,316.5916174688076,49748.227,742.5108507462686,28,7162.0,0.046239119511440115,28,7162.0
1910.0,57,1626.0,24.26865671641791,1.5976889558850884,21442.9983552827,320.04475157138364,51522.011999999995,768.9852537313433,30,7287.0,0.02940523843437262,30,7287.0
1915.0,60,1917.0,30.428571428571427,0.47701463428003504,21624.624138772404,343.2480022027366,51521.13399999999,817.7957777777776,32,7423.0,0.035926011262955145,32,7423.0
1920.0,55,2068.0,33.354838709677416,0.6291943937547787,21918.9713485643,353.5317959445854,51521.13399999999,830.9860322580644,27,7284.0,0.01488340987930781,27,7284.0
1925.0,50,2219.0,32.63235294117647,1.9602665407967814,22213.66784561349,326.6715859649042,51526.13399999999,757.7372647058824,22,7183.0,0.05434088896954371,22,7183.0
1930.0,49,2382.0,34.52173913043478,2.5468772670497275,22473.08233981205,325.6968455045225,50636.111999999994,733.8566956521739,20,7179.0,0.15042398120373193,20,7179.0
1935.0,50,2603.0,39.43939393939394,1.153325264171228,22294.069348342426,337.78892952033965,48235.346,730.8385757575759,23,7283.0,0.06281657638345355,23,7283.0
1940.0,52,2838.0,43.66153846153846,1.3998158823326883,22314.23091155674,343.29586017779593,47503.03399999999,730.8159076923076,26,7387.0,0.09396479925097641,26,7387.0
1945.0,57,3111.0,46.43283582089552,1.027295670241147,22614.56278337724,337.5307878116006,49313.34799999999,736.0201194029851,31,7510.0,0.020959368435085703,31,7510.0
1950.0,60,3403.0,50.044117647058826,1.2577691868111636,22895.639632045666,336.70058282420104,51129.855999999985,751.9096470588236,33,7652.0,0.03152614957356966,33,7652.0
1955.0,61,3704.0,56.98461538461538,0.254818707821595,23159.505671252966,356.30008725004564,52030.99199999999,800.4768,35,7803.0,0.01645175564341267,35,7803.0
1960.0,53,3442.0,49.88405797101449,1.2115695746901136,23477.24599765321,340.24994199497405,52936.07399999999,767.1894782608695,25,7534.0,0.09416071849610524,25,7534.0
1965.0,53,3606.0,51.51428571428571,1.5490976463130135,23786.818399310076,339.8116914187153,52936.07399999999,756.2296285714286,23,7504.0,0.07585835247586238,23,7504.0
1970.0,54,3802.0,54.31428571428572,1.29730464669447,24102.730567439918,344.3247223919987,52936.07399999999,756.2296285714286,27,7610.0,0.04812177457575698,27,7610.0
1975.0,58,4075.0,61.74242424242424,0.7969795889455329,24211.683993242612,366.8436968673123,50229.538,761.0536060606061,32,7752.0,0.003472497186735468,32,7752.0
1980.0,58,4343.0,65.8030303030303,0.9841929087667539,24360.73391785577,369.1020290584208,51145.848999999995,774.937106060606,32,7870.0,0.00023846441313472763,32,7870.0
1985.0,60,4642.0,67.27536231884058,1.1733095853095066,24460.993759257675,354.50715593127063,50289.346999999994,728.8311159420289,32,8010.0,3.749027883634467e-06,32,8010.0
1990.0,60,4942.0,73.76119402985074,1.2433258551284012,24668.399890325567,368.18507298993376,50284.87499999999,750.5205223880596,32,8150.0,0.08086842785622844,32,8150.0
1995.0,63,5246.0,80.70769230769231,0.10346858644175216,24949.966046708512,383.8456314878232,50284.87499999999,773.6134615384617,35,8294.0,0.014416589659589732,35,8294.0
2000.0,54,4161.0,64.01538461538462,0.8574330632815979,25263.891076528125,388.6752473312019,50284.87499999999,773.6134615384617,30,5541.0,0.029608679785853863,30,5541.0
2005.0,46,3436.0,49.79710144927536,2.5301958786595553,25556.845726749256,370.38906850361246,50287.87499999999,728.8097826086956,30,3839.0,0.05894545609527678,30,3839.0
2010.0,38,2695.0,38.5,3.5753393750689404,23948.95556903729,342.12793670053276,50287.74199999999,718.3963142857142,30,6019.0,0.09098057056287932,30,6019.0
2015.0,41,2169.0,33.36923076923077,2.622568890387173,16204.232591379214,249.29588602121862,47157.045999999995,725.4930153846154,39,7538.0,0.0025188303396616947,39,7538.0
2020.0,32,936.0,14.625,2.7452195919317286,12600.828940014928,196.88795218773316,48862.49899999999,763.476546875,26,6620.0,0.07294900202942074,26,6620.0
2025.0,39,1113.0,16.863636363636363,3.3373073700778617,12148.415029052752,184.06689437958718,52981.753,802.7538333333334,28,6426.0,0.02513199560856719,28,6426.0
2030.0,43,1318.0,19.96969696969697,2.9071826157796914,12007.823069491862,181.9367131741192,58189.238999999994,881.6551363636363,28,6565.0,0.0,28,6565.0
2035.0,49,1549.0,24.983870967741936,1.2237041240317326,11118.167189638496,179.3252772522338,61711.513,995.3469838709677,28,6705.0,0.0,28,6705.0
2040.0,47,1610.0,26.833333333333332,1.2977926018735468,11238.899367489916,187.3149894581653,63443.125,1057.3854166666667,22,6677.0,0.05524399322726597,22,6677.0
2045.0,50,1856.0,29.0,1.670355523830693,11510.78197964666,179.85596843197905,63446.125,991.345703125,22,6755.0,0.06927097759496471,22,6755.0
2050.0,52,2112.0,33.0,2.018372912333416,11784.418315520632,184.13153618000987,63446.125,991.345703125,24,6871.0,0.0707707978257689,24,6871.0
2055.0,53,2377.0,38.967213114754095,0.8413643558529172,11914.787594351334,195.3243867926448,63443.103,1040.050868852459,25,6996.0,0.014196916939198504,25,6996.0
2060.0,52,2176.0,36.266666666666666,0.520198447712985,12101.200157781046,201.68666929635074,63444.817,1057.4136166666667,24,6766.0,0.02118911896423793,24,6766.0
2065.0,47,1961.0,32.68333333333333,1.8130678201273582,12374.480425125072,206.2413404187512,63444.817,1057.4136166666667,19,6532.0,0.09398923680310925,19,6532.0
2070.0,45,1829.0,31.0,1.6798501362564895,12416.538520278433,210.449805428448,62586.607,1060.7899491525422,18,6454.0,0.12239757585504424,18,6454.0
2075.0,49,1974.0,33.45762711864407,1.0007629882641151,12263.229506526,207.8513475682373,61890.931000000004,1048.9988305084746,23,6656.0,0.05482820382043103,23,6656.0
2080.0,47,2120.0,36.55172413793103,1.2134505568491338,12120.341267678228,208.97140116686606,61197.407,1055.1277068965517,21,6762.0,0.07460649063225754,21,6762.0
2085.0,49,2363.0,36.353846153846156,1.9473698228263767,12388.20457107251,190.58776263188477,63230.08899999999,972.7706,23,6875.0,0.09103589241000785,23,6875.0
2090.0,53,2614.0,39.60606060606061,1.894995585661783,12632.632214748062,191.4035184052737,65252.534999999996,988.6747727272727,26,6996.0,0.07112743371496073,26,6996.0
2095.0,57,2886.0,45.80952380952381,0.6622953406765862,12821.195174757348,203.51103451995792,66259.16,1051.7326984126985,31,7138.0,0.06816062819199471,31,7138.0
2100.0,53,3020.0,47.1875,0.9993162479383817,13119.048473867955,204.9851324041868,67270.20800000001,1051.097,26,6948.0,0.051952178737353,26,6948.0
2105.0,51,3194.0,48.39393939393939,1.9615624728338712,13403.532662958807,203.08382822664862,67270.20800000001,1019.2455757575759,23,6779.0,0.061961952020760366,23,6779.0
2110.0,49,3359.0,49.39705882352941,2.1229098399432123,13678.109033799912,201.1486622617634,67271.11200000001,989.2810588235295,20,6882.0,0.14657018319984283,20,6882.0
2115.0,53,3591.0,54.40909090909091,1.1202497884038143,13555.535922898944,205.3869079227112,64488.304000000004,977.0955151515151,26,7004.0,0.035899940307007855,26,7004.0
2120.0,50,3794.0,59.28125,1.61934213564099,13490.024180082059,210.78162781378222,62701.62100000001,979.712828125,24,7087.0,0.11798354961514695,24,7087.0
2125.0,54,4056.0,60.53731343283582,1.1940704473261796,13786.074419065068,205.7623047621652,64753.44800000001,966.4693731343283,28,7219.0,0.020185239289722958,28,7219.0
2130.0,59,4345.0,63.89705882352941,1.4174713289673944,14059.63709517776,206.7593690467318,66794.59000000001,982.2733823529411,32,7378.0,0.05441419714488265,32,7378.0
2135.0,63,4649.0,71.52307692307693,0.3141827013675147,14337.972239931443,220.58418830663763,66794.13800000002,1027.6021230769231,35,7546.0,0.00013697631289280297,35,7546.0
2140.0,56,4804.0,72.78787878787878,0.9734796026719423,14617.0532268138,221.47050343657276,66795.61400000002,1012.0547575757575,28,7362.0,0.03464342634436476,28,7362.0
2145.0,53,4980.0,75.45454545454545,1.8491498904352157,14909.51631377334,225.90176232989916,66795.61400000002,1012.0547575757575,25,7191.0,0.10128745910150382,25,7191.0
2150.0,50,5132.0,78.95384615384616,2.032614876855738,15154.523692473418,233.14651834574488,65784.566,1012.070246153846,23,6990.0,0.08496783340229833,23,6990.0
2155.0,51,5362.0,85.11111111111111,1.661318626642424,15035.555047248266,238.6596039245757,63989.21200000001,1015.7017777777779,24,7125.0,0.08426065186993445,24,7125.0
2160.0,53,5621.0,93.68333333333334,0.7523741583718174,14701.336995318854,245.02228325531425,61305.947,1021.7657833333334,27,7271.0,0.06364288116815692,27,7271.0
2165.0,53,5824.0,84.40579710144928,1.2392718905157694,14839.495956921028,215.065158795957,62484.62900000001,905.5743333333334,27,7344.0,0.040688632081851375,27,7344.0
2170.0,57,6100.0,85.91549295774648,2.2724059855505794,15139.324316561191,213.22991995156613,64561.77300000001,909.3207464788733,30,7490.0,0.11753092940336361,30,7490.0
2175.0,62,6389.0,89.98591549295774,0.6723183169888385,15438.863510127743,217.4487818327852,65600.05800000002,923.9444788732395,36,7649.0,0.026746526689472448,36,7649.0
2180.0,68,6721.0,94.66197183098592,0.3606041148064044,15717.33668615792,221.3709392416609,67678.035,953.2117605633804,42,7851.0,0.03507166356245466,42,7851.0
2185.0,58,6118.0,83.8082191780822,0.9910701726048955,16055.305738245277,219.9356950444559,69751.369,955.4982054794519,31,7480.0,0.05346943438913159,31,7480.0
2190.0,57,6253.0,83.37333333333333,1.505936447501275,16389.335806374518,218.52447741832697,69751.989,930.0265199999998,27,7346.0,0.051837631927047295,27,7346.0
2195.0,53,6443.0,84.77631578947368,1.6635822236732993,16680.117294820928,219.47522756343326,68733.291,904.3854078947368,26,7469.0,0.03651066656227374,26,7469.0
2200.0,59,6714.0,90.72972972972973,1.389633399645793,16722.133528094564,225.97477740668324,66682.107,901.1095540540539,32,7619.0,0.07095079011201391,32,7619.0
2205.0,56,6861.0,92.71621621621621,1.5053264719616164,16811.70873779358,227.18525321342673,66691.03899999999,901.2302567567566,29,7640.0,0.04625287959343903,29,7640.0
2210.0,62,7158.0,98.05479452054794,1.4757149869067197,16879.52341167415,231.2263481051253,66730.147,914.111602739726,35,7799.0,0.041416837203751854,35,7799.0
2215.0,64,7470.0,102.32876712328768,1.2675992847324327,17016.93079139896,233.10864097806797,66728.125,914.0839041095891,36,7970.0,0.016654428897138873,36,7970.0
2220.0,65,7792.0,114.58823529411765,0.6033775402108836,17192.84629216122,252.8359748847238,66721.791,981.2028088235294,37,8147.0,2.4457761722969445e-07,37,8147.0
2225.0,55,7853.0,112.18571428571428,1.1851611546261294,17507.718088290818,250.1102584041546,66721.791,953.1684428571428,27,7903.0,0.040247213697102796,27,7903.0
2230.0,54,7994.0,114.2,1.518553049874303,17820.15133108883,254.57359044412618,66721.791,953.1684428571428,25,7994.0,0.07696403769605992,25,7994.0
2235.0,54,8163.0,120.04411764705883,0.85761392345843,17959.007592322938,264.10305282827846,65672.469,965.7716029411764,26,8113.0,0.026119266543677893,26,8113.0
2240.0,58,8413.0,120.18571428571428,0.7895825504025465,18156.17692153917,259.3739560219881,65742.978,939.1854000000001,31,8283.0,0.011603535426244361,31,8283.0
2245.0,48,7393.0,102.68055555555556,2.147120236969251,18333.40149808888,254.63057636234538,66817.30500000001,928.0181249999999,21,7437.0,0.08638117497020546,21,7437.0
2250.0,51,7642.0,106.13888888888889,2.9539794717236836,18591.714566050417,258.21825786181137,67890.522,942.9239166666666,24,7260.0,0.11411343852059745,24,7260.0
2255.0,57,7904.0,112.91428571428571,2.055150125110885,18389.174379992517,262.70249114275015,66860.574,955.1510571428571,29,7385.0,0.01400362727563581,29,7385.0
2260.0,58,8193.0,128.015625,0.8835932426112456,18016.01286498245,281.5002010153506,66854.098,1044.59528125,30,7529.0,0.014849696894834626,30,7529.0
2265.0,52,8307.0,133.98387096774192,1.0393190775378052,17956.626294273996,289.6230047463546,66852.624,1078.268129032258,24,7502.0,0.022903994016893,24,7502.0
2270.0,52,8567.0,140.44262295081967,1.4978989537540035,18209.388957949126,298.51457308113305,66852.624,1095.9446557377048,24,7605.0,0.0,24,7605.0
2275.0,52,8827.0,144.70491803278688,1.6300494294504373,18435.144132030786,302.2154775742749,66852.459,1095.941950819672,24,7720.0,0.059649820473388106,24,7720.0
2280.0,54,9091.0,159.49122807017545,0.6636275364168914,18556.33491492882,325.5497353496283,66851.577,1172.8346842105261,26,7839.0,0.0364192958143332,26,7839.0
2285.0,44,6394.0,108.37288135593221,1.447659264487644,18794.645028003317,318.55330555937803,66854.577,1133.1284237288135,20,4524.0,0.04429372783286653,20,4524.0
2290.0,37,4230.0,69.34426229508196,3.3694088352859435,19032.53143589978,312.00871206393066,66855.485,1095.991557377049,20,3109.0,0.18018869917811545,20,3109.0
2295.0,28,2309.0,39.810344827586206,3.467087046110573,16206.173542459948,279.41678521482675,63611.23100000001,1096.7453620689655,21,3981.0,0.0630038125588367,21,3981.0
2300.0,32,1174.0,21.74074074074074,2.9768234004367096,12521.654082548912,231.882483010165,59170.01200000001,1095.740962962963,30,4757.0,0.050541606743026296,30,4757.0
2305.0,33,1281.0,24.169811320754718,2.088735850840779,9581.018252373897,180.77392929007348,59942.715000000004,1130.9946226415093,27,4846.0,8.56217383703495e-06,27,4846.0
2310.0,38,1452.0,25.928571428571427,2.035428980815325,9529.546243653234,170.17046863666494,66069.562,1179.8136071428573,27,4981.0,0.0,27,4981.0
2315.0,43,1651.0,28.46551724137931,1.7513420382971678,9742.955741168209,167.98199553738294,70001.14099999999,1206.9162241379308,27,5116.0,0.0,27,5116.0
2320.0,47,1875.0,32.327586206896555,0.7715421738184652,9667.821826312882,166.6865832122911,74128.55,1278.0784482758618,27,5248.0,0.05312760646337387,27,5248.0
2325.0,48,1598.0,25.774193548387096,1.3604610643085322,9944.269914739585,160.39145023773526,76092.54999999999,1227.2991935483867,22,4947.0,0.08317658183307199,22,4947.0
2330.0,47,1486.0,23.967741935483872,1.9002486638863998,10213.991249779201,164.74179435127743,76092.54999999999,1227.2991935483867,19,4743.0,0.11673374132420687,19,4743.0
2335.0,47,1296.0,20.903225806451612,1.4866146708689871,10486.411079301153,169.13566256937338,76092.54999999999,1227.2991935483867,20,4835.0,0.06563454342494936,20,4835.0
2340.0,52,1459.0,24.728813559322035,0.5693914502050925,10098.962328199197,171.1688530203254,73120.33,1239.327627118644,25,5030.0,0.04016736304635773,25,5030.0
2345.0,51,1672.0,26.125,1.2400772085790446,10194.706859073487,159.29229467302326,73266.158,1144.78371875,25,5194.0,0.048308089966541616,25,5194.0
2350.0,55,1934.0,28.865671641791046,1.6650933873171376,10480.449564324572,156.4246203630533,75592.54400000001,1128.2469253731342,28,5321.0,0.12427078655305362,28,5321.0
2355.0,58,2213.0,32.544117647058826,0.9864499709306763,10768.441140080351,158.35942853059336,76759.39,1128.8145588235293,32,5465.0,0.07368209538625217,32,5465.0
2360.0,63,2523.0,37.656716417910445,0.19668422821715442,11047.049982692066,164.88134302525472,77926.742,1163.0857014925373,36,5637.0,0.027569566709737457,36,5637.0
2365.0,60,2688.0,39.529411764705884,0.691326192912457,11376.784596042213,167.30565582415025,77926.742,1145.9814999999999,32,5381.0,0.015622328539125784,32,5381.0
2370.0,55,2860.0,40.857142857142854,1.6972022225874972,11690.07781062362,167.0011115803374,77927.366,1113.2480857142855,27,5212.0,0.0687172429258423,27,5212.0
2375.0,53,3050.0,43.57142857142857,1.724270494080229,11888.595611877627,169.83708016968043,76850.457,1097.8636714285713,26,5334.0,0.04534099282830793,26,5334.0
2380.0,57,3306.0,49.343283582089555,0.6148029260712762,11601.14419059118,173.15140582971915,73746.117,1100.6883134328357,30,5487.0,0.05426388707111183,30,5487.0
2385.0,55,3464.0,51.701492537313435,1.1220873564545824,11723.410955494843,174.9762829178335,73891.018,1102.8510149253732,29,5528.0,0.06475902945101703,29,5528.0
2390.0,58,3747.0,54.30434782608695,1.1642298724069413,12030.233871004473,174.35121552180397,76251.673,1105.0967101449276,32,5674.0,0.020740550726455104,32,5674.0
2395.0,62,4049.0,56.236111111111114,1.3539904799505331,12313.264314035534,171.01755991716018,78614.797,1091.8721805555554,35,5841.0,0.020758748615582176,35,5841.0
2400.0,61,4354.0,63.10144927536232,1.1054408770066162,12510.14740401584,181.30648411617162,79794.04099999998,1156.435376811594,35,6011.0,0.0439223067162342,35,6011.0
2405.0,64,4669.0,63.0945945945946,0.633641694982369,12820.595308264403,173.25128794951902,79800.04099999998,1078.3789324324323,36,6184.0,0.02083555606416975,36,6184.0
2410.0,55,4501.0,60.82432432432432,1.7870595473573072,13153.759248600425,177.75350335946524,79800.04099999998,1078.3789324324323,27,5748.0,0.13155777623767625,27,5748.0
2415.0,53,4630.0,62.567567567567565,1.3533655505138211,13479.42066077033,182.15433325365308,79800.04099999998,1078.3789324324323,24,5774.0,0.05629938145823537,24,5774.0
2420.0,58,4816.0,65.08108108108108,1.1081839748162496,13547.635406378926,183.0761541402557,77597.212,1048.610972972973,30,5909.0,0.025969899498691103,30,5909.0
2425.0,60,5080.0,70.55555555555556,0.9788961169973314,13765.631958262251,191.18933275364236,76431.25000000001,1061.545138888889,33,6082.0,0.008069158995097494,33,6082.0
2430.0,50,4099.0,56.15068493150685,1.6393246069354486,13950.540000116313,191.10328767282616,77635.966,1063.5063835616438,22,5233.0,0.06207147187214194,22,5233.0
2435.0,52,4350.0,60.416666666666664,2.7913449848269356,14129.808970078304,196.24734680664304,77632.626,1078.2309166666666,26,5108.0,0.035179086842957195,26,5108.0
2440.0,55,4617.0,65.02816901408451,2.728551213319269,14227.469359975878,200.3868923940264,77631.744,1093.4048450704227,27,5234.0,0.021848409181731674,27,5234.0
2445.0,56,4893.0,76.453125,1.1240102737906377,13214.283039817867,206.4731724971541,76584.89000000001,1196.63890625,28,5365.0,2.5271074882491147e-05,28,5365.0
2450.0,50,5002.0,84.77966101694915,1.33033617156532,13333.356549853788,225.98909406531843,76580.09600000002,1297.9677288135595,22,5332.0,0.038687772012262145,22,5332.0
2455.0,50,5252.0,89.01694915254237,1.6234277141306601,13593.968170741231,230.4062401820547,76580.09600000002,1297.9677288135595,22,5434.0,0.07370788295664471,22,5434.0
2460.0,50,5502.0,96.52631578947368,1.036769763111687,13771.59143444693,241.60686727099866,76579.498,1343.4999649122808,22,5539.0,0.0005700965674046621,22,5539.0
2465.0,51,5757.0,99.25862068965517,1.2055604262299116,13973.516133932028,240.9226919643453,76578.61400000002,1320.3209310344828,23,5649.0,0.0,23,5649.0
2470.0,48,5750.0,99.13793103448276,1.5194775193663048,14207.75008822272,244.96120841763306,76579.35600000001,1320.333724137931,18,5312.0,0.14393091277974887,18,5312.0
2475.0,43,5731.0,102.33928571428571,1.6605233215616428,14399.53145794381,257.1344903204252,76576.35600000001,1367.4349285714286,15,5017.0,0.07943795503650027,15,5017.0
2480.0,41,5761.0,104.74545454545455,1.8754041309405058,14379.966571609026,261.45393766561864,75527.92600000002,1373.235018181818,14,4985.0,0.16812218249570507,14,4985.0
2485.0,43,5927.0,102.1896551724138,1.3919359007404664,14356.470793754583,247.52535851301,75750.75300000001,1306.0474655172413,17,5101.0,0.06452205680623475,17,5101.0
2490.0,43,6101.0,108.94642857142857,1.7932585986473661,14023.8416479692,250.4257437137357,73684.01599999999,1315.786,17,5183.0,0.14212222676194475,17,5183.0
2495.0,47,6325.0,107.20338983050847,1.6594076012746846,14277.782916262544,241.9963206146193,76188.79,1291.3354237288133,21,5272.0,0.07621773337708705,21,5272.0
2500.0,52,6572.0,104.31746031746032,1.5985049816422972,14547.422751199792,230.9114722412665,78697.495,1249.1665873015872,25,5384.0,0.04074001339560037,25,5384.0
2505.0,54,6837.0,115.88135593220339,0.727348734352365,14747.796677747385,249.96265555504036,79946.509,1355.0255762711863,28,5514.0,0.06406271131010789,28,5514.0
2510.0,57,7115.0,114.75806451612904,0.1603998869631112,15043.85623363164,242.6428424779296,81198.247,1309.64914516129,30,5654.0,0.020688707800928956,30,5654.0
2515.0,52,7219.0,116.43548387096774,1.0427014368694028,15338.7948939958,247.39991764509355,81198.247,1309.64914516129,24,5466.0,0.07993903293175823,24,5466.0
2520.0,48,7343.0,118.43548387096774,1.845358654819904,15612.866988414991,251.820435297016,81198.247,1309.64914516129,20,5345.0,0.06363713191986305,20,5345.0
2525.0,44,7486.0,113.42424242424242,2.0843847784985643,15788.590599347563,239.22106968708417,78745.965,1193.1206818181815,18,5332.0,0.09087496844199851,18,5332.0
2530.0,47,7716.0,120.5625,2.1411180961186957,15726.589108751063,245.72795482423533,76433.51500000001,1194.273671875,21,5457.0,0.16817062008615044,21,5457.0
2535.0,49,7907.0,127.53225806451613,1.6129551019032862,15582.848312483202,251.33626310456776,74174.168,1196.3575483870966,23,5513.0,0.11549259562286246,23,5513.0
2540.0,53,8164.0,127.5625,1.2381325536785053,15865.780615875161,247.90282212304936,76714.20600000002,1198.65946875,27,5635.0,0.024029681841659004,27,5635.0
2545.0,56,8435.0,131.796875,1.2300163410233638,16115.650740225625,251.8070428160254,79244.01000000001,1238.1876562500001,29,5772.0,0.030771285374474367,29,5772.0
2550.0,57,8716.0,136.1875,0.5537481218533364,16365.22623103537,255.70665985992758,80509.17700000003,1257.955890625,31,5918.0,0.000295256770904338,31,5918.0
2555.0,53,8860.0,140.63492063492063,1.2191437260178286,16646.67820617398,264.23298739958693,80506.17700000003,1277.8758253968253,25,5789.0,0.024635591602646216,25,5789.0
2560.0,49,9007.0,142.96825396825398,1.7992924966111756,16922.44560672787,268.6102477258391,80506.17700000003,1277.8758253968253,21,5693.0,0.09118859162118285,21,5693.0
2565.0,47,9182.0,141.26153846153846,1.904079616890487,17158.02547976056,263.9696227655471,79261.73500000002,1219.4113076923077,20,5741.0,0.08474807029063634,20,5741.0
2570.0,50,9408.0,149.33333333333334,1.4486846694016422,17109.660930275193,271.5819195281776,76917.36500000002,1220.9105555555554,23,5858.0,0.09268873421606307,23,5858.0
2575.0,50,9636.0,150.5625,1.0254480337344893,17052.592495445257,266.44675774133225,74566.989,1165.109203125,24,5963.0,0.0684093147936303,24,5963.0
2580.0,55,9904.0,150.06060606060606,1.5589013343942846,17343.81684218902,262.78510366953054,77131.427,1168.657984848485,29,6096.0,0.08595733493814212,29,6096.0
2585.0,60,10188.0,143.49295774647888,0.8867032486458185,17641.13531396719,248.46669456291815,79693.79000000001,1122.4477464788731,33,6245.0,0.014365106840190623,33,6245.0
2590.0,63,10497.0,149.95714285714286,0.9190166616786345,17942.0671725309,256.31524532187007,80973.91600000001,1156.7702285714286,37,6419.0,0.06217180810607754,37,6419.0
2595.0,60,10666.0,150.22535211267606,0.7756807405694538,18275.723585270014,257.4045575390144,82255.71800000001,1158.5312394366197,34,6422.0,0.03935279484146544,34,6422.0
2600.0,57,10860.0,146.75675675675674,1.631476753409947,18600.544008792367,251.35870282151856,83535.01400000001,1128.8515405405406,30,6458.0,0.0671028891189663,30,6458.0
2605.0,55,11091.0,147.88,1.9119148022826888,18922.621719405204,252.30162292540282,83535.01400000001,1113.8001866666666,28,6595.0,0.05185068901040446,28,6595.0
2610.0,59,11368.0,162.4,0.7290607502273374,18903.23560584074,270.0462229405821,77230.79200000002,1103.2970285714289,32,6749.0,0.062011598654101996,32,6749.0
2615.0,52,10780.0,151.83098591549296,1.4684452432678763,19142.50644785806,269.6127668712403,77274.78700000001,1088.377281690141,26,6148.0,0.06251266687501855,26,6148.0
2620.0,55,11049.0,151.35616438356163,2.2817021696348876,19445.064052753336,266.370740448676,79849.501,1093.8287808219177,29,6166.0,0.04450147676118714,29,6166.0
2625.0,60,11339.0,153.22972972972974,1.8027406657785199,19459.996901384464,262.9729310997901,81136.869,1096.4441756756753,34,6321.0,0.010939192014726545,34,6321.0
2630.0,61,11641.0,171.19117647058823,1.0280050386512147,19202.124314922676,282.3841811018042,82418.46699999999,1212.0362794117646,34,6486.0,0.028033337388068527,34,6486.0
2635.0,55,11770.0,181.07692307692307,0.8535860325103583,19401.814092889024,298.48944758290816,82417.26699999999,1267.9579538461537,27,6462.0,0.04941152339501429,27,6462.0
2640.0,52,11926.0,183.47692307692307,1.6529445084231436,19693.148082457454,302.971508960884,82417.26699999999,1267.9579538461537,24,6462.0,0.05849512438564031,24,6462.0
2645.0,48,12100.0,170.42253521126761,2.7543069764062276,19977.433625581234,281.3723045856513,82423.26699999999,1160.8910845070423,21,6428.0,0.09500957108303278,21,6428.0
2650.0,49,12320.0,176.0,2.8019679356281375,20002.24691547344,285.7463845067635,78626.58299999998,1123.2368999999999,21,6523.0,0.16253399987955908,21,6523.0
2655.0,54,12570.0,187.61194029850745,1.1975094471189816,19956.962575745398,297.8651130708269,74871.085,1117.478880597015,27,6638.0,0.0579091248310733,27,6638.0
2660.0,48,12471.0,188.95454545454547,1.6887731810645346,20131.436169885757,305.02176014978426,73609.059,1115.2887727272728,22,6472.0,0.10948283675092482,22,6472.0
2665.0,55,12723.0,181.75714285714287,1.9487393617911315,20422.411127649182,291.74873039498834,76224.45999999999,1088.9208571428571,28,6526.0,0.06406944211003998,28,6526.0
2670.0,56,12994.0,188.31884057971016,1.8679048027133378,20563.408836939754,298.02041792666313,78832.01400000001,1142.492956521739,29,6663.0,0.07537578752343027,29,6663.0
2675.0,58,13277.0,198.16417910447763,1.1660399279809213,20762.629536892913,309.8899930879539,80129.354,1195.9605074626866,32,6811.0,0.01572137398294374,32,6811.0
2680.0,49,12501.0,183.83823529411765,1.58340204576447,20883.06984732699,307.103968343044,82732.82900000001,1216.6592500000002,23,6322.0,0.07238712629768856,23,6322.0
2685.0,46,12527.0,181.55072463768116,2.184078072572152,21155.99930920616,306.60868564066914,84033.981,1217.8837826086956,17,6090.0,0.16595639787374247,17,6090.0
2690.0,46,12715.0,192.65151515151516,1.2513125329397985,21074.922410611114,319.31700622138067,81441.80500000001,1233.9667424242423,18,6170.0,0.06977695256435208,18,6170.0
2695.0,54,12966.0,199.47692307692307,0.7207310214963963,21355.5938540976,328.54759775534774,80140.23400000001,1232.9266769230771,27,6292.0,0.00726694614033653,27,6292.0
2700.0,54,13169.0,202.6,1.0658058019458925,21406.015412597622,329.3233140399634,81444.62500000001,1252.9942307692309,28,6387.0,0.03774463195761106,28,6387.0
2705.0,57,13447.0,194.8840579710145,1.2546876814579064,21367.17654394273,309.66922527453244,82751.614,1199.2987536231885,30,6512.0,0.0007135934724405573,30,6512.0
2710.0,59,13740.0,202.05882352941177,1.5942868688313117,21653.945901766707,318.4403809083339,82750.87000000001,1216.9245588235297,31,6662.0,0.07376695453950456,31,6662.0
2715.0,60,14037.0,212.6818181818182,0.5109860130256098,21814.21571603908,330.5184199399861,81466.068,1234.3343636363636,32,6814.0,0.017549270088236486,32,6814.0
2720.0,57,14145.0,221.015625,0.6122508392509474,22083.673679357853,345.0574012399664,81466.068,1272.9073125,29,6770.0,0.01482190895053144,29,6770.0
2725.0,53,14308.0,213.55223880597015,1.8197354691901868,22381.271241564526,334.04882450096306,81469.068,1215.9562388059703,25,6761.0,0.05765187243186795,25,6761.0
2730.0,50,14454.0,212.55882352941177,2.200378310675409,22632.05806961031,332.82438337662217,80167.918,1178.9399705882354,22,6804.0,0.1038550345585092,22,6804.0
2735.0,52,14651.0,221.9848484848485,1.4208273440092831,22582.760488870485,342.1630377101588,76349.51700000002,1156.8108636363638,25,6941.0,0.05673887628159674,25,6941.0
2740.0,52,14817.0,227.95384615384614,1.3477524400328487,22690.139256806247,349.07906548932687,75108.32500000001,1155.5126923076923,26,6998.0,0.07986778870870923,26,6998.0
2745.0,55,15088.0,221.88235294117646,1.3824081284539886,22989.994226658702,338.08815039203984,77779.259,1143.8126323529414,29,7134.0,0.031994039568672035,29,7134.0
2750.0,59,15373.0,222.79710144927537,1.5512619661937557,23263.92750786683,337.1583696792296,80450.64100000002,1165.95131884058,32,7284.0,0.038996685128044516,32,7284.0
2755.0,62,15675.0,237.5,0.26110050499899135,23459.74129510295,355.4506256833781,81783.99500000002,1239.1514393939394,36,7451.0,0.011420926981014002,36,7451.0
2760.0,57,15837.0,236.37313432835822,1.230381570245458,23775.561944659617,354.85913350238235,83116.75500000002,1240.5485820895522,29,7422.0,0.04253090944051082,29,7422.0
2765.0,53,16025.0,225.70422535211267,2.005322578665607,24081.78751919378,339.1801059041377,83119.75500000002,1170.7007746478876,25,7417.0,0.052174945317241914,25,7417.0
2770.0,52,16215.0,231.64285714285714,2.2144516612494476,24329.895281114677,347.56993258735264,81811.53000000001,1168.7361428571428,24,7532.0,0.12258848177275508,24,7532.0
2775.0,55,16453.0,245.56716417910448,0.7477363576116656,24334.474022814782,363.20110481813117,77907.67899999999,1162.8011791044773,28,7670.0,0.04355349919012349,28,7670.0
2780.0,49,15937.0,234.36764705882354,1.2542151265459687,24543.170435307034,360.92897698980937,76616.48599999999,1126.7130294117646,23,7120.0,0.047410275752168635,23,7120.0
2785.0,54,16195.0,231.35714285714286,2.5480520664527977,24833.1686662637,354.7595523751958,79314.267,1133.060957142857,27,7154.0,0.046989209298504586,27,7154.0
2790.0,54,16465.0,242.13235294117646,2.178848549665607,24716.075734949143,363.4717019845463,80659.547,1186.1698088235296,28,7289.0,0.09010844147737432,28,7289.0
2795.0,58,16746.0,261.65625,0.4622842550233178,24597.02058677307,384.3284466683293,82000.48700000001,1281.257609375,32,7435.0,0.000621378054266782,32,7435.0
2800.0,54,16894.0,272.48387096774195,0.7803125645683585,24829.00501583176,400.46782283599634,81997.48700000001,1322.540112903226,26,7399.0,0.03853504884891699,26,7399.0
2805.0,51,17062.0,250.91176470588235,1.9653475438355419,25121.63669561831,369.4358337590929,82000.835,1205.8946323529412,23,7365.0,0.0745352084449246,23,7365.0
2810.0,47,17220.0,253.23529411764707,2.7512079650095163,25400.037970615565,373.5299701561114,82000.835,1205.8946323529412,19,7389.0,0.11759639098203009,19,7389.0
2815.0,51,17436.0,272.4375,1.0107025185864305,25303.76730228344,395.37136409817896,76763.247,1199.425734375,25,7513.0,0.06411133104984049,25,7513.0
2820.0,51,17467.0,268.7230769230769,1.0904846363301115,25393.324114587464,390.6665248398073,76876.28099999999,1182.7120153846156,24,7441.0,0.0595139056674165,24,7441.0
2825.0,52,17724.0,253.2,2.0794304476341727,25690.944453117994,367.01349218739995,78245.239,1117.7891285714286,26,7544.0,0.09321562216008321,26,7544.0
2830.0,60,17999.0,246.56164383561645,1.7784919516739148,25879.55463666996,354.51444707767075,80966.375,1109.1284246575342,32,7684.0,0.10745276358422312,32,7684.0
2835.0,61,18294.0,257.6619718309859,0.9641795865318566,26109.146214275217,367.7344537221863,82330.31000000003,1159.5818309859158,34,7843.0,0.02177221132427252,34,7843.0
2840.0,54,17783.0,261.5147058823529,1.195921268170381,26333.255412815935,387.2537560708227,82327.31000000003,1210.6957352941179,26,7368.0,0.06960688821630659,26,7368.0
2845.0,48,17862.0,258.8695652173913,1.6500899059106124,26640.948705718314,386.10070587997564,82327.31000000003,1193.149420289855,19,7159.0,0.0660614199792737,19,7159.0
2850.0,48,18030.0,269.1044776119403,1.4421678219920604,26585.266512230122,396.79502257059886,80985.35000000002,1208.7365671641794,21,7253.0,0.0778405440568057,21,7253.0
2855.0,54,18270.0,272.6865671641791,0.9606935564701937,26863.88024652367,400.9534365152787,79634.41600000001,1188.5733731343284,27,7386.0,0.01368180065155987,27,7386.0
2860.0,53,18455.0,275.44776119402985,1.4820059613256131,26566.840218934416,396.52000326767796,81009.789,1209.1013283582092,27,7450.0,0.052669822523771725,27,7450.0
2865.0,57,18729.0,275.4264705882353,1.615394701287552,26754.251002202473,393.4448676794483,82431.78700000001,1212.2321617647062,30,7589.0,0.08038659747626954,30,7589.0
2870.0,59,19019.0,279.69117647058823,1.48703947011123,27057.237070619936,397.90054515617567,82431.78700000001,1212.2321617647062,31,7739.0,0.020927183748141856,31,7739.0
2875.0,61,19320.0,306.6666666666667,0.47702550456344117,27235.98902725896,432.3172861469677,82431.32700000002,1308.433761904762,33,7898.0,3.566780267533927e-05,33,7898.0
2880.0,61,19625.0,321.72131147540983,0.0,27529.321450324118,451.3003516446578,82430.58100000002,1351.3210000000001,33,8063.0,0.0,33,8063.0
2885.0,54,19711.0,285.6666666666667,1.271972122199997,27843.11032839668,403.5233380927056,82438.64500000002,1194.762971014493,26,7974.0,0.02143074222848354,26,7974.0
2890.0,49,19813.0,287.1449275362319,2.917593837212601,28130.618127450627,407.69011778913955,82438.64500000002,1194.762971014493,21,7817.0,0.13666353224816208,21,7817.0
2895.0,48,19934.0,293.1470588235294,1.8094730652369238,28284.394486702415,415.9469777456238,81103.07000000002,1192.692205882353,21,7895.0,0.08246258714018273,21,7895.0
2900.0,57,20176.0,305.6969696969697,0.8676354738773234,28267.48814864211,428.2952749794259,77105.83200000004,1168.270181818182,30,8032.0,0.05368651044783351,30,8032.0
2905.0,54,20415.0,314.0769230769231,0.9892149649558147,28336.203324902333,435.9415896138821,75836.42000000001,1166.7141538461537,28,8139.0,0.04429382626896935,28,8139.0
2910.0,58,20695.0,299.92753623188406,1.388014109449839,28642.98427960748,415.11571419720985,78650.70500000002,1139.8652898550727,32,8259.0,0.04125904508386067,32,8259.0
2915.0,62,20991.0,299.87142857142857,1.1539003070784555,28929.701330858512,413.2814475836931,81465.41800000003,1163.7916857142857,35,8395.0,0.0011309787168898152,35,8395.0
2920.0,62,21300.0,313.2352941176471,0.41666502387509247,29205.86660322168,429.4980382826717,82869.28800000003,1218.6660000000004,36,8544.0,0.04748974838274742,36,8544.0
2925.0,55,21107.0,301.5285714285714,1.2033334681992354,29529.496204807416,421.849945782963,84278.97400000003,1203.985342857143,28,8218.0,0.0815343371868828,28,8218.0
2930.0,52,21245.0,303.5,1.5011520300146848,29841.99243525423,426.3141776464891,84278.97400000003,1203.985342857143,23,8144.0,0.07763862068386268,23,8144.0
2935.0,52,21441.0,301.98591549295776,1.3969981311961481,30028.650842603733,422.9387442620244,82933.23700000001,1168.0737605633803,24,8231.0,0.028802790645917602,24,8231.0
2940.0,56,21698.0,314.463768115942,1.294931717168969,30201.75343368089,437.7065715026216,81528.322,1181.569884057971,30,8354.0,0.008630320037495335,30,8354.0
2945.0,56,21927.0,313.24285714285713,1.3034323678159556,30220.426528203963,431.72037897434234,81538.317,1164.8331,30,8431.0,0.030964599830516543,30,8431.0
2950.0,61,22223.0,322.07246376811594,1.2060589947895983,30427.507485102302,440.9783693493087,81534.713,1181.662507246377,33,8564.0,0.07801619808813949,33,8564.0
2955.0,62,22529.0,331.30882352941177,0.8112033715222263,30715.089411865534,451.6924913509637,81534.395,1199.0352205882355,34,8701.0,0.000830355810593809,34,8701.0
2960.0,63,22843.0,340.94029850746267,0.44812694030752565,30853.421970983432,460.4988353878124,80186.66100000001,1196.8158358208955,35,8845.0,3.91295063582082e-07,35,8845.0
2965.0,58,22993.0,333.231884057971,1.1282889037652573,31153.50918804657,451.50013316009534,80189.66100000001,1162.1689999999999,30,8753.0,0.015069128750725904,30,8753.0
2970.0,54,23155.0,340.5147058823529,1.7014748919816025,31451.931035420963,462.52839757972004,80189.66100000001,1179.2597205882355,26,8661.0,0.10857597075626468,26,8661.0
2975.0,54,23286.0,332.65714285714284,1.277886091985509,31759.95459266706,453.71363703810096,80189.743,1145.5677571428569,27,8756.0,0.048355492015997814,27,8756.0
2980.0,57,23537.0,336.24285714285713,0.9687321540903355,31772.26450997558,453.8894929996511,78938.118,1127.6873999999998,31,8925.0,0.07088673790307441,31,8925.0
2985.0,49,22451.0,311.81944444444446,1.953383334476295,31810.142642291514,441.8075366984933,79119.374,1098.8801944444447,21,7970.0,0.14211286965601297,21,7970.0
2990.0,51,22698.0,310.93150684931504,2.929059353436187,32101.61785592666,439.74818980721466,80565.614,1103.6385479452056,25,7766.0,0.04422240603535642,25,7766.0
2995.0,54,22965.0,310.3378378378378,2.51313279601838,32221.817181655333,435.4299619142613,83468.061,1127.9467702702702,28,7873.0,0.03819671697991342,28,7873.0
3000.0,60,23255.0,363.359375,0.7580609837998968,31326.620324626696,489.4784425722922,83460.61700000001,1304.072140625,32,7997.0,1.9942815697083012e-05,32,7997.0
3005.0,53,23389.0,365.453125,0.9899456133611741,31494.818186340755,492.10653416157436,83459.123,1304.0487968749999,25,7832.0,0.02022732539215136,25,7832.0
3010.0,50,23525.0,356.43939393939394,2.1690500860514343,31771.490622196874,481.38622154843756,83460.047,1264.5461666666667,20,7716.0,0.1387217530105675,20,7716.0
3015.0,47,23681.0,370.015625,1.802629422555305,31828.768514474457,497.3245080386634,80677.406,1260.58446875,20,7735.0,0.07978715026037683,20,7735.0
3020.0,50,23908.0,385.61290322580646,1.039330533629276,31810.756267246485,513.0767139878467,77936.47799999999,1257.0399677419352,24,7867.0,0.07609181095042021,24,7867.0
3025.0,45,23884.0,385.2258064516129,1.6881607240208003,31954.7757079543,515.3996081928113,78025.50399999999,1258.4758709677417,19,7758.0,0.09150445860772291,19,7758.0
3030.0,50,24125.0,382.93650793650795,1.921603598940617,32119.86835516187,509.83918024066475,79555.98300000001,1262.7933809523809,23,7800.0,0.06511780570407642,23,7800.0
3035.0,52,24373.0,380.828125,1.744950364053752,32318.063979125247,504.96974967383204,82493.32299999999,1288.958171875,25,7888.0,0.03277399130851249,25,7888.0
3040.0,53,24637.0,391.06349206349205,1.551942432597482,32423.697951389262,514.6618722442739,83961.253,1332.7183015873015,27,7987.0,0.06529613426252105,27,7987.0
3045.0,48,24747.0,392.8095238095238,1.4519899744439544,32589.78580650948,517.2981874049124,85423.531,1355.9290634920635,21,7847.0,0.10105558999487795,21,7847.0
3050.0,47,24879.0,394.9047619047619,2.333808653495619,32859.50387973448,521.5794266624521,85423.531,1355.9290634920635,19,7747.0,0.1251402883647934,19,7747.0
3055.0,45,25052.0,404.06451612903226,1.7907407837453553,32951.878840826175,531.4819167875189,82562.898,1331.6596451612904,18,7727.0,0.08374166506930324,18,7727.0
3060.0,50,25278.0,428.4406779661017,1.0417344021002672,32948.23167938858,558.4446047353997,78291.96100000001,1326.9823898305087,23,7808.0,0.08269733490408274,23,7808.0
3065.0,48,25481.0,398.140625,1.3413176557721436,33112.00811600111,517.3751268125174,78369.231,1224.519234375,22,7856.0,0.03171881780066604,22,7856.0
3070.0,52,25735.0,395.9230769230769,2.020375386317052,33287.753699175766,512.1192876796272,79914.08,1229.4473846153846,26,7945.0,0.1599037642237527,26,7945.0
3075.0,57,26004.0,394.0,0.6925960817900242,33562.09662404595,508.5166155158479,82866.61399999999,1255.5547575757575,30,8049.0,0.02701580279486001,30,8049.0
3080.0,63,26309.0,404.75384615384615,0.14227082095527635,33836.239430236215,520.5575296959419,84343.59399999998,1297.5937538461537,37,8189.0,0.012814773252954227,37,8189.0
3085.0,57,26468.0,395.04477611940297,0.9009461879736385,34154.68861662245,509.7714718898873,85821.824,1280.9227462686567,30,8171.0,0.04148199465718311,30,8171.0
3090.0,54,26661.0,380.87142857142857,2.0196871095932845,34459.7964108197,492.282805868853,85822.74799999999,1226.0392571428572,26,8145.0,0.08803182775211371,26,8145.0
3095.0,54,26857.0,389.231884057971,1.8931158291260433,34646.44402331705,502.12237714952244,82889.038,1201.2904057971014,26,8233.0,0.059393168219101414,26,8233.0
3100.0,58,27104.0,410.6666666666667,0.6575454216426628,34748.32148004931,526.4897193946864,78521.588,1189.7210303030301,31,8347.0,0.04294333228215921,31,8347.0
3105.0,54,27263.0,413.07575757575756,1.123735265618236,34963.83121594993,529.7550184234838,78558.901,1190.2863787878784,28,8355.0,0.06780130560520066,28,8355.0
3110.0,57,27542.0,405.02941176470586,1.2597985874119235,35265.16058671959,518.6053027458763,81543.06999999999,1199.1627941176466,31,8466.0,0.029407137637550842,31,8466.0
3115.0,61,27838.0,392.0845070422535,1.3362140296681586,35542.45717008707,500.59798831108543,84518.204,1190.3972394366194,34,8597.0,0.020240141672171287,34,8597.0
3120.0,62,28145.0,420.07462686567163,0.7735040816241328,35753.531285507896,533.6347953060879,84514.84999999999,1261.4156716417908,34,8732.0,0.015034400209142196,34,8732.0
3125.0,52,27582.0,388.4788732394366,1.3131459630549016,36024.77578380921,507.3912082226648,84520.84999999999,1190.4345070422535,23,8279.0,0.058641059176858065,23,8279.0
3130.0,50,27689.0,389.98591549295776,1.7747184513448966,36332.65118741444,511.72748151287936,84520.84999999999,1190.4345070422535,21,8082.0,0.1154960213646544,21,8082.0
3135.0,51,27856.0,386.8888888888889,1.1272674085441037,36362.93581465189,505.04077520349813,84524.54299999999,1173.9519861111112,23,8153.0,0.04755058346537997,23,8153.0
3140.0,58,28109.0,390.40277777777777,1.0004409783637784,36652.19354097135,509.05824362460197,81554.556,1132.702166666667,32,8288.0,0.04255205239448482,32,8288.0
3145.0,58,28358.0,399.40845070422534,1.334292047865852,36600.6827926862,515.5025745448759,83064.48100000001,1169.9222676056338,32,8390.0,0.016829716029235612,32,8390.0
3150.0,63,28660.0,403.6619718309859,1.1342504868280143,36772.09807812903,517.9168743398453,84574.471,1191.189732394366,34,8523.0,0.03457994282726317,34,8523.0
3155.0,63,28973.0,413.9,1.0189867638423162,36962.12195363637,528.0303136233763,83105.29100000001,1187.218442857143,35,8662.0,0.007554809185800767,35,8662.0
3160.0,64,29292.0,437.1940298507463,0.5100049589424376,37246.98695106965,555.9251783741736,83104.399,1240.3641641791046,36,8806.0,0.025054478987069667,36,8806.0
3165.0,55,29328.0,425.04347826086956,1.0482790370672193,37544.81260625149,544.1277189311808,83104.755,1204.4167391304347,27,8560.0,0.027968626161202798,27,8560.0
3170.0,53,29476.0,433.47058823529414,1.5701641074948447,37829.55001822283,556.3169120326884,83101.755,1222.084632352941,24,8616.0,0.057624538490112995,24,8616.0
3175.0,51,29587.0,435.1029411764706,1.4793626296001188,38130.624086054355,560.7444718537404,83101.755,1222.084632352941,24,8697.0,0.04888486226546378,24,8697.0
3180.0,56,29826.0,458.8615384615385,0.7129537683417589,38092.75197533242,586.0423380820372,81690.637,1256.7790307692308,29,8824.0,0.010635503966112958,29,8824.0
3185.0,47,28976.0,432.4776119402985,1.7835069653920124,38333.54140350482,572.1424090075344,83228.311,1242.2135970149254,20,8055.0,0.053874372120632806,20,8055.0
3190.0,51,29217.0,417.3857142857143,2.967222786867971,38599.08650544737,551.4155215063909,84771.774,1211.025342857143,23,7911.0,0.09832195749329468,23,7911.0
3195.0,52,29471.0,446.530303030303,2.0913606534301303,38243.45105608886,579.4462281225583,83298.84,1262.1036363636363,24,7994.0,0.028264174336976214,24,7994.0
3200.0,55,29745.0,495.75,0.9061378951862914,37925.29097303307,632.0881828838844,83294.738,1388.2456333333334,27,8093.0,0.05625765592657649,27,8093.0
3205.0,50,29887.0,489.95081967213116,1.357918191068832,38079.766900489994,624.2584737785245,83296.062,1365.5092131147542,22,8070.0,0.041035185030157253,22,8070.0
3210.0,51,30137.0,486.0806451612903,2.058521679563297,38341.31073622081,618.4082376809808,83296.361,1343.4896935483869,23,8135.0,0.10774088643916514,23,8135.0
3215.0,50,30387.0,498.1475409836066,1.3681600079246938,38571.2797930617,632.3160621813391,83295.719,1365.5035901639344,22,8210.0,0.0351692088589008,22,8210.0
3220.0,54,30655.0,519.5762711864406,0.7610735659880423,38735.15677416916,656.5280809181213,83297.219,1411.8172711864406,26,8303.0,0.04839487661075619,26,8303.0
3225.0,50,30634.0,528.1724137931035,1.0139223877114656,38990.59272775707,672.251598754432,83297.219,1436.1589482758623,22,8082.0,0.05356807377251083,22,8082.0
3230.0,46,30635.0,528.1896551724138,1.4825596320759806,39253.217015930844,676.7796037229456,83297.219,1436.1589482758623,18,7887.0,0.059620089095480076,18,7887.0
3235.0,45,30682.0,529.0,1.4966753131873949,39511.349299220456,681.2301603313871,83297.219,1436.1589482758623,18,7938.0,0.06975269737397097,18,7938.0
3240.0,48,30869.0,551.2321428571429,0.7658378625780756,39373.37055941797,703.0959028467496,80405.123,1435.8057678571427,21,8044.0,0.04696652095211626,21,8044.0
3245.0,47,31042.0,508.88524590163934,1.053868072550019,39314.03961213131,644.4924526578903,79059.08700000001,1296.050606557377,21,8096.0,0.01950090349099839,21,8096.0
3250.0,50,31286.0,496.6031746031746,2.1487428922164455,39586.81479993059,628.3621396814377,82240.721,1305.4082698412699,24,8175.0,0.16589279408271845,24,8175.0
3255.0,53,31541.0,492.828125,1.0877950798634322,39845.48322884705,622.585675450735,85414.16900000001,1334.596390625,26,8265.0,0.0639541975788116,26,8265.0
3260.0,60,31827.0,513.3387096774194,0.25197341514406907,40083.32679823869,646.5052709393337,85414.16900000001,1377.6478870967744,32,8382.0,0.00025587268124496824,32,8382.0
3265.0,54,31972.0,524.1311475409836,0.6958479397812626,40376.98170754348,661.9177329105487,85414.16900000001,1400.2322786885245,26,8194.0,0.023178773103515654,26,8194.0
3270.0,49,32113.0,509.73015873015873,1.9346120059946792,40658.860647625166,645.3787404384947,85414.81300000001,1355.7906825396824,21,8015.0,0.061002811593136246,21,8015.0
3275.0,45,32270.0,520.483870967742,2.11894048215794,40722.827740705674,656.8198022694463,82342.92400000001,1328.1116774193551,18,7951.0,0.0780088858087166,18,7951.0
3280.0,49,32482.0,541.3666666666667,1.0990200700128057,40608.406094195016,676.8067682365834,79406.71600000001,1323.4452666666666,22,8031.0,0.086125379667928,22,8031.0
3285.0,47,32613.0,526.016129032258,1.3108026520703637,40569.70075030183,654.3500121016422,78036.55000000002,1258.6540322580647,21,8016.0,0.03876801915342084,21,8016.0
3290.0,51,32856.0,505.4769230769231,1.843328219105862,40846.97330062174,628.4149738557192,81253.52600000003,1250.0542461538462,25,8112.0,0.10553442348907444,25,8112.0
3295.0,55,33116.0,487.0,1.4996174305951768,41070.71170684867,603.9810545124803,84462.23800000001,1242.0917352941176,28,8242.0,0.08542024292099337,28,8242.0
3300.0,58,33397.0,506.0151515151515,0.7602601818011047,41319.98331221604,626.0603532153943,86070.22900000002,1304.0943787878787,32,8377.0,0.017394466613449462,32,8377.0
3305.0,56,33562.0,493.55882352941177,1.0015349765395176,41599.07146625969,611.751050974407,86067.22900000002,1265.694544117647,28,8203.0,0.018655646232932997,28,8203.0
3310.0,53,33735.0,496.1029411764706,2.1009919968965147,41897.073760970234,616.1334376613268,86067.22900000002,1265.694544117647,25,8067.0,0.1372519976796029,25,8067.0
3315.0,53,33935.0,506.4925373134328,1.5893377851747008,42174.28921525874,629.4670032128167,84458.35900000001,1260.5725223880597,26,8068.0,0.05353349388548029,26,8068.0
3320.0,56,34190.0,518.030303030303,0.8165800182837166,41926.37353809849,635.2480839105829,79984.68900000001,1211.8892272727273,29,8184.0,0.04620443425414411,29,8184.0
3325.0,52,34388.0,513.2537313432836,1.7552360851724933,42070.106508297984,627.9120374372834,80092.21500000001,1195.4061940298507,26,8229.0,0.06130721921915273,26,8229.0
3330.0,55,34658.0,509.6764705882353,1.7250002436098275,42246.463073467945,621.2715157862935,81792.54400000001,1202.8315294117647,29,8334.0,0.11085517282150611,29,8334.0
3335.0,61,34946.0,513.9117647058823,0.8036908425562626,42503.143274736896,625.0462246284836,85033.262,1250.4891470588234,34,8457.0,0.007681886485411886,34,8457.0
3340.0,62,35254.0,518.4411764705883,0.7635622619841854,42784.75307513979,629.1875452226438,86651.72200000001,1274.2900294117646,36,8600.0,0.04158199768734413,36,8600.0
3345.0,58,35412.0,505.8857142857143,0.7800771327531544,43088.71448460353,615.5530640657646,88265.62100000001,1260.9374428571427,31,8525.0,0.02819834485680203,31,8525.0
3350.0,54,35591.0,508.4428571428571,2.1813569305094487,43398.27776724143,619.9753966748779,88265.62100000001,1260.9374428571427,26,8451.0,0.06126339258715537,26,8451.0
3355.0,50,35795.0,518.768115942029,2.0089867730336994,43544.18079588207,631.075083998291,86723.08600000001,1256.8563188405797,23,8534.0,0.09391678371533843,23,8534.0
3360.0,56,36053.0,554.6615384615385,0.7623684690071816,43595.73712914884,670.7036481407516,80328.382,1235.8212615384616,29,8647.0,0.04088906593765468,29,8647.0
3365.0,47,35310.0,504.42857142857144,1.8195364199943225,43722.03902916187,624.6005575594553,78796.12400000001,1125.6589142857142,21,7908.0,0.06768506682234036,21,7908.0
3370.0,53,35555.0,474.06666666666666,3.416218490817699,44002.074856310355,586.6943314174715,82063.49200000001,1094.1798933333332,24,7829.0,0.19609123026123992,24,7829.0
3375.0,56,35816.0,484.0,2.14185001604436,44006.71667105934,594.6853604197207,83687.47800000002,1130.9118648648648,30,7925.0,0.03986106331700957,30,7925.0
3380.0,62,36119.0,531.1617647058823,0.6309108171410198,43535.201609897245,640.2235530867243,86942.62600000002,1278.5680294117647,36,8063.0,0.05026428769276753,36,8063.0
3385.0,59,36285.0,533.6029411764706,0.7027996336666191,43841.64465370695,644.7300684368668,88573.72800000002,1302.5548235294118,32,8056.0,0.039565939192551726,32,8056.0
3390.0,56,36489.0,536.6029411764706,1.5665434782098924,44150.62636484086,649.2739171300127,88573.72800000002,1302.5548235294118,28,8052.0,0.04079219773969512,28,8052.0
3395.0,54,36693.0,539.6029411764706,1.6226532842863775,44356.710530059165,652.304566618517,86965.82300000002,1278.909161764706,26,8146.0,0.05224553887931071,26,8146.0
3400.0,53,36935.0,551.2686567164179,1.1128255062916503,44540.56241728138,664.7845136907669,82089.50600000002,1225.2165074626866,27,8255.0,0.04615310296946908,27,8255.0
3405.0,50,36887.0,550.5522388059702,1.7520831929324543,44660.99086354492,666.5819531872376,80537.84300000001,1202.0573582089553,24,8114.0,0.11607840010935339,24,8114.0
3410.0,54,37141.0,538.2753623188406,1.6654040994136148,44951.72605300716,651.4742906232922,83827.10800000001,1214.8856231884058,26,8145.0,0.056062625963340725,26,8145.0
3415.0,58,37419.0,550.2794117647059,1.2986010616771604,45172.29446983377,664.2984480857905,85466.83000000002,1256.8651470588236,32,8260.0,0.01308985632106342,32,8260.0
3420.0,60,37716.0,580.2461538461539,0.7830131520098723,45343.70354999637,697.5954392307133,87106.23600000002,1340.0959384615383,33,8390.0,0.024917382276372108,33,8390.0
3425.0,55,37866.0,565.1641791044776,1.1565549004115374,45493.72479833325,679.0108178855706,87106.31200000002,1300.0942089552238,27,8348.0,0.023517309465103796,27,8348.0
3430.0,50,38020.0,567.4626865671642,2.4472979622763225,45779.15515416889,683.270972450282,87106.31200000002,1300.0942089552238,22,8318.0,0.14519658348554146,22,8318.0
3435.0,48,38189.0,587.5230769230769,1.6344236035814135,46017.35299875074,707.9592769038577,83828.945,1289.6760769230768,21,8333.0,0.09558366886005484,21,8333.0
3440.0,54,38431.0,600.484375,0.9638010108831349,46121.96635986619,720.6557243729094,82247.744,1285.121,27,8441.0,0.0420792092411847,27,8441.0
3445.0,51,38605.0,584.9242424242424,1.44183230649688,46154.13052059981,699.3050078878758,79055.00600000001,1197.8031212121211,25,8472.0,0.06830422692218194,25,8472.0
3450.0,54,38869.0,547.4507042253521,1.9840265216815414,46449.813068187425,654.2227192702454,82380.04400000001,1160.2823098591548,28,8561.0,0.09576307285445822,28,8561.0
3455.0,58,39147.0,543.7083333333334,1.6904492938957338,46724.27149977062,648.9482152745921,85689.459,1190.131375,31,8674.0,0.04233974502753222,31,8674.0
3460.0,63,39447.0,563.5285714285715,0.6606742322679136,46956.568290941315,670.8081184420187,87346.43,1247.8061428571427,37,8809.0,0.02841796413980071,37,8809.0
3465.0,56,38697.0,569.0735294117648,0.8313417701817765,47259.033918383015,694.9857929173972,87346.43,1284.5063235294117,28,8281.0,0.029574824347645343,28,8281.0
3470.0,50,38737.0,569.6617647058823,1.5677774138425131,47563.3870999606,699.4615749994207,87346.43,1284.5063235294117,21,7977.0,0.07813277049519009,21,7977.0
3475.0,50,38936.0,572.5882352941177,1.4987919545774637,47570.042810505794,699.5594530956733,85707.026,1260.3974411764702,21,8044.0,0.055870564033779005,21,8044.0
3480.0,54,39154.0,593.2424242424242,1.2831801981589894,47650.39239144075,721.9756422945568,82476.52699999999,1249.6443484848485,27,8146.0,0.020918636479258287,27,8146.0
3485.0,54,39380.0,570.7246376811594,1.518050456365379,47523.62994290018,688.7482600420316,84153.76,1219.6197101449277,28,8220.0,0.050306532610989205,28,8220.0
3490.0,57,39663.0,566.6142857142858,1.8490771809578475,47648.279283476906,680.6897040496702,87496.02399999999,1249.9432000000002,31,8338.0,0.11854394045579397,31,8338.0
3495.0,63,39964.0,579.1884057971015,0.43276718822762084,47940.258879613655,694.786360574111,89167.504,1292.2826666666667,36,8473.0,0.005986971962722873,36,8473.0
3500.0,67,40296.0,584.0,0.05111600702559652,48147.70091915646,697.7927669442964,87535.28199999999,1268.6272753623189,39,8632.0,2.468038399486787e-06,39,8632.0
3505.0,60,40446.0,586.1739130434783,0.8895003713062075,48479.86543499389,702.6067454346937,87535.28199999999,1268.6272753623189,32,8569.0,0.013983708666493795,32,8569.0
3510.0,55,40608.0,588.5217391304348,1.632849995256221,48789.59579125225,707.0955911775685,87535.28199999999,1268.6272753623189,27,8540.0,0.07712654342394502,27,8540.0
3515.0,54,40790.0,591.1594202898551,1.4173989868184222,48980.03998839994,709.8556520057962,85905.45199999999,1245.0065507246377,27,8634.0,0.04867972980392335,27,8634.0
3520.0,56,41044.0,621.8787878787879,0.5600147618273461,49012.18084223805,742.6088006399704,80997.519,1227.2351363636367,29,8760.0,0.04486710373703909,29,8760.0
3525.0,54,41198.0,572.1944444444445,1.3544891418290628,49232.351115990605,683.7826543887585,81051.988,1125.7220555555557,28,8771.0,0.057852701275484045,28,8771.0
3530.0,58,41476.0,560.4864864864865,2.161116235867236,49544.82288423922,669.5246335708001,84440.162,1141.0832702702705,32,8884.0,0.10676762586670477,32,8884.0
3535.0,63,41774.0,556.9866666666667,1.0967175474886166,49832.779775644136,664.4370636752551,87830.975,1171.079666666667,36,9017.0,0.02618489244603613,36,9017.0
3540.0,70,42109.0,593.0845070422536,0.1850737424015091,50058.38989825669,705.0477450458687,87827.07900000001,1237.0011126760562,42,9184.0,6.9994385097833014e-06,42,9184.0
3545.0,59,42016.0,575.5616438356165,0.9112098491741243,50398.253282647056,690.3870312691378,87827.07900000001,1203.1106712328767,30,8863.0,0.02354356099756144,30,8863.0
3550.0,59,42199.0,562.6533333333333,1.4889659758408325,50725.07815672458,676.3343754229945,87828.015,1171.0402000000001,28,8821.0,0.0738402653050193,28,8821.0
3555.0,57,42403.0,580.8630136986301,1.1285422795837408,50821.636167726036,696.1867968181649,86155.46,1180.2117808219177,30,8930.0,0.016813812317176168,30,8930.0
3560.0,61,42683.0,601.169014084507,0.768489797431558,50968.505231254254,717.8662708627359,84457.37500000001,1189.5404929577464,35,9077.0,0.027982943031206717,35,9077.0
3565.0,59,42906.0,604.3098591549295,1.124272723617558,51106.907075058734,719.8155926064611,86168.02100000002,1213.6340985915494,33,9151.0,0.00889835446808635,33,9151.0
3570.0,61,43210.0,600.1388888888889,1.595302492002541,51427.165728809305,714.266190677907,87884.67100000002,1220.6204305555557,35,9290.0,0.05324736189330849,35,9290.0
3575.0,64,43524.0,621.7714285714286,0.8592070217125091,51570.15861677578,736.7165516682255,86240.84100000001,1232.0120142857143,36,9431.0,0.001686578693958519,36,9431.0
3580.0,65,43847.0,644.8088235294117,0.3858986126386153,51817.194495610005,762.0175661119117,86242.34900000002,1268.2698382352942,37,9579.0,0.021949914362984456,37,9579.0
3585.0,59,43952.0,646.3529411764706,0.8278674964242391,52139.99584440668,766.7646447706862,86242.34900000002,1268.2698382352942,31,9423.0,0.015395143361027718,31,9423.0
3590.0,55,44087.0,648.3382352941177,1.2420318804336115,52452.44309072696,771.3594572165727,86242.34900000002,1268.2698382352942,27,9335.0,0.04742311970910052,27,9335.0
3595.0,54,44254.0,670.5151515151515,1.145324629172109,52577.693313182695,796.6317168664041,82884.29200000002,1255.8226060606064,27,9435.0,0.05187307419401313,27,9435.0
3600.0,55,44502.0,684.6461538461539,0.7028259965837339,52661.48370825229,810.1766724346506,82990.26000000002,1276.7732307692308,29,9590.0,0.035796613772159286,29,9590.0
3605.0,44,42820.0,570.9333333333333,2.3373132206302487,52699.48404367464,702.6597872489947,83178.06400000001,1109.0408533333334,17,8285.0,0.11902924231096486,17,8285.0
3610.0,47,43046.0,551.8717948717949,4.065908437696757,52977.09582314946,679.1935361942235,84935.17800000001,1088.9125384615386,21,7804.0,0.17448707900321955,21,7804.0
3615.0,53,43297.0,562.2987012987013,2.719483752827805,52684.72244058854,684.2171745530978,88416.11400000002,1148.2612207792208,27,7890.0,0.12356149159814554,27,7890.0
3620.0,64,43599.0,641.1617647058823,0.5695095164273709,51696.78522191953,760.2468414988167,88407.778,1300.114382352941,36,8018.0,0.010142813271780076,36,8018.0
3625.0,58,43757.0,673.1846153846154,0.6275628068682452,51832.412833836075,797.4217359051705,88403.84200000002,1360.0591076923076,30,7867.0,0.01366669279525902,30,7867.0
3630.0,54,43944.0,655.8805970149253,1.566370758979687,52133.588893777596,778.1132670713073,88404.494,1319.4700597014926,26,7775.0,0.040639454865208466,26,7775.0
3635.0,51,44119.0,668.469696969697,1.6163347049687722,52214.726503928796,791.1322197564969,85029.45900000002,1288.3251363636364,23,7859.0,0.05530639784911405,23,7859.0
3640.0,54,44336.0,682.0923076923077,0.7517410786448919,52333.81890229311,805.1356754198939,83391.83400000002,1282.951292307692,27,7970.0,0.05449484916462888,27,7970.0
3645.0,47,44270.0,670.7575757575758,1.4203277364383227,52499.93148426009,795.4535073372738,83485.25600000001,1264.9281212121211,21,7822.0,0.05180568622851416,21,7822.0
3650.0,52,44520.0,664.4776119402985,2.0005407736386576,52649.90135318938,785.819423181931,85339.52700000002,1273.7242835820896,25,7847.0,0.09946298080397545,25,7847.0
3655.0,54,44786.0,658.6176470588235,1.4058780930818808,52852.56829035796,777.2436513287932,87099.28500000002,1280.8718382352943,28,7948.0,0.013291530496814597,28,7948.0
3660.0,59,45074.0,682.939393939394,1.0640437590580227,53074.62884007425,804.161043031428,88858.10500000001,1346.3349242424244,32,8070.0,2.2228501392415333e-05,32,8070.0
3665.0,53,45213.0,695.5846153846154,1.0774764085420308,53142.93166309296,817.583564047584,88855.10500000001,1367.0016153846154,25,7942.0,0.03391140124454888,25,7942.0
3670.0,50,45362.0,697.876923076923,2.193275929930704,53424.42671930649,821.9142572200998,88855.10500000001,1367.0016153846154,22,7839.0,0.15382399573698322,22,7839.0
3675.0,48,45536.0,700.5538461538462,1.9612186797827422,53700.316694854686,826.1587183823796,88855.10500000001,1367.0016153846154,21,7820.0,0.07730089065761502,21,7820.0
3680.0,52,45771.0,726.5238095238095,0.6803492141489716,53381.53201131259,847.3259049414698,80353.13799999999,1275.4466349206348,26,7933.0,0.047555720829903385,26,7933.0
3685.0,50,45923.0,685.4179104477612,1.921630009861356,53540.879795695466,799.1176088909771,82226.526,1227.261582089552,23,7927.0,0.09088925651834913,23,7927.0
3690.0,52,46176.0,679.0588235294117,1.9161768739436895,53824.10239094895,791.5309175139552,84002.391,1235.3292794117644,26,8007.0,0.10868155015934251,26,8007.0
3695.0,57,46452.0,663.6,1.215606896857217,54110.093514319226,773.0013359188462,87562.14,1250.8877142857143,31,8118.0,0.010249867219331804,31,8118.0
3700.0,62,46756.0,697.8507462686567,0.6202685900961756,54350.38464771104,811.1997708613587,89336.696,1333.3835223880594,36,8257.0,0.027878730111641496,36,8257.0
3705.0,56,46908.0,689.8235294117648,0.8877807078471557,54605.87758114916,803.0276114874878,91114.74,1339.9226470588235,30,8188.0,0.04789166464082665,30,8188.0
3710.0,53,47076.0,692.2941176470588,2.05901506203331,54907.634231112956,807.4652092810729,91114.74,1339.9226470588235,25,8156.0,0.054174902332091414,25,8156.0
3715.0,50,47272.0,716.2424242424242,1.8735381415903267,55050.994481642076,834.1059769945768,87606.429,1327.3701363636362,23,8174.0,0.0984055035914787,23,8174.0
3720.0,55,47522.0,742.53125,0.9530520687699159,55185.29935975838,862.2703024962248,84120.838,1314.38809375,28,8278.0,0.04183955447856309,28,8278.0
3725.0,54,47742.0,723.3636363636364,1.2038536781967004,55202.35120010899,836.399260607712,80685.182,1222.5027575757579,28,8342.0,0.053417403107527066,28,8342.0
3730.0,58,48019.0,685.9857142857143,1.4195262466438021,55502.4721074581,792.892458677973,84270.092,1203.858457142857,30,8454.0,0.09970008245963881,30,8454.0
3735.0,62,48316.0,680.5070422535211,0.9623139026780084,55809.46680066116,786.0488281783264,87846.16100000001,1237.2698732394365,35,8586.0,0.03191647910049151,35,8586.0
3740.0,66,48640.0,694.8571428571429,0.4203515154377996,56079.91045302825,801.1415779004037,89634.781,1280.4968714285712,40,8745.0,0.039960968364918956,40,8745.0
3745.0,63,48818.0,687.5774647887324,0.795712247347556,56419.99754462467,794.6478527411928,91426.296,1287.6943098591548,35,8715.0,0.03347359798559519,35,8715.0
3750.0,58,49012.0,690.3098591549295,1.586732978099453,56743.34720976717,799.2020733770025,91426.296,1287.6943098591548,30,8717.0,0.045619857674741054,30,8717.0
3755.0,56,49233.0,693.4225352112676,1.6376504376427121,57025.9716386908,803.18269913649,89648.62000000001,1262.6566197183097,29,8828.0,0.046967476071141566,29,8828.0
3760.0,59,49503.0,707.1857142857143,0.872292068437329,57025.22481899143,814.6460688427346,82604.02900000001,1180.0575571428574,32,8957.0,0.04936907557005839,32,8957.0
3765.0,56,49655.0,671.0135135135135,1.758397259218242,57261.07829158792,773.7983552917287,82655.55500000001,1116.9669594594593,30,8956.0,0.1254590236117251,30,8956.0
3770.0,61,49949.0,657.2236842105264,1.4131939609741888,57588.69023494944,757.7459241440716,86254.577,1134.9286447368422,35,9085.0,0.046883091988881076,35,9085.0
3775.0,67,50272.0,661.4736842105264,0.9479024339216523,57871.032487240576,761.4609537794813,89856.072,1182.3167368421052,40,9243.0,0.02147763559509663,40,9243.0
3780.0,70,50617.0,684.0135135135135,0.578645674254698,58152.49353878436,785.8445072808697,89856.072,1214.2712432432431,42,9417.0,0.00800496745278321,42,9417.0
3785.0,59,50042.0,658.4473684210526,1.18268163168631,58452.078770123364,769.1062996068863,89855.40000000001,1182.307894736842,31,9064.0,0.025260337208677187,31,9064.0
3790.0,55,50193.0,660.4342105263158,1.9054110593502676,58781.24961018807,773.4374948708956,89855.40000000001,1182.307894736842,26,8841.0,0.07819974455442665,26,8841.0
3795.0,56,50358.0,671.44,1.1845940862092152,58938.40202375034,785.8453603166712,89855.40000000001,1198.0720000000001,28,8935.0,0.039035024649335164,28,8935.0
3800.0,63,50632.0,693.5890410958904,0.7672410340741848,59138.07390290707,810.1106014096857,86304.03300000001,1182.2470273972601,36,9087.0,0.01027666019214338,36,9087.0
3805.0,50,49486.0,687.3055555555555,1.7461932611679318,58936.83222420151,818.567114225021,88102.837,1223.6505138888888,24,8113.0,0.07437519501942791,24,8113.0
3810.0,55,49750.0,663.3333333333334,2.6664584933971778,59237.23529390703,789.8298039187605,89923.00100000002,1198.9733466666664,27,7890.0,0.02534137047296167,27,7890.0
3815.0,57,50028.0,667.04,2.8317076054087975,59427.61517155805,792.3682022874407,88140.99100000001,1175.213213333333,29,7995.0,2.7327841622603306e-05,29,7995.0
3820.0,58,50314.0,774.0615384615385,1.0127722300875799,58345.983198289636,897.6305107429175,88132.93100000001,1355.8912461538462,30,8106.0,0.01895474293263845,30,8106.0
3825.0,54,50430.0,840.5,0.6103613357489811,58441.88687167547,974.0314478612577,88128.663,1468.8110499999998,26,7994.0,0.02005132967518356,26,7994.0
3830.0,49,50549.0,842.4833333333333,1.585481759158714,58716.40193750146,978.6066989583574,88128.663,1468.8110499999998,21,7841.0,0.04937809041966293,21,7841.0
3835.0,45,50681.0,844.6833333333333,1.4269963816857827,58811.687656447204,980.19479427412,84552.66599999998,1409.2111,18,7901.0,0.07811796029439111,18,7901.0
3840.0,48,50886.0,848.1,1.464334740496885,58851.71214840752,980.861869140125,82834.49599999998,1380.574933333333,21,7990.0,0.08662512668591311,21,7990.0
3845.0,43,50831.0,782.0153846153846,1.617198705497428,58908.669153374154,906.2872177442172,81120.096,1248.0014769230768,17,7868.0,0.10158810630230224,17,7868.0
3850.0,50,51068.0,762.2089552238806,2.4322170315653815,59183.83403206522,883.3408064487342,84815.773,1265.9070597014922,23,7864.0,0.1739173216587743,23,7864.0
3855.0,54,51317.0,743.7246376811594,1.7219273909574455,59472.68288005374,861.9229402906336,88512.56899999999,1282.7908550724635,27,7951.0,0.038865302866616575,27,7951.0
3860.0,59,51606.0,758.9117647058823,0.8402615489628071,59571.567859906645,876.0524685280386,90354.91399999999,1328.7487352941175,33,8075.0,0.01690868387961831,33,8075.0
3865.0,55,51763.0,784.2878787878788,1.3638857298305336,59717.90317731253,904.8167148077654,92200.074,1396.9708181818185,27,7995.0,0.07717494867743988,27,7995.0
3870.0,50,51919.0,786.6515151515151,1.974898710050576,60004.053944965795,909.1523324994819,92200.074,1396.9708181818185,22,7922.0,0.09662673622869404,22,7922.0
3875.0,50,52106.0,801.6307692307693,1.533076278341973,60264.7750312405,927.1503850960075,88498.97099999999,1361.5226307692308,23,7999.0,0.0579834269646238,23,7999.0
3880.0,53,52349.0,830.936507936508,0.838677654122954,60297.16805123026,957.0979055750834,84926.03800000002,1348.0323492063492,26,8099.0,0.04624527150914029,26,8099.0
3885.0,50,52485.0,807.4615384615385,1.1927406042577624,60370.375431746965,928.7750066422607,83193.76599999999,1279.9040923076923,24,8084.0,0.04061757612900514,24,8084.0
3890.0,54,52747.0,787.2686567164179,1.9087487572984014,60660.28897825178,905.3774474365936,86914.398,1297.2298208955224,28,8180.0,0.07440356540287005,28,8180.0
3895.0,58,53024.0,779.7647058823529,1.6038620049056203,60916.5271424382,895.8312815064439,90626.356,1332.740529411765,31,8292.0,0.051763686427145926,31,8292.0
3900.0,61,53318.0,846.3174603174604,0.2271675881394932,61086.63739269926,969.6291649634802,90622.456,1438.4516825396825,33,8416.0,0.00045552286389045405,33,8416.0
3905.0,55,53472.0,822.6461538461539,0.9467847068805506,61393.17751407423,944.5104232934493,90622.456,1394.1916307692309,27,8325.0,0.02081531023534594,27,8325.0
3910.0,52,53621.0,800.3134328358209,2.0547942480211763,61674.62379034599,920.5167729902385,90623.4,1352.5880597014927,22,8182.0,0.10556219321254993,22,8182.0
3915.0,48,53783.0,802.7313432835821,1.8719525105260877,61939.5739249112,924.4712526106149,88768.30599999998,1324.900089552239,21,8248.0,0.0671226368316658,21,8248.0
3920.0,51,54013.0,818.3787878787879,1.4467138239001454,61956.2250249703,938.7306821965194,85181.75200000001,1290.632606060606,25,8365.0,0.1140981795656488,25,8365.0
3925.0,53,54219.0,797.3382352941177,1.3960741212782537,61925.28374927478,910.6659374893349,83501.02800000002,1227.956294117647,26,8406.0,0.06048861174278832,26,8406.0
3930.0,56,54487.0,789.6666666666666,1.7098244391897681,62227.64069683169,901.8498651714738,85377.59000000003,1237.3563768115944,30,8509.0,0.08088105061672425,30,8509.0
3935.0,61,54779.0,782.5571428571428,1.1289036475435221,62501.28915008911,892.8755592869873,89120.93100000001,1273.1561571428574,35,8636.0,0.02806088395658318,35,8636.0
3940.0,65,55093.0,798.4492753623189,0.4169346352337526,62784.65919693168,909.9225970569806,90998.62000000001,1318.8205797101448,38,8784.0,0.024638369562695273,38,8784.0
3945.0,55,54654.0,792.0869565217391,1.1348995849647505,63108.48551180841,914.6157320551941,90998.62000000001,1318.8205797101448,27,8330.0,0.0800738013930014,27,8330.0
3950.0,52,54775.0,793.8405797101449,1.0304519235461986,63424.95757972379,919.2022837641127,90998.62000000001,1318.8205797101448,23,8251.0,0.04933162205950209,23,8251.0
3955.0,52,54968.0,796.6376811594203,1.2333633286488677,63739.962775862434,923.7675764617743,90998.62000000001,1318.8205797101448,24,8330.0,0.0273341029392526,24,8330.0
3960.0,57,55215.0,824.1044776119403,0.7988255625922092,63893.84024593413,953.6394066557331,87314.00200000001,1303.1940597014927,30,8448.0,0.009856352640489452,30,8448.0
3965.0,50,54751.0,771.1408450704225,1.964357085560463,63571.688574445776,895.3758954147291,89206.14100000002,1256.4245211267605,24,7912.0,0.06850935545854324,24,7912.0
3970.0,52,55009.0,753.5479452054794,3.0154672535758857,63855.84194216185,874.7375608515322,92986.76900000001,1273.7913561643836,26,7929.0,0.09129267021981473,26,7929.0
3975.0,56,55281.0,801.1739130434783,1.4909542057606882,63764.345663593216,924.1209516462785,91138.925,1320.8539855072463,28,8031.0,0.04540748162283359,28,8031.0
3980.0,62,55582.0,882.2539682539683,0.17652422444394852,63582.20418322456,1009.2413362416595,91130.75300000001,1446.5198888888888,34,8157.0,0.00020480276493734192,34,8157.0
3985.0,55,55703.0,898.4354838709677,0.6960105013912494,63832.067559236224,1029.5494767618745,91130.281,1469.8432419354842,27,8055.0,0.01821844444446314,27,8055.0
3990.0,50,55828.0,872.3125,1.7788928204902374,64118.65498443015,1001.853984131721,91130.941,1423.9209531249999,22,7974.0,0.059005757531272116,22,7974.0
3995.0,46,55965.0,874.453125,2.180928523463323,64228.70176544063,1003.5734650850097,87407.482,1365.7419062499998,19,7970.0,0.09067730409608175,19,7970.0
4000.0,50,56182.0,921.016393442623,1.089192082477215,64119.29082680514,1051.1359151935267,81900.584,1342.632524590164,24,8087.0,0.10994573232675957,24,8087.0
4005.0,48,56174.0,851.1212121212121,1.570288804907929,64306.68416541751,974.3436994760228,83872.723,1270.7988333333335,21,7945.0,0.08484927126722447,21,7945.0
4010.0,50,56420.0,842.0895522388059,2.1239811757277445,64583.785541026824,963.9370976272659,85783.793,1280.355119402985,24,7996.0,0.10442986601671782,24,7996.0
4015.0,56,56686.0,809.8,1.841838825770311,64816.232463061155,925.9461780437305,89613.498,1280.1928285714284,30,8097.0,0.04825701126599849,30,8097.0
4020.0,59,56974.0,850.3582089552239,1.1592120161791037,64936.771253138504,969.2055410916192,93435.28800000002,1394.556537313433,32,8220.0,0.027905025882926187,32,8220.0
4025.0,54,57118.0,852.5074626865671,1.2551323042793059,65153.18364190157,972.4355767447996,93432.28800000002,1394.5117611940298,26,8139.0,0.0771170655782622,26,8139.0
4030.0,51,57271.0,854.7910447761194,2.252362219461292,65443.19084819968,976.7640425104429,93432.28800000002,1394.5117611940298,23,8069.0,0.12785931638499076,23,8069.0
4035.0,48,57449.0,870.439393939394,1.7915645526664985,65598.92762836297,993.9231458842872,91573.94300000001,1387.4839848484849,21,8074.0,0.0714717752659631,21,8074.0
4040.0,53,57692.0,887.5692307692308,1.0393641602226658,65729.25538103719,1011.2193135544181,85893.5,1321.4384615384618,26,8174.0,0.0546497803555205,26,8174.0
4045.0,50,57880.0,890.4615384615385,1.5450977095033023,65797.43776882827,1012.2682733665888,84090.632,1293.7020307692308,24,8208.0,0.027858419233697633,24,8208.0
4050.0,53,58141.0,880.9242424242424,1.5929829969329425,65989.79259099594,999.8453422878172,86067.937,1304.0596515151517,27,8304.0,0.10647294441465455,27,8304.0
4055.0,59,58419.0,859.1029411764706,1.1590975845512637,66276.95279044862,974.6610704477736,89914.91500000001,1322.278161764706,32,8417.0,0.03572948417833506,32,8417.0
4060.0,61,58720.0,903.3846153846154,0.2906471873968896,66493.97839329779,1022.9842829738121,91837.359,1412.882446153846,35,8553.0,0.03666072940688918,35,8553.0
4065.0,58,58895.0,879.0298507462686,0.654207083129664,66812.05939666847,997.1949163681863,91837.735,1370.7124626865673,30,8493.0,0.01793871015088654,30,8493.0
4070.0,53,59068.0,881.6119402985074,1.8825995784237195,67111.95844566982,1001.6710215771619,91837.735,1370.7124626865673,25,8453.0,0.062056649080364866,25,8453.0
4075.0,50,59258.0,871.4411764705883,1.9569292279061778,67272.93672350812,989.3078929927668,89970.876,1323.101117647059,23,8469.0,0.1130398374482563,23,8469.0
4080.0,52,59499.0,915.3692307692307,0.8977143776920233,67322.13513566201,1035.725155933262,84298.61700000001,1296.9018,26,8588.0,0.06622088430104897,26,8588.0
4085.0,55,59689.0,852.7,1.118510134017048,67450.23068775843,963.574724110835,82461.77100000001,1178.0253000000002,29,8613.0,0.023779399858841546,29,8613.0
4090.0,59,59969.0,810.3918918918919,1.692452650263623,67760.163340396,915.6778829783248,86342.29800000001,1166.7878108108107,31,8728.0,0.10335272418993097,31,8728.0
4095.0,63,60266.0,792.9736842105264,1.175502800401041,68089.38112608655,895.9129095537708,90222.19000000002,1187.1340789473684,36,8860.0,0.045236298981594356,36,8860.0
4100.0,69,60603.0,818.9594594594595,0.5892585384522285,68351.68152526508,923.6713719630421,92156.32600000002,1245.3557567567568,43,9032.0,0.04594711930289534,43,9032.0
4105.0,59,60105.0,812.2297297297297,0.6369638149753842,68677.33632192375,928.0721124584293,94093.33600000001,1271.5315675675674,32,8635.0,0.04096192183542583,32,8635.0
4110.0,59,60170.0,813.1081081081081,1.0951856427320186,69020.50197929045,932.7094862066277,94093.33600000001,1271.5315675675674,29,8419.0,0.04996250343014304,29,8419.0
4115.0,54,60357.0,815.6351351351351,1.104335113302824,69342.9694660178,937.0671549461865,92149.391,1245.2620405405405,27,8522.0,0.020311236703674736,27,8522.0
4120.0,60,60634.0,819.3783783783783,1.1241501189434786,69428.88859950384,938.2282243176197,88269.626,1192.8327837837837,34,8653.0,0.036651849923492845,34,8653.0
4125.0,59,60809.0,810.7866666666666,1.6478575487110323,69495.00510601471,926.6000680801965,90219.511,1202.926813333333,33,8663.0,0.06427067963726167,33,8663.0
4130.0,64,61118.0,837.2328767123288,1.318144137725474,69525.62001417064,952.4057536187761,88305.111,1209.6590547945207,36,8802.0,0.02553899363051155,36,8802.0
4135.0,64,61438.0,865.3239436619718,1.1630555288667257,69623.12371942092,980.6073763298726,88301.16100000001,1243.6783239436618,36,8947.0,0.0,36,8947.0
4140.0,64,61758.0,921.7611940298508,0.543225618499666,69846.62372939805,1042.4869213342995,88299.92700000001,1317.909358208955,36,9092.0,0.0,36,9092.0
4145.0,54,61772.0,895.2463768115942,1.1181470147466408,70117.63309816433,1016.1975811328164,88300.019,1279.7104202898552,26,8773.0,0.03464437980196279,26,8773.0
4150.0,50,61884.0,884.0571428571428,2.332351452088415,70413.65168912396,1005.909309844628,88300.186,1261.4312285714286,21,8669.0,0.15167326657574143,21,8669.0
4155.0,49,62015.0,898.768115942029,1.5360596315923873,70584.01877267692,1022.9567938069125,86385.101,1251.9579855072463,22,8739.0,0.07782569352829817,22,8739.0
4160.0,57,62258.0,943.3030303030303,0.61668263889444,70415.43755151407,1066.9005689623345,86458.76000000001,1309.9812121212121,30,8880.0,0.023965466925882355,30,8880.0
4165.0,48,61300.0,888.4057971014493,1.9993454557710786,70652.01252059238,1023.9422104433681,88449.163,1281.8719275362316,21,8041.0,0.1030731199234959,21,8041.0
4170.0,51,61551.0,854.875,2.9139541570074496,70804.30071183247,983.3930654421173,90512.422,1257.1169722222223,24,7866.0,0.09711112121404618,24,7866.0
4175.0,54,61804.0,858.3888888888889,2.475475419393277,70730.43891926108,982.3672072119601,92493.44000000002,1284.6311111111108,28,7961.0,0.017380818123914243,28,7961.0
4180.0,59,62091.0,970.171875,0.801230262035597,70140.92125151688,1095.9518945549517,92485.26000000001,1445.0821875,31,8074.0,0.020263052394679185,31,8074.0
4185.0,53,62159.0,1019.0,0.6447355102609171,70344.914609883,1153.1953214734915,92484.45400000001,1516.1385901639344,24,7945.0,0.014212311998066161,24,7945.0
4190.0,47,62276.0,1020.9180327868852,1.2243296086964082,70628.87469757201,1157.8504048782297,92484.45400000001,1516.1385901639344,19,7913.0,0.032528724492601004,19,7913.0
4195.0,45,62420.0,1023.2786885245902,1.0984549811354205,70789.1152082715,1160.4772984962538,90534.88200000001,1484.178393442623,18,7969.0,0.029771960520014077,18,7969.0
4200.0,47,62632.0,1043.8666666666666,1.2299190262809185,71050.44338710906,1184.1740564518182,88544.05100000002,1475.7341833333332,21,8053.0,0.026658479091284278,21,8053.0
4205.0,46,62656.0,1010.5806451612904,1.2526314222927764,70995.60777528107,1145.0904479884039,86721.64800000002,1398.736258064516,20,7973.0,0.04933855421977559,20,7973.0
4210.0,49,62892.0,998.2857142857143,1.9792778567801457,71266.40576949477,1131.2127899919808,88735.02800000002,1408.492507936508,23,8003.0,0.11380701391315132,23,8003.0
4215.0,51,63142.0,1002.2539682539683,1.6870068914461727,71482.28442560247,1134.639435327024,90750.46600000003,1440.4835873015872,24,8087.0,0.05204887297515304,24,8087.0
4220.0,55,63412.0,1022.7741935483871,0.9652675456520317,71622.771382894,1155.205990046678,90748.89600000002,1463.691870967742,27,8183.0,0.0009123775108625411,27,8183.0
4225.0,50,63533.0,1095.396551724138,1.0669998017750695,71810.44018368359,1238.111037649718,90748.27800000002,1564.625482758621,22,8021.0,0.023169639995835718,22,8021.0
4230.0,45,63643.0,1078.6949152542372,1.851464239977131,72069.20452704963,1221.5119411364346,90749.18400000002,1538.1217627118642,17,7850.0,0.1170084448962343,17,7850.0
4235.0,44,63778.0,1080.9830508474577,1.8659594615159685,72141.53964731822,1222.7379601240382,86815.36100000002,1471.4467966101697,17,7798.0,0.15466702755742767,17,7798.0
4240.0,46,63980.0,1103.103448275862,1.273489930812037,72064.27421347823,1242.4874864392796,85008.49700000002,1465.6637413793103,19,7873.0,0.12546049127785816,19,7873.0
4245.0,46,64120.0,1034.1935483870968,1.40221891178048,72028.68193277392,1161.7529343995793,83185.60000000002,1341.7032258064517,20,7869.0,0.06850584761791245,20,7869.0
4250.0,49,64360.0,1005.625,2.0371015309481955,72298.18945753638,1129.6592102740055,87262.15300000002,1363.471140625,23,7944.0,0.10042709356829996,23,7944.0
4255.0,54,64618.0,979.060606060606,1.592586965982628,72575.62594428395,1099.630696125514,91330.49100000001,1383.7953181818184,27,8037.0,0.05825912646937782,27,8037.0
4260.0,58,64895.0,1030.079365079365,0.6496346379783112,72752.03999763215,1154.7942856767006,93361.33700000001,1481.9259841269843,32,8149.0,0.03016014111361985,32,8149.0
4265.0,54,65041.0,1000.6307692307693,1.1769244318814367,73045.6653110609,1123.7794663240136,95394.61700000001,1467.6094923076923,26,7984.0,0.054164533555091716,26,7984.0
4270.0,51,65195.0,973.0597014925373,2.1808183627187963,73322.64168597004,1094.3677863577616,95395.56900000002,1423.8144626865671,21,7845.0,0.13482933136663341,21,7845.0
4275.0,47,65369.0,990.439393939394,1.7421930404723394,73437.94964049825,1112.696206674216,93455.74400000002,1415.9961212121214,20,7908.0,0.06447971670364534,20,7908.0
4280.0,52,65607.0,1025.109375,1.1634695133087094,73508.683073039,1148.5731730162347,89513.24500000002,1398.6444531250002,26,8004.0,0.07152393368465974,26,8004.0
4285.0,53,65822.0,1044.7936507936508,1.077644934683234,73472.14736435597,1166.2245613389837,85652.23100000001,1359.5592222222222,27,8065.0,0.028985198991927693,27,8065.0
4290.0,55,66093.0,1016.8153846153846,1.2937160009657853,73761.29923328511,1134.7892189736172,89744.28800000003,1380.6813538461538,29,8171.0,0.05701684487007621,29,8171.0
4295.0,59,66378.0,1005.7272727272727,0.877831173076181,74017.79039881346,1121.4816727092948,93838.42500000003,1421.7943181818182,32,8291.0,0.0207186738921798,32,8291.0
4300.0,61,66677.0,1010.2575757575758,0.779109947705419,74309.20777810816,1125.8970875470932,93839.47300000003,1421.810196969697,33,8421.0,0.05066840606604307,33,8421.0
4305.0,55,66824.0,1028.0615384615385,0.9225803770491504,74595.09526984322,1147.6168503052804,93839.47300000003,1443.6842,27,8335.0,0.03478495510681307,27,8335.0
4310.0,52,66994.0,1015.060606060606,1.5486536187079618,74891.06532632203,1134.7131110048792,93840.11800000003,1421.8199696969696,24,8252.0,0.07553354320805866,24,8252.0
4315.0,50,67161.0,1033.246153846154,1.5234413360116725,75160.34213794633,1156.3129559684046,91788.95800000003,1412.1378153846154,22,8271.0,0.08388062392605664,22,8271.0
4320.0,52,67379.0,1052.796875,0.864617065034105,75311.49723074373,1176.7421442303707,89823.761,1403.496265625,26,8376.0,0.04098820571094826,26,8376.0
4325.0,46,66737.0,901.8513513513514,2.6193355784703,75610.21462507453,1021.7596570956015,93959.471,1269.722581081081,19,7701.0,0.09531519354833916,19,7701.0
4330.0,50,66976.0,943.3239436619718,3.245557052916497,75391.12130116463,1061.8467788896419,88052.127,1240.1708028169014,24,7660.0,0.15333268811297382,24,7660.0
4335.0,55,67237.0,960.5285714285715,1.92860146655515,75330.47820780742,1076.1496886829634,92179.946,1316.8563714285713,28,7756.0,0.05243227330236195,28,7756.0
4340.0,60,67530.0,1055.15625,0.5269012618238025,75005.31186868127,1171.9579979481446,94235.504,1472.4297500000002,34,7885.0,0.026256919542889265,34,7885.0
4345.0,55,67683.0,1057.546875,0.8145779115903418,75307.95760393637,1176.6868375615054,96293.994,1504.59365625,28,7837.0,0.038270909641394193,28,7837.0
4350.0,51,67843.0,1027.9242424242425,1.9523464633837138,75600.63506922268,1145.4641677154953,96294.66200000001,1459.0100303030304,23,7800.0,0.04829831770408976,23,7800.0
4355.0,48,68023.0,1030.6515151515152,2.171087094423631,75841.02318243479,1149.1064118550723,94246.059,1427.9705909090908,21,7873.0,0.06229698906237153,21,7873.0
4360.0,53,68263.0,1083.5396825396826,0.8401121413639268,75920.34009148131,1205.084763356846,88119.48199999999,1398.7219365079363,26,7968.0,0.051183946906489725,26,7968.0
4365.0,46,68167.0,1082.015873015873,1.3240540728521162,76026.58455220229,1206.7711833682904,86128.57699999999,1367.1202698412696,20,7778.0,0.03540517578476941,20,7778.0
4370.0,49,68408.0,1052.4307692307693,2.0707494389286327,76301.64675343886,1173.8714885144439,90276.71699999999,1388.8725692307694,23,7794.0,0.08514027989554059,23,7794.0
4375.0,53,68662.0,1009.7352941176471,1.842086953934253,76494.87649516492,1124.9246543406605,94422.495,1388.5661029411765,26,7883.0,0.03534105853336426,26,7883.0
4380.0,56,68932.0,1077.0625,1.4857904643691244,76662.27960191344,1197.8481187798975,94419.11299999998,1475.298640625,28,7985.0,0.055120407221983005,28,7985.0
4385.0,51,69060.0,1079.0625,1.3543846720119932,76720.13507474684,1198.7521105429191,94416.49699999999,1475.257765625,23,7902.0,0.06536249853025346,23,7902.0
4390.0,48,69187.0,1064.4153846153847,2.4673829202216084,76996.94124005186,1184.5683267700285,94419.881,1452.613553846154,20,7836.0,0.1777226991548801,20,7836.0
4395.0,47,69340.0,1100.6349206349207,1.696477134343103,77136.97357629112,1224.3964059728744,90305.64199999999,1433.4228888888888,20,7831.0,0.08512945734312873,20,7831.0
4400.0,51,69574.0,1104.3492063492063,0.8711370826854801,77198.50299563016,1225.3730634227004,86248.36499999999,1369.0216666666665,25,7932.0,0.04772692707022583,25,7932.0
4405.0,50,69729.0,1040.7313432835822,1.792020790044566,77304.41064206776,1153.7971737622056,86343.277,1288.7056268656718,23,7946.0,0.06973070383640599,23,7946.0
4410.0,52,69981.0,1029.1323529411766,1.7742531081923718,77588.77916630996,1141.0114583280877,88432.425,1300.476838235294,26,8023.0,0.09658157773143997,26,8023.0
4415.0,58,70255.0,1003.6428571428571,1.4738434812788987,77874.75369188539,1112.4964813126478,92615.68000000001,1323.081142857143,32,8132.0,0.04674633229008128,32,8132.0
4420.0,62,70556.0,1037.5882352941176,0.8116975329935899,78109.60224602636,1148.670621265093,96795.041,1423.4564852941176,35,8268.0,0.04849626536365624,35,8268.0
4425.0,54,70175.0,1031.985294117647,0.8216119119002445,78360.86944903222,1152.3657271916502,96795.42499999999,1423.4621323529411,26,7941.0,0.06206182026822995,26,7941.0
4430.0,53,70291.0,1033.6911764705883,1.1251251690079955,78673.97873224418,1156.9702754741788,96795.42499999999,1423.4621323529411,22,7915.0,0.04034763887604718,22,7915.0
4435.0,49,70460.0,1051.641791044776,1.045490979682343,78966.44302944685,1178.6036273051764,94698.493,1413.410343283582,22,7988.0,0.046385848688050665,22,7988.0
4440.0,55,70703.0,1071.2575757575758,1.0367974070815087,79265.51526914575,1200.992655593118,92609.345,1403.171893939394,29,8094.0,0.007513674244439331,29,8094.0
4445.0,55,70910.0,1027.6811594202898,1.350192292227108,79467.01238682383,1151.695831693099,90554.79400000001,1312.3883188405796,29,8038.0,0.01793791764894096,29,8038.0
4450.0,54,71123.0,1045.9264705882354,1.8516640102021398,79240.78185539978,1165.3056155205848,90550.293,1331.621955882353,24,7985.0,0.1394483808894569,24,7985.0
4455.0,50,71341.0,1049.1323529411766,1.7174862473134418,79537.04235966512,1169.6623876421343,90550.293,1331.621955882353,23,8001.0,0.061974922117363926,23,8001.0
4460.0,54,71600.0,1068.6567164179105,1.1927446993718165,79613.56770747955,1188.2622045892465,88540.36000000002,1321.4979104477611,28,8129.0,0.07564055413493817,28,8129.0
4465.0,52,71722.0,1086.6969696969697,1.1513151250596743,79601.23828400135,1206.079367939414,84479.16500000001,1279.987348484848,26,8104.0,0.05090201933554167,26,8104.0
4470.0,55,71992.0,1058.7058823529412,1.7711204971210552,79894.76181691118,1174.9229678957527,88722.321,1304.7400147058822,29,8191.0,0.06760553154777856,29,8191.0
4475.0,59,72278.0,1047.5072463768115,1.5249718337697908,80156.64676330866,1161.6905328015744,92954.454,1347.166,32,8312.0,0.03397857713490058,32,8312.0
4480.0,60,72574.0,1067.264705882353,0.8322773007704082,80331.53576537818,1181.3461141967373,95076.243,1398.180044117647,34,8443.0,0.026953011001245964,34,8443.0
4485.0,53,72536.0,1051.2463768115942,1.1731516249608738,80612.49844711224,1168.297078943656,95076.243,1377.9165652173913,24,8295.0,0.06473817007254593,24,8295.0
4490.0,52,72688.0,1053.4492753623188,1.5839946403107743,80921.65213563337,1172.777567183092,95076.243,1377.9165652173913,23,8245.0,0.06743536891221054,23,8245.0
4495.0,54,72878.0,1087.7313432835822,0.9627681898653873,81108.35630131232,1210.5724821091394,92955.856,1387.4008358208953,27,8330.0,0.0210839816610848,27,8330.0
4500.0,57,73145.0,1125.3076923076924,0.6673220491021477,81312.08124632045,1250.9550960972379,90832.982,1397.4304923076922,31,8458.0,0.005318328167667932,31,8458.0
4505.0,56,73363.0,1048.0428571428572,1.1437458992574174,81453.69901000976,1163.624271571568,95102.64,1358.6091428571426,30,8411.0,0.027746827548971502,30,8411.0
4510.0,54,73591.0,1066.536231884058,1.9926636709912078,81629.19919334567,1183.0318723673286,93026.028,1348.203304347826,26,8366.0,0.14709735688928816,26,8366.0
4515.0,53,73808.0,1069.6811594202898,1.466546351022625,81932.86985422655,1187.4328964380659,93026.028,1348.203304347826,26,8442.0,0.06243458636845245,26,8442.0
4520.0,58,74080.0,1105.6716417910447,0.7023022188963118,81863.5228620773,1221.8436248071241,88953.56300000001,1327.665119402985,31,8563.0,0.03289429499772511,31,8563.0
4525.0,55,74298.0,1108.9253731343283,0.9151446009056724,82053.59450739138,1224.6805150356922,86889.356,1296.8560597014925,29,8508.0,0.05305912672021132,29,8508.0
4530.0,53,74556.0,1050.0845070422536,1.6258111449621016,82364.08993265366,1160.0576046852627,91183.28600000001,1284.2716338028167,27,8487.0,0.07157718158788443,27,8487.0
4535.0,55,74818.0,1024.9041095890411,1.8011843478934628,82564.97937444912,1131.0271147184808,93378.38500000001,1279.1559589041096,28,8588.0,0.0669590187484872,28,8588.0
4540.0,59,75098.0,1072.8285714285714,0.7749801856375272,82626.84523191536,1180.3835033130763,89197.717,1274.2531000000001,33,8703.0,0.041585526077534636,33,8703.0
4545.0,54,75099.0,1043.0416666666667,1.329445444655776,82833.62172587181,1150.4669684148867,89271.81000000001,1239.88625,28,8586.0,0.07663320495574286,28,8586.0
4550.0,58,75378.0,1018.6216216216217,1.959818322648831,83148.12060880943,1123.6232514703977,93563.77800000002,1264.3753783783784,31,8656.0,0.09484044508945579,31,8656.0
4555.0,61,75675.0,995.7236842105264,1.6356098210701016,83412.4940761401,1097.532816791317,95703.97800000002,1259.2628684210526,35,8788.0,0.011517492942196388,35,8788.0
4560.0,66,75998.0,1070.394366197183,0.6968456549996178,83501.58429698895,1176.0786520702673,97843.18200000002,1378.072985915493,39,8944.0,1.5470861734167563e-05,39,8944.0
4565.0,58,76130.0,1015.0666666666667,1.0583399900317754,83780.27957435019,1117.0703943246695,97849.18200000002,1304.65576,29,8959.0,0.0438012713766853,29,8959.0
4570.0,60,76335.0,1017.8,1.4996240419529132,84115.01150280994,1121.5334867041324,97849.18200000002,1304.65576,30,9068.0,0.07871415237798911,30,9068.0
4575.0,57,76520.0,1020.2666666666667,0.9767383763170164,84454.65114912865,1126.0620153217158,97849.18200000002,1304.65576,30,9178.0,0.018129707835365803,30,9178.0
4580.0,63,76813.0,1038.0135135135135,0.645987269754402,84736.24788348451,1145.0844308578987,91409.97300000001,1235.2699054054053,37,9337.0,0.005424940322012026,37,9337.0
4585.0,50,75244.0,1016.8108108108108,2.0642240581880404,85044.74854387074,1149.2533587009561,93575.26600000002,1264.5306216216218,23,8204.0,0.06351182439687618,23,8204.0
4590.0,51,75497.0,1034.2054794520548,2.924704511995744,85189.13357869707,1166.9744325848912,93637.97600000001,1282.712,25,7771.0,0.10490078611515824,25,7771.0
4595.0,55,75767.0,1052.3194444444443,2.451527713741909,84999.08761785492,1180.5428835813182,93637.59400000001,1300.522138888889,27,7848.0,0.009294028255090599,27,7848.0
4600.0,57,76050.0,1207.142857142857,0.9953323741656069,84143.27668164189,1335.6075663752679,93629.54000000002,1486.1831746031742,29,7956.0,0.015989543496538933,29,7956.0
4605.0,51,76143.0,1228.1129032258063,1.1663033304972177,84108.97237643557,1356.5963286521865,93625.35000000002,1510.0862903225807,23,7896.0,0.02803298202355049,23,7896.0
4610.0,51,76398.0,1252.4262295081967,1.6226639444752842,84359.58852959113,1382.944074255592,93625.35000000002,1534.8418032786883,23,7951.0,0.0409310914303859,23,7951.0
4615.0,52,76655.0,1277.5833333333333,1.4059733060574904,84588.88325519851,1409.8147209199753,93625.35000000002,1560.4225000000001,24,8033.0,0.049263975538578836,24,8033.0
4620.0,54,76918.0,1349.438596491228,0.4353639371950307,84695.81869804978,1485.8915561061365,93621.42100000002,1642.4810701754386,26,8121.0,0.006215435029647985,26,8121.0
4625.0,48,76879.0,1325.5,1.2006825972188435,84919.61338700002,1464.1312652931035,93621.42100000002,1614.1624310344828,20,7939.0,0.055079380928884404,20,7939.0
4630.0,46,76858.0,1259.967213114754,2.049713791118514,85170.90231106646,1396.2443001814174,93622.80700000002,1534.8001147540983,16,7786.0,0.17031537126063737,16,7786.0
4635.0,44,76888.0,1281.4666666666667,1.7181262418428078,85281.39581776482,1421.3565969627473,91501.57700000002,1525.0262833333336,17,7828.0,0.094209392892164,17,7828.0
4640.0,46,77066.0,1328.7241379310344,0.978145081795913,85186.02439445513,1468.7245585250885,87340.34800000001,1505.8680689655173,19,7929.0,0.0979263520231871,19,7929.0
4645.0,46,77221.0,1265.9180327868853,1.5317734280996402,85311.97416335353,1398.556953497599,87438.30000000002,1433.4147540983606,20,7966.0,0.062065745239222855,20,7966.0
4650.0,49,77462.0,1229.5555555555557,1.900393466610232,85579.61696985974,1358.4066185692027,91869.49700000002,1458.2459841269842,23,8042.0,0.08982898298746181,23,8042.0
4655.0,56,77727.0,1233.7619047619048,1.0554867781285824,85810.36135078549,1362.0692277902458,96292.56700000002,1528.4534444444446,29,8142.0,0.034737838546563926,29,8142.0
4660.0,58,78009.0,1258.2096774193549,0.57483175555762,86033.40128309636,1387.6355045660703,96294.09900000003,1553.1306290322584,30,8255.0,0.04342800639576615,30,8255.0
4665.0,53,78145.0,1260.4032258064517,1.0646210433127454,86325.83432864837,1392.3521665911028,96294.09900000003,1553.1306290322584,25,8082.0,0.07889096025134425,25,8082.0
4670.0,50,78285.0,1262.6612903225807,1.6063606837406235,86605.04648391089,1396.8555884501757,96294.09900000003,1553.1306290322584,22,7969.0,0.06077948142090107,22,7969.0
4675.0,46,78445.0,1265.241935483871,1.981002593381031,86871.42548263239,1401.1520239134252,96294.09900000003,1553.1306290322584,19,7940.0,0.08071714580126266,19,7940.0
4680.0,48,78662.0,1356.2413793103449,0.957680283893598,86629.49245555684,1493.611938888911,87712.53300000001,1512.285051724138,22,8042.0,0.06934012287410371,22,8042.0
4685.0,49,78839.0,1231.859375,1.3185908728296507,86644.12344441727,1353.8144288190201,87895.38200000001,1373.36534375,22,8054.0,0.05657781710920187,22,8054.0
4690.0,51,79088.0,1216.7384615384615,1.8157532522729978,86921.93466070727,1337.2605332416504,90123.71200000001,1386.5186461538462,25,8138.0,0.12048586362051562,25,8138.0
4695.0,55,79358.0,1202.3939393939395,0.8585265259970362,87194.32628357327,1321.1261558117162,94580.856,1433.0432727272728,29,8243.0,0.060134291259542505,29,8243.0
4700.0,65,79660.0,1171.4705882352941,0.29225314208809744,87448.49990678801,1286.0073515704116,99043.50700000001,1456.5221617647057,38,8380.0,0.03035532955431438,38,8380.0
4705.0,58,79832.0,1174.0,1.0812361317527046,87770.332599012,1290.7401852795883,99043.50700000001,1456.5221617647057,30,8246.0,0.07630389956361874,30,8246.0
4710.0,54,80008.0,1142.9714285714285,1.8254973795243852,88076.57764800535,1258.236823542934,99044.18300000002,1414.9169,26,8131.0,0.06957360766559202,26,8131.0
4715.0,51,80205.0,1129.6478873239437,2.308876848585878,88371.67610038648,1244.6714943716408,99044.18300000002,1394.9884929577463,24,8133.0,0.06540571426585898,24,8133.0
4720.0,55,80454.0,1200.8059701492537,1.142998738920982,88310.32389000746,1318.0645356717534,90321.298,1348.0790746268658,29,8259.0,0.07268523227162017,29,8259.0
4725.0,53,80589.0,1167.9565217391305,1.3796529408598888,88199.52053828555,1278.2539208447179,88353.695,1280.4883333333335,26,8233.0,0.0668389396614149,26,8233.0
4730.0,55,80860.0,1155.142857142857,1.5915983003718597,88501.01939476324,1264.3002770680464,90594.057,1294.2008142857144,29,8335.0,0.05340653593839088,29,8335.0
4735.0,60,81151.0,1096.6351351351352,1.4597576279042916,88818.47112173664,1200.2496097531978,95077.92700000001,1284.8368513513512,34,8461.0,0.03111869381095649,34,8461.0
4740.0,64,81461.0,1147.338028169014,0.8930076266162613,88998.18962280155,1253.4956284901634,99549.01999999999,1402.0988732394364,37,8606.0,0.024991032676826844,37,8606.0
4745.0,56,81348.0,1129.8333333333333,1.0643464489729837,89289.49044664086,1240.1318117589008,99546.01999999999,1382.583611111111,27,8424.0,0.048232050516998276,27,8424.0
4750.0,56,81524.0,1132.2777777777778,1.364166082648265,89613.53556893251,1244.632438457396,99546.01999999999,1382.583611111111,26,8458.0,0.08456192644699632,26,8458.0
4755.0,59,81754.0,1151.4647887323943,0.9517625157877978,89908.20849769906,1266.3127957422403,97315.101,1370.6352253521127,30,8562.0,0.01314478899203425,30,8562.0
4760.0,60,82010.0,1171.5714285714287,0.759632971705457,90111.46550387895,1287.3066500554135,92834.59100000001,1326.208442857143,34,8705.0,0.00443751178522796,34,8705.0
4765.0,51,81190.0,1159.857142857143,1.583948957469951,90257.16793883743,1289.3881134119636,95088.59,1358.4084285714284,24,8178.0,0.037560337680086424,24,8178.0
4770.0,52,81445.0,1180.3623188405797,2.7405504881050744,90493.68388058025,1311.5026649359459,95085.25,1378.0471014492753,24,7803.0,0.08094929159612972,24,7803.0
4775.0,56,81712.0,1150.8732394366198,2.4080852589275525,90780.02978812785,1278.5919688468712,95085.329,1339.229985915493,28,7895.0,0.0008761810199672183,28,7895.0
4780.0,56,81992.0,1322.4516129032259,1.0122724840317932,89955.19153091121,1450.8901859824389,92859.96900000001,1497.741435483871,28,8000.0,0.04549912455807196,28,8000.0
4785.0,50,82097.0,1368.2833333333333,1.0229944476942903,89999.25188086808,1499.987531347801,92858.919,1547.64865,22,7940.0,0.052853489126733544,22,7940.0
4790.0,51,82349.0,1372.4833333333333,1.5759130595640227,90268.4886658013,1504.4748110966877,92858.919,1547.64865,23,8007.0,5.661181429783971e-05,23,8007.0
4795.0,51,82604.0,1424.2068965517242,1.3299958625903345,90451.73877854738,1559.5127375611619,92858.295,1601.0050862068965,23,8087.0,0.05386887758588934,23,8087.0
4800.0,53,82865.0,1479.732142857143,0.7140215671653799,90638.09452467566,1618.5374022263513,92857.38500000001,1658.1675892857143,25,8173.0,9.23480817446415e-07,25,8173.0
4805.0,53,83130.0,1385.5,0.734892188043644,90844.15439950197,1514.069239991699,92863.38500000001,1547.7230833333335,25,8263.0,0.02015310332508348,25,8263.0
4810.0,50,83090.0,1340.1612903225807,1.6990060420786497,91112.5080961481,1469.5565821959372,92864.349,1497.8120806451616,20,8090.0,0.1782497552685853,20,8090.0
4815.0,45,83037.0,1339.3064516129032,1.6221900629343695,91385.32483243538,1473.9568521360545,92864.349,1497.8120806451616,17,7927.0,0.08917440701840297,17,7927.0
4820.0,47,83057.0,1361.5901639344263,1.5888263053293263,91495.72743977446,1499.9299580290897,90652.009,1486.0985081967217,20,7887.0,0.11231935179235357,20,7887.0
4825.0,51,83240.0,1364.5901639344263,1.0434158929296593,91613.60393739253,1501.862359629386,90756.65000000001,1487.81393442623,24,8023.0,0.051390862414057846,24,8023.0
4830.0,48,83401.0,1390.0166666666667,1.2967847083275712,91606.5209677042,1526.7753494617366,88624.90100000001,1477.0816833333336,22,8074.0,0.03703017702297369,22,8074.0
4835.0,50,83647.0,1349.1451612903227,1.4812275227190417,91752.89187979925,1479.8853528999882,91022.62700000001,1468.1068870967742,24,8155.0,0.04070572333826344,24,8155.0
4840.0,54,83906.0,1290.8615384615384,1.6931616664597962,91998.40014786905,1415.3600022749085,95651.59900000002,1471.5630615384616,27,8249.0,0.05829930198343061,27,8249.0
4845.0,56,84179.0,1357.725806451613,0.6794923401880725,92194.70881237595,1487.011432457677,97957.22300000001,1579.9552096774196,30,8357.0,0.06675696997253945,30,8357.0
4850.0,53,84321.0,1338.4285714285713,1.076748852562479,92489.65718452202,1468.0897965797149,100268.85800000001,1591.5691746031748,25,8211.0,0.07671717701553574,25,8211.0
4855.0,50,84475.0,1319.921875,1.994613286742943,92770.31641827346,1449.5361940355233,100269.676,1566.7136875,22,7984.0,0.05278633385326441,22,7984.0
4860.0,47,84655.0,1365.4032258064517,1.8100404744265106,92855.92862508819,1497.6762681465837,93411.475,1506.6366935483873,20,8051.0,0.12486517240534242,20,8051.0
4865.0,48,84879.0,1305.8307692307692,1.4349532251521042,92712.04726272347,1426.339188657284,89035.152,1369.771569230769,22,8144.0,0.08122500070798545,22,8144.0
4870.0,52,85072.0,1308.8,1.6249526788913926,92865.31378996247,1428.6971352301919,89126.64899999999,1371.1792153846152,25,8172.0,0.13924506625546265,25,8172.0
4875.0,56,85338.0,1293.0,1.1300041442956246,93159.65355892194,1411.5099024079084,91450.469,1385.6131666666665,30,8273.0,0.05316570865018869,30,8273.0
4880.0,57,85620.0,1277.910447761194,1.1701647926825494,93437.1713618913,1394.584647192408,96090.523,1434.1869104477612,31,8390.0,0.03994410486690596,31,8390.0
4885.0,61,85915.0,1210.0704225352113,1.3036859519003847,93751.81995900816,1320.4481684367352,98414.65699999999,1386.121929577465,34,8519.0,7.819085872506112e-05,34,8519.0
4890.0,55,86069.0,1247.376811594203,1.4674159636875117,94011.26553092335,1362.4821091438168,98412.56599999999,1426.269072463768,27,8384.0,0.08552415512647761,27,8384.0
4895.0,51,86223.0,1249.608695652174,2.1384569111003104,94277.14968476175,1366.3355026777065,98412.56599999999,1426.269072463768,23,8249.0,0.08307978602077004,23,8249.0
4900.0,53,86429.0,1271.014705882353,1.5174153484475479,94558.06753749138,1390.559816727815,96089.34,1413.0785294117647,25,8334.0,0.07262846029582778,25,8334.0
4905.0,58,86675.0,1313.2575757575758,0.7279589350776908,94541.41466978082,1432.4456768148614,91625.07800000001,1388.2587575757577,31,8460.0,0.04333722983504459,31,8460.0
4910.0,49,86169.0,1325.676923076923,1.565716214733204,94544.69918537645,1454.5338336211762,89494.163,1376.833276923077,23,7872.0,0.08882868210159005,23,7872.0
4915.0,53,86423.0,1252.5072463768115,2.4976590363296847,94822.53954922066,1374.2397036118941,94172.59900000002,1364.8202753623189,26,7848.0,0.042681705893425,26,7848.0
4920.0,54,86687.0,1274.8088235294117,2.407475498831984,94766.98665597592,1393.6321567055288,96509.06700000001,1419.2509852941178,28,7947.0,0.02700485387482117,28,7947.0
4925.0,57,86965.0,1358.828125,0.4642899199072812,94483.61846037373,1476.3065384433398,98844.80400000002,1544.4500625,30,8058.0,0.011099482928815864,30,8058.0
4930.0,53,87097.0,1360.890625,1.3295910396240784,94780.02536884614,1480.9378963882205,98844.80400000002,1544.4500625,25,7942.0,0.06897778889350738,25,7942.0
4935.0,48,87231.0,1342.0153846153846,1.6479993979178544,95066.39557062482,1462.5599318557665,98845.36100000002,1520.6978615384617,20,7890.0,0.08618334303197156,20,7890.0
4940.0,49,87407.0,1324.3484848484848,1.4781666905172066,95312.29412534907,1444.1256685658948,96526.051,1462.5159242424243,22,7961.0,0.07487778409487816,22,7961.0
4945.0,53,87642.0,1391.142857142857,0.8966447537180952,95247.04948788922,1511.857928379194,89655.869,1423.1090317460319,26,8061.0,0.040266067412253435,26,8061.0
4950.0,47,87681.0,1391.7619047619048,1.65107989325389,95439.43896770712,1514.9117296461447,89701.395,1423.831666666667,21,7974.0,0.11175696781538326,21,7974.0
4955.0,51,87927.0,1332.2272727272727,1.8058429641943623,95719.92555915537,1450.301902411445,94413.93000000001,1430.5140909090908,25,8031.0,0.055692729373130516,25,8031.0
4960.0,55,88193.0,1336.2575757575758,1.4123605318724577,95931.73492610002,1453.51113524394,99123.17,1501.8662121212121,28,8132.0,0.03782236517173388,28,8132.0
4965.0,57,88473.0,1282.2173913043478,1.2475231108573919,96183.38457166312,1393.9620952414946,101479.91,1470.7233333333336,31,8247.0,0.025754382828842827,31,8247.0
4970.0,52,88603.0,1363.123076923077,1.5706726717681008,96306.55471474979,1481.6393033038428,101476.91,1561.183230769231,24,8148.0,0.08059041904138112,24,8148.0
4975.0,49,88742.0,1365.2615384615385,2.0482221737983783,96584.989113614,1485.9229094402156,101476.91,1561.183230769231,21,8087.0,0.12390683212368177,21,8087.0
4980.0,49,88914.0,1389.28125,1.8568937627369557,96819.12189633917,1512.7987796302998,99136.333,1549.005203125,22,8092.0,0.08634739006807908,22,8092.0
4985.0,50,89146.0,1392.90625,1.3067591443623037,96848.19936254971,1513.253115039839,92168.91400000002,1440.1392812499998,24,8199.0,0.053625273424272535,24,8199.0
4990.0,53,89350.0,1353.7878787878788,1.5144871066251877,96939.17378218379,1468.7753603361177,92264.30100000002,1397.9439545454547,24,8238.0,0.12253505670074913,24,8238.0
4995.0,54,89613.0,1357.7727272727273,1.4109379273039342,97142.18545972642,1471.85129484434,92310.49600000001,1398.6438787878787,28,8336.0,0.05058876848188033,28,8336.0
5000.0,56,89889.0,1341.6268656716418,1.536783444451058,97420.93791581581,1454.0438494897885,97042.67200000002,1448.3980895522386,30,8447.0,0.08590277869686433,30,8447.0
5005.0,60,90178.0,1345.9402985074628,0.6864492426731091,97722.17460215626,1458.5399194351687,99409.57800000001,1483.7250447761191,34,8571.0,0.000600415647864686,34,8571.0
5010.0,57,90338.0,1389.8153846153846,0.8457818477434157,97962.01123982521,1507.1078652280803,99409.87400000001,1529.3826769230768,29,8522.0,0.045485106490278704,29,8522.0
5015.0,53,90522.0,1351.0746268656717,1.682962226665894,98259.32753487438,1466.5571273861847,99413.17000000001,1483.7786567164176,25,8497.0,0.07838604656535056,25,8497.0
5020.0,48,90685.0,1333.6029411764705,2.2257052322414856,98529.0639664417,1448.9568230359075,97045.45800000001,1427.139088235294,21,8433.0,0.10184604077576755,21,8433.0
5025.0,51,90920.0,1398.7692307692307,1.8752551219787086,98580.91012061773,1516.6293864710426,90014.718,1384.8418153846153,25,8530.0,0.1351810529169075,25,8530.0
5030.0,56,91189.0,1402.9076923076923,0.9430411972853899,98691.37720127057,1518.3288800195476,90115.05799999999,1386.3855076923076,30,8647.0,0.055198731835879596,30,8647.0
5035.0,56,91407.0,1406.2615384615385,0.9858098027169812,98838.04414645214,1520.5852945608024,90188.852,1387.5208000000002,29,8700.0,0.03505028981119898,29,8700.0
5040.0,57,91688.0,1410.5846153846153,1.0485693621778203,99065.84209886435,1524.0898784440672,90215.906,1387.9370153846155,31,8816.0,0.029500374884541262,31,8816.0
5045.0,60,91982.0,1260.027397260274,1.135134813921304,99341.49447633643,1360.8423900868004,94990.327,1301.2373561643835,34,8945.0,0.019215970261323236,34,8945.0
5050.0,62,92287.0,1264.2054794520548,1.4926265336795375,99618.84295498126,1364.6416843148113,99755.56300000002,1366.5145616438358,35,9085.0,0.10389715859252634,35,9085.0
5055.0,52,91390.0,1235.0,1.1938752283479745,99950.5379116106,1350.6829447514945,102135.49900000003,1380.209445945946,26,8533.0,0.07812766224987272,26,8533.0
5060.0,55,91376.0,1218.3466666666666,1.8057730954322222,100281.02428831799,1337.0803238442395,104518.29100000001,1393.5772133333332,25,8201.0,0.08274126267792618,25,8201.0
5065.0,53,91600.0,1237.837837837838,1.6674280330534839,100563.32751091431,1358.9638852826256,102151.38500000002,1380.4241216216217,25,8291.0,0.05118361865223703,25,8291.0
5070.0,58,91869.0,1275.9583333333333,1.0724629397490233,100431.58254078042,1394.8830908441726,95056.891,1320.2345972222222,30,8402.0,0.02249479743316668,30,8402.0
5075.0,57,92061.0,1261.109589041096,1.8317898709855367,100748.3432456087,1380.114291035736,95064.61300000001,1302.2549726027396,31,8445.0,0.04060425277217822,31,8445.0
5080.0,60,92353.0,1282.6805555555557,1.2671199029752358,100385.59413177136,1394.2443629412694,99834.55600000001,1386.5910555555556,34,8572.0,0.039986373821792126,34,8572.0
5085.0,63,92662.0,1286.9722222222222,1.1379764031777344,100586.1234625144,1397.0294925349222,99869.90900000001,1387.0820694444444,37,8716.0,0.025718548279581855,37,8716.0
5090.0,66,92988.0,1309.6901408450703,0.7033066874264878,100891.06378408041,1421.0008983673297,99866.546,1406.5710704225353,38,8868.0,0.022839342988650053,38,8868.0
5095.0,57,93037.0,1329.1,0.9240940383150189,101132.53351535428,1444.750478790775,99864.80200000003,1426.6400285714287,28,8579.0,0.05257996417986635,28,8579.0
5100.0,54,93189.0,1331.2714285714285,1.2547539112785464,101452.06774997522,1449.315253571075,99864.80200000003,1426.6400285714287,25,8557.0,0.024214387890348528,25,8557.0
5105.0,54,93368.0,1296.7777777777778,1.3321250221916003,101747.4574526683,1413.1591312870596,97482.01000000001,1353.9168055555556,26,8647.0,0.026663923117016968,26,8647.0
5110.0,57,93615.0,1337.357142857143,1.192282840360132,101860.91086919367,1455.1558695599097,95094.449,1358.4921285714288,31,8778.0,0.04406782492113632,31,8778.0
5115.0,49,92722.0,1363.5588235294117,1.5087011499969505,101848.95327761352,1497.7787246707867,97504.96999999999,1433.8966176470587,23,7981.0,0.05055229152465436,23,7981.0
5120.0,52,92981.0,1309.5915492957747,2.6790328195527198,102137.1890608677,1438.5519586037708,99922.9,1407.3647887323943,26,7834.0,0.030702792546141725,26,7834.0
5125.0,54,93249.0,1332.1285714285714,2.408831416906623,101801.11673573474,1454.301667653354,97554.758,1393.6394,26,7929.0,0.0020785557261135687,26,7929.0
5130.0,55,93523.0,1484.4920634920634,1.2527186818704172,101461.0096049282,1610.4922159512412,97547.39199999999,1548.3713015873018,27,8028.0,0.08736997474539128,27,8028.0
5135.0,52,93639.0,1535.0655737704917,0.9685799399207524,101591.49885843591,1665.4344075153429,97546.28,1599.119344262295,24,7989.0,0.02657358371990423,24,7989.0
5140.0,53,93902.0,1539.377049180328,1.4002010785612333,101867.37363440184,1669.9569448262596,97546.28,1599.119344262295,25,8057.0,0.035611510300654896,25,8057.0
5145.0,53,94167.0,1494.7142857142858,1.3149893234997803,102108.63895998878,1620.7720469839485,97546.19200000001,1548.352253968254,25,8147.0,0.005378785987841032,25,8147.0
5150.0,54,94437.0,1600.6271186440679,1.0269511516745602,102247.8911067739,1733.0151035046426,97545.27799999999,1653.3097966101695,26,8242.0,0.029675342170352868,26,8242.0
5155.0,48,94405.0,1656.2280701754387,0.8674660005153403,102472.82789459093,1797.7689104314195,97545.27799999999,1711.3206666666667,20,8032.0,0.07040541176705428,20,8032.0
5160.0,45,94393.0,1656.017543859649,1.4412105042916927,102733.35844990886,1802.3396219282258,97545.27799999999,1711.3206666666667,17,7877.0,0.07074097587621424,17,7877.0
5165.0,44,94430.0,1573.8333333333333,1.5242124133129862,102930.29262522765,1715.5048770871283,95158.043,1585.9673833333334,17,7926.0,0.06536556820949882,17,7926.0
5170.0,50,94609.0,1478.265625,1.6658802299496218,103038.94424211973,1609.9835037831206,95253.64199999999,1488.3381562499999,21,8027.0,0.11538086575940003,21,8027.0
5175.0,47,94800.0,1529.032258064516,1.6351480390346709,102882.89718286484,1659.4015674655618,90596.016,1461.226064516129,21,8098.0,0.08983834088249365,21,8098.0
5180.0,50,95044.0,1485.0625,1.5846390713285203,103157.09648164903,1611.829632525766,95525.491,1492.5857968750001,24,8177.0,0.10552230684403549,24,8177.0
5185.0,56,95312.0,1466.3384615384616,1.338028753823058,103422.06851122624,1591.108746326558,100445.87700000001,1545.3211846153845,29,8280.0,0.04537829330689363,29,8280.0
5190.0,59,95598.0,1567.1803278688524,0.3073884607204878,103664.88844212882,1699.4244006906367,100442.87700000001,1646.6045409836065,31,8397.0,0.014622419030013755,31,8397.0
5195.0,53,95738.0,1569.4754098360656,0.7417056472220728,103950.06369811665,1704.0994048871594,100442.87700000001,1646.6045409836065,25,8255.0,0.017207807649960053,25,8255.0
5200.0,48,95871.0,1521.7619047619048,1.961555573301107,104228.09666512323,1654.4142327797338,100444.421,1594.355888888889,20,8105.0,0.09176940224302313,20,8105.0
5205.0,48,96043.0,1433.4776119402984,2.1716948221048993,104505.98538601703,1559.790826656971,100447.421,1499.2152388059699,20,8168.0,0.13390470217742065,20,8168.0
5210.0,51,96250.0,1503.90625,1.2493098826543578,104458.97763893238,1632.1715256083194,93231.50599999998,1456.7422812500001,24,8262.0,0.10075626655539353,24,8262.0
5215.0,51,96462.0,1507.21875,0.9008927018613972,104601.52335828022,1634.3988024731286,93333.13499999998,1458.3302343750001,25,8326.0,0.02099409716098532,25,8326.0
5220.0,57,96739.0,1488.2923076923078,1.0033152059616892,104749.65272793968,1611.5331188913797,95911.87299999999,1475.5672769230769,31,8438.0,0.04027702633496935,31,8438.0
5225.0,60,97031.0,1366.6338028169014,1.2441479790462928,105028.95367284276,1479.2810376456732,100872.44,1420.7385915492957,33,8565.0,0.02378456816240946,33,8565.0
5230.0,62,97332.0,1431.3529411764705,1.1134010130363428,105308.69047422385,1548.6572128562339,100871.66799999999,1483.406882352941,34,8698.0,0.11792940614429628,34,8698.0
5235.0,60,97489.0,1433.6617647058824,0.7214325441689795,105630.0677370129,1553.3833490737193,100871.66799999999,1483.406882352941,32,8550.0,0.029769118027398216,32,8550.0
5240.0,57,97688.0,1436.5882352941176,1.4141403126539025,105942.1436897803,1557.9727013202992,100871.66799999999,1483.406882352941,29,8423.0,0.04445658453589736,29,8423.0
5245.0,54,97856.0,1418.2028985507247,1.3910625386214457,106234.26216035188,1539.6269878311864,98388.06,1425.9139130434783,27,8520.0,0.04613507637054027,27,8520.0
5250.0,55,98108.0,1464.2985074626865,1.0506523933128977,106027.92849964468,1582.5063955170851,88758.065,1324.7472388059703,29,8639.0,0.07908373155389327,29,8639.0
5255.0,55,98313.0,1424.8260869565217,1.3201231363780563,106180.3719432048,1538.8459701913741,91368.381,1324.1794347826085,29,8696.0,0.021196830007052775,29,8696.0
5260.0,61,98600.0,1388.7323943661972,1.3872482747055983,106492.46863976931,1499.8939245037939,96366.11899999999,1357.2692816901408,33,8818.0,0.05638820319265267,33,8818.0
5265.0,64,98905.0,1412.9285714285713,0.7738533068138301,106768.01707519426,1525.2573867884898,98863.275,1412.3325000000002,38,8959.0,0.012756468469631039,38,8959.0
5270.0,65,99226.0,1459.2058823529412,0.3752938105414837,107045.29139169997,1574.1954616426474,101360.87999999999,1490.6011764705884,38,9114.0,0.023451060988843284,38,9114.0
5275.0,60,99406.0,1440.6666666666667,0.741059137782588,107360.10737025415,1555.9435850761472,101362.14,1469.0165217391304,32,8988.0,0.011316043085941524,32,8988.0
5280.0,55,99581.0,1443.2028985507247,1.7607148502092098,107671.12435391682,1560.4510775929978,101362.14,1469.0165217391304,27,8915.0,0.0361388862962499,27,8915.0
5285.0,51,99755.0,1348.0405405405406,2.2866847390555716,107961.73075557935,1458.9423075078291,98864.576,1336.007783783784,25,8870.0,0.09062366174958175,25,8870.0
5290.0,54,100015.0,1389.0972222222222,2.3127136481893253,107906.14465487906,1498.6964535399873,94083.817,1306.7196805555557,27,8918.0,0.1508549163310156,27,8918.0
5295.0,58,100290.0,1432.7142857142858,0.8771561980367969,107866.35469141531,1540.947924163076,89262.914,1275.1844857142858,32,9043.0,0.05939604159809319,32,9043.0
5300.0,52,99459.0,1381.375,1.5930209533409099,107993.81485105836,1499.9140951535885,89372.21000000002,1241.2806944444444,25,8243.0,0.0716602945432879,25,8243.0
5305.0,54,99721.0,1366.041095890411,2.665182777482557,108291.35350047545,1483.4431986366503,91888.99000000002,1258.7532876712328,28,8144.0,0.023169567300741784,28,8144.0
5310.0,55,99996.0,1351.2972972972973,2.5788431850340046,108435.2662424953,1465.3414357093961,96922.758,1309.767,29,8254.0,0.07594673314181631,29,8254.0
5315.0,59,100282.0,1542.8,0.7693966146215628,107687.57237365082,1656.7318826715518,99422.149,1529.5715230769229,33,8375.0,0.03335289261893729,33,8375.0
5320.0,54,100419.0,1544.9076923076923,0.8548052513625928,107949.56043064798,1660.7624681638154,104450.45599999999,1606.9300923076923,28,8319.0,0.04750041784179374,28,8319.0
5325.0,53,100599.0,1457.9565217391305,1.8388933976534099,108247.57717550886,1568.8054663117232,104451.112,1513.7842318840583,25,8288.0,0.0641345679895733,25,8288.0
5330.0,48,100788.0,1460.695652173913,2.3445103692399627,108493.66048512289,1572.371891088738,101953.357,1477.5848840579713,21,8322.0,0.10584425504125429,21,8322.0
5335.0,53,101031.0,1530.7727272727273,1.0976224585862306,108570.03324273176,1645.0005036777543,94480.53400000001,1431.5232424242424,26,8414.0,0.06858162690439784,26,8414.0
5340.0,49,100987.0,1577.921875,1.2605938019169396,108611.7662259453,1697.058847280396,89553.41,1399.27203125,23,8278.0,0.08106372007335615,23,8278.0
5345.0,53,101244.0,1467.304347826087,1.9241770844572288,108904.30489150829,1578.3232592972217,94601.048,1371.0296811594203,27,8312.0,0.07537984284166549,27,8312.0
5350.0,58,101515.0,1409.9305555555557,1.7751831623725423,109139.0110503139,1515.8195979210263,99646.065,1383.973125,29,8418.0,0.08535947891331568,29,8418.0
5355.0,59,101803.0,1475.4057971014493,1.108195829339817,109277.85065004163,1583.7369659426329,102167.157,1480.6834347826086,33,8541.0,0.029019385876673468,33,8541.0
5360.0,52,100996.0,1485.235294117647,1.0782717517666658,109484.12545802415,1610.0606685003552,104683.48700000001,1539.4630441176469,24,8108.0,0.07502454348536472,24,8108.0
5365.0,51,100981.0,1442.5857142857142,1.3882414926200972,109772.72423052645,1568.181774721807,104686.48700000001,1495.5212428571429,21,7825.0,0.05454244866635062,21,7825.0
5370.0,47,101160.0,1466.0869565217392,1.5591509306858462,110051.1816100087,1594.944661014619,102170.594,1480.7332463768116,20,7893.0,0.07124522211504467,20,7893.0
5375.0,53,101399.0,1513.4179104477612,0.9477898423903216,110130.12319114432,1643.7331819573785,97119.13,1449.539253731343,27,7987.0,0.012313414654078425,27,7987.0
5380.0,54,101557.0,1471.840579710145,1.6620935580105418,110167.16122411819,1596.6255249872204,99657.57500000001,1444.3126811594202,28,7984.0,0.0357743407131562,28,7984.0
5385.0,56,101834.0,1497.5588235294117,1.7732645445927746,110072.47536844955,1618.712873065435,102193.80600000001,1502.8500882352942,29,8091.0,0.08537982578820208,29,8091.0
5390.0,58,102120.0,1547.2727272727273,1.1527343175291085,110244.99608178306,1670.378728511865,99692.884,1510.4982424242426,30,8203.0,0.0013432124708093246,30,8203.0
5395.0,60,102420.0,1625.7142857142858,0.6040301260217201,110435.35085581163,1752.9420770763757,99692.884,1582.4267301587302,32,8328.0,0.0,32,8328.0
5400.0,54,102530.0,1708.8333333333333,0.5929815960659031,110672.18962590408,1844.5364937650688,99692.884,1661.5480666666665,26,8248.0,0.019168073013425428,26,8248.0
5405.0,50,102639.0,1509.3970588235295,1.9391362561684526,110961.1061651321,1631.780973016649,99703.99200000001,1466.235176470588,22,8111.0,0.060074745460182384,22,8111.0
5410.0,45,102763.0,1533.7761194029852,2.812392113623419,111199.93143222723,1659.7004691377201,97184.66200000001,1450.517343283582,18,8169.0,0.2202427618719421,18,8169.0
5415.0,50,102973.0,1584.2,0.9722232497700894,111156.311317351,1710.0970971900158,92218.55300000001,1418.7469692307693,24,8289.0,0.07457063514531527,24,8289.0
5420.0,51,103196.0,1612.4375,1.2640943210536364,111258.28523432682,1738.4107067863572,89756.827,1402.4504218749998,25,8347.0,0.056567628844642594,25,8347.0
5425.0,55,103465.0,1567.6515151515152,1.1959452952834724,111553.06774990883,1690.1979962107403,94884.42500000002,1437.6428030303032,29,8451.0,0.021199302481201304,29,8451.0
5430.0,60,103752.0,1503.6521739130435,1.334443663343548,111822.87758614241,1620.6214142919193,100019.72000000002,1449.56115942029,33,8573.0,0.02191301481973609,33,8573.0
5435.0,60,104050.0,1576.5151515151515,0.8171813984978606,112082.90850288486,1698.225886407347,102578.75800000002,1554.223606060606,34,8706.0,0.03230130711490247,34,8706.0
5440.0,56,104209.0,1555.358208955224,1.0680372843988708,112393.52868209164,1677.5153534640551,105139.64800000002,1569.2484776119404,28,8616.0,0.0741994365649667,28,8616.0
5445.0,53,104384.0,1491.2,1.8804035431966144,112698.17071632254,1609.9738673760364,105142.64800000002,1502.0378285714285,25,8498.0,0.03407522925391321,25,8498.0
5450.0,50,104580.0,1494.0,2.7604129448593016,112987.0801257645,1614.1011446537786,105142.64800000002,1502.0378285714285,23,8459.0,0.12084751086200206,23,8459.0
5455.0,52,104820.0,1541.4705882352941,1.6966873735375463,112968.14429023878,1661.2962395623358,95020.77200000003,1397.3642941176472,25,8556.0,0.0864573338101474,25,8556.0
5460.0,56,105094.0,1592.3333333333333,1.0772266127435248,112954.3609966366,1711.4297120702518,90040.47700000003,1364.2496515151515,30,8676.0,0.036858490554781964,30,8676.0
5465.0,49,104657.0,1516.768115942029,1.8203195531195377,113070.84835799923,1638.7079472173807,90151.21000000002,1306.5392753623191,23,8149.0,0.09220904496529185,23,8149.0
5470.0,53,104911.0,1477.619718309859,2.9278847089668774,113349.00406264461,1596.4648459527414,95302.54900000001,1342.2894225352115,26,8163.0,0.14126147619281249,26,8163.0
5475.0,57,105181.0,1524.3623188405797,1.5857604321946803,113323.29784522207,1642.3666354380014,97876.45500000002,1418.499347826087,31,8268.0,0.01269719561002023,31,8268.0
5480.0,61,105478.0,1551.1470588235295,0.65434108995655,113189.17380152381,1664.5466735518214,103019.02900000001,1514.985720588235,35,8400.0,0.03616831384718699,35,8400.0
5485.0,55,105615.0,1530.6521739130435,1.4744939212038923,113466.01334605561,1644.4349760297919,105593.13700000002,1530.3353188405797,28,8380.0,0.04042901359970419,28,8380.0
5490.0,57,105900.0,1534.7826086956522,1.6827669880800031,113767.13020469202,1648.7989884737979,105593.13700000002,1530.3353188405797,29,8481.0,0.09177239754585806,29,8481.0
5495.0,60,106193.0,1608.9848484848485,0.7515548674143877,113973.22683649877,1726.867073280285,105592.15900000001,1599.8811969696967,32,8599.0,3.5111763044313454e-05,32,8599.0
5500.0,60,106493.0,1638.3538461538462,0.945087871096846,114231.00697894159,1757.4001073683328,105592.15900000001,1624.4947538461538,32,8724.0,0.02782206303063681,32,8724.0
5505.0,47,105851.0,1653.921875,1.2513205537961962,114454.867756505,1788.3573086953918,105591.64900000002,1649.869515625,19,8045.0,0.050010849937376846,19,8045.0
5510.0,43,105746.0,1678.5079365079366,1.9083181149088868,114721.66347638976,1820.9787853395205,105591.64900000002,1676.0579206349205,13,7759.0,0.09411319835245718,13,7759.0
5515.0,40,105791.0,1679.2222222222222,1.8369864157070297,114991.90576937431,1825.2683455456245,105591.64900000002,1676.0579206349205,13,7787.0,0.08428686835587912,13,7787.0
5520.0,48,106000.0,1796.6101694915253,0.918644403766136,114728.2043697634,1944.5458367756514,97942.36000000002,1660.04,21,7868.0,0.01629406686610981,21,7868.0
5525.0,49,106222.0,1659.71875,1.5470924663727992,114562.35103201136,1790.036734875178,100556.14600000001,1571.1897812500001,23,7954.0,0.04100457614340637,23,7954.0
5530.0,54,106477.0,1589.2089552238806,2.0812516106727013,114655.46814715311,1711.2756439873601,105765.749,1578.5932686567164,26,8044.0,0.15412273835527812,26,8044.0
5535.0,57,106748.0,1642.2769230769231,0.8823989557014381,114802.43351380379,1766.1912848277505,103228.61300000001,1588.1325076923079,29,8144.0,0.02192625275204102,29,8144.0
5540.0,61,107051.0,1672.671875,0.5227244129935942,115083.25753920584,1798.1758990500916,103228.61300000001,1612.947078125,33,8272.0,0.03345575750191904,33,8272.0
5545.0,56,107170.0,1701.111111111111,0.6056073901255036,115385.9333290414,1831.5227512546257,103228.61300000001,1638.5494126984127,28,8152.0,0.01562187618876061,28,8152.0
5550.0,52,107326.0,1703.5873015873017,1.518054730727668,115674.1099084728,1836.096982674172,103228.61300000001,1638.5494126984127,24,8065.0,0.05047997438735829,24,8065.0
5555.0,49,107471.0,1705.888888888889,1.5165088039911594,115832.31326337358,1838.6081470376769,100660.09300000001,1597.7792539682537,21,8138.0,0.0545518737665612,21,8138.0
5560.0,51,107670.0,1682.34375,1.1803008444252505,115927.75733455953,1811.3712083524929,95541.705,1492.8391406249998,24,8242.0,0.07215208202758724,24,8242.0
5565.0,49,107816.0,1684.625,1.4525841513303632,115982.28428536467,1812.223191958823,93042.618,1453.79090625,23,8246.0,0.07406618493086264,23,8246.0
5570.0,54,108075.0,1637.5,1.3058733933697273,116272.52980618816,1761.7049970634575,98307.94600000001,1489.5143333333335,27,8338.0,0.06915748328639844,27,8338.0
5575.0,57,108354.0,1666.9846153846154,0.9173510436078263,116509.34844964974,1792.451514609996,100937.33,1552.882,31,8454.0,0.020127344665549853,31,8454.0
5580.0,60,108646.0,1671.4769230769232,0.9911643119280363,116776.25482800345,1796.5577665846688,103565.145,1593.309923076923,32,8578.0,0.029173090176702623,32,8578.0
5585.0,61,108947.0,1626.0746268656717,0.6744370651515007,117037.70108923574,1746.8313595408322,103564.493,1545.7387014925375,33,8704.0,2.823976897382414e-05,33,8704.0
5590.0,54,109066.0,1652.5151515151515,1.5796315236912466,117333.9697127174,1777.7874198896575,103564.493,1569.1589848484848,26,8573.0,0.13303998545909895,26,8573.0
5595.0,52,109192.0,1654.4242424242425,1.6686495865088902,117625.17641209708,1782.1996426075316,103564.493,1569.1589848484848,24,8466.0,0.06817304260066287,24,8466.0
5600.0,50,109350.0,1682.3076923076924,1.6116983150524646,117894.2194653892,1813.7572225444492,100934.499,1552.8384461538462,23,8455.0,0.06198323401170067,23,8455.0
5605.0,53,109582.0,1635.55223880597,1.3871807280887534,117878.32213984507,1759.3779423857484,95831.40900000001,1430.319537313433,26,8564.0,0.0668404205715548,26,8564.0
5610.0,51,109791.0,1638.6716417910447,1.3624910573441147,117803.96220975606,1758.2680926829269,90756.10500000001,1354.5687313432838,25,8629.0,0.06721707235594551,25,8629.0
5615.0,54,110058.0,1572.2571428571428,1.7026834776967459,118107.90166916815,1687.2557381309737,96060.46300000002,1372.292328571429,28,8731.0,0.05108006670132151,28,8731.0
5620.0,60,110349.0,1576.4142857142858,1.1417513693127845,118377.32806066946,1691.1046865809928,101360.441,1448.0063,33,8857.0,0.06593481497701124,33,8857.0
5625.0,67,110668.0,1627.4705882352941,0.012986847636450149,118665.49027758135,1745.0807393761968,104013.321,1529.607661764706,40,9010.0,0.00012951163047232264,40,9010.0
5630.0,56,110355.0,1622.8676470588234,0.6129184783343001,118996.52854067655,1749.9489491275963,104013.321,1529.607661764706,28,8619.0,0.02838004424004929,28,8619.0
5635.0,54,110511.0,1578.7285714285715,1.123992364851498,119316.04345196542,1704.5149064566492,104014.58899999999,1485.9227,25,8468.0,0.04089073128237447,25,8468.0
5640.0,55,110717.0,1559.394366197183,1.4933942666227733,119622.56416581654,1684.824847405867,101361.568,1427.6277183098591,27,8561.0,0.03392296294647874,27,8561.0
5645.0,58,110972.0,1520.164383561644,1.385888683786359,119716.77419770983,1639.9558109275329,98709.531,1352.1853561643836,32,8690.0,0.0500466316472048,32,8690.0
5650.0,61,111219.0,1523.5479452054794,1.4769625305649359,119665.72077034094,1639.2564489087804,104045.757,1425.2843424657535,34,8786.0,0.0849874074487671,34,8786.0
5655.0,63,111529.0,1549.013888888889,1.435294475608425,119843.59918734204,1664.4944331575289,104042.027,1445.028152777778,35,8926.0,0.0479996192789957,35,8926.0
5660.0,64,111845.0,1553.4027777777778,0.9684318758757944,119954.68737529991,1666.0373246569438,101469.475,1409.2982638888889,36,9067.0,0.004384816198925459,36,9067.0
5665.0,64,112165.0,1557.8472222222222,1.319124448732786,120283.56440077473,1670.6050611218711,101469.475,1409.2982638888889,36,9212.0,0.020806491253458844,36,9212.0
5670.0,54,112189.0,1674.4626865671642,0.9980375850152061,120545.78030925624,1799.1907508844215,101466.475,1514.4250000000002,26,8894.0,0.07005849012772011,26,8894.0
5675.0,54,112327.0,1651.8676470588234,1.2064650786136744,120857.01904339074,1777.3091035792756,101466.475,1492.1540441176471,25,8944.0,0.03838383047210781,25,8944.0
5680.0,55,112475.0,1678.7313432835822,1.3267528889525517,121124.41629861308,1807.8271089345242,98813.595,1474.829776119403,26,9035.0,0.04976780006723113,26,9035.0
5685.0,56,112677.0,1609.6714285714286,0.9237250160459001,121083.5046910279,1729.7643527289704,98945.66,1413.5094285714288,29,9165.0,0.012089155655160243,29,9165.0
5690.0,48,111639.0,1617.9565217391305,2.1397795202553405,121325.38686323298,1758.3389400468552,101643.728,1473.0975072463768,21,8281.0,0.09891352610764652,21,8281.0
5695.0,50,111882.0,1598.3142857142857,3.113959211698554,121598.37898002143,1737.119699714592,104349.05099999999,1490.7007285714287,24,8067.0,0.07597390183582445,24,8067.0
5700.0,53,112140.0,1649.1176470588234,2.6883078740544626,121495.2370128951,1786.6946619543398,101774.861,1496.6891323529412,25,8155.0,0.02232074862638476,25,8155.0
5705.0,54,112407.0,1784.2380952380952,1.491228766452191,120709.26053090804,1916.0200084271119,101766.615,1615.3430952380954,26,8247.0,2.8171581982915244e-05,26,8247.0
5710.0,50,112502.0,1906.8135593220338,1.1033084620195506,120800.21268210094,2047.461231900016,101762.49100000001,1724.7879830508473,20,8042.0,0.0837883273727093,20,8042.0
5715.0,46,112622.0,1877.0333333333333,1.6966602029839095,121062.12703675094,2017.702117279183,101763.43800000001,1696.0573000000002,18,7854.0,0.06575151650905506,18,7854.0
5720.0,44,112719.0,1910.4915254237287,1.7241588112866209,121303.72350647961,2055.995313669146,99063.05600000001,1679.0348474576272,17,7904.0,0.14225153836484034,17,7904.0
5725.0,49,112928.0,1914.0338983050847,1.0152037976623485,121212.35533562436,2054.4467006038035,96582.273,1636.9876779661015,22,7992.0,0.06442454877047478,22,7992.0
5730.0,44,112953.0,1947.4655172413793,1.663493465361158,121153.41941791557,2088.852058929579,94079.89700000001,1622.0671896551723,18,7895.0,0.12298707672705195,18,7895.0
5735.0,47,113183.0,1855.4590163934427,1.7289429729733217,121411.28993385803,1990.3490153091484,99530.59100000001,1631.649032786885,21,7941.0,0.020248966968307084,21,7941.0
5740.0,51,113429.0,1800.4603174603174,2.101871397158561,121596.94824244894,1930.110289562682,104990.506,1666.5159682539681,24,8022.0,0.06057270651772332,24,8022.0
5745.0,53,113685.0,1960.0862068965516,1.0624901119828016,121689.93156215642,2098.102268313042,104989.80799999999,1810.1691034482758,25,8108.0,0.0711154861208238,25,8108.0
5750.0,47,113786.0,2031.892857142857,0.6988839520802941,121927.96283678526,2177.2850506568802,104989.80799999999,1874.818,19,7882.0,0.028005365670744586,19,7882.0
5755.0,44,113896.0,2033.857142857143,1.7434877180982098,122181.07842664093,2181.8049719043033,104989.80799999999,1874.818,16,7710.0,0.07046499978643651,16,7710.0
5760.0,41,114011.0,2072.927272727273,1.5707163080279025,122375.70699811338,2225.0128545111525,102284.485,1859.7179090909092,14,7746.0,0.07278566874507694,14,7746.0
5765.0,44,114220.0,1903.6666666666667,1.2691592067391626,122113.44683821776,2035.2241139702965,94425.17799999999,1573.7529666666665,17,7808.0,0.0501046655592409,17,7808.0
5770.0,43,114396.0,1906.6,2.474089979284897,122228.08572832377,2037.1347621387301,94516.322,1575.2720333333334,17,7836.0,0.2230144944886832,17,7836.0
5775.0,49,114627.0,1848.8225806451612,1.341514063851153,122492.63194515246,1975.6876120185889,100009.903,1613.0629516129031,23,7902.0,0.05886640681838557,23,7902.0
5780.0,54,114892.0,1853.0967741935483,1.2305328017531305,122752.9552362507,1979.8863747782375,102752.19099999999,1657.2934032258065,28,8002.0,0.010971172658137428,28,8002.0
5785.0,55,115162.0,1887.9016393442623,1.1281797371636935,122988.18740878218,2016.1997935865936,108243.20999999999,1774.4788524590163,28,8107.0,0.05994943642324218,28,8107.0
5790.0,50,115283.0,1921.3833333333334,1.144391750469813,123243.57230883928,2054.0595384806556,108241.846,1804.0307666666665,22,7915.0,0.04591781543255919,22,7915.0
5795.0,45,115411.0,1861.467741935484,2.4696106881162874,123505.948786176,1992.031432035097,108242.53199999999,1745.8472903225804,17,7750.0,0.0882982467860871,17,7750.0
5800.0,41,115539.0,1863.532258064516,2.560556229783563,123716.30686071809,1995.424304205131,105515.49399999999,1701.8628064516129,15,7691.0,0.17741966102136045,15,7691.0
5805.0,45,115757.0,1995.8103448275863,0.8901152696959659,123327.1569922964,2126.3302929706283,92160.492,1588.9740000000002,19,7768.0,0.07487488666918211,19,7768.0
5810.0,51,115991.0,1933.1833333333334,0.9979106372954031,123599.0907697215,2059.9848461620254,97680.25400000002,1628.0042333333333,24,7837.0,0.06534469541592756,24,7837.0
5815.0,53,116247.0,1874.9516129032259,1.0495155522390947,123743.2566333211,1995.8589779567922,97770.30200000001,1576.9403548387097,27,7928.0,0.0413838744374151,27,7928.0
5820.0,56,116519.0,1849.5079365079366,0.9850681735181508,124018.88784713764,1968.5537753513913,103283.62000000001,1639.4225396825395,30,8035.0,0.015172588992298541,30,8035.0
5825.0,58,116805.0,1797.0,0.5525840084884686,124306.24999822986,1912.4038461266136,106043.715,1631.4417692307693,31,8155.0,0.03425198876636531,31,8155.0
5830.0,55,116965.0,1799.4615384615386,1.2521801193358,124606.95975449032,1917.030150069082,106043.715,1631.4417692307693,27,8096.0,0.07803081528671657,27,8096.0
5835.0,50,117121.0,1801.8615384615384,1.4986791998523603,124896.48964737279,1921.4844561134282,106043.715,1631.4417692307693,22,8052.0,0.05513387543870494,22,8052.0
5840.0,50,117289.0,1750.5820895522388,1.536556454610838,125185.88846803052,1868.446096537769,106045.55900000001,1582.7695373134327,23,8130.0,0.053752132184468324,23,8130.0
5845.0,53,117541.0,1754.3432835820895,1.243708219210122,125237.2216452772,1869.2122633623462,97872.94,1460.7901492537312,26,8233.0,0.03691646886552514,26,8233.0
5850.0,51,117744.0,1784.0,1.6772799530134275,125335.66619561262,1899.02524538807,95194.78800000002,1442.3452727272727,25,8286.0,0.13112408622099472,25,8286.0
5855.0,56,118012.0,1710.3188405797102,1.180747382969779,125636.90489967517,1820.8247086909453,100737.03000000001,1459.9569565217391,30,8389.0,0.016262688508903982,30,8389.0
5860.0,61,118310.0,1739.8529411764705,0.9221654705405069,125904.50134666981,1851.5367845098503,103510.87400000001,1522.2187352941178,35,8522.0,0.025574263839347116,35,8522.0
5865.0,62,118616.0,1719.072463768116,0.5666420552746204,126199.9888380692,1828.9853454792642,106290.118,1540.4364927536233,36,8663.0,0.025282429580160356,36,8663.0
5870.0,53,79668.0,1189.0746268656717,1.2028216701542787,126487.41493293135,1887.8718646706175,106290.118,1586.4196716417912,29,5798.0,0.034811390012270016,29,5798.0
5875.0,46,51416.0,756.1176470588235,2.4546391646023857,126776.9826195274,1864.3673914636383,106290.54299999999,1563.0962205882354,30,3947.0,0.07842483477186481,30,3947.0
5880.0,41,19600.0,288.2352941176471,3.0521092559917338,127046.71160550219,1868.3339941985626,106290.54299999999,1563.0962205882354,34,8065.0,0.05715956735643065,34,8065.0
5885.0,43,2011.0,30.01492537313433,2.2557684441745294,102877.47907182423,1535.4847622660336,102519.414,1530.1405074626864,40,9208.0,0.00012062922999746901,40,9208.0
5890.0,36,1392.0,20.776119402985074,2.3425942186581605,83784.18895514205,1250.5102829125674,110431.73300000001,1648.2348208955223,28,8713.0,0.05412817549874957,28,8713.0
5895.0,41,1403.0,19.760563380281692,2.0346725744599103,84068.6717772379,1184.065799679407,132435.158,1865.2839154929577,26,8646.0,0.048267381318550004,26,8646.0
5900.0,49,1424.0,20.056338028169016,1.32980335819019,83952.12323658315,1182.4242709377904,143416.457,2019.9500985915492,30,8748.0,0.0486113754544251,30,8748.0
5905.0,58,1638.0,23.070422535211268,0.8306724985975878,80670.5618981943,1136.2050971576664,146966.09699999998,2069.9450281690138,35,8906.0,0.009268828470253856,35,8906.0
5910.0,58,1804.0,25.408450704225352,1.402956736465065,80721.27553855379,1136.919373782448,152584.27699999997,2149.074323943662,31,8956.0,0.034760728144751125,31,8956.0
5915.0,61,2099.0,29.56338028169014,1.264864210037537,80943.13304760515,1140.0441274310588,152580.591,2149.022408450704,33,9073.0,0.0031818205421003066,33,9073.0
5920.0,62,2408.0,33.44444444444444,1.5206964450556526,81095.61151034852,1126.3279376437297,149834.00400000002,2081.027833333333,34,9207.0,0.043170343331522115,34,9207.0
5925.0,63,2719.0,38.84285714285714,0.8769654672026153,81293.3377192539,1161.3333959893414,149833.51,2140.478714285714,35,9343.0,0.05220830629120091,35,9343.0
5930.0,58,2827.0,40.971014492753625,1.1340329220794658,81589.51851265848,1182.4567900385287,149833.51,2171.5001449275364,30,9153.0,0.056663972883711826,30,9153.0
5935.0,55,2995.0,43.405797101449274,0.980764551570586,81905.84309009727,1187.0412042043085,149833.51,2171.5001449275364,27,9150.0,0.03388589964680647,27,9150.0
5940.0,53,3133.0,46.0735294117647,1.050596116615132,82161.90672629,1208.2633342101476,147053.76,2162.555294117647,26,9247.0,0.03247237532195065,26,9247.0
5945.0,54,3374.0,46.861111111111114,1.122322057288321,82327.75146423328,1143.440992558796,147155.42200000002,2043.8253055555554,28,9375.0,0.020312715833675568,28,9375.0
5950.0,53,3618.0,50.25,1.2479561118814164,82445.78342564878,1145.0803253562333,147250.88100000002,2045.1511249999999,27,9295.0,0.057858249544668026,27,9295.0
5955.0,54,3875.0,53.082191780821915,1.7310181345045288,82620.65204986114,1131.7897541076868,147350.82100000003,2018.504397260274,28,9210.0,0.12290540531453889,28,9210.0
5960.0,58,4155.0,56.148648648648646,1.2865820725133392,82788.23491482351,1118.7599312813995,150288.33800000005,2030.9234864864868,32,9325.0,0.09329043654839293,32,9325.0
5965.0,63,4456.0,60.21621621621622,0.5590692021726774,82860.3246173846,1119.734116451143,147617.83600000007,1994.8356216216218,36,9462.0,0.026897310257664543,36,9462.0
5970.0,51,2766.0,36.39473684210526,1.5844935777605864,83071.4612063927,1093.0455421893778,147700.03700000004,1943.4215394736843,24,8218.0,0.08140960743111739,24,8218.0
5975.0,54,3027.0,38.31645569620253,2.950795693915348,83387.44290706926,1055.5372519882185,153384.78500000006,1941.5795569620261,28,7762.0,0.06799624864832277,28,7762.0
5980.0,61,3315.0,43.05194805194805,1.9654067521664758,83215.06938670625,1080.7151868403412,156224.32900000006,2028.8873896103903,35,7885.0,0.014348778430797451,35,7885.0
5985.0,65,3632.0,50.44444444444444,1.1085299591631017,82502.67783564763,1145.870525495106,159061.00400000004,2209.1806111111114,37,8033.0,0.017528701120846053,37,8033.0
5990.0,57,3751.0,56.833333333333336,0.7496398749768827,82289.06028877919,1246.803943769382,159055.74400000004,2409.935515151515,29,7900.0,0.034363207380762276,29,7900.0
5995.0,53,3935.0,57.86764705882353,1.900497455692996,82587.32022320715,1214.5194150471648,159057.02000000005,2339.0738235294125,25,7797.0,0.05731152931965348,25,7797.0
6000.0,49,4088.0,61.014925373134325,2.3185977666865982,82831.62506408122,1236.2929114041976,156213.03900000005,2331.537895522388,22,7791.0,0.07454534528077289,22,7791.0
6005.0,51,4319.0,60.83098591549296,1.7244213790129175,82784.55780526921,1165.979687398158,147865.17800000004,2082.608140845071,25,7907.0,0.08459627191570362,25,7907.0
6010.0,45,4075.0,59.9264705882353,2.218271248964391,82652.59938612476,1215.479402737128,139559.346,2052.3433235294115,19,7646.0,0.15865438492818532,19,7646.0
6015.0,51,4315.0,61.642857142857146,1.6737742854383812,82948.22206870314,1184.974600981473,145273.13600000003,2075.330514285715,23,7596.0,0.0716755553442384,23,7596.0
6020.0,58,4587.0,63.708333333333336,1.4484666092382463,83117.65343401696,1154.4118532502357,150994.31900000005,2097.143319444445,31,7707.0,0.03279597201482699,31,7707.0
6025.0,59,4879.0,69.7,1.7495547413472414,83317.63937492488,1190.2519910703554,153851.53100000002,2197.8790142857147,33,7834.0,0.039142714695703136,33,7834.0
6030.0,54,5025.0,72.82608695652173,1.5376628516834794,83520.77113590129,1210.4459584913232,156707.02400000003,2271.1162898550724,27,7771.0,0.07180414446837943,27,7771.0
6035.0,52,5192.0,77.49253731343283,1.9390089337503051,83593.94587535298,1247.6708339604925,156707.02400000003,2338.9108059701493,24,7745.0,0.08039029023048282,24,7745.0
6040.0,49,5376.0,81.45454545454545,1.8152198800348076,83835.13539160315,1270.2293241151988,153863.15700000004,2331.2599545454545,22,7778.0,0.0824438107175693,22,7778.0
6045.0,53,5621.0,86.47692307692307,1.1803688989866576,83882.91798175023,1290.5064304884654,142519.40000000002,2192.6061538461536,27,7879.0,0.05279416932227183,27,7879.0
6050.0,43,4042.0,63.15625,1.576716588136676,83907.42408547846,1311.0535013356007,139768.209,2183.8782656249996,21,4996.0,0.07198662430371429,21,4996.0
6055.0,42,2822.0,42.75757575757576,2.521550663642285,84180.43264986698,1275.4611007555602,145509.97300000003,2204.6965606060608,26,4113.0,0.07447114637435971,26,4113.0
6060.0,35,1745.0,26.846153846153847,3.164642095611947,80394.25095245782,1236.834630037813,146637.74300000002,2255.9652769230765,30,8153.0,0.08295982268353067,30,8153.0
6065.0,41,1148.0,17.134328358208954,2.393194858548535,64606.51603782281,964.2763587734751,156720.1,2339.1059701492536,38,8293.0,0.0008693221853233749,38,8293.0
6070.0,39,920.0,13.93939393939394,1.902503978369497,45593.00412586062,690.8030928160697,158604.258,2403.0948181818176,28,8139.0,0.07604633826951868,28,8139.0
6075.0,45,1016.0,14.72463768115942,1.347128400145146,42149.61793436795,610.8640280343179,179176.63499999998,2596.762826086956,28,8157.0,0.01650963827486495,28,8157.0
6080.0,51,1206.0,17.228571428571428,1.3636646474641734,42445.49945769229,606.3642779670328,187557.267,2679.3895285714284,29,8265.0,0.05367591593523843,29,8265.0
6085.0,58,1438.0,19.698630136986303,1.1188068262778366,42764.667582382615,585.8173641422277,190320.149,2607.1253287671234,34,8404.0,0.0032989851603445284,34,8404.0
6090.0,56,1404.0,19.774647887323944,1.276755365603694,42748.71823277733,602.0946229968639,196088.968,2761.8164507042247,29,8345.0,0.05079955060958742,29,8345.0
6095.0,57,1667.0,23.15277777777778,1.8220004459903723,43063.68592034296,598.1067488936523,196088.968,2723.4578888888886,29,8344.0,0.07601040949687499,29,8344.0
6100.0,61,1963.0,27.26388888888889,1.4018009038514998,43244.77802265258,600.6219169812858,193249.93999999997,2684.0269444444443,33,8465.0,0.01595951327645102,33,8465.0
6105.0,64,2278.0,33.5,0.597503744010995,43338.20957270298,637.3266113632791,193246.444,2841.859470588235,36,8605.0,0.035070071048486695,36,8605.0
6110.0,59,2410.0,35.44117647058823,0.6498790116736352,43524.29570153575,640.0631720814081,193250.72799999997,2841.9224705882352,31,8515.0,0.03208876647840434,31,8515.0
6115.0,55,2544.0,37.411764705882355,1.7335200372879345,43832.872393735706,644.6010646137604,193250.72799999997,2841.9224705882352,27,8457.0,0.10192133649471868,27,8457.0
6120.0,53,2699.0,40.89393939393939,1.263621711267818,43959.81583730219,666.0578157166997,187538.49699999997,2841.4923787878784,26,8478.0,0.06515919068695171,26,8478.0
6125.0,56,2943.0,41.45070422535211,1.1741593749672399,44038.271604985996,620.2573465490985,184756.55899999995,2602.205056338028,30,8639.0,0.05184200657933205,30,8639.0
6130.0,48,2116.0,29.802816901408452,2.2269643545376385,44115.34532194569,621.3428918583902,184890.21599999996,2604.0875492957744,21,7849.0,0.10352883174396632,21,7849.0
6135.0,52,2363.0,32.81944444444444,2.7676304542340473,44403.23780958393,616.7116362442212,187807.36099999995,2608.435569444444,26,7671.0,0.09551086048572002,26,7671.0
6140.0,57,2637.0,36.625,2.306599973607986,44313.89396177227,615.470749469059,193631.30499999996,2689.3236805555553,31,7780.0,0.030031095746776943,31,7780.0
6145.0,60,2931.0,45.796875,0.5953627180255912,43786.92515651623,684.170705570566,196534.48099999997,3070.851265625,33,7906.0,4.376324462408242e-05,33,7906.0
6150.0,53,2955.0,46.904761904761905,0.9318887091473314,44017.83622935451,698.695813164357,196534.62499999994,3119.597222222222,25,7805.0,0.016039775575306153,25,7805.0
6155.0,52,3199.0,49.984375,1.8366428222726883,44300.52031735106,692.1956299586102,196534.62499999994,3070.853515625,24,7799.0,0.041598686057891444,24,7799.0
6160.0,55,3463.0,54.96825396825397,1.3470890865907623,44535.35651380919,706.910420854114,196533.84299999996,3119.584809523809,27,7888.0,0.03472786245249247,27,7888.0
6165.0,57,3744.0,60.38709677419355,0.7380079148984935,44600.89225165727,719.3692298654398,196533.77499999997,3169.8995967741926,29,7994.0,8.455054296525793e-06,29,7994.0
6170.0,50,3731.0,62.18333333333333,1.129713544749537,44759.118542721604,745.9853090453598,196533.77499999997,3275.5629166666663,22,7798.0,0.06468458228447815,22,7798.0
6175.0,47,3764.0,59.74603174603175,1.7503731355315038,45031.00920766379,714.7779239311715,196535.62299999996,3119.613063492063,19,7654.0,0.07314928850024963,19,7654.0
6180.0,45,3841.0,61.95161290322581,2.0841233302189672,45262.46441917902,730.039748696436,193618.16299999997,3122.873596774193,18,7709.0,0.10459916373987951,18,7709.0
6185.0,49,4038.0,63.09375,1.2024297533599826,45215.15905616089,706.4868602525139,187938.34999999995,2936.5367187499996,22,7813.0,0.05388394304108797,22,7813.0
6190.0,47,4152.0,65.9047619047619,1.608465828160129,45212.03497281301,717.6513487748097,185182.35999999996,2939.4025396825396,21,7806.0,0.13578494834617383,21,7806.0
6195.0,51,4401.0,67.70769230769231,1.6636245841597124,45490.90825252471,699.8601269619185,191082.85299999997,2939.7362,25,7849.0,0.07490578458103436,25,7849.0
6200.0,56,4668.0,68.6470588235294,1.2366539046187748,45752.68013841485,672.8335314472772,196984.576,2896.832,29,7951.0,0.002705333258894152,29,7951.0
6205.0,59,4954.0,75.06060606060606,1.2135933595564676,45978.053647895445,696.6371764832642,196983.936,2984.6050909090914,31,8069.0,3.0912430313968104e-06,31,8069.0
6210.0,52,5085.0,82.01612903225806,1.0752729121257,46135.436421666,744.1199422849353,196980.936,3177.1118709677417,24,7886.0,0.08596438332411363,24,7886.0
6215.0,51,5248.0,83.3015873015873,1.6925011957226501,46418.26039283484,736.7977840132514,196980.936,3126.6815238095237,23,7748.0,0.06068221677462371,23,7748.0
6220.0,48,5395.0,85.63492063492063,1.8339316531884653,46691.288408210785,741.1315620350916,196980.936,3126.6815238095237,21,7819.0,0.08499253331994776,21,7819.0
6225.0,52,5623.0,90.69354838709677,0.7951348097495298,46593.759721357725,751.5122535702856,188337.921,3037.7084032258067,25,7914.0,0.044353024577505624,25,7914.0
6230.0,50,5814.0,95.31147540983606,1.2264526421389499,46583.74960223941,763.6680262662197,185568.329,3042.1037540983602,24,7959.0,0.07644297469962932,24,7959.0
6235.0,52,6072.0,96.38095238095238,1.1560137506608912,46860.67300551715,743.8202064367802,191506.173,3039.7805238095234,26,8049.0,0.08668251800994396,26,8049.0
6240.0,58,6346.0,99.15625,0.7041835292608156,47111.860783854005,736.122824747719,197441.026,3085.01603125,31,8158.0,0.0016682276572920324,31,8158.0
6245.0,58,6635.0,94.78571428571429,1.166813916245623,47403.60200716273,677.1943143880391,200412.96600000001,2863.0423714285716,32,8282.0,0.02791036036600771,32,8282.0
6250.0,62,6934.0,100.4927536231884,1.052124380839839,47664.01761739911,690.7828640202773,200413.75000000003,2904.5471014492755,32,8407.0,0.07398779933563124,32,8407.0
6255.0,56,7029.0,101.8695652173913,0.9895636823380963,47980.92839274066,695.3757738078355,200413.75000000003,2904.5471014492755,28,8220.0,0.04036150223522894,28,8220.0
6260.0,55,7191.0,104.21739130434783,1.8793618829338028,48284.49230865865,699.7752508501252,200413.75000000003,2904.5471014492755,27,8137.0,0.09460473655465558,27,8137.0
6265.0,53,7336.0,103.32394366197182,1.8902444427067215,48583.03793755748,684.2681399655983,200416.99000000002,2822.774507042254,26,8136.0,0.0722845524032831,26,8136.0
6270.0,55,7584.0,111.52941176470588,1.3791751625466038,48502.9658070645,713.278908927419,191711.75700000004,2819.290544117647,29,8257.0,0.07601694787136327,29,8257.0
6275.0,54,7777.0,117.83333333333333,1.076300270260646,48437.66428140259,733.9040042636756,182980.88600000003,2772.437666666667,28,8304.0,0.027353575122193278,28,8304.0
6280.0,58,8063.0,115.18571428571428,1.5333845766584286,48744.29610871873,696.3470872674103,188961.93500000003,2699.456214285715,32,8425.0,0.06457463678224439,32,8425.0
6285.0,61,8361.0,117.7605633802817,1.2277312336327337,49017.12826991745,690.3820883086964,194929.77900000004,2745.489845070423,34,8558.0,0.06728450655841786,34,8558.0
6290.0,65,8674.0,125.71014492753623,0.1844306919446511,49275.391068159566,714.1361024370948,197911.03400000004,2868.2758550724643,39,8706.0,0.020585087794572635,39,8706.0
6295.0,58,8275.0,119.92753623188406,0.5505452225356534,49611.414412953614,719.0060059848349,197911.03400000004,2868.2758550724643,29,8368.0,0.0293803182473339,29,8368.0
6300.0,56,8423.0,122.07246376811594,0.6613758835637175,49940.06841287786,723.7691074330124,197911.03400000004,2868.2758550724643,26,8359.0,0.03312547422415112,26,8359.0
6305.0,54,8633.0,118.26027397260275,1.1802272580009927,50259.80484240596,688.4904772932322,194925.68800000005,2670.2149041095895,26,8455.0,0.014660985153636808,26,8455.0
6310.0,58,8890.0,123.47222222222223,1.591759948642185,50569.932506848265,702.3601737062256,191935.27700000006,2665.767736111111,32,8583.0,0.08990980266493359,32,8583.0
6315.0,60,9116.0,130.22857142857143,1.12191724033448,50393.725625925195,719.9103660846457,194937.27900000004,2784.818271428572,34,8644.0,0.010670909267695702,34,8644.0
6320.0,62,9421.0,134.5857142857143,1.2465664537970982,50712.17152522571,724.4595932175101,194937.27900000004,2784.818271428572,34,8779.0,6.3725162381122295e-06,34,8779.0
6325.0,62,9731.0,137.05633802816902,1.3221451229251284,50838.94905971823,716.0415360523692,192030.23900000006,2704.6512535211273,34,8914.0,0.0,34,8914.0
6330.0,62,10041.0,145.52173913043478,0.9760631765743418,51115.82840500649,740.8091073189346,192027.88100000005,2783.012768115943,34,9049.0,0.038993940486920606,34,9049.0
6335.0,56,10084.0,148.2941176470588,1.0304417540548771,51383.67746673896,755.6423156873377,192027.88100000005,2823.939426470589,28,8771.0,0.023595462572185713,28,8771.0
6340.0,55,10240.0,150.58823529411765,0.9942209462718594,51696.651409307444,760.2448736662859,192027.88100000005,2823.939426470589,26,8827.0,0.048514431998276465,26,8827.0
6345.0,57,10399.0,152.9264705882353,0.8117969346922116,51872.648603000445,762.8330676911834,189074.41000000006,2780.506029411765,29,8932.0,0.03737795934855395,29,8932.0
6350.0,59,10625.0,156.25,0.8190790196700052,52047.280784892886,765.4011880131308,192118.85700000008,2825.27730882353,32,9089.0,0.033239981290643615,32,9089.0
6355.0,48,9490.0,137.53623188405797,1.9349243685507824,52217.29900066727,756.7724492850327,195156.65500000006,2828.3573188405803,22,8138.0,0.09659681386742386,22,8138.0
6360.0,50,9736.0,137.1267605633803,3.2427609434656257,52492.736403057,739.3343155360142,201229.57100000005,2834.219309859155,24,7899.0,0.03304001699714702,24,7899.0
6365.0,54,10000.0,140.8450704225352,2.492594098620009,52073.25386757821,733.426110810961,198276.59900000005,2792.628154929578,26,7990.0,0.02395193830780768,26,7990.0
6370.0,56,10275.0,165.7258064516129,1.187099891310666,51466.1479710392,830.0991608232132,198270.82300000003,3197.916500000001,28,8090.0,0.07672223062498051,28,8090.0
6375.0,51,10364.0,172.73333333333332,0.7807176058400815,51671.91974257348,861.1986623762248,198267.75300000003,3304.4625500000006,23,7862.0,0.024826812600437172,23,7862.0
6380.0,48,10476.0,168.96774193548387,1.7078820506338683,51944.53288659266,837.8150465579462,198269.60900000005,3197.8969193548396,20,7718.0,0.06910324377641602,20,7718.0
6385.0,45,10606.0,173.86885245901638,2.155570538025677,52034.28443704149,853.0210563449422,195321.09400000004,3201.985147540984,18,7670.0,0.0821577681043612,18,7670.0
6390.0,46,10807.0,186.32758620689654,1.1522022913863,51907.34528547952,894.9542290599917,186416.58700000003,3214.0790862068966,20,7777.0,0.1153946856178948,20,7777.0
6395.0,43,10769.0,182.52542372881356,1.5990168473061601,51890.83592409507,879.5056936287301,186604.11100000003,3162.781542372882,16,7611.0,0.09164347356388147,16,7611.0
6400.0,46,10992.0,183.2,2.1958450820506346,52139.57631961978,868.9929386603295,189667.73600000003,3161.128933333334,19,7629.0,0.14068840973400587,19,7629.0
6405.0,48,11222.0,172.64615384615385,1.4981951581904127,52300.940094582234,804.6298476089574,195793.46800000002,3012.2072,22,7697.0,0.02961618360621645,22,7697.0
6410.0,52,11478.0,179.34375,1.9088662522485538,52485.05663919305,820.0790099873911,198850.63600000003,3107.0411875,26,7788.0,0.09618269880067766,26,7788.0
6415.0,45,7864.0,128.91803278688525,1.3095447587041424,52615.99424631458,862.5572827264682,201908.35,3309.9729508196724,21,4937.0,0.12226051679523299,21,4937.0
6420.0,40,5309.0,85.62903225806451,2.041740929224583,52888.048542589706,853.0330410095114,201908.948,3256.5959354838715,24,5083.0,0.039077560196243685,24,5083.0
6425.0,38,2742.0,42.184615384615384,2.8801430590030983,49049.96869163936,754.614902948298,199932.796,3075.889169230769,30,6201.0,0.054355516083980274,30,6201.0
6430.0,41,868.0,13.5625,2.2957373503142313,32623.46882964329,509.7417004631765,198266.208,3097.9094999999998,33,6343.0,0.1008731387946997,33,6343.0
6435.0,35,764.0,11.9375,2.006238451731348,24167.079994170224,377.6106249089097,206724.741,3230.0740781249997,26,6125.0,0.04667780485374628,26,6125.0
6440.0,40,793.0,12.015151515151516,2.4824797841545636,23909.345390622057,362.262808948819,219102.41,3319.7334848484847,25,5990.0,0.09075042406071902,25,5990.0
6445.0,47,831.0,12.590909090909092,1.8187737515671183,23646.36390895835,358.27824104482335,216444.887,3279.467984848485,26,6098.0,0.0498522139900799,26,6098.0
6450.0,51,1045.0,16.58730158730159,0.6697696826357357,23502.85318817841,373.06116171711756,213203.94399999996,3384.1895873015874,28,6250.0,0.05286936192008855,28,6250.0
6455.0,51,1153.0,17.73846153846154,1.0885224722427584,23646.90773551209,363.79858054633974,216407.23199999996,3329.3420307692304,25,6271.0,0.04354583056629299,25,6271.0
6460.0,55,1419.0,20.565217391304348,1.8032013563209721,23941.75654733455,346.98197894687763,222601.98199999996,3226.1156811594205,28,6371.0,0.06270428129961811,28,6371.0
6465.0,56,1697.0,24.594202898550726,1.9790168237721208,24215.730252081088,350.95261234900136,225695.56799999997,3270.950260869565,30,6504.0,0.09419807275082993,30,6504.0
6470.0,61,1991.0,30.630769230769232,0.46434751304742444,24361.521770631105,374.79264262509406,228782.74799999996,3519.734584615385,33,6649.0,0.0019740972275528214,33,6649.0
6475.0,56,2148.0,34.095238095238095,0.7080126174149433,24632.873172337564,390.9979868625011,228782.74799999996,3631.472190476191,28,6502.0,0.02176718517738755,28,6502.0
6480.0,51,2302.0,36.53968253968254,1.5069093568165102,24919.277170860565,395.5440820771519,228782.74799999996,3631.472190476191,23,6389.0,0.060108999861636,23,6389.0
6485.0,48,2474.0,34.84507042253521,2.0178581095231087,25212.926573599132,355.11164188167794,228791.89199999996,3222.421014084507,21,6480.0,0.06522493187797099,21,6480.0
6490.0,51,2704.0,40.35820895522388,1.966892272627294,24933.508434634852,372.14191693484855,216756.40799999997,3235.1702686567164,25,6598.0,0.13907548801900513,25,6598.0
6495.0,52,2940.0,43.88059701492537,1.0474890698160482,25114.81626106208,374.848003896449,216831.27999999997,3236.2877611940294,26,6705.0,0.04178806265455652,26,6705.0
6500.0,59,3223.0,46.042857142857144,1.3131902475285122,25431.31841924899,363.30454884641415,223060.00099999996,3186.5714428571428,33,6843.0,0.049482947986431,33,6843.0
6505.0,61,3521.0,49.59154929577465,1.4368587754335334,25715.74116511296,362.1935375368022,229275.83199999997,3229.237070422535,34,6996.0,0.05861765674202514,34,6996.0
6510.0,66,3836.0,55.594202898550726,0.3764648442574489,26022.44241436664,377.13684658502376,229270.47599999997,3322.76052173913,38,7162.0,0.0001399924103000983,38,7162.0
6515.0,54,3511.0,50.88405797101449,1.270338146064793,26333.57246385319,381.64597773700285,229270.47599999997,3322.76052173913,26,6812.0,0.047524199908969854,26,6812.0
6520.0,51,3648.0,52.869565217391305,1.4615023217495815,26639.190063256585,386.0752183080665,229270.47599999997,3322.76052173913,22,6753.0,0.08589534833190786,22,6753.0
6525.0,52,3832.0,55.53623188405797,1.3245496782239716,26799.47016872519,388.3981183873217,226234.03599999996,3278.754144927536,24,6851.0,0.025206042413813943,24,6851.0
6530.0,56,4073.0,60.791044776119406,0.9203330700930199,26976.316287894733,402.6315863864887,223135.62499999997,3330.382462686567,29,6987.0,0.03588124943992924,29,6987.0
6535.0,49,3400.0,50.0,1.778065374057758,27106.64545373429,398.62713902550433,223136.05399999997,3281.4125588235293,23,6336.0,0.04271566905639715,23,6336.0
6540.0,52,3651.0,53.69117647058823,2.7395706403437106,27198.17142824255,399.97310923886107,229398.02799999996,3373.500411764706,25,6291.0,0.021092168810887255,25,6291.0
6545.0,52,3907.0,55.81428571428572,2.455658187770851,27141.00515112392,387.7286450160562,229495.45999999996,3278.506571428571,25,6401.0,0.08006546974567169,25,6401.0
6550.0,56,4179.0,67.40322580645162,0.9398753515971391,26645.29265945864,429.7627848299781,229487.03199999995,3701.4037419354836,28,6520.0,0.0729164906467745,28,6520.0
6555.0,51,4296.0,71.6,0.7331001566016265,26859.04882730463,447.6508137884105,229486.60199999996,3824.7766999999994,23,6398.0,0.02727507035210023,23,6398.0
6560.0,49,4438.0,71.58064516129032,1.5750890758131313,27131.63796899941,437.6070640161195,229488.46199999994,3701.4268064516127,21,6275.0,0.06981929463136548,21,6275.0
6565.0,45,4544.0,69.9076923076923,2.268135846831167,27401.0403913578,421.55446755935077,229491.46199999994,3530.637876923077,18,6251.0,0.07461606341335701,18,6251.0
6570.0,48,4753.0,75.44444444444444,1.8574569945709392,27489.010858880454,436.33350569651526,223317.69499999995,3544.7253174603165,21,6353.0,0.13625562703579236,21,6353.0
6575.0,45,4762.0,76.80645161290323,1.2949277920554318,27179.20167619634,438.37422058381185,214232.28599999993,3455.359451612903,19,6255.0,0.06279850105676808,19,6255.0
6580.0,49,4998.0,76.8923076923077,2.0670228655494576,27454.668095696587,422.37950916456305,220542.51499999993,3392.961769230769,23,6326.0,0.11464463199767856,23,6326.0
6585.0,52,5248.0,77.17647058823529,1.9124604906172786,27672.874705996954,406.954039794073,226847.26699999993,3335.9892205882343,25,6431.0,0.06169858064975647,25,6431.0
6590.0,56,5521.0,86.265625,1.174583792543914,27805.81413778549,434.4658459028984,230000.64799999993,3593.760125,30,6559.0,0.028731189771095095,30,6559.0
6595.0,52,5662.0,92.81967213114754,0.9256064300797842,27998.937807005026,458.99898044270543,230000.64799999993,3770.502426229507,24,6486.0,0.05173401115079157,24,6486.0
6600.0,50,5826.0,95.50819672131148,1.614627033224836,28275.402109816507,463.53118212813956,230000.64799999993,3770.502426229507,22,6410.0,0.05413117740577621,22,6410.0
6605.0,46,5975.0,94.84126984126983,1.5910330620946198,28531.988339535197,452.88870380214604,223692.59799999994,3550.676158730158,19,6494.0,0.06361495361373276,19,6494.0
6610.0,51,6197.0,96.828125,1.407294772033939,28546.385051231042,446.0372664254851,220675.16299999997,3448.049421875,22,6597.0,0.11397375481616524,22,6597.0
6615.0,49,6400.0,101.58730158730158,1.483234020542246,28575.478409848976,453.5790223785553,217663.75899999996,3454.9803015873013,23,6669.0,0.07394664524661594,23,6669.0
6620.0,53,6655.0,102.38461538461539,1.2045420150782122,28858.50136734898,443.9769441130614,223994.44799999997,3446.068430769231,26,6780.0,0.06585455912726211,26,6780.0
6625.0,58,6933.0,106.66153846153846,0.9461215453626088,29138.26217600103,448.28095655386215,227164.62999999995,3494.8404615384616,32,6913.0,0.00018594518494645943,32,6913.0
6630.0,60,7231.0,116.62903225806451,0.3869685297369169,29419.110329124363,474.50177950200606,227161.62999999995,3663.897258064516,32,7058.0,3.228483330008698e-07,32,7058.0
6635.0,54,7374.0,120.88524590163935,0.6708262406247292,29664.738700835936,486.3071918169828,227161.62999999995,3723.961147540984,26,6973.0,0.015926292445431207,26,6973.0
6640.0,49,7518.0,119.33333333333333,1.7873305223751244,29947.78393070975,475.3616496938055,227163.20599999995,3605.7651746031747,21,6893.0,0.08913905244863989,21,6893.0
6645.0,47,7676.0,116.3030303030303,1.9972395567249661,30227.525308559478,457.9928077054468,227166.20599999995,3441.9122121212126,20,6977.0,0.10780120632593358,20,6977.0
6650.0,51,7903.0,123.484375,1.1733275927787563,30211.777110076702,472.05901734494864,220987.95799999998,3452.93684375,25,7115.0,0.0796603707748157,25,7115.0
6655.0,51,8118.0,126.84375,0.9247651756628191,30247.174074037193,472.61209490683143,217960.297,3405.6296406250003,25,7185.0,0.0615154010416417,25,7185.0
6660.0,56,8393.0,127.16666666666667,1.159706592766612,30543.428490018003,462.77921954572736,224336.615,3399.0396212121213,30,7315.0,0.0622308510846633,30,7315.0
6665.0,63,8687.0,120.65277777777777,1.0128206976980627,30830.793825233755,428.20546979491326,230717.324,3204.4072777777783,36,7464.0,0.00013792360137616566,36,7464.0
6670.0,62,8997.0,126.71830985915493,1.3974164302683396,31120.539791191823,438.31746184777234,233904.286,3294.4265633802816,36,7629.0,0.12548777345051437,36,7629.0
6675.0,65,9313.0,131.16901408450704,0.24602488842698086,31453.37029522556,443.00521542571215,237092.761,3339.334661971831,37,7795.0,0.03297502987981066,37,7795.0
6680.0,57,8936.0,125.85915492957747,0.725846222778742,31797.528098846276,447.8525084344547,237092.761,3339.334661971831,29,7418.0,0.04029930135532576,29,7418.0
6685.0,57,9086.0,126.19444444444444,1.1866507076438613,32125.645490193674,446.1895206971345,237092.761,3292.955013888889,27,7360.0,0.024605780921917043,27,7360.0
6690.0,56,9292.0,125.56756756756756,1.3968181331992944,32214.22494887697,435.3273641740131,237093.338,3203.964027027027,27,7481.0,0.0524793568374474,27,7481.0
6695.0,59,9541.0,132.51388888888889,1.3548822614476086,32456.39671932655,450.7832877684244,227536.219,3160.2252638888885,32,7633.0,0.029408114844134425,32,7633.0
6700.0,58,9725.0,136.9718309859155,1.1759553058580057,32588.281547540373,458.98988095127294,227555.132,3205.0018591549297,32,7687.0,0.03075159950204587,32,7687.0
6705.0,61,10027.0,145.31884057971016,1.2135640055466475,32694.41414064388,473.8320889948389,227551.98,3297.854782608696,33,7837.0,1.0193997392153172e-05,33,7837.0
6710.0,61,10332.0,149.7391304347826,1.5238009188436088,33003.884070208194,478.3171604378001,227551.98,3297.854782608696,33,7987.0,3.113593295021509e-07,33,7987.0
6715.0,61,10637.0,163.64615384615385,0.4717512768125489,33026.76731769946,508.10411257999175,224415.86400000003,3452.551753846154,33,8137.0,0.0,33,8137.0
6720.0,54,10707.0,169.95238095238096,0.9683240348966605,33308.98224265068,528.7140038515982,224415.86400000003,3562.1565714285716,26,7968.0,0.01715127027000418,26,7968.0
6725.0,49,10813.0,156.71014492753622,1.5724137585996028,33610.44774170584,487.10793828559207,224421.86400000003,3252.490782608696,21,7964.0,0.06534675462126673,21,7964.0
6730.0,48,10941.0,158.56521739130434,2.15652303735115,33905.78924597286,491.3882499416359,224421.86400000003,3252.490782608696,21,8051.0,0.13114977957629087,21,8051.0
6735.0,56,11163.0,161.7826086956522,0.8167789190808159,33959.79146207168,492.1708907546621,224535.60900000005,3254.139260869565,29,8202.0,0.03784056068182691,29,8202.0
6740.0,45,10109.0,144.4142857142857,1.8218383024215055,33977.454782905086,485.39221118435836,221471.70200000008,3163.881457142858,18,7318.0,0.11433440820969443,18,7318.0
6745.0,48,10336.0,143.55555555555554,3.1453690625949733,34257.830206958075,475.80319731886215,227957.46000000008,3166.0758333333333,21,7113.0,0.062535413036576,21,7113.0
6750.0,53,10587.0,153.43478260869566,2.333356138466095,34076.58837178273,493.8635995910541,227953.81600000005,3303.6784927536237,26,7218.0,0.03352774099519967,26,7218.0
6755.0,57,10867.0,175.2741935483871,0.9563008683638635,33478.88899001283,539.982080484078,227948.30600000007,3676.585580645162,29,7344.0,9.601649322607933e-06,29,7344.0
6760.0,52,11037.0,190.29310344827587,0.9072552498464374,33650.53727170999,580.1816770984483,227944.30000000008,3930.0741379310343,24,7359.0,0.031385395577323665,24,7359.0
6765.0,52,11297.0,185.19672131147541,1.1447589796938367,33923.63698002158,556.1251963937967,227944.73600000006,3736.798950819673,24,7464.0,0.0,24,7464.0
6770.0,52,11557.0,195.88135593220338,1.4062107567223303,34127.03831625237,578.4243782415659,227944.09000000008,3863.459152542373,24,7569.0,0.03596239384869919,24,7569.0
6775.0,53,11818.0,211.03571428571428,0.47109723693700617,34315.865570727336,612.7833137629885,227940.15800000005,4070.3599642857143,25,7675.0,0.030916243369460798,25,7675.0
6780.0,49,11818.0,214.87272727272727,0.6321684558958762,34577.65972587744,628.684722288681,227940.15800000005,4144.36650909091,21,7458.0,0.01885382867682184,21,7458.0
6785.0,45,11880.0,204.82758620689654,1.9393873921214566,34837.19031505272,600.6412123284955,227940.15800000005,3930.002724137931,17,7288.0,0.06681659381531194,17,7288.0
6790.0,43,11892.0,201.5593220338983,1.9750946169016832,35046.98894174673,594.0167617245208,224695.88200000007,3808.404779661017,14,7347.0,0.1724846920682955,14,7347.0
6795.0,46,12069.0,211.73684210526315,0.9458552627941094,34760.892931196155,609.8402268630907,218504.32000000004,3833.409122807017,20,7497.0,0.05371276337699325,20,7497.0
6800.0,46,12246.0,211.13793103448276,1.5693325932549604,34853.512082819005,600.9226221175693,221911.03000000006,3826.0522413793105,19,7529.0,0.1160099114788851,19,7529.0
6805.0,49,12484.0,198.15873015873015,1.8291853541790353,35122.910887608654,557.5065220255343,225199.66800000006,3574.5979047619053,23,7622.0,0.07711598941447265,23,7622.0
6810.0,53,12738.0,195.96923076923076,1.7982659541547623,35367.19222327589,544.1106495888599,231761.13300000003,3565.5558923076924,27,7731.0,0.08687042103917125,27,7731.0
6815.0,56,13010.0,213.27868852459017,0.3228284267815134,35588.180583952104,583.4127964582316,231760.62900000004,3799.354573770492,28,7853.0,0.03168847171801052,28,7853.0
6820.0,52,13133.0,208.46031746031747,1.151680940278336,35882.698856419054,569.5666485145883,231762.20900000003,3678.7652222222227,24,7619.0,0.05442461975106516,24,7619.0
6825.0,50,13288.0,210.9206349206349,2.091457780553763,36159.274951977255,573.9567452694804,231762.20900000003,3678.7652222222227,22,7472.0,0.12868908236573914,22,7472.0
6830.0,46,13421.0,220.01639344262296,1.575975941467592,36165.904856012756,592.8836861641436,225356.54,3694.369508196722,19,7436.0,0.07796903667168173,19,7436.0
6835.0,50,13645.0,231.27118644067798,0.8802264242691008,36069.152377343096,611.3415657176799,219019.109,3712.188288135593,24,7566.0,0.056772046100745044,24,7566.0
6840.0,43,9347.0,158.42372881355934,1.250286595415928,36017.86404255109,610.4722719076457,219253.76299999998,3716.165474576271,20,4804.0,0.07297287173824753,20,4804.0
6845.0,37,6690.0,101.36363636363636,3.13570436132989,36277.843027011746,549.6642882880568,222561.12999999998,3372.1383333333333,22,3796.0,0.13165570148121225,22,3796.0
6850.0,33,3217.0,48.74242424242424,3.3162581828333035,31053.728307430618,470.51103496107,221685.039,3358.864227272727,27,7241.0,0.11505408734548261,27,7241.0
6855.0,40,973.0,15.203125,1.984048516346505,20392.122648222976,318.6269163784839,213359.208,3333.7376249999998,39,8170.0,0.028644818133111528,39,8170.0
6860.0,41,1032.0,15.636363636363637,2.1254942302094344,17836.20928118069,270.24559516940434,225568.173,3417.699590909091,35,8063.0,0.061692993630970396,35,8063.0
6865.0,41,1128.0,16.58823529411765,2.4319459025850647,17344.641620745173,255.06825912860538,238951.385,3513.990955882353,30,8020.0,0.04163858103426446,30,8020.0
6870.0,44,1284.0,17.589041095890412,2.3884408228953697,17636.907128224168,241.6014675099202,257967.16,3533.796712328767,28,8163.0,0.04821754376019129,28,8163.0
6875.0,53,1521.0,21.422535211267604,1.3343892246429139,17123.361747054583,241.17410911344473,251661.968,3544.53476056338,31,8321.0,0.0272867690146754,31,8321.0
6880.0,54,1513.0,21.92753623188406,1.0491480864890812,17161.076143658516,248.71124845881891,245227.644,3554.023826086956,28,8246.0,0.03825978593128494,28,8246.0
6885.0,56,1789.0,24.175675675675677,1.7368945145728447,17481.03228402923,236.2301660003949,251851.199,3403.394581081081,30,8347.0,0.04781368891844517,30,8347.0
6890.0,62,2087.0,28.2027027027027,1.7210831168108738,17719.943373571936,239.4586942374585,255161.03099999996,3448.12204054054,34,8512.0,0.05705876038792381,34,8512.0
6895.0,65,2404.0,32.93150684931507,0.9260239272303668,17922.10864761234,245.50833763852512,255161.92099999997,3495.368780821918,37,8689.0,0.037716382970745144,37,8689.0
6900.0,56,2112.0,30.17142857142857,0.8429616356561304,18102.93181043794,258.61331157768495,255158.92099999997,3645.1274428571423,28,8428.0,0.03707085118759541,28,8428.0
6905.0,54,2277.0,31.19178082191781,1.0886993317808422,18437.316472268172,252.56597907216678,255158.92099999997,3495.327684931507,25,8388.0,0.0470001703726615,25,8388.0
6910.0,58,2498.0,34.69444444444444,1.2126830831523536,18751.724403900265,260.44061672083694,251844.86499999996,3497.8453472222222,29,8507.0,0.07593152780610261,29,8507.0
6915.0,61,2738.0,38.02777777777778,0.8460594483126292,19084.88052111161,265.0677850154391,251844.86499999996,3497.8453472222222,35,8673.0,0.006368222411697512,35,8673.0
6920.0,54,2154.0,29.916666666666668,1.639667559913796,18988.684541108312,263.7317297376153,255177.31699999998,3544.129402777778,27,8095.0,0.048563118062140316,27,8095.0
6925.0,56,2426.0,33.23287671232877,2.8084304302658065,19199.11769363996,263.0016122416432,258515.523,3541.3085342465756,28,8079.0,0.03182630459609129,28,8079.0
6930.0,56,2706.0,39.21739130434783,2.023865001122301,18892.56433306644,273.8052801893686,255271.17899999997,3699.582304347826,28,8199.0,0.06315269893368779,28,8199.0
6935.0,60,2997.0,47.57142857142857,0.5442768752955869,18685.367390974407,296.59313319006986,255263.447,4051.800746031746,32,8330.0,0.00016428289314129616,32,8330.0
6940.0,53,3095.0,50.73770491803279,0.8379521738682545,18936.424018328376,310.433180628334,255262.79899999997,4184.636049180327,25,8299.0,0.026880118528934193,25,8299.0
6945.0,53,3360.0,52.5,1.2650575336336274,19218.74030434903,300.29281725545354,255263.378,3988.49028125,25,8373.0,0.029697050943379964,25,8373.0
6950.0,53,3625.0,57.53968253968254,1.8193994520292962,19459.19978117711,308.8761870028112,255262.73,4051.789365079365,25,8478.0,0.032690799717156487,25,8478.0
6955.0,53,3890.0,65.9322033898305,0.8945398232642532,19616.23264767286,332.4785194520823,255261.796,4326.471118644068,25,8583.0,0.039204901587062815,25,8583.0
6960.0,50,3855.0,67.63157894736842,0.8233210892495674,19786.769343506927,347.13630427205123,255261.796,4478.277122807018,22,8385.0,0.020860648538532298,22,8385.0
6965.0,45,3840.0,61.935483870967744,1.9065396317826921,20047.77589129705,323.35122405317816,255267.796,4117.222516129032,17,8231.0,0.058929970092578776,17,8231.0
6970.0,44,3910.0,61.09375,2.764849637060505,20237.517651578793,316.2112133059186,251958.989,3936.859203125,14,8177.0,0.19563316340130812,14,8177.0
6975.0,46,4028.0,64.96774193548387,1.51034989880381,20040.760313810573,323.23806957758984,245488.36,3959.4896774193544,19,8287.0,0.1117459826935495,19,8287.0
6980.0,48,4239.0,69.49180327868852,1.535498925542773,20012.134428033394,328.06777750874414,242314.384,3972.3669508196717,22,8397.0,0.12396393187431151,22,8397.0
6985.0,52,4486.0,71.2063492063492,1.3077848158301686,20286.982938560817,322.0156021993781,249079.47499999998,3953.6424603174596,24,8493.0,0.037718866525045865,24,8493.0
6990.0,55,4751.0,77.88524590163935,0.6583750152593785,20530.444233500275,336.56465956557827,252466.197,4138.790114754098,29,8609.0,0.0030774578612630106,29,8609.0
6995.0,58,5034.0,81.19354838709677,0.6084191773031554,20809.36066029064,335.63484935952647,259240.48099999997,4181.298080645161,31,8742.0,0.0212532343531212,31,8742.0
7000.0,52,5176.0,80.875,1.353680799054115,21084.645168838255,329.44758076309756,262621.205,4103.456328124999,25,8573.0,0.10373688398960669,25,8573.0
7005.0,49,5333.0,82.04615384615384,2.143701379694044,21366.091271907866,328.70909649089026,262621.205,4040.326230769231,21,8450.0,0.08721628017961648,21,8450.0
7010.0,48,5512.0,84.8,2.0237116180136927,21641.26244138673,332.9424990982574,262621.205,4040.326230769231,21,8530.0,0.09097888750044114,21,8530.0
7015.0,52,5749.0,94.24590163934427,0.8146494623104052,21542.65520000189,353.1582819672441,249296.115,4086.821557377049,25,8637.0,0.035453988442014674,25,8637.0
7020.0,52,5981.0,99.68333333333334,0.6015166686353385,21535.794436903423,358.9299072817237,246093.16999999998,4101.552833333333,26,8729.0,0.01439886986307255,26,8729.0
7025.0,55,6248.0,93.25373134328358,1.3524054520891653,21835.786530290698,325.90726164612994,252886.90199999997,3774.431373134328,29,8846.0,0.04739259433762824,29,8846.0
7030.0,57,6528.0,96.0,1.5036543175289838,22116.87876951271,325.24821719871636,259674.459,3818.7420441176473,30,8976.0,0.10073700149711715,30,8976.0
7035.0,62,6819.0,103.31818181818181,0.23952982020528865,22396.774013607603,339.34506081223645,259674.459,3934.4615000000003,35,9116.0,0.0323503822319672,35,9116.0
7040.0,59,6985.0,105.83333333333333,0.5979096258345361,22718.995052469985,344.2271977646969,259674.459,3934.4615000000003,31,9005.0,0.01301359965419105,31,9005.0
7045.0,55,7152.0,102.17142857142858,1.7334454216962867,23027.66860089825,328.96669429854643,259677.96899999998,3709.6852714285715,27,8893.0,0.049259829041010374,27,8893.0
7050.0,51,7338.0,104.82857142857142,1.7522877501252139,23134.802317815866,330.497175968798,249586.14799999996,3565.5164,24,8996.0,0.10724504859677984,24,8996.0
7055.0,57,7590.0,108.42857142857143,1.085126861235242,23132.550414345955,330.46500591922774,246382.14299999998,3519.7449,30,9128.0,0.0718904339715871,30,9128.0
7060.0,57,7785.0,111.21428571428571,1.0232155204375417,23302.47923616122,332.89256051658884,246483.683,3521.1954714285716,31,9191.0,0.052386955664509995,31,9191.0
7065.0,62,8085.0,112.29166666666667,1.3305337447727987,23620.45789624072,328.0619152255656,253313.045,3518.236736111111,35,9360.0,0.027411842342916704,35,9360.0
7070.0,64,8398.0,116.63888888888889,1.271479714796109,23917.28601190915,332.1845279431826,256721.43500000003,3565.575486111111,38,9542.0,0.01925077835452157,38,9542.0
7075.0,66,8722.0,124.6,0.43692223210136727,24139.444765536067,344.84921093622955,260136.64200000002,3716.2377428571426,38,9723.0,0.020721877707822637,38,9723.0
7080.0,56,8302.0,120.31884057971014,0.9001991959814724,24464.20708724767,354.5537259021402,260136.64200000002,3770.096260869565,27,9396.0,0.027759169054824305,27,9396.0
7085.0,53,8433.0,115.52054794520548,1.1682581413322395,24794.041806760517,339.644408311788,260139.64200000002,3563.5567397260274,24,9364.0,0.04515438878157677,24,9364.0
7090.0,55,8615.0,118.01369863013699,1.631698295773332,25119.184697410834,344.0984205124773,260139.64200000002,3563.5567397260274,28,9453.0,0.08166857108018895,28,9453.0
7095.0,60,8886.0,125.15492957746478,0.7908806944616589,25424.06847065768,358.08547141771385,253308.198,3567.72109859155,34,9587.0,0.011551934035714355,34,9587.0
7100.0,55,8232.0,114.33333333333333,1.3942642093734205,25235.768453488872,350.49678407623446,260176.752,3613.5660000000003,28,8934.0,0.056046173958464646,28,8934.0
7105.0,56,8507.0,118.15277777777777,2.5867237219614103,25536.770730058874,354.6773712508177,260176.752,3613.5660000000003,28,8879.0,0.02675439128460314,28,8879.0
7110.0,57,8790.0,127.3913043478261,1.9769753888595298,25382.892696836214,367.8680100990756,256841.84000000003,3722.3455072463776,29,8982.0,0.03298203974806935,29,8982.0
7115.0,59,9083.0,144.17460317460316,0.7215794224551089,25018.47729743788,397.11868726091876,256833.244,4076.7181587301593,31,9095.0,2.3822672741831058e-06,31,9095.0
7120.0,54,9261.0,154.35,0.862817244370387,25184.709584693504,419.74515974489185,256832.516,4280.541933333334,26,9093.0,0.029317997799820077,26,9093.0
7125.0,54,9531.0,144.4090909090909,1.2926024399444014,25471.917884344395,385.93814976279396,256836.20900000003,3891.457712121213,26,9183.0,0.011363801340118631,26,9183.0
7130.0,54,9801.0,153.140625,1.9397141067200996,25703.253896041795,401.61334212565316,256834.62300000002,4013.0409843750003,26,9273.0,0.09545764994621822,26,9273.0
7135.0,55,10072.0,162.4516129032258,0.6688518860167829,25929.735301161607,418.22153711550976,256831.62300000002,4142.445532258065,27,9364.0,0.03609816043595359,27,9364.0
7140.0,54,10051.0,167.51666666666668,0.554540947822503,26180.932459747615,436.34887432912666,256831.62300000002,4280.527050000001,26,9172.0,0.02111269036568423,26,9172.0
7145.0,49,10051.0,159.53968253968253,1.778445442652613,26463.805134702576,420.0603989635328,256831.62300000002,4076.692428571429,21,9011.0,0.07006005595605115,21,9011.0
7150.0,47,10089.0,157.640625,2.1003453835877544,26572.525086495785,415.19570447649664,253443.86900000004,3960.060453125,18,8959.0,0.16410406415365492,18,8959.0
7155.0,49,10277.0,165.75806451612902,1.064736219834641,26485.860011488887,427.1912905078853,246737.10900000005,3979.6307903225816,23,9071.0,0.042602648170246185,23,9071.0
7160.0,49,10469.0,168.8548387096774,1.2714734935272782,26467.597797115362,426.8967386631509,246937.74100000007,3982.866790322582,22,9141.0,0.07436612956431878,22,9141.0
7165.0,54,10726.0,167.59375,1.2533045425324711,26755.83395166208,418.05990549472006,250425.69900000008,3912.901546875,28,9228.0,0.026477943677119857,28,9228.0
7170.0,55,11001.0,171.890625,1.3967140379353657,27004.73814495331,421.9490335148955,257386.17600000006,4021.659,29,9333.0,0.09269432947885871,29,9333.0
7175.0,58,11281.0,179.06349206349208,0.3857610837128299,27276.032550285003,432.9528976235715,260864.02400000006,4140.698793650795,31,9442.0,0.014556543163941033,31,9442.0
7180.0,61,11583.0,180.984375,0.4215586045809512,27550.90850467203,430.4829453855005,260865.61200000008,4076.0251875,33,9565.0,0.02708517109076448,33,9565.0
7185.0,55,11711.0,182.984375,1.0112336255643515,27852.927696995204,435.20199526555007,260865.61200000008,4076.0251875,27,9392.0,0.04786784446768094,27,9392.0
7190.0,51,11844.0,185.0625,1.4747054176204806,28141.03344931162,439.7036476454941,260865.61200000008,4076.0251875,23,9239.0,0.058651542844869405,23,9239.0
7195.0,48,11998.0,187.46875,1.7983991839535722,28418.222163119164,444.03472129873694,260865.61200000008,4076.0251875,21,9194.0,0.07697999089717648,21,9194.0
7200.0,51,12222.0,203.7,0.8282365999554837,28173.283129503805,469.5547188250634,247225.05200000005,4120.417533333334,24,9287.0,0.05472140083220752,24,9287.0
7205.0,50,12411.0,177.3,1.5371356490941313,28311.827635571364,404.45468050816226,247345.19800000003,3533.502828571429,24,9325.0,0.05291746037426362,24,9325.0
7210.0,55,12673.0,173.6027397260274,2.482016110238272,28454.71431391939,389.7906070399915,250975.48600000003,3438.0203561643834,29,9417.0,0.19264561812227707,29,9417.0
7215.0,59,12949.0,174.98648648648648,0.9469671347187811,28754.584641383084,388.5754681267983,257977.09200000003,3486.176918918919,32,9523.0,0.0640126413361818,32,9523.0
7220.0,69,13278.0,181.8904109589041,0.037294003158536086,29047.898650769763,397.91641987355837,261475.52700000003,3581.856534246575,43,9682.0,0.0005626615945735057,43,9682.0
7225.0,59,12977.0,175.36486486486487,0.9363947482003102,29399.382035023384,397.2889464192349,264977.04900000006,3580.7709324324323,33,9194.0,0.0512672909051907,33,9194.0
7230.0,58,13151.0,173.03947368421052,1.19856448897687,29745.987462232573,391.3945718714812,264977.781,3486.54975,27,9143.0,0.07088435877266908,27,9143.0
7235.0,58,13354.0,175.71052631578948,1.1989496442876664,29935.139383017766,393.88341293444427,261565.271,3441.648302631579,29,9237.0,0.026752912136882107,29,9237.0
7240.0,60,13609.0,181.45333333333335,1.0100490800040403,30245.58732142777,403.274497619037,258071.456,3440.952746666667,33,9363.0,0.031052636652751126,33,9363.0
7245.0,52,9116.0,119.94736842105263,1.603716330021556,30577.339739315266,402.33341762256924,258083.1,3395.830263157895,27,5483.0,0.03892557585205746,27,5483.0
7250.0,48,6300.0,84.0,2.424000843191011,30466.408227444128,406.21877636592177,258185.62600000002,3442.475013333333,31,6218.0,0.07027269337867068,31,6218.0
7255.0,44,3081.0,40.53947368421053,2.7771635624204953,30579.287226294597,402.35904245124476,258186.42,3397.1897368421055,36,8117.0,0.02763989193493861,36,8117.0
7260.0,46,1383.0,19.757142857142856,2.165166929769023,24785.349053255213,354.07641504650314,243533.244,3479.046342857143,40,9068.0,0.0006350222857708646,40,9068.0
7265.0,40,1338.0,18.845070422535212,2.10927131066564,21183.308890267534,298.3564632432047,240327.93000000002,3384.9004225352114,31,8794.0,0.04369562071458975,31,8794.0
7270.0,47,1444.0,20.338028169014084,1.8504178826518936,19663.121168005007,276.9453685634509,248515.482,3500.2180563380284,29,8855.0,0.06807313569587713,29,8855.0
7275.0,50,1552.0,21.859154929577464,1.2525677500879693,19964.297526613565,281.18728910723337,251701.352,3545.0894647887326,29,8980.0,0.021874586906958555,29,8980.0
7280.0,59,1807.0,25.09722222222222,0.5639856773015808,19858.94175412989,275.81863547402634,258535.12000000002,3590.7655555555557,35,9149.0,0.010648012093156725,35,9149.0
7285.0,55,1850.0,24.666666666666668,1.7048493630493269,20136.435488411422,268.48580651215246,262075.098,3494.33464,30,9152.0,0.05274757299318918,30,9152.0
7290.0,59,2135.0,28.466666666666665,1.763055996016177,20287.47228969483,270.49963052926444,262176.208,3495.682773333333,33,9223.0,0.10027796089914617,33,9223.0
7295.0,64,2446.0,33.054054054054056,0.9130556829335029,20589.059134962405,278.2305288508434,262175.556,3542.912918918919,37,9368.0,0.0029868957824750898,37,9368.0
7300.0,66,2776.0,38.55555555555556,0.9500206312182505,20836.462669943456,289.3953148603259,262175.556,3641.3271666666665,39,9543.0,0.018177280298808756,39,9543.0
7305.0,61,2933.0,40.736111111111114,1.1006639890329621,21107.77048770005,293.1634789958341,262175.066,3641.320361111111,34,9405.0,0.023834119022821936,34,9405.0
7310.0,56,3096.0,44.869565217391305,1.6865470276423125,21266.37462739712,308.2083279332918,262172.066,3799.5951594202897,29,9239.0,0.04449532969684891,29,9239.0
7315.0,51,3242.0,47.6764705882353,1.5368621671576488,21517.137969122992,316.4284995459265,258654.023,3803.735632352941,26,9352.0,0.08229111668627048,26,9352.0
7320.0,57,3516.0,52.47761194029851,0.9409139449442602,21484.851854203698,320.66943065975687,255310.64099999997,3810.606582089552,32,9528.0,0.044509798830289694,32,9528.0
7325.0,46,2158.0,30.82857142857143,1.7617542542154399,21386.670176915424,305.5238596702204,252019.49999999997,3600.278571428571,20,8446.0,0.06416090369066832,20,8446.0
7330.0,49,2389.0,32.726027397260275,3.5231568623053025,21659.87722512505,296.7106469195212,255589.92999999996,3501.231917808219,22,8111.0,0.13744764209776233,22,8111.0
7335.0,50,2637.0,36.625,2.570463970764901,21411.81504627293,297.38632008712426,262721.894,3648.915194444444,25,8214.0,0.03488769564518334,25,8214.0
7340.0,57,2915.0,44.84615384615385,1.1010367163407655,20722.29283317883,318.80450512582826,266280.15499999997,4096.617769230768,32,8347.0,0.055588134384318144,32,8347.0
7345.0,53,3055.0,50.08196721311475,0.6652744396351555,20769.0783151349,340.4766936907362,266278.261,4365.217393442623,26,8245.0,0.01918195409037564,26,8245.0
7350.0,49,3206.0,52.557377049180324,1.602367456075661,21045.69558917836,345.0114031012847,266278.261,4365.217393442623,22,8164.0,0.06362919258584049,22,8164.0
7355.0,46,3375.0,54.435483870967744,2.05139250470636,21309.9406030356,343.70871940380005,266278.261,4294.810661290323,20,8163.0,0.07704809209964114,20,8163.0
7360.0,48,3594.0,57.96774193548387,1.35945050623789,21261.330133724157,342.9246795761961,255734.56899999996,4124.751112903226,23,8281.0,0.07293540227784986,23,8281.0
7365.0,43,3519.0,54.984375,2.2911808403435994,21147.41655864313,330.42838372879896,248824.57599999997,3887.884,18,8121.0,0.18598081109872996,18,8121.0
7370.0,46,3745.0,56.74242424242424,2.4868697968624134,21408.33108556415,324.36865281157816,255994.32699999996,3878.701924242424,20,8141.0,0.1612393083431459,20,8141.0
7375.0,55,3990.0,59.55223880597015,1.5270742079146609,21644.394601484375,323.05066569379676,263160.83499999996,3927.7736567164175,29,8244.0,0.01052771329691171,29,8244.0
7380.0,57,4272.0,67.80952380952381,0.9296139042519583,21769.186741637095,345.54264669265234,266741.827,4233.997253968254,32,8381.0,0.028807375681540383,32,8381.0
7385.0,52,4400.0,66.66666666666667,1.208699836926995,21906.69917844095,331.9196845218327,270324.659,4095.828166666666,26,8266.0,0.02897824962265151,26,8266.0
7390.0,48,4544.0,68.84848484848484,2.559345018938768,22186.640109331434,336.1612137777489,270324.659,4095.828166666666,21,8223.0,0.15542464009629667,21,8223.0
7395.0,48,4714.0,72.52307692307693,1.6530460921254195,22429.03629149807,345.0620967922783,266755.73,4103.934307692308,22,8301.0,0.06865748701682131,22,8301.0
7400.0,54,4965.0,81.39344262295081,0.539748762369897,22304.594731618163,365.6490939609535,252619.66599999994,4141.305999999999,28,8419.0,0.03581138646215233,28,8419.0
7405.0,49,5131.0,82.75806451612904,1.257112526197192,22492.252603162546,362.77826779294435,252675.51499999996,4075.4115322580637,24,8456.0,0.06201554443064741,24,8456.0
7410.0,54,5389.0,81.65151515151516,1.8143019326210938,22772.555856948024,345.0387251052733,259870.53799999997,3937.432393939394,28,8560.0,0.08214727812025206,28,8560.0
7415.0,55,5658.0,85.72727272727273,1.7236205713814023,23029.788558651,348.93619028259104,263457.46599999996,3991.7797878787883,30,8684.0,0.01466153570200914,30,8684.0
7420.0,58,5939.0,91.36923076923077,0.7951798964320237,23228.056850339915,357.3547207744603,270646.66,4163.79476923077,32,8820.0,0.051140180487109346,32,8820.0
7425.0,55,6081.0,96.52380952380952,0.7605785179120368,23507.389673858317,373.1331694263225,270646.66,4295.978730158729,28,8775.0,0.03705562003830364,28,8775.0
7430.0,50,6230.0,98.88888888888889,1.7479189798566872,23790.940283408716,377.63397275251936,270646.66,4295.978730158729,23,8771.0,0.05883469311342427,23,8771.0
7435.0,47,6402.0,101.61904761904762,1.8265734811050738,23897.213733008986,379.32085290490477,263528.495,4182.991984126984,21,8814.0,0.07707700841046103,21,8814.0
7440.0,49,6626.0,108.62295081967213,1.323328927934462,23959.084294531152,392.77187368083867,252819.45500000002,4144.581229508197,23,8924.0,0.0689111930283263,23,8924.0
7445.0,49,6828.0,101.91044776119404,1.4346467708748556,24152.569529430864,360.4861123795654,252866.231,3774.1228507462693,24,8994.0,0.04198775276883556,24,8994.0
7450.0,54,7091.0,104.27941176470588,2.0367744296107397,24354.756786749505,358.15818804043397,256514.922,3772.2782647058825,29,9104.0,0.14046459536291064,29,9104.0
7455.0,58,7371.0,108.3970588235294,0.6810901079243104,24632.39586750598,362.2411156986175,260124.25499999998,3825.356691176471,33,9223.0,0.016666088065869403,33,9223.0
7460.0,65,7687.0,108.26760563380282,0.4830206028955721,24931.874548126096,351.15316264966344,267343.31599999993,3765.3988169014083,39,9374.0,0.016152780198780442,39,9374.0
7465.0,60,7865.0,110.77464788732394,1.4112324750618586,25255.675236532767,355.7137357258136,270953.4159999999,3816.2452957746473,33,9375.0,0.08473679581067767,33,9375.0
7470.0,55,8049.0,113.36619718309859,1.8779693041959185,25567.313956334914,360.10301346950587,270953.4159999999,3816.2452957746473,28,9368.0,0.07654623447581549,28,9368.0
7475.0,54,8259.0,116.32394366197182,1.9152948598036557,25859.800194183088,364.22253794624083,267337.15799999994,3765.312084507042,28,9412.0,0.06446994613204714,28,9412.0
7480.0,56,8523.0,129.13636363636363,0.737026497066492,25790.77276057381,390.7692842511183,249401.49200000003,3778.8104848484854,31,9544.0,0.06480109497724418,31,9544.0
7485.0,50,8041.0,113.25352112676056,1.473880764043103,26101.226216103038,367.6229044521555,256640.37300000005,3614.653140845071,24,8970.0,0.056303577171224854,24,8970.0
7490.0,54,8301.0,116.91549295774648,2.5048047034871805,26310.825916934125,370.57501291456526,256676.14900000003,3615.157028169015,29,8992.0,0.05561041404473046,29,8992.0
7495.0,57,8579.0,117.52054794520548,2.096614573875186,26608.36816226901,364.4981940036853,263909.639,3615.200534246575,32,9105.0,0.02302146035202917,32,9105.0
7500.0,61,8875.0,136.53846153846155,0.5246573177357323,26148.17800626651,402.2796616348696,267521.876,4115.721169230769,35,9235.0,0.026049185399791362,35,9235.0
7505.0,56,9042.0,137.0,1.0268691920844182,26385.047040576774,399.7734400087392,267518.876,4053.316303030303,29,9216.0,0.013358244887098,29,9216.0
7510.0,54,9224.0,135.64705882352942,1.726734501747842,26675.433746602845,392.2857903912185,267519.89999999997,3934.1161764705876,25,9191.0,0.07755682646247197,25,9191.0
7515.0,50,9375.0,135.8695652173913,1.7969429392809622,26968.475239966883,390.847467245897,267520.844,3877.113681159421,24,9266.0,0.06020531574177624,24,9266.0
7520.0,53,9619.0,145.74242424242425,0.8837036071326791,26972.772741620094,408.67837487303177,253132.11300000004,3835.3350454545457,28,9391.0,0.08534563960144191,28,9391.0
7525.0,48,9571.0,138.71014492753622,1.609797245959115,27194.499719932777,394.12318434685193,253175.90100000004,3669.21595652174,23,9246.0,0.0819236592146894,23,9246.0
7530.0,54,9831.0,138.46478873239437,1.8425786399633381,27492.617678117353,387.2199672974277,260436.59200000003,3668.1210140845074,28,9271.0,0.07301621188185937,28,9271.0
7535.0,57,10108.0,138.46575342465752,1.8036805051627673,27744.844258034464,380.0663596991024,267706.922,3667.2181095890414,31,9385.0,0.03757106870239428,31,9385.0
7540.0,61,10407.0,148.67142857142858,1.1666629978238985,27877.45718506219,398.24938835803135,267708.292,3824.4041714285718,35,9517.0,0.020419308952710435,35,9517.0
7545.0,52,9589.0,145.28787878787878,1.1360181619981795,28029.768260244087,424.6934584885468,267704.78,4056.133030303031,25,8964.0,0.08198762442122497,25,8964.0
7550.0,49,9608.0,145.57575757575756,1.2398617649513155,28331.349611219222,429.2628728972611,267704.78,4056.133030303031,21,8690.0,0.05433133737715081,21,8690.0
7555.0,50,9782.0,150.4923076923077,1.1636292838108426,28301.963413171114,435.4148217410942,267695.78400000004,4118.396676923077,23,8757.0,0.026383351422033366,23,8757.0
7560.0,54,10014.0,161.51612903225808,0.6105343189482138,28288.09887047066,456.25965920113975,260447.434,4200.765064516129,29,8865.0,0.0044793387773928595,29,8865.0
7565.0,55,10229.0,150.4264705882353,1.21672488438294,28224.29499085462,415.0631616302151,267755.47200000007,3937.5804705882365,30,8932.0,0.0219889227619396,30,8932.0
7570.0,57,10512.0,154.58823529411765,1.9091273037805503,28518.6108695566,419.3913363170089,267755.47200000007,3937.5804705882365,30,9042.0,0.07581106075729453,30,9042.0
7575.0,60,10802.0,163.66666666666666,0.6597054568428627,28671.116266864756,434.410852528254,264158.21,4002.3971212121214,33,9157.0,0.03868784829509553,33,9157.0
7580.0,64,11115.0,173.671875,0.00012483251408150654,28925.27476438184,451.9574181934664,264158.21,4127.47203125,37,9295.0,1.8569231121783385e-05,37,9295.0
7585.0,58,11245.0,175.703125,0.5345692806287553,29238.57710448571,456.8527672575894,264158.21,4127.47203125,31,9200.0,0.01682710660778044,31,9200.0
7590.0,53,11370.0,172.27272727272728,1.4351046070747775,29539.113215292167,447.5623214438209,264158.95,4002.4083333333333,26,9115.0,0.04666439093423014,26,9115.0
7595.0,51,11512.0,171.82089552238807,1.6722307084021608,29792.10012205656,444.6582107769636,260522.603,3888.3970597014927,25,9200.0,0.0588356608667074,25,9200.0
7600.0,53,11741.0,177.8939393939394,0.9802802283401506,29827.41722817737,451.9305640632934,256987.18600000002,3893.7452424242424,28,9321.0,0.06358447256908337,28,9321.0
7605.0,53,11876.0,172.1159420289855,1.266824189902108,29887.970449625147,433.158992023553,253461.121,3673.349579710145,28,9322.0,0.044728218490224764,28,9322.0
7610.0,56,12153.0,171.16901408450704,1.8061696212466354,30193.00806319842,425.2536346929355,260828.905,3673.6465492957745,31,9431.0,0.08309693462496244,31,9431.0
7615.0,60,12444.0,165.92,1.6664409651194503,30505.812340242665,406.744164536569,268195.37000000005,3575.9382666666675,34,9557.0,0.0356399615982468,34,9557.0
7620.0,65,12759.0,182.27142857142857,0.896094875977575,30687.15859872067,438.38797998172396,268191.916,3831.313085714286,38,9700.0,3.7918028923938404e-05,38,9700.0
7625.0,58,12924.0,184.62857142857143,0.9998388014824926,30964.30301227932,442.3471858897047,268188.916,3831.270228571429,31,9601.0,0.025764794768548413,31,9601.0
7630.0,56,13114.0,187.34285714285716,1.926572183501129,31273.749920738745,446.7678560105537,268188.916,3831.270228571429,29,9516.0,0.11577195354041458,29,9516.0
7635.0,53,13275.0,195.22058823529412,1.1221514408847104,31413.849566613084,461.9683759796043,260892.343,3836.6521029411765,27,9610.0,0.04423014783024037,27,9610.0
7640.0,58,13535.0,199.0441176470588,0.5536594761847153,31441.659506773743,462.3773456878493,253679.12799999997,3730.5754117647057,32,9741.0,0.03481259307064441,32,9741.0
7645.0,50,13047.0,189.08695652173913,1.7333405327367628,31622.30685443584,458.2943022382007,253762.26399999997,3677.7139710144925,24,9190.0,0.05466246995353223,24,9190.0
7650.0,54,13302.0,187.35211267605635,2.6896488933062335,31908.859479422517,449.42055604820456,261167.83399999997,3678.4201971830985,28,9196.0,0.09882006688654928,28,9196.0
7655.0,57,13578.0,191.2394366197183,2.1168374672847365,31929.64492927257,449.7133088629941,264866.668,3730.5164507042255,32,9307.0,0.015436601499530248,32,9307.0
7660.0,60,13873.0,216.765625,0.752015031607211,31670.91226586138,494.8580041540842,268561.119,4196.267484375,33,9432.0,0.04676589493613464,33,9432.0
7665.0,55,14020.0,219.0625,0.6957804638986693,31947.894932025203,499.1858583128939,268560.63300000003,4196.2598906250005,28,9316.0,0.014973689617951338,28,9316.0
7670.0,50,14169.0,221.390625,1.8471092892913186,32234.33317415548,503.6614558461796,268560.63300000003,4196.2598906250005,23,9209.0,0.05112862652473987,23,9209.0
7675.0,47,14330.0,220.46153846153845,1.6389013250483226,32497.39448533833,499.9599151590514,264859.561,4074.7624769230765,21,9276.0,0.0917861178874932,21,9276.0
7680.0,52,14556.0,234.7741935483871,0.6521592390353929,32342.59797884157,521.6548061103482,253996.31499999994,4096.714758064516,26,9371.0,0.053912980279707645,26,9371.0
7685.0,48,14573.0,214.30882352941177,1.645384720073688,32505.995291132214,478.0293425166502,254089.09099999996,3736.604279411764,23,9264.0,0.07160150206133112,23,9264.0
7690.0,54,14828.0,205.94444444444446,2.193885610530781,32792.238718903645,455.447759984773,261522.76099999997,3632.2605694444446,27,9331.0,0.13725633913694096,27,9331.0
7695.0,59,15105.0,209.79166666666666,1.6421830379447102,32995.21442855587,458.26686706327615,268963.98099999997,3735.6108472222227,33,9443.0,0.053273972295690995,33,9443.0
7700.0,64,15414.0,223.3913043478261,0.8399153966395542,33193.21216925965,481.06104593129936,268963.75299999997,3898.025405797102,37,9581.0,0.03306266185821534,37,9581.0
7705.0,55,14883.0,225.5,0.5975827333345873,33435.8468898256,506.60374075493337,268963.75299999997,4075.208378787879,27,9077.0,0.03245306790614086,27,9077.0
7710.0,50,14885.0,225.53030303030303,1.1655827624867219,33741.61692504177,511.23662007639064,268963.75299999997,4075.208378787879,22,8822.0,0.052681775091712985,22,8822.0
7715.0,52,15061.0,228.1969696969697,1.2115623423545383,34001.965819090365,515.1813002892482,265261.394,4019.1120303030298,25,8898.0,0.019954187422794048,25,8898.0
7720.0,55,15294.0,228.26865671641792,1.2618460142010985,34057.68160309048,508.32360601627585,261547.78899999996,3903.6983432835814,30,9012.0,0.04113495792948674,30,9012.0
7725.0,54,15468.0,234.36363636363637,1.6316041813590323,33713.33229640917,510.80806509710885,265283.43399999995,4019.4459696969698,29,9038.0,0.09207227439116454,29,9038.0
7730.0,59,15746.0,235.01492537313433,1.4437123229125421,34009.42896592829,507.60341740191495,269023.19899999996,4015.271626865672,31,9147.0,0.06016974034697018,31,9147.0
7735.0,60,16036.0,246.7076923076923,0.854902322605875,34103.818819366934,524.6741356825685,265388.44499999995,4082.899153846154,33,9265.0,0.0001391633836309658,33,9265.0
7740.0,60,16336.0,263.48387096774195,0.3498814293480762,34327.74317806164,553.6732770655104,265388.44499999995,4280.45879032258,33,9390.0,0.0,33,9390.0
7745.0,54,16444.0,252.98461538461538,1.07207889280452,34588.560996932225,532.1317076451116,265387.8169999999,4082.889492307692,27,9201.0,0.01830784534123003,27,9201.0
7750.0,49,16545.0,250.6818181818182,2.269786367872674,34868.63190025315,528.3126045492903,265387.97799999994,4021.0299696969696,22,9086.0,0.15362273841401383,22,9086.0
7755.0,48,16669.0,252.56060606060606,1.7664859462592708,35147.37818525112,532.5360331098653,265387.97799999994,4021.0299696969696,22,9055.0,0.0947551631452383,22,9055.0
7760.0,53,16900.0,264.0625,0.9513037510182758,35054.25762095156,547.7227753273685,258127.83399999994,4033.24740625,28,9173.0,0.039579880963949376,28,9173.0
7765.0,43,11554.0,177.75384615384615,1.4404350612178027,34944.1801118201,537.6027709510785,250850.96399999998,3859.2456,20,5354.0,0.05412817602975188,20,5354.0
7770.0,38,7238.0,104.89855072463769,3.189031269192357,35220.63696326563,510.44401396037154,258391.29399999997,3744.8013623188403,24,4401.0,0.12018048116488247,24,4401.0
7775.0,34,2909.0,40.971830985915496,3.4583330769230938,35465.896881073335,499.51967438131425,265925.06200000003,3745.423408450704,28,7247.0,0.057698692177113604,28,7247.0
7780.0,42,1081.0,16.134328358208954,1.987503082715851,28221.611042319593,421.2180752585015,247895.31300000002,3699.9300447761198,39,7407.0,0.016921054890500623,39,7407.0
7785.0,37,820.0,12.238805970149254,2.1093696631996455,23806.271120976773,355.3174794175639,252262.211,3765.107626865672,29,7001.0,0.03410352303287296,29,7001.0
7790.0,36,869.0,13.166666666666666,2.0968962870602788,21819.55586911514,330.59933135022953,254326.02500000002,3853.4246212121216,23,6832.0,0.0730683492601003,23,6832.0
7795.0,43,1011.0,14.442857142857143,1.9611530121687537,21208.63764078681,302.98053772552595,269531.081,3850.4440142857143,24,6934.0,0.03819281198033341,24,6934.0
7800.0,51,1226.0,18.575757575757574,1.132529772469478,20820.955362220393,315.46902063970293,265577.714,4023.904757575758,27,7064.0,0.022216001562140274,27,7064.0
7805.0,52,1296.0,18.782608695652176,1.449607350219855,20904.07945517468,302.95767326340126,269361.496,3903.789797101449,26,7059.0,0.05578043951674473,26,7059.0
7810.0,56,1567.0,22.070422535211268,1.6631553925179845,21210.39620259778,298.73797468447583,276928.5900000001,3900.4026760563384,29,7132.0,0.08756800851614963,29,7132.0
7815.0,60,1855.0,26.5,1.1431963338811157,21353.669575302225,305.0524225043175,277012.49900000007,3957.3214142857146,34,7277.0,0.03513457674537543,34,7277.0
7820.0,63,2165.0,30.928571428571427,0.9295540375344341,21609.933186611463,308.7133312373066,277013.72900000005,3957.3389857142865,35,7435.0,0.01637238579424564,35,7435.0
7825.0,57,2311.0,34.492537313432834,1.2160023331573397,21767.272092990635,324.8846581043378,277013.72900000005,4134.533268656717,29,7327.0,0.019781025984474274,29,7327.0
7830.0,52,2459.0,36.701492537313435,1.5989422267200388,22058.749115522114,329.2350614257031,277014.6290000001,4134.546701492538,24,7245.0,0.0674322198406101,24,7245.0
7835.0,51,2635.0,38.75,1.662378390534251,22319.25013809415,328.2242667366787,273249.841,4018.380014705883,24,7350.0,0.09232529901083521,24,7350.0
7840.0,55,2878.0,44.276923076923076,0.7622047848931622,22173.28014497234,341.1273868457282,262132.86800000005,4032.8133538461543,28,7484.0,0.06483196187834123,28,7484.0
7845.0,48,2056.0,29.37142857142857,1.797077205696568,22342.45593470735,319.17794192439055,262222.10400000005,3746.030057142858,21,6711.0,0.08817729856581166,21,6711.0
7850.0,52,2309.0,32.06944444444444,2.9684375917224752,22629.1593445964,314.29387978606104,269826.69700000004,3747.5930138888893,25,6639.0,0.08025164706427985,25,6639.0
7855.0,56,2571.0,35.708333333333336,2.1888827458700386,22597.205283955147,313.85007338826586,277440.321,3853.337791666667,29,6774.0,0.06172305927587796,29,6774.0
7860.0,61,2862.0,44.03076923076923,0.8188237454226852,22156.339839124343,340.8667667557591,277433.063,4268.200969230769,33,6930.0,3.742879850979544e-05,33,6930.0
7865.0,54,3003.0,46.2,1.2463003239048656,22385.55740926295,344.3931909117377,277431.461,4268.176323076923,26,6816.0,0.018116470855623776,26,6816.0
7870.0,51,3147.0,47.68181818181818,1.909187027669502,22616.378215382178,342.67239720276024,277432.493,4203.5226212121215,21,6750.0,0.07112363837453785,21,6750.0
7875.0,48,3308.0,51.6875,1.522441748627005,22844.374870381693,356.943357349714,269845.27400000003,4216.33240625,21,6829.0,0.0644331799299625,21,6829.0
7880.0,52,3541.0,57.11290322580645,0.8426087338928305,22695.59612027645,366.05800193994264,262469.269,4233.375306451613,25,6937.0,0.0822558528077196,25,6937.0
7885.0,45,3458.0,54.888888888888886,1.6754656969766915,22875.942010585462,363.1101906442137,262523.499,4167.039666666667,19,6774.0,0.09754721227042377,19,6774.0
7890.0,50,3699.0,56.90769230769231,1.9155985455221634,23146.76730023967,356.1041123113795,270168.752,4156.442338461539,23,6790.0,0.04956408201507185,23,6790.0
7895.0,53,3950.0,61.71875,1.5231901055934625,23264.387579681385,363.5060559325216,273987.238,4281.05059375,27,6883.0,0.01211925415276716,27,6883.0
7900.0,54,4215.0,64.84615384615384,1.7949424192188277,23482.00176586539,361.2615656286982,281636.445,4332.8683846153845,27,6988.0,0.08835116032133168,27,6988.0
7905.0,50,4327.0,72.11666666666666,1.349992401667987,23547.131085334662,392.45218475557766,281632.929,4693.88215,22,6873.0,0.11485054625938759,22,6873.0
7910.0,46,4447.0,72.90163934426229,2.0191240527027214,23810.663495935918,390.33874583501506,281633.568,4616.943737704919,18,6716.0,0.07437665920030881,18,6716.0
7915.0,44,4598.0,76.63333333333334,2.2186932274558413,24021.19899803256,400.3533166338759,277824.994,4630.416566666667,17,6772.0,0.1226659722643106,17,6772.0
7920.0,47,4814.0,85.96428571428571,0.8845481431087601,23909.726936533065,426.9594095809477,262688.96,4690.874285714286,21,6862.0,0.061451666257244575,21,6862.0
7925.0,48,4991.0,77.984375,1.2052703766788566,23962.0414528452,374.4068977007063,262821.12600000005,4106.58009375,21,6880.0,0.019028116525313544,21,6880.0
7930.0,50,5234.0,80.52307692307693,2.3966102873504798,24236.128869493645,372.86352106913296,266656.528,4102.4081230769225,24,6963.0,0.1813036551212402,24,6963.0
7935.0,55,5496.0,83.27272727272727,0.8209808414463893,24507.360417858068,371.3236426948192,274324.62200000003,4156.433666666667,29,7065.0,0.03350426718315569,29,7065.0
7940.0,62,5795.0,89.15384615384616,0.44195427339033716,24755.849430190603,380.85922200293237,278160.525,4279.3926923076915,35,7203.0,0.02731593569113719,35,7203.0
7945.0,57,5960.0,93.125,0.7159743509951295,25061.024703316616,391.578510989322,278160.525,4346.258203125,29,7161.0,0.017268067012708947,29,7161.0
7950.0,53,6144.0,93.0909090909091,1.6260047362800627,25355.10887790025,384.16831633182187,278161.273,4214.5647424242425,25,7128.0,0.06513763102439842,25,7128.0
7955.0,48,6297.0,95.4090909090909,2.055548826231317,25622.552290689786,388.22048925287555,274322.813,4156.406257575757,21,7146.0,0.07363917940670696,21,7146.0
7960.0,51,6526.0,103.58730158730158,0.870868549676917,25584.504662179334,406.10324860602117,262947.113,4173.763698412698,24,7245.0,0.06500602697502812,24,7245.0
7965.0,50,6678.0,104.34375,1.3665779927397377,25780.762117394534,402.82440808428964,262993.889,4109.2795156249995,24,7254.0,0.06248192259502745,24,7254.0
7970.0,54,6939.0,106.75384615384615,1.2488998755974035,25976.58272424095,399.63973421909174,266886.641,4105.948323076923,27,7353.0,0.05179029857866091,27,7353.0
7975.0,57,7216.0,104.57971014492753,1.5991042448971067,26276.83382321322,380.82367859729305,270741.096,3923.7839999999997,31,7470.0,0.04933178245861999,31,7470.0
7980.0,60,7507.0,113.74242424242425,0.8926235708584278,26457.123315872057,400.8655047859403,278442.26999999996,4218.822272727272,34,7601.0,0.03022965859948406,34,7601.0
7985.0,55,7658.0,109.4,1.285819527609486,26731.6004042194,381.88000577456285,282287.263,4032.6751857142854,28,7558.0,0.06238679552608747,28,7558.0
7990.0,53,7829.0,110.26760563380282,2.3203344718412504,27033.921970348383,380.75946437110395,282290.64099999995,3975.92452112676,25,7540.0,0.14783951530151118,25,7540.0
7995.0,52,8030.0,114.71428571428571,1.7333367755237092,27295.961717000766,389.942310242868,278454.738,3977.924828571428,25,7574.0,0.06479170458799044,25,7574.0
8000.0,56,8294.0,120.20289855072464,0.9989525665725179,27401.97777752514,397.13011271775565,266965.978,3869.072144927536,30,7708.0,0.04808210840917076,30,7708.0
8005.0,48,6268.0,87.05555555555556,1.648642527982857,27460.735180700307,381.39909973194864,263224.154,3655.8910277777777,24,5822.0,0.0624176691333845,24,5822.0
8010.0,45,4734.0,64.84931506849315,2.460248862337502,27765.788706294883,380.3532699492451,267083.888,3658.6833972602735,28,5681.0,0.09704626190405717,28,5681.0
8015.0,42,2968.0,40.108108108108105,2.0647175127652817,28034.268763925847,378.84146978278176,274801.484,3713.533567567567,37,7264.0,0.038292843103776834,37,7264.0
8020.0,49,2107.0,29.26388888888889,1.8340457815141435,26065.187566201854,362.0164939750258,265951.283,3693.7678194444443,44,7457.0,0.008404121143219302,44,7457.0
8025.0,43,1280.0,17.77777777777778,1.4197749778470232,19869.538378624227,275.96581081422545,257161.25999999995,3571.6841666666664,33,7015.0,0.024717522554390733,33,7015.0
8030.0,47,1299.0,17.794520547945204,1.757156712082232,19420.771946514204,266.0379718700577,272639.34599999996,3734.785561643835,28,6785.0,0.054112235487868456,28,6785.0
8035.0,51,1455.0,20.208333333333332,1.7930730134151882,19420.669848717374,269.7315256766303,276158.671,3835.5370972222217,28,6760.0,0.09022704910522517,28,6760.0
8040.0,59,1699.0,23.59722222222222,1.0629445074735264,19460.113031678113,270.2793476621959,283555.53899999993,3938.271375,34,6884.0,0.00377152141381929,34,6884.0
8045.0,64,2008.0,27.506849315068493,0.880215640152796,19240.07660477638,263.5626932161147,287429.71099999995,3937.3933013698634,38,7066.0,0.01629003618604026,38,7066.0
8050.0,56,1212.0,16.37837837837838,1.9175974136573941,19516.005546232027,263.7298046788112,287430.36899999995,3884.194175675676,26,6346.0,0.09770423779691734,26,6346.0
8055.0,56,1488.0,20.383561643835616,2.3635852804270905,19709.948990179328,269.9993012353333,283595.68899999995,3884.872452054795,28,6239.0,0.0012726064575094731,28,6239.0
8060.0,58,1777.0,25.385714285714286,2.077532909861263,19647.276684642824,280.67538120918323,283595.459,4051.3636999999994,30,6373.0,0.05157284652230883,30,6373.0
8065.0,60,2070.0,31.846153846153847,0.8847901862229157,19254.571659843423,296.2241793822065,283587.796,4362.889169230769,32,6511.0,0.013528498896498015,32,6511.0
8070.0,52,2019.0,33.09836065573771,0.9980644645698455,19394.555414362207,317.94353138298703,283585.9579999999,4648.95013114754,24,6424.0,0.04819164463672459,24,6424.0
8075.0,52,2259.0,36.435483870967744,1.6085220373146154,19673.3422061953,317.31197106766615,283585.9579999999,4573.967064516128,24,6425.0,0.04040891383742205,24,6425.0
8080.0,53,2521.0,40.66129032258065,1.6826218102921726,19891.647174365396,320.8330189413773,283587.334,4573.9892580645155,25,6514.0,0.02559810966504423,25,6514.0
8085.0,54,2788.0,44.96774193548387,1.3712195281046367,19971.03766979547,322.11351080315274,283589.81599999993,4574.029290322581,26,6626.0,0.05724431189264325,26,6626.0
8090.0,49,2717.0,46.05084745762712,1.2027519355388525,20094.278739785317,340.58099558958173,283589.81599999993,4806.607050847457,21,6428.0,0.07819081636298994,21,6428.0
8095.0,47,2673.0,45.30508474576271,1.493696772480467,20360.132055830392,345.0869839971253,283589.81599999993,4806.607050847457,19,6296.0,0.06714165630527533,19,6296.0
8100.0,45,2685.0,46.293103448275865,1.5664113558071342,20461.650270928614,352.7870736367002,279754.75599999994,4823.357862068964,18,6271.0,0.07947392227352847,18,6271.0
8105.0,46,2855.0,46.04838709677419,1.5468772020156103,20512.59337676358,330.84828027038037,276000.1,4451.6145161290315,19,6403.0,0.05697090038272013,19,6403.0
8110.0,46,2996.0,49.93333333333333,1.6889663562252635,20373.950681397106,339.56584468995203,268391.785,4473.196416666667,20,6450.0,0.12465107892359471,20,6450.0
8115.0,50,3235.0,52.17741935483871,1.5929352369610263,20642.086395298276,332.9368773435206,276261.62999999995,4455.832741935483,23,6527.0,0.09524418398086165,23,6527.0
8120.0,52,3486.0,55.333333333333336,1.3762427215187691,20894.64263911924,331.66099427173407,284119.58799999993,4509.834730158729,25,6635.0,0.03393454563753477,25,6635.0
8125.0,55,3754.0,59.58730158730159,1.329456082044656,21141.647706119104,335.5817096209382,288048.9429999999,4572.205444444443,29,6758.0,0.021741861555506625,29,6758.0
8130.0,49,3884.0,62.645161290322584,1.445022353490309,21338.696688137195,344.1725272280193,291974.9489999999,4709.27337096774,22,6621.0,0.07637300185348181,22,6621.0
8135.0,46,4016.0,64.7741935483871,2.3874315482450927,21569.59234898446,347.896650790072,291974.9489999999,4709.27337096774,18,6389.0,0.05055513125860219,18,6389.0
8140.0,43,4174.0,69.56666666666666,1.9772018457063225,21655.85675109637,360.9309458516062,284187.7209999999,4736.462016666666,16,6453.0,0.12322967992164374,16,6453.0
8145.0,46,4388.0,73.13333333333334,1.1679935209270378,21761.824617553502,362.6970769592251,276432.121,4607.202016666666,20,6553.0,0.0817646974500573,20,6553.0
8150.0,47,4600.0,79.3103448275862,1.0434802807983135,21603.03794768956,372.4661715118891,268814.317,4634.729603448275,21,6620.0,0.08016251705058362,21,6620.0
8155.0,51,4846.0,78.16129032258064,0.983162813845319,21879.234848909236,352.89088465982644,276698.9689999999,4462.886596774192,25,6722.0,0.04630879071260675,25,6722.0
8160.0,56,5116.0,81.2063492063492,0.8101948954718492,22155.138245507038,351.6688610397943,284584.6359999999,4517.2164444444425,29,6847.0,0.0011817268274045066,29,6847.0
8165.0,58,5400.0,78.26086956521739,0.9394423618557028,22439.56647756924,325.2111083705688,288533.1459999999,4181.639797101448,31,6986.0,0.03254546897133013,31,6986.0
8170.0,53,5549.0,80.42028985507247,1.8622446690038517,22734.168092480897,329.48069699247696,292477.87099999987,4238.80972463768,27,6871.0,0.15609693891724655,27,6871.0
8175.0,52,5710.0,82.7536231884058,1.620286667753725,23034.48781954324,333.8331568049746,292477.87099999987,4238.80972463768,24,6768.0,0.05000318250056913,24,6768.0
8180.0,53,5917.0,84.52857142857142,1.5309648330191814,23322.62371155917,333.18033873655975,288530.64899999986,4121.866414285713,26,6882.0,0.050651684865035136,26,6882.0
8185.0,56,6176.0,93.57575757575758,0.8200213984508545,23038.69927539457,349.0712011423421,273086.345,4137.671893939392,29,7014.0,0.031033582700559028,29,7014.0
8190.0,53,6378.0,96.63636363636364,1.1567921861396948,23335.090430048425,353.561976212855,273099.86699999997,4137.8767727272725,27,7080.0,0.05698153300066862,27,7080.0
8195.0,57,6655.0,96.44927536231884,1.3333207608150408,23643.55158200183,342.660167855099,281005.7309999999,4072.546826086955,31,7212.0,0.03889688502489909,31,7212.0
8200.0,60,6950.0,102.20588235294117,0.9958829847952962,23907.817761143702,351.58555531093685,284959.8929999999,4190.586661764704,34,7362.0,0.03424429412352094,34,7362.0
8205.0,63,7260.0,106.76470588235294,0.3636706812325764,24185.033160219897,355.66225235617503,284959.4129999999,4190.579602941176,35,7520.0,0.0003494879958133097,35,7520.0
8210.0,58,7433.0,110.94029850746269,1.0045621489434886,24480.444027844987,365.37976160962677,284956.4129999999,4253.080791044776,30,7475.0,0.04012463784269566,30,7475.0
8215.0,55,7619.0,113.71641791044776,1.482588508915867,24782.526353242345,369.88845303346795,284956.4129999999,4253.080791044776,27,7480.0,0.08146119570992807,27,7480.0
8220.0,52,7785.0,114.48529411764706,1.5549176153306685,25080.53806402565,368.83144211802437,284957.0079999999,4190.544235294116,25,7537.0,0.06558237946775465,25,7537.0
8225.0,56,8034.0,118.1470588235294,1.237876169178976,25031.08134046697,368.1041373598084,273231.432,4018.1092941176466,29,7677.0,0.06406654765089763,29,7677.0
8230.0,50,7314.0,104.48571428571428,2.0278482132226867,25153.73955376482,359.3391364823546,269349.366,3847.8480857142854,22,6989.0,0.15614929086044824,22,6989.0
8235.0,52,7563.0,105.04166666666667,2.8042377272085854,25442.10383466061,353.3625532591753,277301.85899999994,3851.4147083333332,26,6935.0,0.0760758752662767,26,6935.0
8240.0,56,7833.0,111.9,1.8593417348444294,25213.52930708576,360.1932758155111,285242.98299999995,4074.8997571428563,29,7060.0,0.061303196146545544,29,7060.0
8245.0,60,8125.0,117.7536231884058,1.044712176065271,25062.766915292104,363.2285060187262,289212.6889999999,4191.488246376811,34,7207.0,0.029552745229406176,34,7207.0
8250.0,49,6045.0,90.22388059701493,1.306469024045584,25269.928850754273,377.1631171754371,293188.68299999996,4375.950492537314,26,5364.0,0.06668008727515555,26,5364.0
8255.0,45,4457.0,65.54411764705883,2.3557494104865753,25562.596255576722,375.920533170246,293188.68299999996,4311.5982794117635,29,4058.0,0.038557060482376525,29,4058.0
8260.0,39,2630.0,38.6764705882353,2.682940295702727,25781.395587360577,379.1381704023614,293190.0609999999,4311.618544117646,32,6045.0,0.02620134657853397,32,6045.0
8265.0,39,1701.0,26.578125,2.4262672125886975,20881.090733991885,326.26704271862326,275069.40499999997,4297.959453125,36,7169.0,0.029464933719429327,36,7169.0
8270.0,33,702.0,11.32258064516129,1.8380329033589127,15953.212080630705,257.3098722682372,264608.15100000007,4267.873403225806,27,6642.0,0.048459951285621396,27,6642.0
8275.0,40,639.0,9.681818181818182,2.1961749333045586,16219.984840973126,245.75734607535048,295000.9859999999,4469.71190909091,25,6419.0,0.057075651259352,25,6419.0
8280.0,43,656.0,9.93939393939394,1.6434124251957594,15976.040456463696,242.0612190373288,299034.425,4530.824621212122,26,6524.0,0.012217977441305124,26,6524.0
8285.0,52,864.0,12.342857142857143,1.1576207220952275,15686.826416475882,224.09752023536976,306277.848,4375.397828571427,30,6679.0,0.005344121201982354,30,6679.0
8290.0,53,844.0,12.231884057971014,1.7036382600566933,15660.058515898536,226.957369795631,310285.717,4496.894449275362,27,6661.0,0.08876694111607847,27,6661.0
8295.0,57,1118.0,16.202898550724637,1.4697764932189292,15821.601115439347,229.2985668904254,310363.83800000005,4498.02663768116,29,6691.0,0.09787138425098423,29,6691.0
8300.0,60,1404.0,20.057142857142857,1.086775635010516,16107.249495818674,230.10356422598105,310366.7,4433.8099999999995,31,6790.0,0.015561580220158381,31,6790.0
8305.0,60,1700.0,24.285714285714285,1.6511352721376424,16419.325221499443,234.56178887856353,310366.7,4433.8099999999995,32,6927.0,0.03896667016001371,32,6927.0
8310.0,55,1815.0,27.5,1.1232328527952353,16511.318911461633,250.1714986585096,310364.364,4702.490363636363,27,6780.0,0.01726574338027329,27,6780.0
8315.0,51,1929.0,29.676923076923078,1.8876726257536969,16655.270415598243,256.2349294707422,310364.364,4774.836369230769,23,6661.0,0.05812126821924763,23,6661.0
8320.0,47,2062.0,32.21875,2.0527618326403565,16777.79567786214,262.1530574665959,306421.824,4787.841,20,6458.0,0.10304088140394184,20,6458.0
8325.0,50,2279.0,34.53030303030303,1.8321401128642958,16852.725302324932,255.34432276249896,302540.43200000003,4583.9459393939405,24,6601.0,0.08007034046552618,24,6601.0
8330.0,54,2537.0,39.640625,0.9486240281739651,16584.249683850812,259.1289013101689,294837.3400000001,4606.8334374999995,27,6709.0,0.0666188337253596,27,6709.0
8335.0,52,2713.0,41.10606060606061,0.9850338511205247,16760.19452594637,253.9423413022177,294921.7220000001,4468.51093939394,26,6746.0,0.06177717341707838,26,6746.0
8340.0,56,2989.0,43.955882352941174,1.6313497538428958,17059.765717072805,250.8789076040118,302993.3800000001,4455.785000000001,30,6861.0,0.0611928500282717,30,6861.0
8345.0,61,3279.0,45.541666666666664,1.2780272982408993,17357.798910007754,241.08054041677437,311061.6130000001,4320.300180555556,34,7001.0,0.020135534707216535,34,7001.0
8350.0,63,3590.0,52.028985507246375,0.8017405524822185,17555.40666357762,254.42618353011045,315091.3430000001,4566.541202898552,37,7162.0,0.0676069484995139,37,7162.0
8355.0,61,3751.0,53.58571428571429,0.8016453970098191,17886.753652287665,255.52505217553806,319126.19300000014,4558.945614285715,33,7083.0,0.03845800930458978,33,7083.0
8360.0,57,3939.0,54.708333333333336,1.771076688805267,18204.41494822545,252.8390965031312,319128.0930000001,4432.3346249999995,29,6951.0,0.03984818052017142,29,6951.0
8365.0,54,4157.0,57.736111111111114,2.0907862185852486,18360.45361324238,255.00630018392198,315175.1390000001,4377.432486111111,27,7065.0,0.06437571193526921,27,7065.0
8370.0,55,4418.0,64.97058823529412,1.0860773883729478,18384.4179429622,270.359087396503,299153.2030000001,4399.311808823531,29,7209.0,0.08057190989825808,29,7209.0
8375.0,58,4620.0,66.0,1.1848631450774225,18467.236470888056,263.81766386982935,299301.8370000001,4275.740528571429,31,7261.0,0.04140881283422294,31,7261.0
8380.0,59,4906.0,69.09859154929578,1.5738762441632121,18779.651712618874,264.502136797449,303346.0110000001,4272.479028169015,33,7397.0,0.0889039859997015,33,7397.0
8385.0,62,5208.0,71.34246575342466,0.8371799421186887,19065.64965103797,261.173282890931,311427.2660000002,4266.126931506849,36,7549.0,0.021110393616146327,36,7549.0
8390.0,66,5531.0,76.81944444444444,0.6102495602526734,19348.275918603154,268.7260544250439,319516.82400000014,4437.733666666667,39,7722.0,0.022183600921746458,39,7722.0
8395.0,57,5185.0,73.02816901408451,0.8069280910344803,19652.660204488944,276.7980310491401,319516.82400000014,4500.23695774648,28,7349.0,0.047498860849478186,28,7349.0
8400.0,55,5346.0,75.29577464788733,1.3368476172859591,19977.972167200936,281.37988967888646,319516.82400000014,4500.23695774648,26,7230.0,0.044810258557697484,26,7230.0
8405.0,55,5555.0,72.14285714285714,1.7756195799509682,20277.673649607033,263.3464110338575,315487.97400000016,4097.246415584417,28,7344.0,0.028452679484961538,28,7344.0
8410.0,60,5825.0,76.64473684210526,1.6400621202741767,20182.79248353343,265.5630589938609,311437.51900000015,4097.862092105264,32,7489.0,0.06686940498295257,32,7489.0
8415.0,54,4994.0,68.41095890410959,1.7788557154188098,20076.792612686088,275.0245563381656,307481.8960000002,4212.080767123288,28,6717.0,0.05078650247315283,28,6717.0
8420.0,56,5272.0,71.24324324324324,2.5568668848447107,20381.31590070577,275.4231878473751,311541.2860000002,4210.017378378378,29,6645.0,0.07491720653649571,29,6645.0
8425.0,58,5560.0,77.22222222222223,1.86873668059581,20516.89311771313,284.9568488571267,311538.2860000002,4326.920638888889,30,6773.0,0.0010972162629536344,30,6773.0
8430.0,60,5860.0,90.15384615384616,0.9383879217402358,19932.468966713786,306.65336871867356,311533.49000000017,4792.822923076923,32,6913.0,2.583078255283823e-07,32,6913.0
8435.0,54,5994.0,96.6774193548387,1.0735719584255994,20051.121853398563,323.4051911838479,311528.6400000002,5024.65548387097,26,6904.0,0.01036997616372119,26,6904.0
8440.0,54,6264.0,99.42857142857143,1.4164608893639374,20327.228820074895,322.6544257154745,311530.25600000017,4944.9246984127,26,6997.0,0.035796410642556946,26,6997.0
8445.0,54,6534.0,107.11475409836065,1.2532803725956605,20523.184504633304,336.44564761693937,311529.4980000002,5107.040950819674,26,7107.0,0.0645022332153674,26,7107.0
8450.0,55,6809.0,115.40677966101696,0.4496225141293252,20718.721584733805,351.1647726226068,311526.4980000002,5280.1101355932215,27,7222.0,0.03426043950122574,27,7222.0
8455.0,52,6791.0,115.10169491525424,0.598420601107073,20971.954790451782,355.45686085511494,311527.3100000002,5280.123898305085,24,7041.0,0.02342696169656025,24,7041.0
8460.0,47,6789.0,113.15,1.8209992818597522,21241.507149434554,354.02511915724256,311531.12200000015,5192.185366666668,19,6849.0,0.09637164226168207,19,6849.0
8465.0,44,6822.0,106.59375,2.177243945583718,21450.0824627866,335.15753848104066,307487.64800000016,4804.494500000001,17,6916.0,0.11309088288676589,17,6916.0
8470.0,47,7003.0,112.95161290322581,1.7302069807135865,21277.03339578465,343.1779579965266,299540.1170000002,4831.292209677422,21,7084.0,0.15408537620806165,21,7084.0
8475.0,49,7173.0,115.69354838709677,1.2433302249438596,21317.110552372604,343.8243637479452,299684.8200000002,4833.62612903226,22,7104.0,0.06244106400925271,22,7104.0
8480.0,52,7423.0,117.82539682539682,1.2982450338801041,21597.9851455475,342.8251610404365,303791.88200000016,4822.093365079367,26,7204.0,0.05876659223346039,26,7204.0
8485.0,53,7686.0,114.71641791044776,1.6614704164116378,21853.94977995821,326.17835492474944,312007.43300000014,4656.827358208956,27,7318.0,0.04458878444249091,27,7318.0
8490.0,57,7964.0,117.11764705882354,1.2772601787717288,22142.01474316939,325.61786387013797,316111.92800000013,4648.704823529413,31,7446.0,0.06422418314796147,31,7446.0
8495.0,53,8110.0,122.87878787878788,1.2458999806856845,22360.374240354256,338.79354909627654,316111.92800000013,4789.574666666667,25,7333.0,0.03810128118599872,25,7333.0
8500.0,52,8287.0,125.56060606060606,1.7002235670110362,22653.45882745724,343.2342246584429,316111.92800000013,4789.574666666667,24,7235.0,0.08563392974246532,24,7235.0
8505.0,51,8458.0,128.15151515151516,1.6113234386927753,22944.621434408822,347.64577930922445,316111.92800000013,4789.574666666667,24,7333.0,0.056212172921316673,24,7333.0
8510.0,54,8704.0,138.15873015873015,0.7541136710843,22922.85738213231,363.8548790814652,303950.2060000002,4824.6064444444455,27,7457.0,0.03406362909300435,27,7457.0
8515.0,53,8930.0,139.53125,0.873268039628804,22951.617847210182,358.619028862659,299997.86200000014,4687.46659375,27,7547.0,0.05023532209276902,27,7547.0
8520.0,56,9207.0,139.5,1.0258700860069638,23250.452325367645,352.27958068738855,308243.96600000013,4670.363121212123,30,7674.0,0.02827172232471918,30,7674.0
8525.0,60,9499.0,133.7887323943662,1.0414338777837686,23548.982780023376,331.67581380314607,316493.5220000002,4457.655239436622,33,7816.0,0.03870197639132817,33,7816.0
8530.0,64,9806.0,140.0857142857143,0.8027190626026007,23825.579822955213,340.3654260422173,320615.4720000002,4580.221028571429,37,7973.0,0.057821101223078195,37,7973.0
8535.0,55,9446.0,133.04225352112675,1.0083114106962412,24153.56947776857,340.19111940519105,320616.02300000016,4515.718633802819,27,7618.0,0.08077463682250093,27,7618.0
8540.0,57,9596.0,131.45205479452054,1.3561355146624452,24477.635615557774,335.3100769254488,320617.9270000002,4392.026397260274,27,7542.0,0.05463225444924673,27,7542.0
8545.0,55,9777.0,133.93150684931507,1.636862130889844,24803.267531382826,339.7707881011344,320617.9270000002,4392.026397260274,27,7653.0,0.016183588353885125,27,7653.0
8550.0,58,10033.0,147.5441176470588,0.7708179641500253,24705.953634101978,363.3228475603231,308259.17800000013,4533.223205882354,32,7799.0,0.02760186495834764,32,7799.0
8555.0,57,10229.0,148.2463768115942,1.201023790647681,24862.588152563843,360.32736452991065,308348.3760000001,4468.817043478262,31,7846.0,0.000354515317876541,31,7846.0
8560.0,60,10523.0,157.0597014925373,1.1386816177349097,24926.239208964565,372.0334210293218,308347.4910000001,4602.201358208956,32,7985.0,0.02846003653906343,32,7985.0
8565.0,61,10824.0,154.62857142857143,0.954344510689953,25184.563821730808,359.7794831675829,308350.3010000001,4405.004300000001,33,8126.0,0.0001129124433702477,33,8126.0
8570.0,61,11129.0,166.1044776119403,0.8895943292300048,25436.070713634457,379.642846472156,308346.3490000001,4602.1843134328365,33,8271.0,0.034203117793614235,33,8271.0
8575.0,56,11167.0,169.1969696969697,0.6221747092131427,25726.03219861174,389.78836664563244,308346.3490000001,4671.914378787879,27,8089.0,0.053220989032659566,27,8089.0
8580.0,55,11292.0,171.0909090909091,0.6845101549328408,26040.77086072891,394.5571342534684,308346.3490000001,4671.914378787879,27,8040.0,0.014062753219044707,27,8040.0
8585.0,51,11462.0,166.1159420289855,1.3988457467969924,26354.300652087102,381.946386262132,308346.3490000001,4468.787666666667,23,8140.0,0.019173088254796616,23,8140.0
8590.0,54,11661.0,169.0,1.2022495512041718,26469.203972454194,383.6116517746985,308343.3040000001,4468.743536231885,26,8286.0,0.07757374486452565,26,8286.0
8595.0,53,11864.0,177.07462686567163,1.2277011042564823,26356.318470942973,393.3778876260145,304431.5040000001,4543.753791044776,27,8368.0,0.034378794945943855,27,8368.0
8600.0,55,12134.0,178.44117647058823,1.2592322689263316,26660.826017772608,392.07097084959724,308610.1760000001,4538.384941176471,29,8488.0,0.062173588263096595,29,8488.0
8605.0,62,12427.0,180.1014492753623,1.0713371713985864,26956.08372159975,390.6678800231847,312793.37200000015,4533.23727536232,35,8629.0,0.00033311783271216156,35,8629.0
8610.0,64,12742.0,190.17910447761193,0.5571915796483631,27233.11208030159,406.46435940748637,312793.6620000001,4668.5621194029845,36,8784.0,0.022017486648359178,36,8784.0
8615.0,58,12906.0,192.62686567164178,0.8151218735653234,27499.44075327275,410.4394142279515,312796.9520000001,4668.611223880597,30,8564.0,0.045937030696223465,30,8564.0
8620.0,53,13069.0,189.40579710144928,1.9387113811546386,27803.150588772023,402.9442114314784,312798.5720000001,4533.31263768116,25,8433.0,0.1308229710911517,25,8433.0
8625.0,51,13243.0,191.92753623188406,1.7340352576795046,28099.813490309454,407.2436737726008,312798.5720000001,4533.31263768116,24,8438.0,0.09144355457471649,24,8438.0
8630.0,58,13495.0,198.4558823529412,0.9533196238187688,28161.6661029196,414.142148572347,308805.3580000001,4541.255264705883,31,8581.0,0.03959583579652839,31,8581.0
8635.0,46,12413.0,188.07575757575756,1.8196309214852877,27900.328195883674,422.73224539217694,300797.8190000001,4557.542712121212,20,7704.0,0.10378655099340468,20,7704.0
8640.0,50,12656.0,188.8955223880597,2.2893652009491676,28034.39473960936,418.4238020837218,305093.7500000001,4553.638059701492,24,7469.0,0.0309339506973707,24,7469.0
8645.0,55,12916.0,172.21333333333334,2.3981215478028672,28071.7909645433,374.2905461939106,313504.19400000013,4180.05592,28,7579.0,0.032398807093975905,28,7579.0
8650.0,54,13186.0,193.91176470588235,2.175090999802425,27284.166659035953,401.2377449858228,317698.41800000006,4672.03555882353,28,7699.0,0.14485359069929588,28,7699.0
8655.0,54,13313.0,198.70149253731344,0.9310575068890649,27473.28977376167,410.04910110092044,321894.2160000001,4804.39128358209,27,7675.0,0.04077960061485105,27,7675.0
8660.0,58,13600.0,202.98507462686567,1.375842319841761,27776.74000625901,414.5782090486419,321894.2160000001,4804.39128358209,30,7802.0,1.520590511411036e-05,30,7802.0
8665.0,58,13890.0,210.45454545454547,1.567447376274154,28019.94515737959,424.5446235966605,321893.6920000001,4877.177151515151,30,7932.0,0.0,30,7932.0
8670.0,58,14180.0,228.70967741935485,0.6064147182200352,28173.738076951395,454.4151302734096,321890.5500000001,5191.783064516128,30,8062.0,0.0,30,8062.0
8675.0,50,14159.0,232.11475409836066,1.2968933049976648,28441.011727280224,466.2460938898397,321887.5500000001,5276.845081967213,22,7826.0,0.028300709346869235,22,7826.0
8680.0,45,14188.0,232.59016393442624,2.000368676884888,28704.62909391899,470.56769006424577,321887.5500000001,5276.845081967213,17,7653.0,0.09455086916777425,17,7653.0
8685.0,45,14276.0,237.93333333333334,1.5492900513705357,28718.40177229483,478.6400295382471,313594.5410000001,5226.575683333333,18,7720.0,0.06702599960889553,18,7720.0
8690.0,48,14476.0,245.35593220338984,1.0058339737957718,28769.56982707188,487.6198275774895,305300.6930000001,5174.588016949153,21,7830.0,0.07972833755856712,21,7830.0
8695.0,38,9547.0,159.11666666666667,1.7336642552409487,28695.482133528756,478.2580355588127,301307.42400000006,5021.7904,16,4476.0,0.11648952401426513,16,4476.0
8700.0,35,6754.0,108.93548387096774,3.253700483995039,28941.84477772171,466.8039480277696,309774.60800000007,4996.36464516129,20,4561.0,0.1097538714697451,20,4561.0
8705.0,32,3120.0,48.0,3.4562373191714366,29166.36114495166,448.7132483838718,314003.2300000001,4830.818923076924,26,5542.0,0.04258130714002118,26,5542.0
8710.0,34,752.0,12.327868852459016,2.9416364701986364,21632.500488458336,354.63115554849736,285295.18400000007,4676.970229508197,31,6746.0,0.0991158752811971,31,6746.0
8715.0,35,790.0,13.389830508474576,2.0481936339400186,17144.815522110854,290.59009359509923,273623.047,4637.678762711864,28,6607.0,0.01891438857455745,28,6607.0
8720.0,39,885.0,14.047619047619047,2.2117326902209786,16730.374918010148,265.5615066350817,290226.51000000007,4606.77,27,6523.0,0.04643321550834144,27,6523.0
8725.0,40,981.0,14.863636363636363,2.2622459033543945,16808.21102045596,254.66986394630246,297864.79900000006,4513.103015151514,24,6636.0,0.051809188933640025,24,6636.0
8730.0,47,1175.0,18.076923076923077,1.1176948696016682,16325.684384827084,251.16437515118585,297974.83300000004,4584.2282,28,6772.0,0.06553197235074762,28,6772.0
8735.0,46,1222.0,17.71014492753623,1.390529784818203,16629.414009999575,241.0060001449214,318198.1360000001,4611.567188405797,26,6760.0,0.05446960419476802,26,6760.0
8740.0,55,1480.0,21.142857142857142,1.5999024081350715,16759.9517553008,239.42788221858282,322572.4850000001,4608.178357142857,30,6873.0,0.049588913488381514,30,6873.0
8745.0,61,1773.0,24.28767123287671,1.34410870048022,17013.3266783817,233.05926956687273,331076.08900000004,4535.288890410959,34,7027.0,0.03147195861591587,34,7027.0
8750.0,63,2082.0,30.17391304347826,0.8404492906678537,17242.582226655333,249.89249603848313,331075.135,4798.190362318841,36,7193.0,0.025036948808317087,36,7193.0
8755.0,52,1861.0,27.776119402985074,0.9957326761815918,17463.08938425903,260.64312513819453,331075.135,4941.419925373135,28,4485.0,0.06412454143846495,28,4485.0
8760.0,46,1802.0,26.895522388059703,1.8161679096290686,17760.31813493649,265.0793751483059,331075.135,4941.419925373135,30,5541.0,0.031872404089271535,30,5541.0
8765.0,41,1701.0,23.95774647887324,2.553021219622455,18050.267199834536,254.22911549062732,331078.135,4663.072323943661,34,5733.0,0.018127784947631672,34,5733.0
8770.0,44,1761.0,25.52173913043478,1.9697065241802212,13967.329381422762,202.4250634988806,294806.229,4272.554043478261,37,5911.0,0.0724723289984434,37,5911.0
8775.0,37,1289.0,18.681159420289855,1.9248832323541132,11821.82727371913,171.33083005390048,296962.747,4303.8079275362325,26,5563.0,0.07835822179498145,26,5563.0
8780.0,45,1285.0,18.098591549295776,1.3667235467447951,11652.409355421578,164.1184416256561,313397.033,4414.042718309859,27,5627.0,0.062256766411937746,27,5627.0
8785.0,49,1319.0,18.577464788732396,1.1010462977419795,11917.323721991454,167.8496298872036,317177.06200000003,4467.282563380281,30,5767.0,0.012340803869050447,30,5767.0
8790.0,57,1591.0,23.057971014492754,0.5965485265923433,12001.591970093385,173.93611550859978,312931.47,4535.238695652173,36,5974.0,0.004048704418405808,36,5974.0
8795.0,58,1752.0,25.02857142857143,1.158424075822331,12080.751366367016,172.58216237667168,321508.5609999999,4592.979442857142,32,6066.0,0.02458050716870977,32,6066.0
8800.0,61,2051.0,28.887323943661972,1.5004196049701548,12216.014025807122,172.0565355747482,317331.513,4469.457929577464,33,6209.0,0.05310278433289601,33,6209.0
8805.0,63,2361.0,31.48,1.6952483782073686,12543.270736365654,167.24360981820865,317334.513,4231.12684,35,6364.0,0.04362971625663552,35,6364.0
8810.0,63,2676.0,38.22857142857143,0.6333357788126197,12717.143648327889,181.67348069039846,317333.98699999996,4533.3426714285715,35,6524.0,0.04042539703148025,35,6524.0
8815.0,61,2815.0,40.79710144927536,0.5632141496598267,13024.652074588574,188.76307354476197,317330.98699999996,4598.999811594203,33,6353.0,0.01896964847175891,33,6353.0
8820.0,58,2961.0,42.91304347826087,1.4056785555542928,13343.702667419822,193.38699517999748,317330.98699999996,4598.999811594203,30,6099.0,0.037537661734890836,30,6099.0
8825.0,55,3130.0,42.87671232876713,1.7478905830999898,13600.421828888717,186.3071483409414,313080.977,4288.780506849314,28,6225.0,0.05485423766022727,28,6225.0
8830.0,57,3383.0,48.32857142857143,1.2910699118876017,13225.838340898805,188.94054772712585,300594.54399999994,4294.207771428571,31,6412.0,0.08492368475485369,31,6412.0
8835.0,49,2170.0,30.56338028169014,1.4866833979990632,13379.122368618493,188.43834321997886,305034.941,4296.266774647886,21,5412.0,0.06867618950953443,21,5412.0
8840.0,52,2420.0,33.611111111111114,2.8929156280833688,13674.901807038454,189.92919176442297,309353.366,4296.574527777778,26,5153.0,0.07537364082194667,26,5153.0
8845.0,56,2687.0,36.310810810810814,2.601715973682515,13569.827022311069,183.3760408420415,317989.917,4297.16104054054,30,5275.0,0.03229458678664292,30,5275.0
8850.0,58,2970.0,43.6764705882353,1.220009781049653,12773.19613953782,187.8411196990856,322301.533,4739.728426470588,32,5414.0,0.038310039953674234,32,5414.0
8855.0,54,3066.0,47.16923076923077,1.3033430746114099,12929.608619051198,198.91705567771072,322297.19499999995,4958.418384615385,26,5377.0,0.017597432607892555,26,5377.0
8860.0,56,3341.0,51.4,1.383298371140154,13220.631564593354,203.39433176297464,322297.19499999995,4958.418384615385,27,5477.0,0.04044268823814076,27,5477.0
8865.0,57,3621.0,57.476190476190474,1.0389601002870572,13440.938629240785,213.34823221017123,322296.383,5115.815603174604,29,5603.0,0.0,29,5603.0
8870.0,57,3906.0,65.1,0.6814864741630108,13642.07492796266,227.3679154660444,322292.90099999995,5371.548349999999,29,5733.0,0.0,29,5733.0
8875.0,50,3896.0,66.03389830508475,0.8784711392129126,13818.359517599814,234.2094833491494,322294.241,5462.614254237288,22,5481.0,0.024348858149307727,22,5481.0
8880.0,45,3923.0,66.49152542372882,2.210861737918155,14076.671786904379,238.58765740515898,322294.241,5462.614254237288,17,5294.0,0.08351929095446066,17,5294.0
8885.0,41,3989.0,61.36923076923077,3.2789989602148175,14326.344581350513,220.4053012515464,322300.241,4958.465246153846,14,5023.0,0.18618036877660196,14,5023.0
8890.0,41,4160.0,68.19672131147541,3.0301580909409274,13934.318595991477,228.431452393303,305350.0889999999,5005.739163934425,15,5043.0,0.24702202375597843,15,5043.0
8895.0,48,4385.0,71.88524590163935,1.26526792924127,13879.557671468445,227.5337323191549,305577.20099999994,5009.462311475409,21,5123.0,0.08132754448196496,21,5123.0
8900.0,48,4581.0,75.09836065573771,1.135617566368937,13733.635682858025,225.14156857144303,297180.664,4871.814163934426,22,5176.0,0.05761081169954098,22,5176.0
8905.0,52,4831.0,76.68253968253968,1.6835664700866808,14006.833248192454,222.3306864792453,305890.994,4855.412603174604,25,5279.0,0.06232785452655039,25,5279.0
8910.0,52,5087.0,80.74603174603175,1.6293886272018536,14269.674297154475,226.50276662149966,310242.496,4924.484063492063,26,5390.0,0.08431968293721448,26,5390.0
8915.0,56,5354.0,86.35483870967742,0.5078239942653826,14481.653193139062,233.57505150224299,318937.07599999994,5144.146387096773,30,5512.0,0.017433732899539374,30,5512.0
8920.0,48,4098.0,65.04761904761905,1.3563912917923306,14751.118267966867,234.14473441217254,327642.27799999993,5200.671079365077,25,3540.0,0.08984364667818995,25,3540.0
8925.0,42,3001.0,44.13235294117647,2.556033926267248,15028.04583008856,221.00067397189062,331990.95399999997,4882.219911764704,29,3156.0,0.08241278861814841,29,3156.0
8930.0,35,2039.0,29.55072463768116,4.057330610270773,15271.289667753765,221.3230386630981,336340.4089999999,4874.498681159419,29,2449.0,0.12191963529320127,29,2449.0
8935.0,36,1497.0,23.390625,3.1896359109391406,10665.210258592813,166.64391029051274,299742.6629999999,4683.479109375,33,4164.0,0.0541537314802285,33,4164.0
8940.0,43,1698.0,27.387096774193548,1.8162086530341985,8540.15767194931,137.7444785798276,285404.4469999999,4603.297532258063,41,4492.0,0.00033706319859781335,41,4492.0
8945.0,36,824.0,12.484848484848484,1.8255659219004654,7301.886611495142,110.63464562871425,294718.28799999994,4465.4286060606055,27,4105.0,0.037750350880581096,27,4105.0
8950.0,42,771.0,11.014285714285714,2.2177382416023024,7417.798360485192,105.9685480069313,311093.04299999995,4444.186328571427,23,3888.0,0.10948015081978821,23,3888.0
8955.0,45,851.0,11.819444444444445,1.6583377904256602,7633.518560173396,106.02109111351943,331135.07399999996,4599.09825,26,4006.0,0.024366575733759194,26,4006.0
8960.0,56,1089.0,15.338028169014084,1.1499739372309252,7679.375078542215,108.16021237383403,338663.10899999994,4769.90294366197,33,4187.0,0.033803183909344565,33,4187.0
8965.0,58,1259.0,17.246575342465754,1.5407652362932382,7830.5534833677975,107.26785593654522,338694.5069999999,4639.650780821917,32,4242.0,0.010351467247459232,32,4242.0
8970.0,60,1558.0,21.943661971830984,1.6254718748865995,7810.056600977936,110.00079719687236,334403.56899999996,4709.90942253521,32,4393.0,0.048499711848691236,32,4393.0
8975.0,61,1860.0,26.956521739130434,1.0760432081106253,7908.739213886609,114.61940889690737,334399.0309999999,4846.3627681159405,33,4555.0,0.0018650073821157068,33,4555.0
8980.0,63,2173.0,32.43283582089552,0.5926633762196571,8114.634740670695,121.11395135329396,334400.6589999999,4991.054611940297,35,4728.0,0.02301270281218489,35,4728.0
8985.0,55,2186.0,33.121212121212125,1.0638520832378113,8403.359711364925,127.3236319903777,334400.6589999999,5066.676651515151,27,4405.0,0.08387922775219317,27,4405.0
8990.0,54,2306.0,34.93939393939394,0.7352750365114975,8714.675085300278,132.04053159545876,334400.6589999999,5066.676651515151,25,4493.0,0.02845189381268624,25,4493.0
8995.0,53,2460.0,37.84615384615385,0.8651497459616977,8841.65833536746,136.02551285180715,330110.41899999994,5078.621830769231,25,4619.0,0.02493596392090864,25,4619.0
9000.0,56,2687.0,41.33846153846154,0.8540421375519391,9088.892109261578,139.82910937325508,330171.8619999999,5079.567107692308,29,4809.0,0.012631241674358508,29,4809.0
9005.0,57,2900.0,40.84507042253521,1.1054318256031368,9138.747543674956,128.71475413626698,334596.6549999999,4712.628943661971,30,4921.0,0.014641685854777431,30,4921.0
9010.0,57,3182.0,44.19444444444444,2.2209275649206996,9447.360083874783,131.2133344982609,339011.0049999999,4708.486180555556,31,5073.0,0.13390154163503046,31,5073.0
9015.0,59,3471.0,48.208333333333336,0.9515906156782086,9744.345930859783,135.33813792860812,343427.5809999999,4769.827513888889,33,5232.0,0.05570157485531355,33,5232.0
9020.0,68,3798.0,55.04347826086956,0.0020987111609186287,9862.945485569118,142.94123892129156,339108.6889999999,4914.61868115942,40,5421.0,0.0002717095315349687,40,5421.0
9025.0,62,3965.0,57.46376811594203,0.5878824402253917,10199.993811340319,147.82599726580173,339108.6889999999,4914.61868115942,34,5302.0,0.018599411115410684,34,5302.0
9030.0,57,4123.0,58.070422535211264,1.5508402103898566,10519.149051288228,148.15702889138353,339109.4609999999,4776.189591549294,29,5209.0,0.05073731882009766,29,5209.0
9035.0,53,4300.0,61.42857142857143,1.5920283856326167,10631.4370581734,151.87767225962,330375.61499999993,4719.651642857142,26,5241.0,0.05867086941510689,26,5241.0
9040.0,57,4556.0,66.02898550724638,1.006622281590741,10753.862736288003,155.8530831346087,326072.50099999993,4725.688420289854,31,5422.0,0.06246197469264157,31,5422.0
9045.0,48,3427.0,47.59722222222222,1.6469775683817858,10764.884148078148,149.51227983441873,326280.9539999999,4531.679916666666,21,4500.0,0.05640592111893085,21,4500.0
9050.0,51,3679.0,51.09722222222222,3.0486642243968207,10925.21989477741,151.73916520524182,326362.72999999986,4532.8156944444445,24,4285.0,0.10909790630560162,24,4285.0
9055.0,56,3943.0,54.013698630136986,2.005688065052127,10664.402418344524,146.0877043608839,335232.10199999996,4592.220575342466,30,4424.0,0.017732507036418398,30,4424.0
9060.0,59,4237.0,63.23880597014925,1.1218117067796498,10155.67162037119,151.57718836374906,339662.01299999986,5069.582283582088,33,4588.0,0.02690856351108838,33,4588.0
9065.0,54,4285.0,63.01470588235294,1.2655788084068007,10361.124577526116,152.3694790812664,339661.0989999999,4995.0161617647045,26,4545.0,0.04707658320115815,26,4545.0
9070.0,56,4560.0,68.05970149253731,1.6652795205912287,10612.227717032265,158.39145846316816,339661.0989999999,5069.568641791044,28,4632.0,0.09372638702867105,28,4632.0
9075.0,57,4841.0,73.34848484848484,1.143680620217796,10858.017019808627,164.51540939103984,339657.9989999999,5146.333318181817,29,4773.0,0.0005435309954116487,29,4773.0
9080.0,59,5131.0,76.58208955223881,1.0884875792981588,11045.37242222197,164.8563048092832,339660.6389999999,5069.561776119403,31,4923.0,4.314019513791289e-07,31,4923.0
9085.0,51,5137.0,80.265625,1.5924744808315907,11201.832452505372,175.02863207039647,339659.3049999999,5307.176640625,23,4730.0,0.05940965058311894,23,4730.0
9090.0,46,5172.0,82.0952380952381,2.252162458937648,11441.008923765052,181.60331625023895,339659.3049999999,5391.417539682537,18,4566.0,0.17130633836022888,18,4566.0
9095.0,47,5255.0,83.41269841269842,1.7971753778672492,11679.293061318442,185.38560414791178,335220.4409999999,5320.9593809523785,20,4533.0,0.07162533589339845,20,4533.0
9100.0,51,5462.0,91.03333333333333,1.0514740664621631,11410.827881734185,190.18046469556978,322200.6519999998,5370.010866666665,24,4678.0,0.0814195318784269,24,4678.0
9105.0,49,5636.0,92.39344262295081,1.1995307423460753,11345.374505365111,185.989745989592,317970.69199999986,5212.634295081965,23,4756.0,0.06107878493493692,23,4756.0
9110.0,52,5892.0,93.52380952380952,1.5511316786031704,11622.895440514352,184.49040381768808,326910.89299999987,5189.0617936507915,26,4882.0,0.02391852157125203,26,4882.0
9115.0,55,6159.0,96.234375,1.3883239020038856,11883.802448089258,185.68441325139457,335856.6849999999,5247.760703125,28,5019.0,0.0645479627698762,28,5019.0
9120.0,59,6440.0,105.57377049180327,0.13884111560357995,12085.871404238147,198.12903941374006,340325.4069999999,5579.105032786883,33,5170.0,0.011745589073001769,33,5170.0
9125.0,53,6580.0,96.76470588235294,1.4120218578330166,12392.599334304501,182.24410785741907,344800.4969999999,5070.595544117647,26,4969.0,0.04852047291408202,26,4969.0
9130.0,51,6724.0,96.05714285714286,2.6844945604914163,12674.958086630015,181.07082980900023,344801.55699999986,4925.736528571429,21,4882.0,0.1720644143638412,21,4882.0
9135.0,47,6903.0,100.04347826086956,2.054116391770252,12902.563605316158,186.99367543936455,340366.2499999999,4932.84420289855,20,4901.0,0.06937178322232918,20,4901.0
9140.0,53,7152.0,111.75,0.9632648803983401,12523.920805811415,195.68626259080338,318416.519,4975.258109375,27,5051.0,0.09453756817624137,27,5051.0
9145.0,53,7361.0,113.24615384615385,0.9654511229765781,12710.160295071482,195.54092761648434,322965.95999999996,4968.707076923078,26,5130.0,0.015362385638833489,26,5130.0
9150.0,55,7631.0,115.62121212121212,1.5023536481807453,13008.229599997998,197.0943878787575,327446.235,4961.306590909092,29,5270.0,0.05150628528946349,29,5270.0
9155.0,57,7915.0,119.92424242424242,0.9812532706673897,13254.39540619955,200.82417282120525,336405.515,5097.053257575759,31,5424.0,0.02393280392638737,31,5424.0
9160.0,62,8213.0,122.58208955223881,0.49250197733884515,13522.35377247035,201.8261757085126,340884.24600000004,5087.824567164181,35,5591.0,0.03331721634742716,35,5591.0
9165.0,57,8377.0,123.19117647058823,1.2066480524842598,13839.522293768221,203.522386673062,340884.24600000004,5013.003617647059,29,5562.0,0.08687187439448034,29,5562.0
9170.0,53,8547.0,125.69117647058823,1.7371478617354845,14143.005571869726,207.98537605690774,340884.24600000004,5013.003617647059,25,5531.0,0.07458753702800716,25,5531.0
9175.0,53,8747.0,132.53030303030303,1.420733696426119,14411.727999521496,218.359515144265,331917.41500000004,5029.0517424242435,26,5614.0,0.06603441663303808,26,5614.0
9180.0,55,8999.0,138.44615384615383,0.8818955566131358,14479.963236261794,222.76866517325828,327542.22800000006,5039.1112,28,5765.0,0.03961306567387147,28,5765.0
9185.0,47,8449.0,124.25,1.9845596122989932,14495.66883887102,213.17160057163258,318696.9320000001,4686.719588235295,21,5191.0,0.09198426233188937,21,5191.0
9190.0,52,8696.0,124.22857142857143,2.897565914812122,14770.473361841574,211.00676231202243,327691.24400000006,4681.3034857142875,25,5210.0,0.10774743046878744,25,5210.0
9195.0,54,8961.0,133.7462686567164,1.8621642296721153,14512.0899557774,216.5983575489164,332184.26500000013,4957.974104477612,28,5345.0,0.05043005613036502,28,5345.0
9200.0,58,9244.0,144.4375,0.8525670209782649,14499.79054884302,226.5592273256722,341171.9460000001,5330.81165625,32,5498.0,0.035766810412120986,32,5498.0
9205.0,61,9539.0,142.37313432835822,0.6052500067953731,14761.26298607152,220.3173580010675,345665.6360000001,5159.188597014925,33,5661.0,0.016489763647154144,33,5661.0
9210.0,54,9653.0,141.9558823529412,1.3418503464270048,15068.762448343972,221.5994477697643,345666.4120000001,5083.329588235295,26,5629.0,0.0758523243210128,26,5629.0
9215.0,53,9816.0,142.2608695652174,2.171130232483021,15367.223584504209,222.7133852826697,345666.4120000001,5009.658144927538,25,5632.0,0.05689122170355998,25,5632.0
9220.0,52,9975.0,146.69117647058823,1.5243469072365725,15619.631726099522,229.70046656028717,341186.7760000001,5017.4525882352955,25,5753.0,0.05911088189482688,25,5753.0
9225.0,56,10226.0,157.3230769230769,0.6648348127998138,15703.361342300168,241.59017449692564,327759.3640000001,5042.451753846154,29,5905.0,0.03377093084193301,29,5905.0
9230.0,49,10187.0,159.171875,1.2198172898224109,15819.459587735497,247.17905605836717,323332.4180000001,5052.069031249999,23,5817.0,0.07273922602094296,23,5817.0
9235.0,51,10439.0,153.51470588235293,1.8441267681728808,16109.876991384355,236.90995575565228,332360.78600000014,4887.65861764706,25,5880.0,0.05928554002677567,25,5880.0
9240.0,56,10710.0,155.2173913043478,1.9205205494470332,16257.107189506858,235.61024912328784,341377.5070000001,4947.500101449276,29,6015.0,0.0560415036186211,29,6015.0
9245.0,59,10995.0,159.34782608695653,1.012308783070027,16386.460408359722,237.48493345448884,341380.1190000001,4947.53795652174,31,6166.0,0.03971224789775718,31,6166.0
9250.0,56,11137.0,166.22388059701493,1.2979937242127026,16633.9215262038,248.2674854657285,341380.1190000001,5095.225656716418,28,6125.0,0.06956930545271314,28,6125.0
9255.0,51,11295.0,168.5820895522388,1.464953103136107,16931.53754187947,252.70951555043982,341380.1190000001,5095.225656716418,23,6115.0,0.0562608278577127,23,6115.0
9260.0,52,11483.0,164.04285714285714,1.4709608476821228,17232.40949981816,246.17727856883087,341382.8910000001,4876.898442857145,25,6237.0,0.05215044072287362,25,6237.0
9265.0,55,11731.0,177.74242424242425,0.9476859977812313,17170.159430968557,260.1539307722509,323477.2030000001,4901.169742424243,28,6388.0,0.04462081028950232,28,6388.0
9270.0,54,11932.0,180.78787878787878,1.2099304401692186,17376.72709597299,263.2837438783786,323526.70100000006,4901.919712121212,28,6475.0,0.05902855583462344,28,6475.0
9275.0,58,12211.0,176.97101449275362,1.6297791318817794,17680.838405085025,256.2440348563049,332587.84300000005,4820.113666666667,32,6624.0,0.058682072538476786,32,6624.0
9280.0,61,12505.0,183.89705882352942,0.8219300051397006,17935.182662025967,263.7526862062643,341640.281,5024.121779411766,34,6788.0,0.03305284635729551,34,6788.0
9285.0,65,12817.0,183.1,0.29826208592786335,18208.20773387121,260.1172533410173,341640.77300000004,4880.582471428573,37,6962.0,0.00017783617238166857,37,6962.0
9290.0,54,11921.0,170.3,1.3018940014905132,18534.596980682665,264.77995686689525,341640.77300000004,4880.582471428573,25,6455.0,0.06524275884487243,25,6455.0
9295.0,49,11889.0,169.84285714285716,1.4928616923024716,18847.06542544008,269.24379179200116,341640.77300000004,4880.582471428573,20,6158.0,0.08100668960771072,20,6158.0
9300.0,53,12055.0,174.71014492753622,1.235257910867885,19143.027801722725,277.43518553221355,337108.808,4885.634898550726,25,6256.0,0.034799275155937115,25,6256.0
9305.0,56,12293.0,178.15942028985506,0.984243534201341,18887.561646862625,273.73277749076266,332571.164,4819.871942028986,30,6401.0,0.008049232234140327,30,6401.0
9310.0,60,12536.0,179.0857142857143,1.3090671646135288,18784.993924217608,268.3570560602516,337120.16500000004,4816.002357142858,32,6516.0,0.0884190328603021,32,6516.0
9315.0,61,12834.0,180.7605633802817,1.3325517986428215,18964.12291999379,267.1003228168139,337195.22400000005,4749.228507042255,34,6666.0,0.026994508654946764,34,6666.0
9320.0,62,13139.0,187.7,1.410377182547005,19263.142786498163,275.1877540928309,337194.978,4817.071114285715,34,6817.0,0.060635748219358396,34,6817.0
9325.0,65,13455.0,197.86764705882354,0.4604848765192649,19525.744915946143,287.14330758744325,337194.978,4958.749676470588,37,6978.0,0.0002365270269397359,37,6978.0
9330.0,59,13589.0,205.8939393939394,0.7611574486388231,19835.602411149386,300.5394304719603,337194.978,5109.0148181818195,31,6890.0,0.043542745646161354,31,6890.0
9335.0,55,13752.0,205.2537313432836,1.4976345662656623,20141.12474239592,300.6138021253123,337194.978,5032.760865671643,27,6736.0,0.031601903689170374,27,6736.0
9340.0,52,13875.0,207.08955223880596,1.5834678208695072,20256.975825406284,302.3429227672579,328170.74600000004,4898.070835820896,25,6847.0,0.08311398187330143,25,6847.0
9345.0,55,14115.0,217.15384615384616,0.9723233971395397,20151.040855927964,310.01601316812264,319265.54500000004,4911.777615384615,28,6993.0,0.09192030524547679,28,6993.0
9350.0,56,14351.0,220.7846153846154,0.9115963109255562,20326.48583900369,312.715166753903,319349.59900000005,4913.070753846155,30,7111.0,0.051283028402180963,30,7111.0
9355.0,58,14637.0,218.46268656716418,0.8259032870438608,20634.29822345715,307.9746003501068,328513.0200000001,4903.179402985075,32,7252.0,0.021670629935852614,32,7252.0
9360.0,62,14939.0,222.97014925373134,0.7007690721952846,20909.59923270372,312.08357063736895,337664.8480000001,5039.773850746268,35,7409.0,0.027596595893598353,35,7409.0
9365.0,63,15248.0,203.30666666666667,0.7711673284369582,21225.980775251606,283.01307700335474,342250.8110000001,4563.344146666667,37,7573.0,0.0003854741729919099,37,7573.0
9370.0,57,15414.0,205.52,1.9695345014505037,21543.56083373411,287.2474777831213,346830.3630000001,4624.40484,31,7491.0,0.11949957520025865,31,7491.0
9375.0,58,15612.0,208.16,1.646160850141972,21869.222686657384,291.5896358220984,346830.3630000001,4624.40484,30,7441.0,0.049367874990384565,30,7441.0
9380.0,60,15836.0,216.93150684931507,1.2635302525072076,22016.092857440366,301.5903131156215,337766.5270000001,4626.938726027397,33,7589.0,0.04246967860930363,33,7589.0
9385.0,62,16130.0,224.02777777777777,0.8337856552165316,22202.244956040395,308.36451327833885,333267.1940000001,4628.711027777778,36,7756.0,0.026652003856731887,36,7756.0
9390.0,51,15218.0,211.36111111111111,1.6279412042372186,22263.138858241746,309.2102619200242,324262.387,4503.644263888888,24,6928.0,0.06713423968703185,24,6928.0
9395.0,55,15482.0,201.06493506493507,2.906426660143342,22563.9177062526,293.0378922889949,333442.683,4330.424454545455,29,6827.0,0.04555929455253882,29,6827.0
9400.0,58,15762.0,210.16,2.175074682102152,22447.655687276554,299.3020758303541,338031.358,4507.084773333333,31,6961.0,0.050808009853039376,31,6961.0
9405.0,63,16073.0,236.36764705882354,0.6657772312649635,21943.916740287626,322.7046579454064,338022.802,4970.92355882353,35,7117.0,0.00036223498392888467,35,7117.0
9410.0,58,16236.0,249.7846153846154,0.6114912032262285,22183.693447731126,341.2875915035558,338019.698,5200.303046153846,30,7039.0,0.029654158845850733,30,7039.0
9415.0,54,16398.0,244.7462686567164,1.4154331463804646,22489.44999833229,335.66343281092975,338021.05000000005,5045.090298507464,26,6975.0,0.04506290299481712,26,6975.0
9420.0,52,16576.0,247.40298507462686,1.773009438901908,22785.020985703344,340.0749400851246,338021.05000000005,5045.090298507464,25,7085.0,0.052553717005641605,25,7085.0
9425.0,53,16817.0,251.0,0.9219934581838785,22646.900558103775,338.013441165728,324472.0840000001,4842.866925373135,27,7241.0,0.055432292132098535,27,7241.0
9430.0,52,16799.0,247.0441176470588,1.4716167178058144,22820.55860985528,335.59645014493066,329171.2630000001,4840.753867647059,25,7150.0,0.11205084463460209,25,7150.0
9435.0,53,17060.0,247.2463768115942,1.7580925144074047,23115.71094549226,335.010303557859,333778.7030000001,4837.372507246377,27,7194.0,0.04823124774151538,27,7194.0
9440.0,58,17339.0,240.81944444444446,1.4812721741173567,23367.438237306018,324.54775329591695,342996.01300000004,4763.83351388889,32,7328.0,0.00038487517299718067,32,7328.0
9445.0,58,17627.0,244.81944444444446,1.693759930541778,23508.854179300484,326.5118636013956,347607.97900000005,4827.888597222222,32,7472.0,0.019289857835909082,32,7472.0
9450.0,48,17008.0,246.4927536231884,2.039070784055795,23731.30369203482,343.9319375657222,347604.97900000005,5037.7533188405805,20,6873.0,0.129820001463602,20,6873.0
9455.0,48,16923.0,252.5820895522388,1.6800376852989358,23943.009004190648,357.35834334612923,347604.97900000005,5188.134014925373,18,6562.0,0.08188964873372652,18,6562.0
9460.0,47,17058.0,258.45454545454544,1.4996627868152188,24103.17253795459,365.1995839084029,343053.59400000004,5197.781727272727,19,6634.0,0.06570518977825637,19,6634.0
9465.0,53,17292.0,266.03076923076924,0.784323703396709,24083.42271789914,370.5141956599867,333869.6450000001,5136.456076923077,25,6744.0,0.012927422189136934,25,6744.0
9470.0,53,17510.0,265.3030303030303,1.5230501037993558,24377.808177285868,369.36072995887673,338493.5290000001,5128.689833333334,27,6846.0,0.03823902824025313,27,6846.0
9475.0,55,17781.0,273.55384615384617,1.0830952771847895,23951.556948519097,368.4854915156784,343116.7040000001,5278.718523076923,29,6969.0,0.07472275470463843,29,6969.0
9480.0,58,18067.0,282.296875,0.7142826394959154,24230.217327326325,378.59714573947394,343115.7420000001,5361.1834687499995,30,7102.0,0.012477216239548634,30,7102.0
9485.0,60,18365.0,274.1044776119403,0.9785521803550419,24425.594792131065,364.56111630046365,338534.3560000001,5052.751582089551,32,7245.0,5.773125073759048e-07,32,7245.0
9490.0,56,18489.0,280.1363636363636,1.2741031637284472,24673.391593685938,373.839266570999,338535.1760000001,5129.320848484848,26,7157.0,0.09665022896714937,26,7157.0
9495.0,51,18611.0,281.9848484848485,1.7109501965200076,24968.846164053462,378.31585097050703,338535.1760000001,5129.320848484848,23,7085.0,0.0694505786931554,23,7085.0
9500.0,50,18765.0,288.6923076923077,1.8546845878845701,25214.91144138365,387.92171448282534,333925.1440000001,5137.309907692308,23,7099.0,0.11387239514070831,23,7099.0
9505.0,53,18996.0,306.38709677419354,0.5872607667723373,24989.961776463348,403.06389962037645,320268.37600000005,5165.618967741936,27,7232.0,0.03883651118213432,27,7232.0
9510.0,52,19201.0,304.77777777777777,1.1081043837679179,25160.82429063754,399.37816334345297,324993.804,5158.631809523809,25,7318.0,0.05220744751452216,25,7318.0
9515.0,54,19465.0,299.46153846153845,1.2426958525161658,25454.024163224076,391.6003717419089,329647.484,5071.499753846154,28,7437.0,0.022293807604572623,28,7437.0
9520.0,58,19748.0,282.1142857142857,1.791342420248378,25755.792759083044,367.9398965583291,338961.227,4842.303242857142,31,7575.0,0.06772081159576544,31,7575.0
9525.0,60,20042.0,290.463768115942,0.7749743714776365,25975.43754697275,376.4556166227934,343611.743,4979.8803333333335,34,7724.0,0.035900860550809946,34,7724.0
9530.0,57,20201.0,288.5857142857143,1.2473769414212306,26296.706755756386,375.6672393679483,348262.608,4975.180114285715,29,7632.0,0.08039222387843571,29,7632.0
9535.0,56,20400.0,291.42857142857144,1.7228601460060233,26607.025379525472,380.10036256464963,348262.608,4975.180114285715,28,7597.0,0.059419600412436435,28,7597.0
9540.0,54,20591.0,298.42028985507244,1.7186030408832609,26857.94623050599,389.24559754356517,343635.985,4980.231666666667,27,7651.0,0.05868409167980431,27,7651.0
9545.0,57,20852.0,293.6901408450704,1.2953558205182665,26890.35572847538,378.73740462641376,329814.3149999999,4645.272042253521,30,7790.0,0.0366025111008411,30,7790.0
9550.0,49,20415.0,291.64285714285717,2.113626704400857,26866.09288659107,383.80132695130095,320669.143,4580.987757142857,23,7291.0,0.13099962930276432,23,7291.0
9555.0,53,20670.0,283.1506849315069,2.560477687368554,27161.872387973886,372.0804436708751,330004.06700000004,4520.603657534246,27,7329.0,0.0908056287268143,27,7329.0
9560.0,58,20949.0,286.972602739726,2.0696959050920984,27284.176193173877,373.7558382626559,339330.38700000005,4648.361465753425,31,7463.0,0.04311388787029959,31,7463.0
9565.0,61,21246.0,312.44117647058823,0.6742730013067119,27021.343234310167,397.3726946222083,343984.91900000005,5058.60175,35,7615.0,0.00023699773019559417,35,7615.0
9570.0,57,21414.0,319.6119402985075,0.8430450365783676,27295.98769601464,407.40280143305426,343984.77700000006,5134.101149253732,29,7576.0,0.023952665955695295,29,7576.0
9575.0,53,21581.0,317.36764705882354,1.9322221420521397,27598.369718048038,405.8583782065888,343984.77700000006,5058.599661764705,25,7557.0,0.0418025144808425,25,7557.0
9580.0,50,21771.0,324.94029850746267,1.4148146066048692,27879.17566874074,416.10709953344394,339318.268,5064.451761194029,23,7658.0,0.06251901413802016,23,7658.0
9585.0,56,22025.0,338.84615384615387,0.6659454994613508,27919.195378019398,429.52608273875995,330115.037,5078.692876923076,29,7794.0,0.036399981600550566,29,7794.0
9590.0,49,21987.0,343.546875,1.2408457728682687,28014.402182236918,437.72503409745195,325542.049,5086.594515625,23,7688.0,0.079897814456002,23,7688.0
9595.0,52,22240.0,331.94029850746267,1.5704997220350674,28304.087713025503,422.44907034366423,330226.34299999994,4928.751388059701,26,7743.0,0.05997925608174528,26,7743.0
9600.0,55,22509.0,335.95522388059703,1.7190513409570976,28491.67559199673,425.2488894327869,339583.578,5068.411611940297,29,7859.0,0.02954025053875888,29,7859.0
9605.0,58,22790.0,312.1917808219178,1.6143949975421237,28671.681866028237,392.762765288058,348945.8819999999,4780.080575342467,31,7995.0,0.06415138264310043,31,7995.0
9610.0,55,22923.0,327.4714285714286,1.8764030508482186,28838.733376843662,411.9819053834808,348945.8819999999,4984.941171428571,27,7956.0,0.11510764856026898,27,7956.0
9615.0,52,23080.0,334.4927536231884,1.781481729508341,29122.17098524637,422.0604490615416,348945.8819999999,5057.186695652173,24,7938.0,0.05945364901570887,24,7938.0
9620.0,54,23281.0,332.5857142857143,1.5567089490654882,29329.009338369993,418.98584769099995,344289.315,4918.418785714284,27,8053.0,0.04754623686468885,27,8053.0
9625.0,56,23542.0,351.3731343283582,0.9756132874152509,29486.570298413575,440.09806415542647,330303.63,4929.904925373135,29,8192.0,0.03379300589880309,29,8192.0
9630.0,53,23745.0,354.4029850746269,1.2163620144569853,29603.807771561504,441.8478771874852,325690.198,4861.047731343283,27,8261.0,0.07364119582191661,27,8261.0
9635.0,57,24023.0,343.1857142857143,1.1509958496070505,29915.31161162835,427.3615944518336,335080.13999999996,4786.859142857143,31,8394.0,0.03141036486115679,31,8394.0
9640.0,62,24325.0,342.6056338028169,1.1995244060656454,30206.853377256455,425.44863911628806,344460.07799999986,4851.550394366196,35,8551.0,0.05075047824533873,35,8551.0
9645.0,64,24641.0,352.01428571428573,0.36345877663472814,30473.009052183046,435.328700745472,344459.61399999994,4920.851628571427,36,8716.0,0.007656480882723782,36,8716.0
9650.0,55,17145.0,248.47826086956522,1.291167311372362,30773.844550099773,445.99774710289535,344456.61399999994,4992.124840579709,31,6057.0,0.047670175699948164,31,6057.0
9655.0,48,11752.0,170.31884057971016,2.0819861244340285,31071.936551990002,450.3179210433334,344456.61399999994,4992.124840579709,32,4404.0,0.0502600032694228,32,4404.0
9660.0,43,5643.0,82.98529411764706,2.320867634212805,29987.901147856122,440.9985462920019,336855.70299999986,4953.760338235293,36,7195.0,0.005999077040907251,36,7195.0
9665.0,43,2345.0,35.53030303030303,2.057366536873777,24803.09575523644,375.80448113994606,297705.80399999995,4510.6939999999995,40,8089.0,0.00017540169896467007,40,8089.0
9670.0,39,1258.0,18.231884057971016,2.341726299058251,22397.423034667536,324.6003338357614,308931.3099999999,4477.265362318839,29,8102.0,0.07097034106133614,29,8102.0
9675.0,40,762.0,10.885714285714286,1.7402354042547412,21099.667386255627,301.4238198036519,319199.6889999999,4559.995557142855,25,7727.0,0.05142699006926451,25,7727.0
9680.0,45,811.0,11.753623188405797,1.4031698873917817,20249.14971476525,293.4659378951486,323974.4259999999,4695.2815362318825,26,7851.0,0.08430916566034412,26,7851.0
9685.0,57,1016.0,13.917808219178083,0.9477475016269848,20548.666191191154,281.48857796152265,336881.8479999999,4614.819835616438,35,8046.0,0.005796163412805544,35,8046.0
9690.0,58,1154.0,16.02777777777778,1.3820869872773704,20242.736656223038,281.14912022531996,341610.77499999997,4744.5940972222215,33,8080.0,0.03305785472155296,33,8080.0
9695.0,61,1452.0,20.166666666666668,1.379480585227179,20289.665894781912,281.80091520530436,341608.0949999999,4744.556874999999,33,8232.0,0.0026093416572321292,33,8232.0
9700.0,62,1761.0,24.802816901408452,1.3341783604803024,20401.41644137941,287.34389354055503,336958.4389999999,4745.893507042252,35,8407.0,0.025504325206922814,35,8407.0
9705.0,63,2073.0,30.940298507462686,0.7230668452054276,20635.36729232072,307.99055660180176,336957.90299999993,5029.22243283582,36,8584.0,0.04042926380703316,36,8584.0
9710.0,54,2070.0,30.441176470588236,0.9446668822816913,20899.29308825436,307.3425454155053,336962.17499999993,4955.326102941175,27,8099.0,0.04713223568891694,27,8099.0
9715.0,51,2148.0,32.059701492537314,1.3772693693761977,21174.813242930224,316.0419887004511,336962.17499999993,5029.28619402985,23,7949.0,0.08852860281881364,23,7949.0
9720.0,52,2310.0,35.0,1.0192256492800635,21301.2385949473,322.7460393173833,332311.30999999994,5035.019848484848,25,8069.0,0.030306695255447897,25,8069.0
9725.0,56,2519.0,35.98571428571429,0.9780345666171062,21039.29432941184,300.5613475630263,337085.52099999995,4815.5074428571415,30,8275.0,0.01313607129074308,30,8275.0
9730.0,49,2135.0,30.070422535211268,2.0593382567932723,21346.475292927327,300.6545815905257,341858.263,4814.905112676055,26,5622.0,0.09992377307556183,26,5622.0
9735.0,44,1884.0,26.535211267605632,2.345167619201677,21487.53498193186,302.6413377736881,346625.07999999996,4882.043380281689,30,4803.0,0.08233796927215586,30,4803.0
9740.0,44,1584.0,22.62857142857143,2.7089059399918085,20599.089009897983,294.2727001413998,338740.223,4839.146042857142,37,7280.0,0.07952417931024665,37,7280.0
9745.0,46,1518.0,22.65671641791045,2.0019373363210646,17010.664795934346,253.89051934230363,315606.4299999999,4710.543731343282,42,8293.0,0.004365997467980072,42,8293.0
9750.0,40,728.0,10.705882352941176,2.3770947466030217,13978.212747225238,205.561952165077,309718.0689999999,4554.677485294116,33,7647.0,0.03401299874902516,33,7647.0
9755.0,45,933.0,12.958333333333334,3.3412365370896757,13470.0182764865,187.08358717342355,336957.9559999999,4679.971611111111,33,7643.0,0.027248243583469885,33,7643.0
9760.0,51,1167.0,16.91304347826087,1.96563958031199,13232.18228151584,191.77075770312808,345801.80499999993,5011.620362318839,35,7810.0,0.011084996950843563,35,7810.0
9765.0,57,1443.0,21.220588235294116,0.9568723672386571,12915.5714842382,189.93487476820886,363475.007,5345.22069117647,36,7988.0,1.8443373620566335e-06,36,7988.0
9770.0,55,1424.0,21.253731343283583,1.0665955959988158,13098.950457439747,195.50672324536936,372322.71699999995,5557.05547761194,29,7767.0,0.04435591405673976,29,7767.0
9775.0,54,1501.0,21.442857142857143,1.5753267808119453,13406.7450405527,191.5249291507528,372324.6429999999,5318.923471428569,27,7598.0,0.06143791215266735,27,7598.0
9780.0,53,1541.0,22.014285714285716,2.0234904166784613,13709.138264871459,195.8448323553065,372324.6429999999,5318.923471428569,26,7725.0,0.07990235927559054,26,7725.0
9785.0,56,1770.0,25.285714285714285,0.9072974434902746,13365.639261629784,190.9377037375683,353582.2079999999,5051.1744,30,7947.0,0.04780421290729644,30,7947.0
9790.0,58,2001.0,28.183098591549296,1.2116348009695233,13480.74429028328,189.86963789131383,358545.8759999999,5049.9419154929565,31,8043.0,0.03483677376288366,31,8043.0
9795.0,62,2299.0,31.930555555555557,1.2378393275297401,13807.002623657869,191.76392532858156,363356.95999999985,5046.624444444445,36,8206.0,0.03196542359791344,36,8206.0
9800.0,65,2622.0,36.416666666666664,0.5375319330306854,14080.008879821009,195.55567888640294,368170.53199999983,5113.479611111111,39,8394.0,0.009273858429620953,39,8394.0
9805.0,68,2956.0,40.49315068493151,0.7835934106631135,14408.423969248417,197.37567081162223,372975.9679999998,5109.259835616437,40,8588.0,0.022690424046787897,40,8588.0
9810.0,57,2617.0,36.34722222222222,1.024296302259591,14740.425009587343,204.7281251331576,372975.9679999998,5180.221777777778,29,8327.0,0.05041934501822287,29,8327.0
9815.0,59,2886.0,39.534246575342465,1.667815678548148,15065.663427943025,206.37895106771268,372975.9679999998,5109.259835616438,30,8283.0,0.055004871399797824,30,8283.0
9820.0,61,3181.0,44.80281690140845,1.3224609071119855,15200.491020265788,214.091422820645,372972.0379999999,5253.127295774646,33,8434.0,0.014800860980226276,33,8434.0
9825.0,63,3492.0,49.885714285714286,0.9381555048304561,15361.755188016494,219.45364554309276,372972.14799999987,5328.173542857141,35,8600.0,0.00010283275530570641,35,8600.0
9830.0,56,3512.0,53.21212121212121,1.171244843588867,15349.613452634127,232.56990079748678,372968.4679999998,5651.037393939393,28,8333.0,0.017432731579862217,28,8333.0
9835.0,51,3563.0,54.815384615384616,1.7820390173771634,15577.751289080677,239.65771213970274,372968.4679999998,5737.976430769229,23,8096.0,0.09433363405753267,23,8096.0
9840.0,49,3652.0,57.96825396825397,1.2128431754158076,15799.643674539657,250.78799483396284,363344.65999999986,5767.375555555554,22,8201.0,0.05331986181381778,22,8201.0
9845.0,53,3866.0,57.701492537313435,1.0627956839997765,15420.065294276175,230.1502282727788,354159.8089999999,5285.967298507462,26,8355.0,0.04099966107947864,26,8355.0
9850.0,51,3970.0,57.53623188405797,1.8762006177441173,15492.370382776138,224.5271069967556,354337.8479999999,5135.331130434781,23,8356.0,0.13398776371884402,23,8356.0
9855.0,55,4232.0,59.605633802816904,1.64730790283709,15797.869125938609,222.50519895688183,364034.43199999986,5127.245521126759,28,8429.0,0.07999959896679651,28,8429.0
9860.0,60,4511.0,62.65277777777778,1.679372809631755,16066.372616134662,223.14406411298143,373730.8759999999,5190.706611111111,33,8576.0,0.0662771913130137,33,8576.0
9865.0,64,4813.0,67.78873239436619,1.179087716594048,16300.505001459522,229.5845774853454,373733.8519999999,5263.857070422535,36,8739.0,0.03727503636988689,36,8739.0
9870.0,57,4977.0,74.28358208955224,1.0057226220969775,16432.28331606375,245.25795994124994,373733.8519999999,5578.117194029851,29,8504.0,0.04651069246020358,29,8504.0
9875.0,54,5141.0,76.73134328358209,1.6251896306664795,16725.438202029527,249.63340600044066,373733.8519999999,5578.117194029851,26,8275.0,0.057902949998662814,26,8275.0
9880.0,50,5320.0,79.40298507462687,2.327063274209834,16762.198144315782,250.18206185545944,364189.72799999994,5435.667582089552,23,8035.0,0.12618253451752615,23,8035.0
9885.0,52,5554.0,82.8955223880597,2.0532071852978664,16802.517310339546,250.7838404528291,359520.80799999996,5365.982208955224,26,8183.0,0.116501024208616,26,8183.0
9890.0,55,5820.0,89.53846153846153,0.7059423465046297,16325.84375203359,251.1668269543629,350372.98600000003,5390.353630769231,28,8314.0,0.05759785850794995,28,8314.0
9895.0,56,6031.0,92.78461538461538,0.9374961877536813,16494.694844193622,253.76453606451733,350464.04000000004,5391.754461538461,30,8391.0,0.05405589649836799,30,8391.0
9900.0,58,6316.0,94.26865671641791,0.8895129361389625,16803.021852234724,250.79137092887655,360197.86100000003,5376.08747761194,32,8540.0,0.020292763468868387,32,8540.0
9905.0,61,6615.0,91.875,1.4542186712985727,17072.986546064865,237.12481313978984,369929.66500000004,5137.912013888888,34,8704.0,0.05067583630250845,34,8704.0
9910.0,62,6918.0,97.43661971830986,1.1177035036465028,17329.305387516815,244.07472376784253,374786.433,5278.682154929577,36,8872.0,0.09169414181176148,36,8872.0
9915.0,55,6160.0,86.7605633802817,0.9776752236400758,17649.349291515362,248.58238438754037,379648.929,5347.1680140845065,28,8293.0,0.03993757398699309,28,8293.0
9920.0,51,6100.0,85.91549295774648,1.7494468986332714,17964.01058136546,253.01423354035862,379648.929,5347.1680140845065,22,7942.0,0.08101305938661253,22,7942.0
9925.0,51,6297.0,86.26027397260275,1.9583815851522821,18253.149718620167,250.0431468304133,374779.319,5133.963273972603,23,8048.0,0.05692336919480056,23,8048.0
9930.0,56,6544.0,92.16901408450704,1.4295990727970649,18001.366040077326,253.54036676165248,360302.223,5074.679197183099,29,8187.0,0.062244583026569135,29,8187.0
9935.0,54,6744.0,94.98591549295774,1.5929202258992121,17822.294510709733,251.0182325452075,365177.8,5143.3492957746475,28,8270.0,0.038091582331671245,28,8270.0
9940.0,60,7034.0,97.69444444444444,1.4627870228001723,17929.920328629643,249.02667123096722,374924.866,5207.289805555556,33,8428.0,0.06517905528568513,33,8428.0
9945.0,65,7344.0,100.6027397260274,1.1629845977690592,18235.61489540658,249.80294377269286,379796.87899999996,5202.69697260274,37,8607.0,0.021482794066962053,37,8607.0
9950.0,66,7674.0,112.8529411764706,0.29792030923518453,18358.713270170043,269.9810775025006,374983.76900000003,5514.467191176472,38,8794.0,0.01178807050339537,38,8794.0
9955.0,60,7826.0,113.42028985507247,0.6991401567999064,18674.984646073128,270.6519513923642,374985.13300000003,5434.567144927539,32,8733.0,0.021186479840900906,32,8733.0
9960.0,55,7988.0,115.76811594202898,1.7812712128105337,18982.42194456301,275.1075644139567,374985.13300000003,5434.567144927539,27,8647.0,0.03903196039717606,27,8647.0
9965.0,52,8164.0,111.83561643835617,2.002022564586771,19286.57086293248,264.19960086208886,374988.13300000003,5136.823739726028,25,8744.0,0.08339944304136927,25,8744.0
9970.0,55,8407.0,120.1,1.5151337121895438,19299.693236505187,275.70990337864555,360487.6850000001,5149.824071428573,29,8864.0,0.08942733035966285,29,8864.0
9975.0,50,7780.0,112.7536231884058,1.600207213987104,19418.87000382769,281.4328986061983,355686.9310000001,5154.883057971016,23,8222.0,0.07445110917844908,23,8222.0
9980.0,54,8039.0,111.65277777777777,2.211759982283887,19617.279525518086,272.4622156321956,360631.8940000001,5008.776305555555,28,8187.0,0.04992311513572324,28,8187.0
9985.0,57,8316.0,112.37837837837837,2.4905992314127867,19914.44716314138,269.11415085326183,370427.9320000001,5005.782864864866,30,8299.0,0.032775210428639186,30,8299.0
9990.0,58,8601.0,128.37313432835822,0.9951016502068645,19363.248495248918,289.0037088843122,375313.7300000001,5601.697462686567,32,8419.0,0.036322123942841004,32,8419.0
9995.0,54,8749.0,134.6,0.9898956241398956,19523.09456059983,300.3553009323051,380208.18200000015,5849.356646153847,28,8380.0,0.047952228946759226,28,8380.0
10000.0,51,8905.0,137.0,1.7812914965660092,19811.547724339813,304.7930419129202,380208.18200000015,5849.356646153847,23,8340.0,0.06426443685948305,23,8340.0
10005.0,48,9095.0,129.92857142857142,2.1592767043481182,20082.468694151605,286.89240991645147,375309.7510000001,5361.567871428573,21,8356.0,0.09578339837560716,21,8356.0
10010.0,50,9330.0,137.2058823529412,1.8806586193463657,20162.775888115164,296.5114101193406,365586.08200000005,5376.265911764706,24,8454.0,0.0840184612985887,24,8454.0
10015.0,48,9318.0,141.1818181818182,1.2001168153608854,20175.131937747647,305.68381723860057,355911.04900000006,5392.591651515152,21,8326.0,0.0689583463742542,21,8326.0
10020.0,53,9568.0,140.7058823529412,1.5282843411771303,20473.305981883448,301.07802914534483,360817.4660000001,5306.139205882353,27,8364.0,0.0737933896692793,27,8364.0
10025.0,55,9841.0,134.8082191780822,2.0617083309565056,20729.569018296457,283.96669888077327,370629.7420000001,5077.119753424658,29,8470.0,0.06368491789697192,29,8470.0
10030.0,64,10132.0,138.7945205479452,1.2460402842328178,20912.572967923777,286.4736023003257,375531.291,5144.264260273973,35,8595.0,0.07646722506960085,35,8595.0
10035.0,56,10301.0,149.28985507246378,0.940964327886682,21072.761165212476,305.4023357277169,375531.291,5442.48247826087,28,8550.0,0.030904448476520262,28,8550.0
10040.0,56,10507.0,152.2753623188406,1.6832621341016398,21382.356120179855,309.88921913304137,375531.291,5442.48247826087,28,8529.0,0.07925989205503033,28,8529.0
10045.0,57,10713.0,155.2608695652174,1.3791076083752072,21678.1515451681,314.1761093502622,370623.466,5371.354579710146,29,8631.0,0.04638661787840958,29,8631.0
10050.0,57,10963.0,163.62686567164178,0.8779032311653299,21757.568255545728,324.7398247096377,360898.829,5386.549686567165,31,8777.0,0.06279734195737495,31,8777.0
10055.0,57,11185.0,164.48529411764707,1.1056459012726783,21880.999290922424,321.77940133709444,360993.52900000004,5308.72836764706,30,8834.0,0.0387161639661349,30,8834.0
10060.0,59,11475.0,161.61971830985917,1.5973428009831132,22193.568461242958,312.58547128511213,365911.37600000005,5153.681352112677,33,8959.0,0.06215669700618575,33,8959.0
10065.0,62,11778.0,168.25714285714287,0.8683166881726573,22442.66349739369,320.60947853419555,375753.5350000001,5367.907642857144,36,9097.0,0.050557625474450966,36,9097.0
10070.0,65,12098.0,177.91176470588235,0.227649168060505,22741.718977614364,334.4370437884465,375753.5350000001,5525.787279411765,37,9246.0,0.0021950321395994756,37,9246.0
10075.0,55,11541.0,172.2537313432836,0.9569994613847155,23060.13609549752,344.1811357536943,375753.5350000001,5608.261716417911,27,8635.0,0.03446984264278311,27,8635.0
10080.0,49,11502.0,171.67164179104478,1.5836769239414659,23359.54394927759,348.6499096907103,375753.5350000001,5608.261716417911,20,8333.0,0.08188921097101283,20,8333.0
10085.0,48,11642.0,157.32432432432432,1.8820138489987777,23373.82614589255,315.8625154850344,375762.1930000001,5077.867472972974,20,8397.0,0.04187931010494012,20,8397.0
10090.0,54,11867.0,167.14084507042253,1.9153817639513542,23218.15808025536,327.0163109895121,366000.8540000001,5154.941605633803,27,8501.0,0.11857927819613112,27,8501.0
10095.0,57,12118.0,173.11428571428573,1.2666533464723566,23109.468520254977,330.13526457507123,370936.1040000001,5299.087200000001,31,8604.0,0.0515606870352326,31,8604.0
10100.0,61,12419.0,172.48611111111111,1.1940823884363052,23325.443182680796,323.96448864834446,375918.3130000001,5221.087680555556,35,8740.0,0.04106497130454424,35,8740.0
10105.0,64,12736.0,179.38028169014083,1.1462093048687703,23621.902961209824,332.702858608589,375917.4870000001,5294.612492957747,36,8885.0,0.033059774851299656,36,8885.0
10110.0,66,13062.0,189.30434782608697,0.34494935869366294,23930.825729797423,346.8235613014118,375912.1710000001,5448.00247826087,38,9036.0,6.381640200882963e-05,38,9036.0
10115.0,57,12795.0,185.43478260869566,1.4529132894403687,24244.386141976407,351.3679151011073,375912.1710000001,5448.00247826087,29,8630.0,0.021002573177326293,29,8630.0
10120.0,58,13081.0,189.57971014492753,2.0934235647576735,24540.306034364665,355.65660919369077,375912.1710000001,5448.00247826087,30,8705.0,0.03110355529747748,30,8705.0
10125.0,58,13371.0,199.56716417910448,1.462338644990965,24583.62048188992,366.91970868492405,375910.9490000001,5610.611179104478,30,8820.0,0.0005929804888801814,30,8820.0
10130.0,59,13666.0,220.41935483870967,0.5230386069528089,24510.723869715013,395.3342559631453,375906.4710000001,6063.007596774195,31,8940.0,0.020299109296141725,31,8940.0
10135.0,53,13637.0,219.9516129032258,0.6691595038114161,24778.824200114424,399.6584548405551,375904.4410000001,6062.974854838711,25,8743.0,0.013199892266339231,25,8743.0
10140.0,48,13654.0,220.2258064516129,1.932438467682197,25056.31810213927,404.1341629377303,375904.4410000001,6062.974854838711,20,8611.0,0.05656975504493081,20,8611.0
10145.0,45,13706.0,217.55555555555554,1.7775417128003945,25118.819082559883,398.7114140088872,366085.2750000001,5810.877380952381,18,8669.0,0.09295369200747393,18,8669.0
10150.0,50,13898.0,224.16129032258064,1.186360300985838,25221.30951378711,406.79531473850176,361241.31100000005,5826.472758064516,23,8782.0,0.07865740046449467,23,8782.0
10155.0,53,14149.0,231.95081967213116,0.5771151216332971,25217.57332853323,413.40284145136445,356434.431,5843.187393442623,27,8911.0,0.03504570477335486,27,8911.0
10160.0,56,14425.0,221.92307692307693,0.6769869408701649,25512.441114654528,392.4990940716083,366401.8119999999,5636.950953846153,30,9022.0,0.03913768955177907,30,9022.0
10165.0,61,14719.0,213.31884057971016,0.8825261091810798,25829.593716112893,374.34193791467953,371388.4089999999,5382.440710144928,34,9150.0,0.0003277925230530779,34,9150.0
10170.0,62,15029.0,224.3134328358209,0.7096134039369058,26130.49876230001,390.0074442134331,371387.7249999999,5543.100373134329,34,9285.0,0.06592978788200454,34,9285.0
10175.0,59,15120.0,219.1304347826087,0.8369936424288066,26452.576602752357,383.3706754022081,371387.795,5382.431811594202,31,9223.0,0.020541945558327297,31,9223.0
10180.0,59,15414.0,220.2,1.5413443213971867,26766.231663517254,382.37473805024644,371390.86499999993,5305.583785714286,31,9320.0,0.05066725744118067,31,9320.0
10185.0,60,15712.0,221.29577464788733,1.4115494397214852,27020.035901391915,380.5638859350973,371390.97899999993,5230.8588591549305,32,9443.0,0.011473130781085703,32,9443.0
10190.0,62,16020.0,242.72727272727272,0.7512184902768125,27153.928874880417,411.4231647709155,371389.32499999995,5627.110984848485,34,9576.0,2.2235502734742573e-06,34,9576.0
10195.0,51,15511.0,242.359375,0.9527216412147576,27410.630104805605,428.29109538758763,371389.32499999995,5802.958203125,23,8977.0,0.06784131172759263,23,8977.0
10200.0,47,15469.0,241.703125,1.198348872811287,27703.771322689303,432.8714269170205,371389.32499999995,5802.958203125,18,8730.0,0.06888814439334592,18,8730.0
10205.0,46,15497.0,227.89705882352942,1.6390131458032575,27999.6352395781,411.7593417585016,371392.32499999995,5461.651838235295,18,8784.0,0.04102136429815633,18,8784.0
10210.0,54,15690.0,230.73529411764707,1.5069338676501682,27893.92137279738,410.2047260705497,366528.975,5390.131985294119,25,8900.0,0.057404954705860274,25,8900.0
10215.0,53,15907.0,241.0151515151515,1.3737667658509407,27595.445774785643,418.11281476947937,371550.68799999997,5629.555878787879,27,8993.0,0.050849361884056365,27,8993.0
10220.0,55,16176.0,237.88235294117646,1.7613693775261816,27883.597148565517,410.05289924361057,381603.60599999997,5611.817735294118,28,9097.0,0.08951285453988747,28,9097.0
10225.0,59,16460.0,253.23076923076923,0.87700671238513,27978.43098747746,430.4373998073455,376697.525,5795.346538461539,32,9213.0,0.00027859550159335813,32,9213.0
10230.0,61,16765.0,266.1111111111111,0.4375909239837864,28238.338418612242,448.22759394622597,376697.525,5979.325793650794,33,9343.0,0.0,33,9343.0
10235.0,54,16883.0,272.30645161290323,0.7948088309650749,28516.693411852353,459.9466679331025,376694.525,6075.7181451612905,26,9071.0,0.015622032180184998,26,9071.0
10240.0,49,17003.0,265.671875,2.0529742571281138,28800.093844270083,450.00146631672004,376696.181,5885.877828125,21,8874.0,0.0922428750948409,21,8874.0
10245.0,46,17142.0,259.72727272727275,2.32908130051044,29010.31490632969,439.55022585348024,371715.584,5632.054303030302,19,8800.0,0.1306869211569445,19,8800.0
10250.0,49,17357.0,275.5079365079365,1.361228262361844,28679.075485213572,455.22342040021545,357006.42799999996,5666.7686984126985,22,8892.0,0.10225173895208359,22,8892.0
10255.0,50,17567.0,278.8412698412698,0.8196825876147479,28614.07130567028,454.1916080265124,352219.71099999995,5590.789063492064,24,8957.0,0.03979159605495576,24,8957.0
10260.0,54,17832.0,274.33846153846156,1.2224071074322966,28908.086284528217,444.7397889927419,362324.915,5574.229461538461,28,9057.0,0.06458237349663172,28,9057.0
10265.0,58,18114.0,255.1267605633803,1.2641420634785892,29183.276230961765,411.03205959101075,372423.485,5245.4011971831,31,9174.0,0.03734477999352177,31,9174.0
10270.0,62,18416.0,266.8985507246377,0.8759205569770734,29468.473855441953,427.0793312382891,377475.14,5470.654202898551,36,9311.0,0.06779532811209417,36,9311.0
10275.0,60,18589.0,269.40579710144925,0.6814398788558421,29794.035375590276,431.7976141389895,377475.14,5470.654202898551,32,9132.0,0.027039829436789724,32,9132.0
10280.0,57,18785.0,272.2463768115942,1.4127319023109208,30111.887031629325,436.40415987868585,377475.14,5470.654202898551,29,8981.0,0.042246360473448825,29,8981.0
10285.0,55,19000.0,275.3623188405797,1.3869096530881277,30409.10590409898,440.71167976955036,372422.978,5397.434463768116,28,9086.0,0.051019143027777505,28,9086.0
10290.0,58,19265.0,279.2028985507246,0.9371817363647297,30152.60274031752,436.9942426132974,357637.4259999999,5183.151101449274,31,9212.0,0.06534543338832155,31,9212.0
10295.0,48,12948.0,184.97142857142856,1.8301263483077053,30291.43952143297,432.73485030618536,357762.49799999996,5110.892828571429,26,5057.0,0.0887349848734386,26,5057.0
10300.0,45,9377.0,130.23611111111111,2.7831367914380434,30582.730770292164,424.7601495873913,367893.01099999994,5109.625152777778,30,4581.0,0.11493780136490309,30,4581.0
10305.0,45,4194.0,58.25,2.716324864571528,28023.12248725516,389.21003454521065,361894.3179999999,5026.309972222221,39,6485.0,0.03315052106489543,39,6485.0
10310.0,46,1728.0,25.41176470588235,1.933086452694649,21609.029270805662,317.7798422177304,326281.301,4798.2544264705875,44,6688.0,0.020546040336982957,44,6688.0
10315.0,43,1068.0,15.478260869565217,1.7640315568386733,17358.51468372454,251.572676575718,321040.382,4652.7591594202895,34,6098.0,0.021935371368507414,34,6098.0
10320.0,49,1297.0,18.01388888888889,2.567268064023701,17651.58461198662,245.16089738870292,349101.8069999999,4848.636208333333,34,6150.0,0.0,34,6150.0
10325.0,55,1559.0,20.246753246753247,1.7417082464473717,17493.236231013467,227.184886117058,377139.5909999999,4897.916766233767,34,6310.0,0.016124546465200618,34,6310.0
10330.0,64,1863.0,26.239436619718308,1.0682091549119217,17364.57903612505,244.57153572007115,377133.7369999999,5311.742774647887,36,6478.0,0.06949090954133462,36,6478.0
10335.0,58,1855.0,25.76388888888889,0.8012632368443244,17644.544648957377,245.06312012440802,377137.8329999999,5238.0254583333335,30,6285.0,0.04547726186717624,30,6285.0
10340.0,58,1978.0,26.72972972972973,1.6905374416097414,17969.7769941171,242.83482424482565,377139.7769999999,5096.483472972973,30,6189.0,0.06507430492232896,30,6189.0
10345.0,56,2066.0,28.301369863013697,1.707104798304307,18233.947166130412,249.78009816617003,372087.2939999999,5097.0862191780825,29,6323.0,0.04844780962329459,29,6323.0
10350.0,59,2318.0,33.594202898550726,0.579487176930534,17975.811978835107,260.519014186016,352102.9209999999,5102.940884057971,32,6503.0,0.05178791368038109,32,6503.0
10355.0,51,2095.0,29.928571428571427,1.1873168527047464,18182.710709358886,259.7530101336983,352176.5399999999,5031.093428571428,25,6347.0,0.04719721185319038,25,6347.0
10360.0,56,2363.0,32.81944444444444,1.9510853873647018,18487.943555870494,256.77699383153447,362380.0609999999,5033.056402777777,29,6324.0,0.080069541242392,29,6324.0
10365.0,57,2646.0,35.28,1.8868795912104797,18773.93258771021,250.31910116946946,367481.95099999994,4899.759346666667,31,6448.0,0.04030678606288488,31,6448.0
10370.0,62,2944.0,41.46478873239437,1.3571187736178585,18757.678093219725,264.19264920027774,372573.533,5247.5145492957745,35,6605.0,0.017438434705167507,35,6605.0
10375.0,57,3107.0,46.37313432835821,0.9338819341168736,18864.668209905696,281.56221208814475,372572.847,5560.78876119403,29,6524.0,0.03575432883780308,29,6524.0
10380.0,54,3273.0,49.59090909090909,1.5231964966831972,19133.32334424667,289.89883854919196,372569.847,5644.997681818182,26,6480.0,0.05126400697440288,26,6480.0
10385.0,51,3458.0,50.85294117647059,1.9543024946898684,19413.58853537463,285.4939490496269,367469.478,5403.9629117647055,24,6509.0,0.0776627550674985,24,6509.0
10390.0,55,3697.0,55.17910447761194,1.3249404898469075,19274.98717484276,287.68637574392176,352380.67899999995,5259.413119402984,26,6638.0,0.12294323167276383,26,6638.0
10395.0,52,3724.0,56.42424242424242,1.2929475248444293,19352.084959961066,293.21340848425865,347399.3769999999,5263.626924242424,25,6539.0,0.04140652820183011,25,6539.0
10400.0,55,3989.0,58.661764705882355,1.622882163041206,19645.827769291915,288.9092319013517,357636.383,5259.358573529411,29,6666.0,0.09113240444053354,29,6666.0
10405.0,60,4274.0,57.75675675675676,1.5899739395362569,19959.627828067896,269.7247003792959,367866.96799999994,4971.175243243242,33,6811.0,0.04377474770156251,33,6811.0
10410.0,65,4583.0,65.47142857142858,0.42138681101832987,20007.691601680177,285.8241657382882,372980.5939999999,5328.294199999999,39,6980.0,0.03295347520162884,39,6980.0
10415.0,59,4674.0,65.83098591549296,1.0365175108021392,20340.06563195454,286.4797976331626,372980.5939999999,5253.247802816901,31,6947.0,0.047404365303217746,31,6947.0
10420.0,62,4980.0,68.21917808219177,1.4480100938039502,20667.355001264907,283.1144520721221,372982.25399999996,5109.3459452054785,34,7074.0,0.023307354487772977,34,7074.0
10425.0,63,5291.0,73.48611111111111,1.6130297921929635,20920.568564725207,290.5634522878501,372981.28199999995,5180.2955833333335,35,7235.0,0.05169450589036426,35,7235.0
10430.0,63,5606.0,83.67164179104478,0.4119317831956281,21045.58748871738,314.1132461002594,372980.4799999999,5566.8728358208955,35,7400.0,0.007103522366538715,35,7400.0
10435.0,58,5642.0,86.8,0.6593810939101209,21321.834198849116,328.0282184438325,372980.4799999999,5738.16123076923,30,7273.0,0.01861331433595069,30,7273.0
10440.0,53,5719.0,87.98461538461538,1.5502916411320418,21616.725534439865,332.5650082221518,372980.4799999999,5738.16123076923,25,7192.0,0.06592415822199225,25,7192.0
10445.0,50,5831.0,82.12676056338029,2.046936574145193,21911.480865460457,308.61240655578104,372986.71199999994,5253.333971830986,23,7200.0,0.06823806079010279,23,7200.0
10450.0,52,6050.0,88.97058823529412,1.9946358288659265,21840.166296339423,321.1789161226385,357784.9049999999,5261.542720588235,26,7382.0,0.15375060550960187,26,7382.0
10455.0,48,5102.0,76.14925373134328,1.3642669567632404,21870.888068733017,326.43116520497034,352804.741,5265.742402985074,22,6592.0,0.09116319215189272,22,6592.0
10460.0,47,4849.0,71.30882352941177,1.432306041797514,22048.329150501973,324.24013456620554,358045.02499999997,5265.368014705881,19,6141.0,0.11221930020692758,19,6141.0
10465.0,51,5081.0,74.72058823529412,0.8913594273421758,21800.94792683715,320.60217539466396,363283.51599999995,5342.404647058823,24,6236.0,0.06941126642498616,24,6236.0
10470.0,53,5335.0,75.14084507042253,1.3204339178450393,22121.260641991616,311.56705129565654,368432.7349999999,5189.193450704224,27,6351.0,0.05361074331482313,27,6351.0
10475.0,54,5431.0,74.3972602739726,1.9534282913460206,22392.551706794096,306.74728365471367,373606.04899999994,5117.89108219178,28,6322.0,0.026032958289131804,28,6322.0
10480.0,58,5715.0,79.375,1.8949208432130007,22060.941556587084,306.40196606370955,378755.5199999999,5260.493333333334,32,6451.0,0.05615937540866666,32,6451.0
10485.0,60,6010.0,82.32876712328768,1.6354407973039358,21906.005907319646,300.08227270300887,383948.6019999999,5259.569890410959,33,6605.0,0.03962031932022775,33,6605.0
10490.0,63,6318.0,90.25714285714285,1.0862200532550312,22111.02905330234,315.8718436186048,383948.2259999999,5484.974657142856,35,6765.0,0.047558045819014,35,6765.0
10495.0,64,6635.0,93.45070422535211,0.531192798680992,22381.55310713407,315.233142354001,383949.6279999999,5407.741239436618,36,6932.0,0.028015249777023254,36,6932.0
10500.0,53,6551.0,93.58571428571429,1.2433192452282158,22706.275006763557,324.37535723947934,383949.6279999999,5484.994685714283,25,6433.0,0.04702493776237617,25,6433.0
10505.0,49,6613.0,90.58904109589041,1.9611178164914023,23021.60803690875,315.36449365628425,383949.6279999999,5259.583945205479,19,6227.0,0.08498713360067482,19,6227.0
10510.0,51,6766.0,95.29577464788733,1.7293825464719075,23165.38278517016,326.27299697422757,373699.4229999999,5263.372154929576,22,6323.0,0.10669121306702807,22,6323.0
10515.0,54,6975.0,101.08695652173913,0.8654060929872653,23224.53596870513,336.5874778073208,368567.17599999986,5341.553275362317,27,6462.0,0.014377525160240533,27,6462.0
10520.0,52,5131.0,73.3,0.9643178555002816,23275.01121589948,332.5001602271355,368593.0269999999,5265.61467142857,28,5615.0,0.023406740638227414,28,5615.0
10525.0,47,3521.0,50.3,2.207712506251332,23412.089601095337,334.4584228727905,368592.4789999999,5265.606842857141,33,5019.0,0.02217360683153004,33,5019.0
10530.0,41,2097.0,30.391304347826086,2.2050984105551916,23528.372266239217,340.990902409264,368588.93099999987,5341.86856521739,34,6664.0,0.04199209523620792,34,6664.0
10535.0,47,1290.0,18.695652173913043,1.7550276203211206,22007.024632147353,318.9423859731501,364964.99299999984,5289.34772463768,40,6847.0,9.138224329476949e-05,40,6847.0
10540.0,44,1360.0,20.923076923076923,1.5381890352533407,17588.360955065666,270.59016853947185,331033.3709999999,5092.821092307692,34,7616.0,0.019047561155309714,34,7616.0
10545.0,51,1597.0,22.814285714285713,1.6430364503226336,17117.890828910633,244.54129755586618,350831.83599999984,5011.88337142857,34,7777.0,0.003965189827217009,34,7777.0
10550.0,55,1867.0,27.865671641791046,1.4020342472327545,17310.457133211206,258.36503183897315,360373.9019999998,5378.71495522388,34,7942.0,0.025486654404420075,34,7942.0
10555.0,60,2158.0,33.2,0.4768479990543778,17517.236600218115,269.49594769566335,369911.4019999998,5690.944646153846,35,8108.0,0.02677911137944977,35,8108.0
10560.0,54,2014.0,31.46875,0.7486945380080828,17819.01908563842,278.42217321310034,369911.4019999998,5779.86565625,27,7758.0,0.03396647926956052,27,7758.0
10565.0,50,2033.0,29.042857142857144,1.7615006199468037,18120.219766822214,258.8602823831744,369917.4019999998,5284.534314285713,22,7657.0,0.0652745067090349,22,7657.0
10570.0,50,2093.0,29.069444444444443,2.402293590153329,18263.0678537818,253.65372019141373,369919.2589999999,5137.767486111111,22,7756.0,0.15456582066804775,22,7756.0
10575.0,51,2295.0,32.785714285714285,1.469055137901067,18079.031427826383,258.27187754037686,364930.80099999986,5213.297157142855,26,7960.0,0.058350842575797306,26,7960.0
10580.0,49,1383.0,20.043478260869566,2.0301324936061134,18224.01831997555,264.11620753587744,375378.4199999998,5440.266956521738,22,7136.0,0.12479444773263189,22,7136.0
10585.0,50,1625.0,23.55072463768116,2.674773139925927,18335.003023155845,265.7246814950123,375478.9179999998,5441.7234492753605,25,7030.0,0.039894057445528416,25,7030.0
10590.0,53,1883.0,26.9,2.5757027327473163,18613.13458429683,265.9019226328119,380700.9449999998,5438.584928571427,27,7156.0,0.0009972022512721582,27,7156.0
10595.0,55,2158.0,34.806451612903224,1.164972438922263,17791.272229285878,286.9560036981594,380693.0529999998,6140.210532258063,28,7291.0,0.0,28,7291.0
10600.0,50,2300.0,39.6551724137931,1.2267887695263162,17856.47116440782,307.87019248979004,380689.2489999998,6563.607741379309,23,7293.0,0.040424713466174406,23,7293.0
10605.0,50,2550.0,43.220338983050844,1.6651394776298734,18118.562143762832,307.0942736230988,380689.2489999998,6452.360152542372,23,7403.0,0.07522851526621524,23,7403.0
10610.0,51,2801.0,48.293103448275865,1.2893415919810407,18331.269422073055,316.05636934608725,380688.98899999977,6563.603258620689,24,7514.0,0.036070474465055784,24,7514.0
10615.0,52,3060.0,56.666666666666664,0.22095332831864523,18479.578547424717,342.21441754490223,380685.4429999998,7049.7304259259245,25,7633.0,0.0009800082330862418,25,7633.0
10620.0,46,3003.0,56.660377358490564,0.7305667354801121,18732.303082080933,353.43968079398,380685.4429999998,7182.744207547168,19,7295.0,0.0256487694982341,19,7295.0
10625.0,41,2990.0,51.55172413793103,2.342315425659253,18980.33282350615,327.2471176466577,380688.6789999997,6563.597913793103,14,7111.0,0.09284782981841468,14,7111.0
10630.0,38,3013.0,51.94827586206897,3.1848731189718054,19207.198724487516,331.15859869806076,380688.6789999997,6563.597913793103,12,7043.0,0.2160222659775051,12,7043.0
10635.0,40,3166.0,58.629629629629626,1.2151384115911814,18740.929537665936,347.0542506975174,360180.0359999998,6670.000666666665,15,7189.0,0.09330572675663196,15,7189.0
10640.0,43,3320.0,61.48148148148148,1.3903538805629434,18654.77544460756,345.4588045297697,360406.3839999998,6674.192296296294,17,7213.0,0.0835736423033982,17,7213.0
10645.0,47,3537.0,59.94915254237288,1.752778168779427,18902.28162621764,320.377654681655,365674.0429999999,6197.86513559322,22,7300.0,0.03979572300516382,22,7300.0
10650.0,47,3770.0,59.84126984126984,2.2193158296390223,19123.58059353824,303.5488983101309,376207.75299999985,5971.551634920635,22,7403.0,0.12443935530566813,22,7403.0
10655.0,52,4017.0,65.85245901639344,1.0583003997837965,19321.653511190245,316.7484182162336,386726.4569999999,6339.777983606557,26,7520.0,0.06817763644375369,26,7520.0
10660.0,49,4132.0,67.73770491803279,0.9327789776660879,19602.581110336985,321.353788694049,386726.4569999999,6339.777983606557,22,7278.0,0.06421460575239647,22,7278.0
10665.0,48,4274.0,70.06557377049181,1.6972514162404346,19875.743021779585,325.8318528160587,386726.4569999999,6339.777983606557,21,7102.0,0.04714529308546142,21,7102.0
10670.0,46,4442.0,72.81967213114754,1.7743267913054834,20140.485333292698,330.1718907097164,386726.4569999999,6339.777983606557,20,7198.0,0.06113183684683733,20,7198.0
10675.0,48,4660.0,77.66666666666667,1.0387814426518043,20140.93827600585,335.68230460009755,371101.573,6185.026216666666,22,7316.0,0.043418004564143256,22,7316.0
10680.0,48,4845.0,83.53448275862068,1.0704468094584825,19864.695483905714,342.4947497225125,360939.752,6223.099172413794,23,7383.0,0.01978421052674033,23,7383.0
10685.0,51,5092.0,79.5625,1.5456463116017864,20143.37585333395,314.7402477083432,371498.175,5804.658984375001,26,7490.0,0.05451270870093459,26,7490.0
10690.0,55,5356.0,82.4,1.6862058750275661,20397.85917518769,313.8132180798107,382045.345,5877.6206923076925,29,7614.0,0.11355658834944438,29,7614.0
10695.0,60,5640.0,89.52380952380952,0.22489422942784923,20647.411302024073,327.7366873337157,382045.345,6064.211825396826,33,7752.0,0.0019041822964476652,33,7752.0
10700.0,55,5791.0,90.484375,0.6975456491657293,20947.377889481413,327.30277952314714,382046.60699999996,5969.478234375,28,7578.0,0.01696995316650309,28,7578.0
10705.0,51,5960.0,93.125,1.9505585523184366,21235.31305407446,331.8017664699134,382046.60699999996,5969.478234375,24,7511.0,0.0479319814237201,24,7511.0
10710.0,47,6100.0,96.82539682539682,1.5801286955386233,21497.792268974692,341.23479792023323,376769.69399999996,5980.471333333333,21,7604.0,0.07607227199207353,21,7604.0
10715.0,51,6326.0,103.70491803278688,0.7001215803629781,21260.71060078746,348.5362393571716,361243.34500000003,5922.0220491803275,25,7725.0,0.039940716633499254,25,7725.0
10720.0,49,6478.0,106.19672131147541,1.1678687970681347,21425.430450003758,351.23656475416004,361312.46100000007,5923.155098360658,24,7755.0,0.059854769394110406,24,7755.0
10725.0,52,6732.0,97.56521739130434,1.702929440364703,21713.501881381824,314.68843306350476,371906.83800000005,5389.954173913045,27,7869.0,0.05732271693431446,27,7869.0
10730.0,55,7000.0,101.44927536231884,1.9931838115154328,21964.548950338893,318.32679638172317,382486.84900000005,5543.287666666668,29,7997.0,0.10044133938416289,29,7997.0
10735.0,59,7286.0,110.39393939393939,0.4611838978914052,22181.013990652456,336.07596955534024,382483.84900000005,5795.209833333333,32,8138.0,0.03731960461641136,32,8138.0
10740.0,58,7453.0,114.66153846153846,0.6421234368277668,22493.228534673082,346.0496697642012,382483.84900000005,5884.366907692309,31,8098.0,0.01620737434811567,31,8098.0
10745.0,53,7619.0,112.04411764705883,1.8946542593890399,22796.95229742339,335.24929849152034,382483.84900000005,5624.762485294118,26,8111.0,0.05309141419296855,26,8111.0
10750.0,52,7799.0,113.02898550724638,2.0910138344850417,23063.893063265656,334.2593197574733,377189.58900000004,5466.515782608697,24,8171.0,0.11385887844415706,24,8171.0
10755.0,54,8036.0,123.63076923076923,1.010143941929833,22909.00500214863,352.4462308022867,356193.66900000005,5479.9026,28,8305.0,0.061860993442365786,28,8305.0
10760.0,48,7538.0,115.96923076923076,1.7187940165806885,23107.87204988372,355.5057238443649,356240.72300000006,5480.626507692307,22,7768.0,0.10842796630825262,22,7768.0
10765.0,50,7781.0,114.42647058823529,2.608485583436649,23385.532115656577,343.9048840537732,366862.38500000007,5395.035073529412,25,7787.0,0.05473002846992615,25,7787.0
10770.0,54,8042.0,116.55072463768116,2.4273039493555886,23505.141094162933,340.6542187559846,377485.3310000002,5470.801898550725,28,7899.0,0.05104862544996031,28,7899.0
10775.0,56,8314.0,134.09677419354838,0.7322298258737819,23111.015839019634,372.7583199841877,382784.1390000001,6173.937725806453,31,8015.0,0.019214003306077476,31,8015.0
10780.0,52,8441.0,133.984126984127,1.2612401071126378,23377.11725541808,371.0653532606046,388093.5240000001,6160.214666666669,26,7985.0,0.057992219448912925,26,7985.0
10785.0,54,8708.0,138.22222222222223,1.5131210826424057,23656.468953932654,375.4995072052803,388093.5240000001,6160.214666666669,27,8078.0,0.06667490364875375,27,8078.0
10790.0,56,8980.0,144.83870967741936,1.1478820107391283,23890.86745577166,385.3365718672849,388093.2620000001,6259.568741935485,29,8180.0,0.0002127653785197574,29,8180.0
10795.0,56,9260.0,159.6551724137931,0.44787808880638774,24036.443070122637,414.4214322434937,388092.71400000015,6691.253689655173,29,8290.0,2.7554209475866466e-07,29,8290.0
10800.0,48,9229.0,164.80357142857142,0.830747367428245,24286.368869210346,433.68515837875606,388092.71400000015,6930.227035714286,21,8120.0,0.035166914740426526,21,8120.0
10805.0,44,9285.0,140.6818181818182,2.5298837055485484,24552.239954463817,372.0036356736941,388104.9360000001,5880.377818181819,17,7992.0,0.0980296121620552,17,7992.0
10810.0,40,9308.0,138.92537313432837,3.5501741201942676,24765.904216274856,369.6403614369381,382803.1130000001,5713.479298507464,14,7945.0,0.24194002493486622,14,7945.0
10815.0,46,9488.0,145.96923076923076,1.6125383528961719,24732.28499556286,380.4966922394285,372307.02900000004,5727.800446153846,20,8024.0,0.1118537713808658,20,8024.0
10820.0,50,9692.0,156.32258064516128,1.0660699833944511,24646.11985080335,397.5180621097313,356512.477,5750.201241935484,25,8101.0,0.02305932566429477,25,8101.0
10825.0,53,9952.0,155.5,1.4124895464728953,24932.94352150049,389.5772425234451,367199.851,5737.497671875,28,8201.0,0.04782786474944746,28,8201.0
10830.0,56,10226.0,152.62686567164178,1.5154591019943027,25187.640648485045,375.9349350520155,377878.955,5639.984402985076,30,8315.0,0.04096249106654104,30,8315.0
10835.0,59,10513.0,164.265625,0.5328771421926028,25439.480948790966,397.4918898248587,383211.96300000005,5987.686921875,34,8442.0,0.0001152116041619993,34,8442.0
10840.0,49,9907.0,154.796875,1.1257701232752668,25737.52409546099,402.148813991578,383211.96300000005,5987.686921875,22,7900.0,0.08003773734016258,22,7900.0
10845.0,46,9969.0,153.36923076923077,1.519348244427404,26031.809849207457,400.48938229549935,383211.96300000005,5895.568661538461,18,7785.0,0.07299781214434613,18,7785.0
10850.0,47,10139.0,158.421875,1.451777512395756,26305.158234558545,411.0180974149772,377869.27800000005,5904.207468750001,20,7845.0,0.06492637723274862,20,7845.0
10855.0,53,10369.0,162.015625,0.8916683893281975,26178.849749014436,409.0445273283505,372608.96,5822.015,28,7963.0,0.024470860249713195,28,7963.0
10860.0,54,10598.0,165.59375,1.306347522994996,26082.247284886584,407.5351138263528,383319.3640000001,5989.3650625,28,8032.0,0.03430533291107511,28,8032.0
10865.0,56,10872.0,162.26865671641792,1.1439728900911206,26256.125426534425,391.88246905275264,383375.4740000001,5722.022000000001,31,8146.0,0.038444924752783,31,8146.0
10870.0,60,11164.0,169.15151515151516,1.1245257182622843,26538.387760041547,402.09678424305383,383375.068,5808.713151515152,33,8270.0,0.07837830893059637,33,8270.0
10875.0,61,11465.0,179.140625,0.18547457117014143,26822.272346595848,419.0980054155603,383374.3760000001,5990.224625,34,8401.0,0.0015997087461223367,34,8401.0
10880.0,57,11584.0,175.5151515151515,0.6659934240144393,27114.640646635064,410.82788858537975,383377.053,5808.743227272727,30,8262.0,0.01553587891201515,30,8262.0
10885.0,52,11735.0,170.07246376811594,2.263413907043768,27414.29683514466,397.30864978470527,383380.053,5556.232652173915,25,8158.0,0.08660252209918703,25,8158.0
10890.0,48,11848.0,174.23529411764707,2.149226896858352,27657.8201025373,406.73264856672506,378040.925,5559.42536764706,22,8150.0,0.11492252097891076,22,8150.0
10895.0,55,12081.0,180.3134328358209,1.0353346578901956,27648.603162170817,412.6657188383704,367479.262,5484.765104477612,29,8270.0,0.040999454992708725,29,8270.0
10900.0,54,12277.0,188.87692307692308,0.9957906184081529,27574.369457012705,424.2210685694263,356953.84699999995,5491.597646153847,29,8329.0,0.04698338373042717,29,8329.0
10905.0,57,12555.0,181.95652173913044,1.3309519175269195,27876.71703733,404.0103918453623,367713.57300000003,5329.182217391305,32,8448.0,0.03884573510390428,32,8448.0
10910.0,60,12847.0,180.94366197183098,1.768124364796544,28182.79446431112,396.9407671029735,378472.89,5330.604084507043,34,8580.0,0.034796466091099106,34,8580.0
10915.0,61,13148.0,196.23880597014926,0.48509021578547595,28378.684833678417,423.5624602041554,383853.92600000004,5729.163074626867,36,8721.0,0.03347560361822735,36,8721.0
10920.0,55,9580.0,145.15151515151516,0.9124412372444256,28689.134083407505,434.68384974859856,383853.92600000004,5815.968575757576,31,5909.0,0.029484682480427887,31,5909.0
10925.0,46,6384.0,91.2,2.4034260267434973,28986.839674674706,414.09770963821,383856.92600000004,5483.670371428572,31,5072.0,0.040258940245045886,31,5072.0
10930.0,42,3173.0,45.32857142857143,3.0098457805597616,27297.138276506626,389.95911823580883,375745.6580000001,5367.7951142857155,34,7730.0,0.09547911806362552,34,7730.0
10935.0,44,1856.0,28.12121212121212,2.044127035795924,21615.11190861972,327.5016955851473,341519.91400000005,5174.544151515152,40,8470.0,0.012881812673716879,40,8470.0
10940.0,38,1353.0,20.5,2.0121200090672113,18892.721632563855,286.2533580691493,344266.6970000001,5216.162075757576,31,8594.0,0.059183998928600004,31,8594.0
10945.0,45,1333.0,19.318840579710145,1.653021973741208,18574.747417729555,269.1992379381095,374535.7210000001,5428.053927536233,29,8488.0,0.04613568195480737,29,8488.0
10950.0,49,1370.0,19.571428571428573,1.4277215391692417,18850.75232326617,269.29646176094525,388950.4540000001,5556.435057142858,29,8603.0,0.023327397414576703,29,8603.0
10955.0,56,1593.0,23.08695652173913,0.7660487272633028,18635.51353687803,270.07990633156555,393578.851,5704.041318840581,32,8767.0,0.009848105953145109,32,8767.0
10960.0,56,1771.0,24.943661971830984,1.5034280219559075,18685.773343115638,263.17990624106517,398988.20900000003,5619.552239436621,31,8831.0,0.059130969447865916,31,8831.0
10965.0,60,2064.0,27.157894736842106,1.9024045499614142,19008.123986363848,250.10689455741905,404406.425,5321.137171052632,34,8973.0,0.07096105884296483,34,8973.0
10970.0,64,2376.0,32.108108108108105,1.4083641711590809,19135.91049790042,258.5933851067623,399099.167,5393.231986486487,37,9125.0,0.04220552515816186,37,9125.0
10975.0,67,2704.0,39.18840579710145,0.02218876952241052,19357.7725796473,280.5474286905404,399095.617,5783.994449275363,40,9293.0,0.0024275927419452675,40,9293.0
10980.0,63,2873.0,41.63768115942029,0.5023500431821868,19695.966908488605,285.4487957751971,399095.617,5783.994449275363,36,9137.0,0.015174306153252468,36,9137.0
10985.0,58,3045.0,41.148648648648646,1.6860198235668518,20028.54513643955,270.6560153572911,399098.86100000003,5393.227851351352,31,8936.0,0.028687179822039152,31,8936.0
10990.0,55,3223.0,44.15068493150685,2.036277145513406,20148.477973509383,276.0065475823202,393790.596,5394.391726027397,29,9057.0,0.1252946402540705,29,9057.0
10995.0,59,3482.0,49.04225352112676,0.8992642078746576,20101.227183531722,283.11587582439034,383172.609,5396.797309859155,34,9241.0,0.0642253886788713,34,9241.0
11000.0,50,2189.0,31.271428571428572,1.482638420641586,20127.636511752924,287.53766445361305,377942.433,5399.177614285714,24,8201.0,0.06797264467584334,24,8201.0
11005.0,52,2441.0,33.43835616438356,3.137421593914228,20420.50278036809,279.7329147995626,388832.286,5326.469671232876,27,7908.0,0.09737920938796903,27,7908.0
11010.0,56,2708.0,36.5945945945946,2.3960684442116924,20274.608301309385,273.9811932609374,399713.3680000001,5401.531999999999,30,8025.0,0.032205504060900586,30,8025.0
11015.0,59,2995.0,44.044117647058826,1.2868729226815845,19460.49592456515,286.18376359654616,405146.46800000005,5958.036294117647,34,8162.0,0.01255699248057725,34,8162.0
11020.0,54,3113.0,47.89230769230769,1.1507090081601985,19601.11830427018,301.5556662195411,410585.37400000007,6316.698061538462,28,8135.0,0.07901953147213969,28,8135.0
11025.0,57,3389.0,52.13846153846154,1.1121938732686119,19896.245940630895,306.09609139432126,410585.37400000007,6316.698061538462,30,8246.0,0.0001692156843708186,30,8246.0
11030.0,57,3674.0,57.40625,1.288305267089901,20135.35478246602,314.6149184760314,410584.53800000006,6415.38340625,30,8371.0,0.0,30,8371.0
11035.0,57,3959.0,63.854838709677416,0.7640109726249348,20328.771062690623,327.8834042369453,410582.39600000007,6622.296709677419,30,8496.0,0.0,30,8496.0
11040.0,49,3931.0,65.51666666666667,1.2622820346507169,20529.347211463722,342.1557868577286,410582.5950000001,6843.04325,22,8267.0,0.04234698645202665,22,8267.0
11045.0,45,3995.0,60.53030303030303,2.390762720191097,20799.80763373469,315.14860051113163,410588.5950000001,6221.039318181819,18,8082.0,0.09790141577504576,18,8082.0
11050.0,45,4070.0,63.59375,2.5502429585239392,20850.01036679461,325.7814119811657,399788.5030000001,6246.6953593749995,18,8148.0,0.15399589644549613,18,8148.0
11055.0,47,4236.0,69.44262295081967,0.6869572913203349,20717.806582718404,339.63617348718685,383667.60900000005,6289.63293442623,21,8255.0,0.06250241737990454,21,8255.0
11060.0,50,4472.0,69.875,1.219605159491212,20861.521381273735,325.961271582402,383759.297,5996.239015625,25,8371.0,0.05321250190761394,25,8371.0
11065.0,53,4731.0,71.68181818181819,1.5898923228246977,21152.32213924364,320.4897293824793,394711.284,5980.474,28,8480.0,0.04184107316602513,28,8480.0
11070.0,58,5011.0,77.0923076923077,0.8732971832349522,21424.888827849623,329.61367427460954,400181.95599999995,6156.645476923077,33,8610.0,0.029862395817332812,33,8610.0
11075.0,61,5307.0,82.921875,0.3646893518737149,21708.129432965736,339.18952239008956,405651.59,6338.3060937499995,35,8755.0,0.025500491850350984,35,8755.0
11080.0,56,5460.0,85.3125,0.9006605353513675,22015.05267248673,343.9851980076051,405651.59,6338.3060937499995,29,8583.0,0.054254388397385896,29,8583.0
11085.0,52,5617.0,83.83582089552239,1.765682836640723,22308.759669682346,332.9665622340647,405652.12200000003,6054.50928358209,25,8378.0,0.04143658920427965,25,8378.0
11090.0,49,5791.0,89.0923076923077,1.9690153794341474,22369.28404604113,344.14283147755583,394828.825,6074.289615384615,23,8470.0,0.09824254581113963,23,8470.0
11095.0,52,6026.0,94.15625,1.092260953700943,22471.66604636758,351.11978197449326,389465.8219999999,6085.40346875,26,8584.0,0.06874394261594845,26,8584.0
11100.0,52,6243.0,100.69354838709677,0.932151161995755,22361.032653910002,360.6618169985484,378748.374,6108.844741935483,27,8665.0,0.045465748333193744,27,8665.0
11105.0,56,6515.0,97.23880597014926,1.3185772212800364,22660.9331847858,338.22288335501185,389733.97,5816.924925373134,31,8787.0,0.030642735876110994,31,8787.0
11110.0,60,6803.0,98.59420289855072,1.3771772293728701,22927.859166818173,332.28781401185745,395226.20900000003,5727.916072463768,33,8925.0,0.0746462605069174,33,8925.0
11115.0,63,7103.0,102.94202898550725,0.32482529139447647,23204.008031169804,336.2899714662291,406204.642,5887.023797101449,38,9075.0,0.0019891489189782703,38,9075.0
11120.0,55,6561.0,93.72857142857143,1.0554627801385927,23531.873519094588,336.16962170135133,406207.57999999996,5802.965428571428,27,8574.0,0.08457867283073679,27,8574.0
11125.0,54,6676.0,91.45205479452055,1.2320436069087293,23858.156022378782,326.82405510107907,406210.57999999996,5564.528493150684,26,8387.0,0.05560165173776398,26,8387.0
11130.0,53,6882.0,96.92957746478874,1.1222228882318082,23840.20289240567,335.7775055268403,400728.95199999993,5644.069746478873,26,8492.0,0.055131732239906805,26,8492.0
11135.0,59,7138.0,100.53521126760563,0.7806116719587824,24161.147362858726,340.2978501811088,395233.16599999997,5566.664309859155,34,8635.0,0.00809602489253471,34,8635.0
11140.0,61,7350.0,100.68493150684931,1.5452630066848427,24088.61059831782,329.98096710024413,406255.937,5565.1498219178075,35,8711.0,0.04336926729716752,35,8711.0
11145.0,61,7651.0,104.8082191780822,1.659257189179261,24243.043921461605,332.09649207481647,411762.731,5640.5853561643835,35,8861.0,0.08090040499175978,35,8861.0
11150.0,63,7963.0,112.15492957746478,0.92668037596559,24369.864224760993,343.2375242924084,406350.975,5723.253169014084,36,9013.0,0.004807055892520266,36,9013.0
11155.0,66,8290.0,123.73134328358209,0.1813535394681472,24601.48289408187,367.18631185196824,406350.42299999995,6064.931686567164,39,9180.0,2.841705705954921e-05,39,9180.0
11160.0,55,8309.0,125.89393939393939,0.85176682288197,24915.319536722363,377.5048414654904,406350.42299999995,6156.824590909091,28,8879.0,0.034526775382895586,28,8879.0
11165.0,53,8451.0,117.375,1.5633821181322465,25229.567966198647,350.41066619720345,406356.671,5643.842652777778,25,8936.0,0.026375492366686227,25,8936.0
11170.0,51,8566.0,120.64788732394366,2.236440681592661,25381.86076737588,357.4909967236038,400912.296,5646.652056338028,24,9031.0,0.10788401240512908,24,9031.0
11175.0,55,8788.0,129.23529411764707,0.7972727749014947,25423.6756291653,373.8775827818426,395441.017,5815.309073529411,29,9162.0,0.03541615345372894,29,9162.0
11180.0,57,9031.0,132.80882352941177,1.1508417343374029,25691.2665462332,377.81274332695875,400977.75100000005,5896.73163235294,31,9282.0,0.0017630709332362316,31,9282.0
11185.0,60,9318.0,141.1818181818182,1.007792478105848,25796.631973221494,390.8580602003256,395529.33499999996,5992.8687121212115,33,9418.0,8.197650068146847e-05,33,9418.0
11190.0,59,9612.0,145.63636363636363,0.9675070628558132,26060.108236991444,394.8501248029006,395529.31700000004,5992.868439393939,33,9558.0,2.843575026320766e-06,33,9558.0
11195.0,60,9912.0,154.875,0.49238179319336467,26323.32444770691,411.30194449542046,395523.87,6180.06046875,33,9698.0,0.007838592498637218,33,9698.0
11200.0,56,10050.0,157.03125,0.8002127882135626,26626.606737982573,416.04073028097764,395523.87,6180.06046875,29,9543.0,0.080170730023944,29,9543.0
11205.0,54,10213.0,150.19117647058823,1.3794976649440651,26932.570855740192,396.0672184667675,395526.87,5816.571617647059,27,9445.0,0.05896248115365355,27,9445.0
11210.0,50,10341.0,152.0735294117647,1.8190435883541896,27226.56951525293,400.39072816548423,395526.87,5816.571617647059,24,9543.0,0.10453641611352062,24,9543.0
11215.0,54,10581.0,151.15714285714284,1.0237444589600133,27355.16832666129,390.78811895230405,395655.187,5652.216957142856,29,9702.0,0.0325030074125509,29,9702.0
11220.0,45,9275.0,136.39705882352942,2.0255698137260483,27188.976725588993,399.8378930233675,390403.6589999999,5741.230279411764,19,8670.0,0.08880774853778371,19,8670.0
11225.0,48,9507.0,132.04166666666666,3.2001384702740827,27468.85443511195,381.51186715433244,395966.3289999999,5499.532347222223,23,8320.0,0.10225942059396212,23,8320.0
11230.0,51,9756.0,135.5,2.771908340399052,27347.47403995021,379.8260283326417,407096.7419999999,5654.121416666666,26,8419.0,0.053781252528472566,26,8419.0
11235.0,56,10028.0,154.27692307692308,1.1944538724258051,26769.09374949961,411.83221153076306,407092.3739999999,6262.9596,29,8535.0,0.007679764880559512,29,8535.0
11240.0,51,10149.0,166.37704918032787,0.8704212663743064,26625.107466753176,436.4771715861176,407088.148,6673.576196721311,24,8355.0,0.01871594331500929,24,8355.0
11245.0,46,10277.0,168.47540983606558,1.9978454113848056,26859.55687839426,440.3206045638403,407087.73799999995,6673.569475409835,19,8228.0,0.054455488804495314,19,8228.0
11250.0,44,10423.0,170.86885245901638,1.8956342892787874,27117.696530113644,444.55240213301045,407087.73799999995,6673.569475409835,18,8291.0,0.10874696308169053,18,8291.0
11255.0,49,10635.0,180.25423728813558,0.8881631653925336,27014.640137414077,457.8752565663402,390597.3159999999,6620.293491525423,23,8388.0,0.038913453626423705,23,8388.0
11260.0,42,10597.0,182.70689655172413,1.5282279341918998,26969.188560240993,464.9860096593274,385218.5219999999,6641.698655172414,17,8252.0,0.10637044351458533,17,8252.0
11265.0,45,10816.0,174.4516129032258,1.9989552819376668,27223.47455228202,439.08829923035506,396389.7769999999,6393.383499999999,20,8287.0,0.09678725327566101,20,8287.0
11270.0,50,11057.0,178.33870967741936,1.7237050336752018,27397.62455663976,441.8971702683831,407558.5109999999,6573.524370967741,24,8378.0,0.009888036362505393,24,8378.0
11275.0,51,11312.0,185.44262295081967,1.291864289098608,27513.587847240175,451.04242372524857,413144.7049999999,6772.864016393441,26,8483.0,0.09799025224998781,26,8483.0
11280.0,47,11408.0,196.68965517241378,1.1455245411918984,27671.12695048533,477.0883956980228,413144.7049999999,7123.1845689655165,20,8286.0,0.09456109584227873,20,8286.0
11285.0,44,11526.0,180.09375,2.361515509881026,27937.608291419674,436.52512955343235,413150.7049999999,6455.479765624999,17,8137.0,0.07071614331796594,17,8137.0
11290.0,45,11672.0,176.84848484848484,2.9076456907812833,28194.078225408408,427.18300341527885,413151.8129999999,6259.875954545454,17,8196.0,0.18735444168448825,17,8196.0
11295.0,49,11881.0,194.7704918032787,0.9288970349735773,27934.470774702353,457.9421438475795,385517.2569999999,6319.955032786885,23,8281.0,0.04725053616010865,23,8281.0
11300.0,50,12057.0,197.65573770491804,1.2751728742901816,28049.525838828242,459.82829243980717,385630.03299999994,6321.80381967213,24,8318.0,0.09362704675869012,24,8318.0
11305.0,53,12310.0,195.3968253968254,1.584196591123354,28326.83965394259,449.63237545940603,396832.2589999999,6298.924746031746,28,8429.0,0.047642481431228255,28,8429.0
11310.0,56,12582.0,202.93548387096774,0.8820834475602733,28561.261031196755,460.6655005031733,408022.77299999987,6581.012467741934,30,8574.0,0.02536572517026949,30,8574.0
11315.0,59,12869.0,214.48333333333332,0.13733009502108587,28787.345950635125,479.7890991772519,408021.2369999999,6800.35395,32,8731.0,6.422326817208664e-06,32,8731.0
11320.0,53,12977.0,205.984126984127,1.0999331037373559,29079.828427765147,461.58457821849436,408023.6249999999,6476.565476190474,26,8716.0,0.04293802794704972,26,8716.0
11325.0,53,13242.0,206.90625,1.6737480248454508,29362.99938388861,458.7968653732594,408023.6249999999,6375.369140625,26,8802.0,0.08275685077308338,26,8802.0
11330.0,55,13510.0,211.09375,1.396649188331102,29646.345075766443,463.2241418088506,408023.6249999999,6375.369140625,28,8902.0,0.02371116022577855,28,8902.0
11335.0,57,13792.0,229.86666666666667,0.5734516933729916,29776.766428428844,496.27944047381396,408022.8029999999,6800.380049999999,30,9009.0,1.893080055331689e-05,30,9009.0
11340.0,50,13771.0,241.59649122807016,0.7993194179108994,29973.313739782803,525.8476094698736,408019.8029999999,7158.242157894737,23,8781.0,0.022525904942290086,23,8781.0
11345.0,46,13835.0,223.1451612903226,2.2363841135914093,30239.737609102558,487.73770337262175,408023.0549999999,6581.017016129032,19,8668.0,0.079736880662528,19,8668.0
11350.0,42,13886.0,223.96774193548387,2.7421413295104866,30451.465903682736,491.1526758658505,402425.2079999999,6490.72916129032,15,8626.0,0.1796885727450988,15,8626.0
11355.0,46,14027.0,237.74576271186442,1.3080403162070855,30209.241920459568,512.0210494993147,385847.9359999999,6539.795525423728,21,8753.0,0.12178875897038928,21,8753.0
11360.0,47,14196.0,240.61016949152543,1.2620915525013228,30243.716969115096,512.6053723578827,385992.3219999999,6542.242745762711,21,8757.0,0.04694480252994225,21,8757.0
11365.0,50,14439.0,229.1904761904762,1.8217910871751124,30512.968034876747,484.3328259504245,391632.7959999999,6216.393587301586,25,8836.0,0.06200775196152752,25,8836.0
11370.0,52,14695.0,226.07692307692307,1.7462048986500094,30745.11421140933,473.00175709860497,402895.4449999999,6198.391461538461,27,8927.0,0.09503080996663288,27,8927.0
11375.0,58,14968.0,237.5873015873016,0.65969341266498,30973.614400775186,491.64467302817746,408532.3319999999,6484.640190476189,32,9034.0,0.012370904287508687,32,9034.0
11380.0,53,15113.0,239.88888888888889,0.8300520533701553,31270.74865608164,496.3610897790736,408532.3319999999,6484.640190476189,26,8928.0,0.045936444810061074,26,8928.0
11385.0,51,15267.0,242.33333333333334,1.5936463699743024,31555.562841277097,500.88194986154116,408532.3319999999,6484.640190476189,24,8840.0,0.059924082846646645,24,8840.0
11390.0,48,15445.0,245.15873015873015,1.8445911338024419,31828.870413609187,505.220165295384,408532.3319999999,6484.640190476189,22,8833.0,0.069105416819028,22,8833.0
11395.0,51,15674.0,252.80645161290323,1.101655787264358,31818.126967706317,513.1955962533276,391757.5829999999,6318.670693548386,25,8927.0,0.051824140770415056,25,8927.0
11400.0,49,15870.0,260.1639344262295,1.4868911400554734,31864.371617932167,522.3667478349537,386239.2629999999,6331.79119672131,24,8974.0,0.060024738411049265,24,8974.0
11405.0,54,16130.0,244.3939393939394,1.326956295041813,32042.534912086823,485.4929532134365,391963.09699999995,5938.834803030303,28,9067.0,0.06283018664759542,28,9067.0
11410.0,57,16401.0,244.7910447761194,1.3898904731969466,32315.69752372779,482.3238436377281,403263.377,6018.856373134328,31,9175.0,0.08809251967259445,31,9175.0
11415.0,60,16690.0,252.87878787878788,0.4747699331413918,32599.388043087332,493.9301218649595,408911.644,6195.63096969697,35,9299.0,0.028086667305227467,35,9299.0
11420.0,58,16845.0,247.72058823529412,0.7054863464205697,32885.36807952939,483.60835411072634,414558.63999999996,6096.450588235293,31,9201.0,0.018945992503348847,31,9201.0
11425.0,54,17035.0,250.51470588235293,1.999966220185874,33191.11935745832,488.1046964332105,414558.63999999996,6096.450588235293,27,9135.0,0.044066663445835985,27,9135.0
11430.0,50,17214.0,256.92537313432837,1.6935418596051806,33304.44423106372,497.0812571800554,403338.607,6019.979208955224,24,9219.0,0.08470666888021954,24,9219.0
11435.0,55,17463.0,264.59090909090907,0.901047408876042,33355.32881088666,505.3837698619191,386501.03599999996,5856.076303030304,29,9327.0,0.06518587702045138,29,9327.0
11440.0,53,17636.0,267.2121212121212,1.133582489245051,33547.77278746453,508.2995876888565,386566.7789999999,5857.07240909091,28,9347.0,0.07235701257988093,28,9347.0
11445.0,57,17918.0,245.45205479452054,1.6279923197622315,33857.96662119997,463.8077619342463,397895.27499999997,5450.620205479452,32,9464.0,0.049752022838239006,32,9464.0
11450.0,61,18215.0,246.14864864864865,1.6261385419253551,34145.14600949857,461.4208920202509,409211.019,5529.878635135136,35,9596.0,0.039742334103180725,35,9596.0
11455.0,65,18527.0,264.6714285714286,0.3879713392744756,34371.00141376865,491.01430591098074,409207.035,5845.814785714286,38,9740.0,0.02476259224908401,38,9740.0
11460.0,57,17873.0,259.0289855072464,0.9020788504757679,34698.82585318128,502.88153410407654,409207.035,5930.536739130435,30,9245.0,0.03072796175325274,30,9245.0
11465.0,53,18008.0,250.11111111111111,1.6910622361228471,35019.80557309888,486.386188515262,409207.035,5683.431041666667,25,9035.0,0.06779383221976583,25,9035.0
11470.0,54,18184.0,249.0958904109589,1.7721547272595304,35077.73431551744,480.51690843174555,409208.14699999994,5605.5910547945205,25,9119.0,0.09787131201032655,25,9119.0
11475.0,57,18421.0,259.4507042253521,1.0741306257029777,35209.538192904874,495.90898863246315,397984.929,5605.421535211269,31,9241.0,0.012148849629314631,31,9241.0
11480.0,57,18656.0,270.3768115942029,1.3702086211390008,35009.84061152256,507.38899436989203,403662.759,5850.184913043479,32,9328.0,0.0717140948527016,32,9328.0
11485.0,61,18951.0,266.9154929577465,1.3478871346796595,35218.32235490329,496.03270922399014,409384.11900000006,5765.973507042255,35,9459.0,0.039597527720056404,35,9459.0
11490.0,63,19258.0,283.20588235294116,0.890002619197093,35491.084205371095,521.927708902516,409383.84900000005,6020.350720588237,36,9596.0,0.03579324647415357,36,9596.0
11495.0,64,19576.0,296.6060606060606,0.120785931056887,35763.10557244661,541.8652359461607,409383.29300000006,6202.777166666667,37,9739.0,0.00021067928002657711,37,9739.0
11500.0,55,19623.0,288.5735294117647,1.1111125439617806,36081.81138995834,530.6148733817403,409384.9770000001,6020.36730882353,28,9461.0,0.05261703500112987,28,9461.0
11505.0,53,19753.0,290.4852941176471,1.2626546053399441,36389.145079981594,535.1344864703176,409384.9770000001,6020.36730882353,25,9503.0,0.028980472196868917,25,9503.0
11510.0,53,19918.0,288.6666666666667,1.3096464269029668,36697.281720201485,531.8446626116157,409385.61000000004,5933.124782608697,26,9590.0,0.04106972216502542,26,9590.0
11515.0,57,20158.0,300.86567164179104,0.9846093473890317,36822.30692015048,549.5866704500072,398112.52200000006,5941.977940298509,31,9717.0,0.03976533126416745,31,9717.0
11520.0,48,19222.0,295.7230769230769,1.3453340166194423,36841.87737642984,566.7981134835361,403817.23800000007,6212.572892307692,22,8889.0,0.0382962361508531,22,8889.0
11525.0,51,19468.0,270.3888888888889,2.668567133527116,36992.4042984774,513.7833930344085,398194.8990000001,5530.484708333333,25,8729.0,8.275100837172974e-05,25,8729.0
11530.0,52,19728.0,277.85915492957747,3.170542050878102,37073.02807233879,522.1553249625181,398194.05900000007,5608.367028169015,25,8840.0,0.13990738106816838,25,8840.0
11535.0,55,19992.0,322.4516129032258,0.6072452173082858,36336.80639543071,586.0775225069472,398185.2830000001,6422.34327419355,28,8963.0,0.03429099458722073,28,8963.0
11540.0,45,13561.0,226.01666666666668,1.1193826696006028,36523.52550555831,608.7254250926387,398184.1710000001,6636.402850000001,21,5089.0,0.028592742703052728,21,5089.0
11545.0,39,9560.0,159.33333333333334,2.6595135272830728,36778.57071715361,612.976178619227,398184.1710000001,6636.402850000001,21,4204.0,0.04744062292869233,21,4204.0
11550.0,30,3724.0,61.049180327868854,3.507917936371667,36976.14513364027,606.1663136662339,398184.15700000006,6527.609131147543,23,7232.0,0.023122937322443034,23,7232.0
11555.0,30,880.0,15.714285714285714,3.243137934166899,30636.264771890226,547.076156640897,362314.4260000001,6469.9004642857135,27,7335.0,0.03322436706604989,27,7335.0
11560.0,30,736.0,13.62962962962963,2.1165588916992046,22621.431881268018,418.9154052086672,348987.6230000001,6462.733759259262,22,7119.0,0.05293092322549378,22,7119.0
11565.0,33,698.0,12.464285714285714,2.0140954355991583,21831.2049702838,389.842945897925,370904.7880000001,6623.2997857142855,20,6957.0,0.058357811546645696,20,6957.0
11570.0,34,633.0,10.913793103448276,1.893651874673516,22073.81791286802,380.5830674632417,391864.29100000014,6756.280879310345,17,7014.0,0.06677777949616225,17,7014.0
11575.0,42,784.0,13.066666666666666,0.9267110552360526,21334.252855326013,355.5708809221001,397373.4030000001,6622.890050000003,21,7125.0,0.04518869931832236,21,7125.0
11580.0,44,724.0,12.066666666666666,1.7407004774724135,21443.2235780172,357.38705963362014,397480.1970000001,6624.669950000002,18,7067.0,0.1040067220470493,18,7067.0
11585.0,48,942.0,14.492307692307692,1.9024435740549162,21561.527172251837,331.7158026500283,403344.0500000001,6205.293076923077,21,7044.0,0.10547309053292592,21,7044.0
11590.0,53,1189.0,17.746268656716417,1.5686191127059121,21823.546757646433,325.7245784723348,414859.2480000001,6191.929074626867,26,7133.0,0.11680691197548827,26,7133.0
11595.0,58,1465.0,21.865671641791046,1.1048837006712877,22120.234660051672,330.1527561201743,420614.43800000014,6277.827432835822,32,7249.0,0.0421715896531069,32,7249.0
11600.0,55,1609.0,24.753846153846155,0.88596482370694,22127.27693355182,340.4196451315665,420613.4100000001,6470.975538461539,27,7028.0,0.04016714139659015,27,7028.0
11605.0,51,1784.0,25.855072463768117,2.3407536949274204,22424.096540291877,324.98690638104176,420616.4100000001,6095.890000000001,23,6883.0,0.07164232071118208,23,6883.0
11610.0,46,1934.0,28.441176470588236,2.4424372354679846,22685.366467838507,333.60833040938985,414858.6980000001,6100.863205882354,19,6841.0,0.14223071331802822,19,6841.0
11615.0,53,2166.0,33.323076923076925,0.912294277739127,22383.819060774455,344.3664470888378,392201.514,6033.869446153846,26,6939.0,0.051287503993506345,26,6939.0
11620.0,50,2290.0,35.23076923076923,1.2184215286718343,22522.429192132422,346.49891064819127,392311.29000000004,6035.5583076923085,24,6921.0,0.05502036958541047,24,6921.0
11625.0,54,2552.0,37.529411764705884,1.5993524257849694,22652.897243133055,333.1308418107802,398196.64800000004,5855.83305882353,27,6993.0,0.057520572990105386,27,6993.0
11630.0,56,2828.0,41.588235294117645,1.7651909347863448,22934.523065408866,337.2723980207187,403968.2440000001,5940.709470588236,30,7109.0,0.04092468502511033,30,7109.0
11635.0,58,3117.0,47.95384615384615,0.4677763280825664,23047.640140854626,354.5790790900713,415503.53600000014,6392.362092307692,32,7238.0,0.030902260606837713,32,7238.0
11640.0,57,3281.0,51.265625,0.6307852182145904,23322.860927640268,364.41970199437924,415503.53600000014,6492.242749999999,29,7099.0,0.018636801577550093,29,7099.0
11645.0,52,3448.0,50.705882352941174,1.7856051182116273,23622.247527711672,347.3859930545835,415506.53600000014,6110.390235294119,24,6974.0,0.05755033474999046,24,6974.0
11650.0,51,3641.0,52.01428571428571,2.3279444342853086,23904.615679981744,341.494509714025,415507.65200000006,5935.823600000001,22,6967.0,0.1454476238157418,22,6967.0
11655.0,51,3877.0,57.865671641791046,1.2946370666105929,23834.774940676187,355.74290956233114,398410.45000000007,5946.424626865672,25,7067.0,0.04936716963072638,25,7067.0
11660.0,52,4079.0,62.753846153846155,1.492062900582605,23700.685116446082,364.6259248684012,387134.10400000005,5955.909292307693,26,7122.0,0.10653080577236337,26,7122.0
11665.0,56,4349.0,63.955882352941174,1.401506588941717,23998.361411318063,352.91707957820665,398702.6860000001,5863.274794117647,30,7231.0,0.061260775306261374,30,7231.0
11670.0,59,4635.0,68.16176470588235,1.2297185476889978,24264.640432880755,356.8329475423639,410272.5930000001,6033.420485294118,32,7357.0,0.023299990467931943,32,7357.0
11675.0,62,4938.0,74.81818181818181,0.5173422378183301,24510.74515727929,371.37492662544366,416049.5050000001,6303.78037878788,36,7500.0,0.014344458614284688,36,7500.0
11680.0,52,4755.0,69.92647058823529,1.3149827062654498,24809.347901518988,364.8433514929263,421832.9310000001,6203.425455882353,24,7344.0,0.08109784801857137,24,7344.0
11685.0,53,4909.0,69.14084507042253,1.5685410955158192,25119.355697137802,353.79374221320853,421835.9310000001,5941.351140845071,23,7284.0,0.07482040824861604,23,7284.0
11690.0,51,5105.0,72.92857142857143,1.5188080488972555,25332.92119868777,361.8988742669682,421835.36600000004,6026.2195142857145,23,7361.0,0.06335049040947478,23,7361.0
11695.0,55,5345.0,79.77611940298507,0.9460244277809557,25586.4474710497,381.887275687309,404491.55100000004,6037.18732835821,29,7474.0,0.005737562209428255,29,7474.0
11700.0,47,4513.0,68.37878787878788,2.2042158845924846,25708.499196765257,389.52271510250387,410290.80900000007,6216.52740909091,21,6682.0,0.07122377354934967,21,6682.0
11705.0,49,4754.0,67.91428571428571,3.027324530474186,25863.01617019371,369.47165957419594,416089.77800000005,5944.139685714286,22,6572.0,0.042191468486575665,22,6572.0
11710.0,50,5004.0,72.52173913043478,3.061569100372238,26013.880847393393,377.0127659042522,410334.08400000003,5946.870782608696,22,6652.0,0.09514386952622529,22,6652.0
11715.0,53,5261.0,90.70689655172414,0.6141899385761423,25110.815994229357,432.9451033487821,410325.02600000007,7074.569413793104,25,6739.0,0.026855364612066175,25,6739.0
11720.0,49,5426.0,96.89285714285714,0.9838064374574433,25343.49623627742,452.5624327906683,410321.18200000003,7327.163964285714,21,6738.0,0.013551042448431767,21,6738.0
11725.0,49,5671.0,99.49122807017544,1.5066144653502942,25598.337903394608,449.0936474279756,410321.18200000003,7198.617228070176,21,6809.0,0.0,21,6809.0
11730.0,49,5916.0,102.0,1.7027800983116606,25815.840373171908,445.100696089171,410321.17000000004,7074.5029310344835,21,6884.0,0.03306739018775612,21,6884.0
11735.0,50,6163.0,114.12962962962963,0.9343925129770608,25969.83990260741,480.92296115939655,410318.04000000004,7598.482222222224,22,6961.0,0.04273086148100356,22,6961.0
11740.0,44,6106.0,115.20754716981132,0.8506073128608453,26205.82653033823,494.44955717619297,410318.04000000004,7741.849811320755,16,6753.0,0.06499346273473595,16,6753.0
11745.0,43,6127.0,111.4,1.7118038846771473,26450.19102597707,480.91256410867413,410322.7400000001,7460.413454545455,15,6584.0,0.10130805653374943,15,6584.0
11750.0,39,6089.0,112.75925925925925,1.8235031209710173,26534.847930811316,491.3860727928022,404565.0350000001,7491.945092592593,12,6618.0,0.16424675916774217,12,6618.0
11755.0,42,6247.0,115.68518518518519,0.7584933429615383,26433.06354634776,489.5011767842179,393124.26900000003,7280.079055555556,16,6707.0,0.05359844411490659,16,6707.0
11760.0,45,6408.0,116.50909090909092,1.2096384829722333,26535.434484615722,482.4624451748314,399064.86000000004,7255.724727272727,18,6755.0,0.04484885922261997,18,6755.0
11765.0,47,6638.0,107.06451612903226,1.562218128276682,26798.488833567473,432.2336908639917,404914.94000000006,6530.886129032258,21,6825.0,0.07042859785797449,21,6825.0
11770.0,51,6886.0,112.88524590163935,1.8300239477240663,27010.63365486725,442.79727303061094,410761.16,6733.789508196723,25,6913.0,0.11077580522014216,25,6913.0
11775.0,55,7146.0,117.14754098360656,0.5587500502673316,27268.367223672485,447.0224135028278,416611.47699999996,6829.6963442622955,27,7010.0,0.05028997643378323,27,7010.0
11780.0,53,7283.0,117.46774193548387,0.6956706309103948,27556.95006266153,444.46693649454085,416612.75100000005,6719.5605000000005,25,6875.0,0.017604576026518878,25,6875.0
11785.0,49,7443.0,120.04838709677419,1.9823602965823495,27833.55805751158,448.92835576631575,416612.75100000005,6719.5605000000005,21,6741.0,0.06177607739567131,21,6741.0
11790.0,45,7570.0,122.09677419354838,1.897861434392511,28098.440314242303,453.2006502297146,416612.75100000005,6719.5605000000005,18,6805.0,0.10329417143186981,18,6805.0
11795.0,50,7787.0,129.78333333333333,0.8715032648207149,28048.243565640387,467.47072609400647,399239.862,6653.997700000001,23,6894.0,0.036924836267228686,23,6894.0
11800.0,47,7937.0,134.52542372881356,1.3510626862622834,28023.10828363472,474.96793701075796,393569.33400000003,6670.666677966101,21,6900.0,0.0921855961792552,21,6900.0
11805.0,50,8180.0,127.8125,1.3747807501431708,28296.721005167434,442.13626570574115,405296.722,6332.76128125,24,6984.0,0.012955765698052174,24,6984.0
11810.0,54,8443.0,131.921875,1.5734014346139735,28548.467525734435,446.06980508960055,411161.907,6424.404796875,28,7087.0,0.04305650654901946,28,7087.0
11815.0,56,8715.0,142.86885245901638,0.6339567770846402,28732.374960152552,471.0225403303698,417026.341,6836.497393442624,29,7198.0,0.0617716966696242,29,7198.0
11820.0,53,8851.0,145.0983606557377,0.7526552136955736,29017.600559470586,475.6983698273868,417026.93000000005,6836.507049180328,25,7035.0,0.02317818477421177,25,7035.0
11825.0,48,8992.0,140.5,2.0255581933803146,29299.78747793619,457.80917934275305,417026.93000000005,6516.04578125,20,6891.0,0.08058619807323092,20,6891.0
11830.0,48,9147.0,138.5909090909091,1.8551226037705975,29527.953169075736,447.3932298344811,411178.1550000001,6229.972045454546,19,6953.0,0.1363167375690633,19,6953.0
11835.0,50,9370.0,148.73015873015873,0.9943882046303049,29350.50766156125,465.8810739930357,393845.4660000001,6251.515333333335,23,7046.0,0.061101383139199855,23,7046.0
11840.0,50,9573.0,151.95238095238096,1.4689986157634563,29481.683786982136,467.9632347140022,393943.08800000005,6253.06488888889,24,7104.0,0.11331245569427023,24,7104.0
11845.0,55,9839.0,144.69117647058823,1.2303166167050503,29778.640878630584,437.92118939162634,405715.815,5966.409044117647,29,7210.0,0.012622210294483405,29,7210.0
11850.0,59,10124.0,148.88235294117646,1.3865423719332433,30047.420812207587,441.87383547364107,417477.55100000004,6139.37575,32,7335.0,0.05425837773321904,32,7335.0
11855.0,61,10419.0,157.86363636363637,0.5177474019054655,30333.032822329835,459.59140639893707,417476.991,6325.408954545454,33,7467.0,0.02396789715969186,33,7467.0
11860.0,53,10318.0,154.0,1.0447610477269413,30611.4109322176,456.886730331606,417478.683,6231.025119402984,25,7220.0,0.055594854550347884,25,7220.0
11865.0,53,10490.0,156.56716417910448,0.9922934461064329,30923.03373635298,461.53781696049236,417478.683,6231.025119402984,24,7284.0,0.06780762380395898,24,7284.0
11870.0,56,10668.0,164.12307692307692,0.6108560192465794,31188.404181819173,479.82160279721813,405724.058,6241.908584615384,27,7375.0,0.014419144650726773,27,7375.0
11875.0,55,10896.0,167.63076923076923,0.789305352704053,31496.254640555748,484.55776370085766,405724.058,6241.908584615384,29,7503.0,0.0070362332997861736,29,7503.0
11880.0,56,11127.0,173.859375,0.9123719823587215,31636.829721498136,494.3254643984085,411628.174,6431.69021875,30,7591.0,0.012359467694670554,30,7591.0
11885.0,58,11411.0,163.0142857142857,1.463379578733563,31830.94949798188,454.72784997116986,417536.556,5964.807942857144,31,7715.0,0.028538933389460338,31,7715.0
11890.0,59,11706.0,172.14705882352942,1.399658916880202,31927.281035331962,469.51883875488176,411755.24,6055.224117647059,31,7840.0,0.08521249366748074,31,7840.0
11895.0,63,12012.0,182.0,0.1282447387856394,32191.291933065262,487.74684747068585,411755.24,6238.715757575757,35,7976.0,0.015044503529282341,35,7976.0
11900.0,60,12122.0,178.26470588235293,0.6740060157641876,32514.680737887396,478.15706967481475,411758.89599999995,6055.277882352942,32,7739.0,0.02949553020013744,32,7739.0
11905.0,55,12286.0,180.6764705882353,1.5881218575607576,32822.8102037695,482.68838534955154,411758.89599999995,6055.277882352942,27,7654.0,0.09143813181371974,27,7654.0
11910.0,52,12438.0,185.6417910447761,1.2345458174104418,32830.15042123611,490.0022450930763,400077.9159999999,5971.312179104477,24,7746.0,0.06717612423332697,24,7746.0
11915.0,56,12652.0,186.05882352941177,1.1120155978857955,32944.666484328045,484.48038947541255,400216.36999999994,5885.534852941177,30,7877.0,0.030425118124272357,30,7877.0
11920.0,47,11568.0,172.65671641791045,1.521380750031446,32972.60651338319,492.12845542362976,394455.33099999995,5887.393,20,6969.0,0.08594712631564869,20,6969.0
11925.0,51,11814.0,164.08333333333334,2.715106871130415,33262.67201020213,461.9815556972519,406324.1769999999,5643.391347222222,24,6742.0,0.06496129745761338,24,6742.0
11930.0,54,12070.0,170.0,2.6225187044240528,33156.93651867153,466.9991058967822,412256.04299999995,5806.4231408450705,28,6863.0,0.06120663867096248,28,6863.0
11935.0,56,12344.0,187.03030303030303,1.11989341507234,32517.8845561077,492.6952205470864,418186.01600000006,6336.151757575758,30,7004.0,0.03686046077046902,30,7004.0
11940.0,52,12412.0,200.19354838709677,1.0802233385977968,32661.26960902189,526.7946711132565,418184.62,6744.913225806452,24,6958.0,0.027629604117774764,24,6958.0
11945.0,54,12677.0,195.03076923076924,1.6276134481623121,32946.90498860091,506.875461363091,418184.62,6433.609538461538,25,7020.0,0.02791589725832944,25,7020.0
11950.0,54,12943.0,202.234375,1.936112494834778,33180.268898406175,518.4417015375966,418181.488,6534.08575,26,7117.0,0.09942498555748146,26,7117.0
11955.0,55,13214.0,220.23333333333332,0.6605587308634031,33325.71764908925,555.428627484821,418180.36600000004,6969.6727666666675,27,7218.0,0.000850813780390569,27,7218.0
11960.0,50,13207.0,220.11666666666667,0.9946442681068646,33522.50895483436,558.7084825805728,418179.346,6969.655766666667,22,7008.0,0.02754740764725262,22,7008.0
11965.0,45,13230.0,220.5,2.273321242025508,33765.821591971646,562.7636931995277,418179.346,6969.655766666667,17,6838.0,0.08170087351474367,17,6838.0
11970.0,40,13255.0,224.66101694915255,2.2289711285419624,33975.796219292184,575.8609528693592,412241.69999999995,6987.147457627118,14,6769.0,0.15079278000514873,14,6769.0
11975.0,47,13471.0,232.25862068965517,0.9738559851690894,33705.7370701505,581.1333977612157,394700.592,6805.182620689655,21,6858.0,0.05343713973866872,21,6858.0
11980.0,43,13545.0,233.5344827586207,1.2687225194877336,33812.39261978279,582.9722865479794,394812.646,6807.114586206896,17,6723.0,0.1215217593449378,17,6723.0
11985.0,47,13759.0,225.55737704918033,1.124586466133669,33930.24643974162,556.2335481924854,400886.40099999995,6571.908213114753,20,6747.0,0.06838625510113369,20,6747.0
11990.0,49,13988.0,222.03174603174602,1.5643050705132397,34205.872614037835,542.9503589529814,412829.9589999999,6552.856492063491,22,6821.0,0.03901333875264361,22,6821.0
11995.0,52,14239.0,229.66129032258064,1.2880410795064836,34335.6987908175,553.8015934002824,418797.88099999994,6754.804532258064,26,6913.0,0.0892225648105503,26,6913.0
12000.0,51,14305.0,230.7258064516129,1.3209287258936224,34567.65389441081,557.5428047485617,424795.31999999983,6851.537419354838,24,6833.0,0.05354257601858172,24,6833.0
12005.0,53,14562.0,214.14705882352942,1.6688795698474623,34712.83670474843,510.48289271688867,418914.5179999998,6160.5076176470575,26,6914.0,0.028293480038212786,26,6914.0
12010.0,56,14832.0,214.95652173913044,2.275697816542269,34944.94896650432,506.4485357464396,418915.6419999999,6071.2411884057965,26,7014.0,0.14335786742091106,26,7014.0
12015.0,55,15104.0,236.0,0.5513508203159796,35058.985738923584,547.796652170681,418914.3759999998,6545.537125,27,7116.0,0.008234054506118499,27,7116.0
12020.0,54,15188.0,241.0793650793651,0.8934712329378889,35334.780922529426,560.869538452848,418914.3759999998,6649.434539682538,26,6937.0,0.05426585065064311,26,6937.0
12025.0,52,15324.0,243.23809523809524,1.5440877153315868,35621.000632136514,565.4127084466111,418914.3759999998,6649.434539682538,24,6801.0,0.05325962334893094,24,6801.0
12030.0,49,15431.0,252.9672131147541,1.1369635581131023,35699.453324163245,585.2369397403811,407062.4739999998,6673.155311475409,22,6882.0,0.04755886954360079,22,6882.0
12035.0,51,15652.0,252.4516129032258,0.9732573115659351,35958.35016487423,579.9733897560362,407093.0009999998,6566.016145161289,24,6994.0,0.03855941563122816,24,6994.0
12040.0,48,15797.0,254.79032258064515,1.4464788143819334,35762.21974443138,576.8099958779255,395422.3939999999,6377.780548387095,22,7005.0,0.0762190441191626,22,7005.0
12045.0,52,16050.0,246.92307692307693,1.9110037657563386,36038.91067359834,554.4447795938206,407419.6639999998,6267.99483076923,26,7098.0,0.10872607495689503,26,7098.0
12050.0,55,16315.0,243.50746268656715,1.5995276777167682,36324.794496671675,542.1611118906222,419415.8259999999,6259.937701492537,28,7203.0,0.05989522207325987,28,7203.0
12055.0,59,16604.0,263.55555555555554,0.2538422149938647,36483.75280069787,579.1071873126645,419413.06999999995,6657.350317460317,32,7329.0,0.0033455166707373747,32,7329.0
12060.0,54,16745.0,265.7936507936508,0.9205984561433963,36780.720185033904,583.8209553179984,419416.87599999993,6657.41073015873,26,7202.0,0.05344573798904362,26,7202.0
12065.0,50,16910.0,248.6764705882353,2.2904909643048526,37071.2153128202,545.1649310708852,419420.144,6167.9432941176465,22,7103.0,0.09344776775513133,22,7103.0
12070.0,49,17071.0,251.0441176470588,2.414528273300203,37352.47403821891,549.301088797337,419420.144,6167.9432941176465,21,7178.0,0.1508020814774691,21,7178.0
12075.0,55,17292.0,266.03076923076924,0.734855197148618,37313.36087762558,574.0517058096243,401593.137,6178.355953846154,28,7288.0,0.04913453410437378,28,7288.0
12080.0,53,17502.0,273.46875,1.1569983849155472,37348.399888924636,583.5687482644475,395745.7,6183.5265625,27,7353.0,0.04559755425139324,27,7353.0
12085.0,56,17779.0,257.6666666666667,1.3686012311233218,37649.18389861368,545.6403463567202,407778.02,5909.826376811594,30,7470.0,0.024342933029412008,30,7470.0
12090.0,59,18066.0,250.91666666666666,1.5538355785898839,37914.612160858815,526.5918355674837,419811.00199999986,5830.708361111111,32,7597.0,0.0787665090356448,32,7597.0
12095.0,61,18364.0,258.6478873239437,1.0389882230747793,38182.66477990256,537.7840109845431,425822.7779999999,5997.5039154929555,34,7733.0,0.049964362786483495,34,7733.0
12100.0,61,18522.0,264.6,0.80331544315681,38503.45209764085,550.0493156805837,425822.7779999999,6083.182542857141,33,7673.0,0.04560111402452238,33,7673.0
12105.0,56,18695.0,267.07142857142856,1.713573599309576,38821.923944002316,554.5989134857475,425822.7779999999,6083.182542857141,28,7637.0,0.0460524476708849,28,7637.0
12110.0,53,18891.0,277.80882352941177,1.6287743609391978,38964.885442339044,573.0130212108684,413850.43499999994,6086.035808823529,26,7668.0,0.059934222853262324,26,7668.0
12115.0,56,19145.0,290.07575757575756,0.7039515102965862,38909.777472425194,589.5420829155333,389934.38599999994,5908.096757575758,29,7793.0,0.04291582154680401,29,7793.0
12120.0,55,19370.0,293.4848484848485,0.9734653781485971,39111.62973367525,592.600450510231,389993.11199999996,5908.986545454545,29,7873.0,0.022446145495249,29,7873.0
12125.0,59,19657.0,273.0138888888889,1.3222323965704577,39430.77664473755,547.6496756213548,402059.6209999999,5584.161402777778,33,8000.0,0.06892829796941699,33,8000.0
12130.0,63,19962.0,273.45205479452056,1.301566068470413,39726.76359000083,544.2022409589154,414114.77499999985,5672.805136986301,36,8145.0,0.07301009484743196,36,8145.0
12135.0,64,20279.0,277.7945205479452,0.39988358260563156,40014.220288055425,548.1400039459648,420142.3959999999,5755.375287671232,38,8302.0,0.027427993666416132,38,8302.0
12140.0,57,19048.0,257.4054054054054,1.4089291513205537,40350.12938373845,545.2720186991681,420143.6739999998,5677.617216216216,28,7267.0,0.05497312010945193,28,7267.0
12145.0,57,19329.0,261.2027027027027,2.635374546377123,40659.032920366655,549.4463908157657,420143.6739999998,5677.617216216216,29,7014.0,1.9271380555490138e-05,29,7014.0
12150.0,57,19614.0,272.4166666666667,2.321249341874588,40658.06214370333,564.6953075514352,420142.1219999998,5835.30725,29,7129.0,0.032936259737373984,29,7129.0
12155.0,59,19904.0,306.2153846153846,0.9790063352921935,39934.05651115874,614.370100171673,420134.5779999998,6463.608892307692,31,7249.0,3.0111301614248537e-05,31,7249.0
12160.0,52,19913.0,331.8833333333333,0.7558401719793081,39852.166699103145,664.2027783183858,420130.0339999998,7002.167233333331,24,7072.0,0.036821891722205,24,7072.0
12165.0,49,19997.0,307.6461538461538,1.851745913348395,40132.57283208834,617.4241974167438,420133.5899999998,6463.5936923076915,21,6979.0,0.05049271488781155,21,6979.0
12170.0,45,20040.0,318.0952380952381,2.023677501305946,40215.91203702878,638.3478101115678,408136.9909999998,6478.3649365079345,18,7041.0,0.11052488075489518,18,7041.0
12175.0,51,20241.0,326.46774193548384,0.9647622423694325,40349.236158712985,650.7941315921449,402174.7839999998,6486.690064516128,24,7149.0,0.07342149595553482,24,7149.0
12180.0,48,20318.0,333.08196721311475,0.9623523074348616,40362.90793817372,661.6870153798972,396273.25999999983,6496.282950819671,22,7121.0,0.056521342626604625,22,7121.0
12185.0,53,20568.0,311.6363636363636,1.6740717384043107,40646.038326554146,615.8490655538508,408404.48099999985,6187.946681818183,26,7190.0,0.03508353175775113,26,7190.0
12190.0,56,20832.0,301.9130434782609,2.0832391489530004,40926.78074650264,593.1417499493137,414469.1289999999,6006.798971014492,28,7294.0,0.08587596000695491,28,7294.0
12195.0,59,21113.0,324.81538461538463,0.6942855051746141,41038.98164924517,631.3689484499259,420531.0489999999,6469.708446153846,31,7412.0,0.002638096746159229,31,7412.0
12200.0,54,21261.0,337.4761904761905,1.0482859970098566,41296.34161725273,655.4974859881385,420531.0489999999,6675.096015873015,26,7314.0,0.06036027908297478,26,7314.0
12205.0,51,21408.0,334.5,1.786982594879028,41583.24048688268,649.7381326075417,420531.0489999999,6570.797640625,23,7152.0,0.05148250855820372,23,7152.0
12210.0,49,21579.0,337.171875,1.8385735911991032,41840.26747275354,653.754179261774,414462.586,6475.97790625,22,7228.0,0.09512242278370181,22,7228.0
12215.0,51,21806.0,340.71875,1.3420586308207358,41855.393516378295,653.9905236934108,402465.88700000005,6288.529484375001,25,7343.0,0.0752303687821479,25,7343.0
12220.0,50,21969.0,337.9846153846154,1.7049520436192218,41800.21984767452,643.080305348839,396583.831,6101.289707692308,23,7346.0,0.09529462418454676,23,7346.0
12225.0,55,22230.0,336.8181818181818,1.6412017278471238,42088.56525171733,637.7055341169295,402663.795,6100.966590909092,29,7447.0,0.04961345411358133,29,7447.0
12230.0,56,22509.0,341.04545454545456,1.1504510172170932,42329.825345723264,641.3609900867161,414825.63899999997,6285.236954545456,30,7566.0,0.04133764124080451,30,7566.0
12235.0,62,22804.0,350.83076923076925,0.4477550663478681,42562.770371567145,654.8118518702638,426978.73299999995,6568.903584615385,35,7701.0,0.022483693352427565,35,7701.0
12240.0,51,22147.0,346.046875,0.9231637633592817,42863.976937860425,669.7496396540691,426978.73299999995,6671.542703125,23,7191.0,0.044880153241736886,23,7191.0
12245.0,47,22237.0,308.84722222222223,2.055785501287712,43166.98979204252,599.5415248894791,426988.00499999995,5930.388958333333,17,6947.0,0.07687346894209446,17,6947.0
12250.0,46,22401.0,315.50704225352115,2.5639773075576366,43420.11154886233,611.5508668853852,420921.81499999994,5928.476267605633,18,7002.0,0.1698203586991655,18,7002.0
12255.0,52,22619.0,332.63235294117646,0.9559880280873327,43329.919322012,637.2046959119414,408837.19,6012.311617647059,26,7092.0,0.039169328310317136,26,7092.0
12260.0,55,22856.0,336.11764705882354,1.353038479883698,43451.95965739647,638.9994067264188,414931.34400000004,6101.931529411767,28,7180.0,0.002672112499555246,28,7180.0
12265.0,57,23136.0,345.3134328358209,1.3831892170298312,43412.447281208675,647.9469743463984,421025.7590000001,6283.966552238807,31,7301.0,0.02633163506602872,31,7301.0
12270.0,59,23426.0,354.93939393939394,1.0877524776335283,43538.9361519334,659.6808507868698,414998.12100000004,6287.850318181818,31,7426.0,0.016658849020367038,31,7426.0
12275.0,60,23724.0,370.6875,0.749961979714983,43812.46594012429,684.5697803144421,414991.9850000001,6484.249765625,32,7554.0,4.288188775020503e-05,32,7554.0
12280.0,54,23855.0,378.6507936507937,0.7948978335017688,44098.81897788975,699.9812536172979,414991.9850000001,6587.174365079367,26,7437.0,0.04887510826491445,26,7437.0
12285.0,52,23985.0,374.765625,1.49280409053477,44391.35289303911,693.6148889537363,414991.9850000001,6484.249765625,24,7317.0,0.05801625638028094,24,7317.0
12290.0,49,24137.0,377.140625,1.6416937943014234,44654.16400096096,697.7213125150149,408899.93200000003,6389.0614375000005,22,7328.0,0.10787168494027392,22,7328.0
12295.0,52,24367.0,380.734375,1.0541464986622735,44500.78432818488,695.3247551278889,396937.8690000002,6202.154203125,26,7442.0,0.07575990823753302,26,7442.0
12300.0,46,23799.0,371.859375,2.1213239035596403,44639.39380404361,697.4905281881813,397029.9380000002,6203.592781250001,20,6837.0,0.09537297771215797,20,6837.0
12305.0,50,24040.0,353.52941176470586,2.6654640615546095,44811.67341650574,658.995197301555,403210.5110000002,5929.566338235296,24,6818.0,0.03755963723829467,24,6818.0
12310.0,54,24299.0,357.3382352941176,2.458148838870761,44806.84404672538,658.9241771577263,415446.6570000002,6109.509661764708,27,6917.0,0.10161335082402853,27,6917.0
12315.0,56,24570.0,402.78688524590166,0.5893084855221842,44471.15503324239,729.0353284138096,421558.01500000013,6910.787131147543,30,7028.0,0.04934332256896585,30,7028.0
12320.0,53,24706.0,392.1587301587302,0.9166026966090629,44760.08989329471,710.4776173538843,427676.59100000013,6788.51731746032,25,6916.0,0.05587070962904489,25,6916.0
12325.0,48,24847.0,376.469696969697,2.381298232012157,45040.19508822337,682.4271983064149,427679.59100000013,6479.993803030304,20,6853.0,0.07762600843907141,20,6853.0
12330.0,43,24996.0,390.5625,2.335576208195026,45127.48821046614,705.1170032885336,415515.6860000001,6492.43259375,17,6845.0,0.16758771645317677,17,6845.0
12335.0,51,25230.0,394.21875,1.277072530685683,45271.842247804925,707.3725351219521,409464.6090000001,6397.884515625,24,6931.0,0.05398729719515351,24,6931.0
12340.0,46,25201.0,406.46774193548384,1.5264929882486298,45346.81902371646,731.4003068341366,397311.95300000004,6408.257306451614,20,6789.0,0.08482118737709488,20,6789.0
12345.0,49,25435.0,385.3787878787879,1.7745258940084878,45525.246901462204,689.7764682039727,403494.3840000001,6113.551272727273,22,6828.0,0.07703643976184046,22,6828.0
12350.0,51,25683.0,395.12307692307695,2.279990710594418,45697.72016292103,703.0418486603232,409623.99400000006,6301.9076000000005,25,6918.0,0.050994526574339054,25,6918.0
12355.0,53,25944.0,418.4516129032258,1.1739772624048304,45777.59990007658,738.348385485106,421887.10500000016,6804.6307258064535,27,7019.0,0.06953790762842912,27,7019.0
12360.0,50,26076.0,434.6,0.8973122394910459,45995.77902248588,766.596317041431,428017.56700000016,7133.626116666667,23,6936.0,0.05618942208690734,23,6936.0
12365.0,48,26239.0,409.984375,2.081105421220082,46270.83752673973,722.9818363553084,428020.56700000016,6687.821359375001,20,6861.0,0.07285302603349544,20,6861.0
12370.0,46,26383.0,393.7761194029851,2.577647803508868,46408.32176215622,692.6615188381525,421946.4480000001,6297.708179104479,17,6874.0,0.16553440837369565,17,6874.0
12375.0,47,26593.0,415.515625,1.5903842168748779,46442.18795231278,725.6591867548873,403645.8400000001,6306.9662499999995,20,6945.0,0.09234799753673062,20,6945.0
12380.0,48,26807.0,432.3709677419355,1.3104139523902973,46530.3061324298,750.4888085875776,391457.74500000005,6313.834596774194,22,7009.0,0.08454532224464062,22,7009.0
12385.0,54,27063.0,422.859375,1.2412614353956444,46814.701540733746,731.4797115739648,403745.1560000001,6308.5180625,28,7105.0,0.04998677444110602,28,7105.0
12390.0,57,27339.0,427.171875,1.0176772716794344,47069.18398663225,735.455999791129,416023.8520000001,6500.3726875,30,7221.0,0.04594189612009117,30,7221.0
12395.0,59,27625.0,431.640625,0.5487874989555244,47351.99053370267,739.8748520891045,422162.4800000001,6596.28875,32,7346.0,0.009663537127944755,32,7346.0
12400.0,49,27189.0,424.828125,1.3317975020864723,47628.42893127414,744.1942020511586,422160.61800000013,6596.25965625,21,6902.0,0.06673170166682534,21,6902.0
12405.0,46,27291.0,401.3382352941176,1.98343538291429,47919.91639717767,704.7046528996715,422163.61800000013,6208.2885000000015,17,6796.0,0.11887846403340749,17,6796.0
12410.0,46,27430.0,409.4029850746269,1.7737446444706104,48115.363746562296,718.1397574113777,416044.4730000001,6209.619000000001,18,6852.0,0.0986657896023422,18,6852.0
12415.0,54,27661.0,425.55384615384617,0.7753481999537047,48128.93346178995,740.4451301813839,409917.8450000001,6306.428384615385,27,6959.0,0.013423135704625421,27,6959.0
12420.0,55,27909.0,436.078125,0.613959140203203,48056.71071366569,750.8861049010266,416069.6270000001,6501.087921875,29,7061.0,0.0016549021307808369,29,7061.0
12425.0,58,28195.0,402.7857142857143,1.3229808375940084,48370.37592595565,691.0053703707949,422232.77100000007,6031.896728571429,32,7187.0,0.021136723601942933,32,7187.0
12430.0,60,28493.0,419.0147058823529,1.4409516713349566,48558.16629098583,714.0906807497913,416111.0670000001,6119.280397058824,32,7317.0,0.11710550422092733,32,7317.0
12435.0,63,28798.0,436.3333333333333,0.11471586395923361,48842.703514953915,740.0409623477867,416111.0670000001,6304.713136363636,35,7452.0,0.015212452612407822,35,7452.0
12440.0,60,28955.0,438.7121212121212,0.5345708361713785,49165.92622088692,744.9382760740442,416111.0670000001,6304.713136363636,32,7410.0,0.016935428924580574,32,7410.0
12445.0,57,29134.0,428.44117647058823,1.4034006568971693,49473.733826583804,727.5549092144678,416111.56800000014,6119.287764705883,29,7376.0,0.05250892851748474,29,7376.0
12450.0,51,29272.0,424.231884057971,1.8005892963546837,49756.89883166593,721.1144758212454,409952.1250000001,5941.335144927537,24,7406.0,0.1100770817797197,24,7406.0
12455.0,55,29509.0,433.95588235294116,1.2714971166709528,49698.71822338313,730.8635032850461,397785.1800000001,5849.782058823529,28,7530.0,0.04879357197916015,28,7530.0
12460.0,53,29689.0,443.1194029850746,1.3353831468910742,49807.93517730157,743.4020175716648,391707.7190000001,5846.3838656716425,27,7576.0,0.08844549807449457,27,7576.0
12465.0,57,29965.0,434.27536231884056,1.3435949237982763,50112.129585816685,726.2627476205315,404076.8930000001,5856.186855072464,31,7692.0,0.028159802661338558,31,7692.0
12470.0,61,30261.0,438.5652173913044,1.198643139255441,50362.09520696825,729.8854377821486,416442.8970000001,6035.404304347827,34,7828.0,0.02727855619111523,34,7828.0
12475.0,63,30568.0,443.0144927536232,0.6705143447061996,50617.878325161706,733.5924394950972,422622.2710000001,6124.960449275362,37,7975.0,0.01895675646045895,37,7975.0
12480.0,52,30380.0,446.7647058823529,1.1119431484584383,50915.55730269829,748.7581956279159,428806.44800000015,6305.977176470587,25,7686.0,0.053886489943830614,25,7686.0
12485.0,52,30516.0,412.3783783783784,1.5844139350151787,51237.12121246994,692.3935298982422,428812.44800000015,5794.76281081081,23,7594.0,0.05113396698859832,23,7594.0
12490.0,53,30714.0,426.5833333333333,1.7488657667832797,51378.99965344673,713.5972174089824,422652.4440000001,5870.172833333334,25,7677.0,0.1012764531775491,25,7677.0
12495.0,57,30964.0,442.34285714285716,0.725964192759017,51682.314079400094,738.3187725628585,410283.50000000006,5861.192857142858,31,7797.0,0.019018815978599213,31,7797.0
12500.0,52,30136.0,418.55555555555554,1.7361317885615113,51814.47064205457,719.6454255840913,416484.0940000001,5784.501305555556,25,7124.0,0.055331691585316575,25,7124.0
12505.0,52,30393.0,428.07042253521126,2.942432055426001,51875.58361571613,730.6420227565652,422679.80800000014,5953.236732394366,25,6913.0,0.03773996097223849,25,6913.0
12510.0,54,30658.0,444.3188405797101,2.564975447227852,51995.873844861824,753.5633890559686,416549.06800000014,6036.943014492754,26,7009.0,0.06025256712449668,26,7009.0
12515.0,56,30932.0,498.9032258064516,1.1416359991771323,51224.964007006696,826.2090968872047,416540.3760000001,6718.3931612903225,28,7113.0,5.485859940203512e-05,28,7113.0
12520.0,51,31099.0,545.5964912280701,0.9012815817577292,51315.645348027436,900.2744797899552,416536.1040000001,7307.650947368421,23,7110.0,0.03762174045666334,23,7110.0
12525.0,51,31354.0,514.0,1.2430071544837389,51583.989504632096,845.6391722070834,416536.9080000001,6828.473901639344,23,7195.0,0.01042443579070564,23,7195.0
12530.0,51,31609.0,526.8166666666667,1.6747638136205973,51782.067938386026,863.034465639767,416539.43800000014,6942.323966666666,23,7280.0,0.09304501096803672,23,7280.0
12535.0,52,31865.0,559.0350877192982,0.6497093905300296,51973.6120360605,911.8177550186052,416535.4420000001,7307.639333333333,24,7366.0,0.065730036192539,24,7366.0
12540.0,50,31827.0,568.3392857142857,0.567122594776046,52240.981592534554,932.8746712952599,416535.4420000001,7438.132892857143,22,7145.0,0.019966449828297303,22,7145.0
12545.0,46,31862.0,540.0338983050848,1.6757557865193495,52505.49089936889,889.9235745655743,416535.4420000001,7059.922745762711,18,6990.0,0.0704441565664998,18,6990.0
12550.0,44,31833.0,539.542372881356,1.8081585622017426,52520.88218773903,890.1844438599835,404221.701,6851.215271186442,15,6948.0,0.18177329794357783,15,6948.0
12555.0,46,32001.0,533.35,1.412566127160025,52780.90842036926,879.6818070061543,410466.661,6841.111016666667,19,7054.0,0.058886031055407746,19,7054.0
12560.0,45,32181.0,536.35,1.756334996504018,52884.65843576287,881.410973929381,410571.396,6842.856600000001,19,7118.0,0.08534400939794055,19,7118.0
12565.0,50,32419.0,522.8870967741935,1.6423207475790353,52662.811674221586,849.4001882938965,404662.206,6526.809774193548,23,7193.0,0.06193717798852067,23,7193.0
12570.0,52,32668.0,535.5409836065573,1.5770104579478457,52882.57790375622,866.9275066189542,417152.6010000001,6838.567229508197,25,7285.0,0.10465436389225535,25,7285.0
12575.0,55,32930.0,539.8360655737705,0.4305827877068795,53149.72476648033,871.3069633849233,423396.437,6940.925196721311,29,7387.0,0.011677352115239027,29,7387.0
12580.0,52,33074.0,533.4516129032259,1.0808409708424838,53405.08229727503,861.3722951173394,423398.14499999996,6829.002338709677,24,7213.0,0.04365553332106734,24,7213.0
12585.0,49,33234.0,536.0322580645161,1.9512651111210717,53677.28168153868,865.7626077667531,423398.14499999996,6829.002338709677,21,7080.0,0.13056767655066168,21,7080.0
12590.0,46,33378.0,547.1803278688525,1.4172687706872442,53766.982942330884,881.4259498742767,417261.07499999995,6840.345491803278,19,7144.0,0.057174620061825374,19,7144.0
12595.0,49,33606.0,569.5932203389831,0.7249871678586655,53899.02348588373,913.5427709471816,404840.71099999995,6861.706966101694,23,7252.0,0.05009312644331447,23,7252.0
12600.0,50,33810.0,582.9310344827586,0.7317265872745338,53840.47288226592,928.2840152114813,398805.85899999994,6875.963086206896,24,7296.0,0.033213635216491885,24,7296.0
12605.0,53,34068.0,501.0,1.4037585359420084,54131.445743313736,796.0506726957901,411342.18500000006,6049.149779411765,27,7394.0,0.047332494411587,27,7394.0
12610.0,56,34338.0,497.6521739130435,2.033044476894288,54409.325530929695,788.5409497236187,423863.68499999994,6142.951956521739,29,7504.0,0.1462231892650605,29,7504.0
12615.0,62,34628.0,516.8358208955224,0.1448799130296053,54669.314698171336,815.9599208682289,423863.68499999994,6326.323656716418,34,7631.0,0.018227065209925276,34,7631.0
12620.0,60,34800.0,519.4029850746268,0.5951535645700453,54996.11586433053,820.8375502138886,423863.68499999994,6326.323656716418,32,7532.0,0.01207603062240167,32,7532.0
12625.0,55,34970.0,521.9402985074627,1.4303934737186104,55304.43335790797,825.4393038493728,423863.68499999994,6326.323656716418,27,7429.0,0.042958775946038995,27,7429.0
12630.0,53,35163.0,517.1029411764706,1.4477136442311878,55588.971546873145,817.4848756893107,417599.47399999993,6141.168735294117,26,7529.0,0.055390772077512716,26,7529.0
12635.0,55,35415.0,528.5820895522388,1.1668464211242897,55581.65554173149,829.5769483840519,405247.4329999999,6048.46914925373,29,7653.0,0.03582407504207046,29,7653.0
12640.0,53,35572.0,538.969696969697,1.1966677534641765,55588.06400545778,842.2433940220874,399162.6929999999,6047.91959090909,27,7666.0,0.07545082824683828,27,7666.0
12645.0,57,35851.0,504.943661971831,1.5929916021912365,55893.66787982328,787.2347588707504,411722.2209999999,5798.90452112676,31,7785.0,0.03199428280595034,31,7785.0
12650.0,60,36144.0,502.0,1.8218746283403258,56174.473335345094,780.2010185464597,424278.58,5892.758055555556,33,7918.0,0.06922705508774504,33,7918.0
12655.0,62,36444.0,520.6285714285714,0.4472270023649633,56369.80742576866,805.2829632252666,430556.59199999995,6150.808457142857,35,8058.0,0.01543170459320819,35,8058.0
12660.0,54,35966.0,521.2463768115942,1.4165643647708246,56686.034707392915,821.5367348897522,430556.59199999995,6239.950608695653,26,7497.0,0.059975943679970584,26,7497.0
12665.0,53,36088.0,501.22222222222223,1.685949032745257,56999.0316135774,791.6532168552416,430556.59199999995,5979.952666666668,23,7337.0,0.07293829817039765,23,7337.0
12670.0,51,36243.0,517.7571428571429,1.580398656676143,56906.07220692498,812.9438886703568,424357.96699999995,6062.256671428572,23,7420.0,0.10874699824219812,23,7420.0
12675.0,58,36501.0,536.7794117647059,0.7014328428102781,57160.7975208979,840.5999635426159,411827.01199999993,6056.279588235294,30,7538.0,0.011350510753252281,30,7538.0
12680.0,52,35882.0,505.38028169014086,1.318459248038395,57259.44649544022,806.4710774005664,418124.6169999999,5889.079112676056,24,6918.0,0.024070868995444448,24,6918.0
12685.0,51,36132.0,508.90140845070425,2.688067278570125,57280.12972024689,806.7623904260126,418124.8549999999,5889.082464788731,25,6875.0,0.04714197825150078,25,6875.0
12690.0,53,36394.0,527.4492753623189,2.553276660700246,57274.901031245114,830.0710294383349,411921.6169999999,5969.878507246376,25,6970.0,0.10672231455624047,25,6970.0
12695.0,57,36669.0,572.953125,1.0351440596568207,56947.769085424814,889.8088919597627,411916.7709999999,6436.199546875,29,7075.0,0.000910488169265884,29,7075.0
12700.0,52,36811.0,623.9152542372881,0.8713007298619917,56964.26808795954,965.4960692874499,411914.6389999999,6981.604050847457,24,7051.0,0.032151932185291714,24,7051.0
12705.0,52,37071.0,607.7213114754098,1.3062613842618753,57236.264838504314,938.2994235820378,411915.207,6752.70831147541,24,7137.0,0.0,24,7137.0
12710.0,52,37331.0,632.728813559322,1.5285892160442294,57451.65937074862,973.7569384872648,411913.4969999999,6981.584694915254,24,7227.0,0.0,24,7227.0
12715.0,52,37591.0,683.4727272727273,0.5091574603415129,57579.83156978266,1046.9060285415028,411913.4969999999,7489.33630909091,24,7317.0,0.04711813787257905,24,7317.0
12720.0,48,37589.0,696.0925925925926,0.42049838468563533,57837.47662287633,1071.0643819051174,411913.4969999999,7628.02772222222,20,7154.0,0.02528332561636841,20,7154.0
12725.0,44,37584.0,626.4,1.7354487336679112,58100.25891879805,968.3376486466344,411919.4969999999,6865.324949999999,16,6992.0,0.08019540666612868,16,6992.0
12730.0,44,37617.0,606.7258064516129,2.336698276650458,58349.25660954174,941.117042089383,411920.63699999993,6643.881241935484,15,7035.0,0.19516856207513897,15,7035.0
12735.0,48,37793.0,619.5573770491803,1.1280396675680855,58309.82794718002,955.89881880623,405775.6019999999,6652.059049180327,21,7136.0,0.051906092102302806,21,7136.0
12740.0,48,38003.0,633.3833333333333,1.473781705121469,58285.711557444294,971.428525957405,399635.5029999999,6660.591716666666,22,7230.0,0.11649962240973491,22,7230.0
12745.0,52,38254.0,617.0,1.313215286554676,58558.13138035962,944.4859900058002,412325.8809999999,6650.41743548387,26,7321.0,0.06471021649865548,26,7321.0
12750.0,56,38523.0,611.4761904761905,1.157093161514269,58815.12130786633,933.5733540931164,425016.6119999999,6746.295428571427,29,7430.0,0.016504120717326053,29,7430.0
12755.0,58,38806.0,646.7666666666667,0.33001343713737447,59069.35226512016,984.489204418669,425016.04199999996,7083.600699999999,30,7549.0,4.537682993097681e-06,30,7549.0
12760.0,51,38926.0,627.8387096774194,1.2276123874218718,59342.387220620505,957.1352777519437,425015.21099999995,6855.084048387096,23,7331.0,0.06310423086707975,23,7331.0
12765.0,47,39052.0,619.8730158730159,2.1246494728662415,59613.249856307826,946.2420612112352,425015.21099999995,6746.2731904761895,19,7175.0,0.14714865934360774,19,7175.0
12770.0,45,39201.0,632.2741935483871,1.7686088943000062,59809.08251604971,964.6626212266082,418719.81899999996,6753.545467741934,18,7138.0,0.10028154152936944,18,7138.0
12775.0,50,39420.0,657.0,0.9653462368881042,59743.75610418921,995.7292684031531,406225.559,6770.425983333333,23,7230.0,0.05353263786995387,23,7230.0
12780.0,41,27394.0,472.3103448275862,1.4297185296209842,59576.860343540546,1027.187247302423,393795.14,6789.571379310344,19,5320.0,0.09990529454443231,19,5320.0
12785.0,36,17833.0,274.3538461538462,3.1662398364745266,59835.88907518139,920.5521396181753,406526.153,6254.248507692307,22,4419.0,0.11565933952591588,22,4419.0
12790.0,32,5830.0,89.6923076923077,3.6199740087511074,57046.33617001825,877.6359410772038,410425.73399999994,6314.242061538462,27,7504.0,0.10952191441745426,27,7504.0
12795.0,39,1136.0,18.03174603174603,2.3932766001637726,47913.62198206659,760.5336822550253,390647.4849999999,6200.753730158729,37,8627.0,0.04458842279038467,37,8627.0
12800.0,34,697.0,11.063492063492063,1.9196173219632178,39422.94129296127,625.7609729041474,393731.408,6249.704888888888,28,8262.0,0.04425822715793697,28,8262.0
12805.0,40,781.0,11.157142857142857,1.7955095542624768,37873.1062251084,541.0443746444057,430543.105,6150.615785714284,25,8152.0,0.03752473072476492,25,8152.0
12810.0,43,916.0,12.378378378378379,2.1824711938450694,38179.7557671584,515.9426455021403,453889.86799999996,6133.646864864864,25,8242.0,0.06513858481232963,25,8242.0
12815.0,56,1156.0,16.055555555555557,1.201289549001749,37011.74085820685,514.0519563639838,447657.904,6217.470888888889,32,8361.0,0.0068114521320430665,32,8361.0
12820.0,49,1082.0,15.027777777777779,1.6466231417527897,37133.884501947476,515.7483958603814,454034.99299999996,6306.041569444445,27,5455.0,0.06932114198657256,27,5455.0
12825.0,46,1168.0,16.685714285714287,2.3189327305184118,37032.50946035186,529.0358494335978,454130.708,6487.581542857142,30,5581.0,0.04997377868689003,30,5581.0
12830.0,37,1209.0,17.779411764705884,2.8604038270597516,33168.62945107748,487.7739625158453,434672.037,6392.235838235293,30,4737.0,0.04341461904830915,30,4737.0
12835.0,36,1299.0,19.681818181818183,2.9009225898683613,28996.753251413367,439.34474623353606,427109.82000000007,6471.3609090909085,33,6862.0,0.03848628043782099,33,6862.0
12840.0,40,1486.0,22.861538461538462,2.670371436707151,21341.669352419318,328.3333746526051,399558.816,6147.058707692307,38,7030.0,0.01530622533283401,38,7030.0
12845.0,38,1426.0,21.28358208955224,2.143779599342335,15297.758299560739,228.32475073971247,393807.22400000005,5877.719761194029,31,6771.0,0.06994342641379526,31,6771.0
12850.0,44,1495.0,21.056338028169016,2.296836273720875,15582.879674709608,219.47717851703678,440479.929,6203.942661971831,30,6898.0,0.09378029236276893,30,6898.0
12855.0,48,1565.0,22.04225352112676,1.3373450809133232,15823.394866752315,222.86471643313118,445766.07200000004,6278.3953802816895,31,7025.0,0.021789816898471252,31,7025.0
12860.0,57,1796.0,24.27027027027027,0.8962757061141515,15843.556189936407,214.10211067481626,469222.156,6340.839945945945,37,7235.0,0.021708285919335282,37,7235.0
12865.0,58,1707.0,22.76,1.4475350281031611,16168.151772797291,215.57535697063042,493695.31599999993,6582.604213333332,32,7255.0,0.05714301478818421,32,7255.0
12870.0,60,1972.0,26.64864864864865,1.3187638127794672,16299.631109563683,220.26528526437406,487416.76599999995,6586.713054054054,33,7184.0,0.030213934066384996,33,7184.0
12875.0,63,2285.0,31.301369863013697,1.0925364091278007,16600.129953395313,227.39904045747,487416.052,6676.932219178082,35,7332.0,0.008661048187060311,35,7332.0
12880.0,66,2610.0,36.76056338028169,0.8007589560577141,16810.220690105634,236.76367169162856,487416.052,6865.014816901406,38,7492.0,0.007730110684487655,38,7492.0
12885.0,61,2750.0,38.19444444444444,0.6077843568925018,16889.81135271408,234.5807132321399,487419.62399999995,6769.717,32,7416.0,0.01085983130597138,32,7416.0
12890.0,55,2896.0,40.22222222222222,1.5082285387589334,17218.116128621547,239.1405017864103,487419.62399999995,6769.717,27,7273.0,0.0479836816189856,27,7273.0
12895.0,53,3057.0,43.67142857142857,0.8718025829609856,17466.76324408466,249.5251892012094,481037.05299999996,6871.957899999998,26,7377.0,0.040904922700587876,26,7377.0
12900.0,58,3315.0,47.357142857142854,0.792056331502935,17796.559481272787,254.2365640181826,481037.05299999996,6871.957899999998,32,7531.0,0.026976553690103322,32,7531.0
12905.0,46,2082.0,29.323943661971832,1.815203760060407,17537.8663438491,247.01220202604352,468559.73199999996,6599.4328450704215,20,6553.0,0.07592185474328368,20,6553.0
12910.0,52,2322.0,30.96,2.9229561557423285,17822.382014790106,237.6317601972014,481456.1399999999,6419.4151999999995,23,6263.0,0.11716407779665364,23,6263.0
12915.0,55,2581.0,33.51948051948052,2.7180462894769493,18118.807950760554,235.30919416572135,487902.30899999995,6336.393623376622,29,6358.0,0.02013583611410738,29,6358.0
12920.0,58,2863.0,42.10294117647059,1.5353713451248796,17054.437912479436,250.8005575364623,494336.01799999987,7269.647323529411,31,6484.0,0.09040876911919209,31,6484.0
12925.0,52,2888.0,45.125,1.236577872933061,17079.240665648646,266.86313540076003,494331.8759999999,7723.935562499999,24,6405.0,0.055712857996127824,24,6405.0
12930.0,53,3134.0,48.96875,1.4751886902725035,17366.254025472404,271.34771914800626,494331.8759999999,7723.935562499999,25,6402.0,0.053199288852983403,25,6402.0
12935.0,55,3404.0,54.03174603174603,1.2549550626870634,17605.80231696227,279.4571796343217,494331.5899999999,7846.5331746031725,27,6507.0,0.0015435518455765567,27,6507.0
12940.0,56,3683.0,59.403225806451616,0.9114276441934995,17796.117995736608,287.03416122155807,494329.7339999999,7973.06022580645,28,6621.0,0.01423331784500365,28,6621.0
12945.0,50,3688.0,62.50847457627118,1.161955657869752,17829.317870404542,302.1918283119413,494329.7339999999,8378.470067796608,22,6383.0,0.0867306231473678,22,6383.0
12950.0,46,3722.0,63.08474576271186,1.7560979165019432,18093.477084173388,306.6691031215827,494329.7339999999,8378.470067796608,18,6187.0,0.07529271285125169,18,6187.0
12955.0,44,3799.0,65.5,1.5730176722988138,18316.532847983395,315.80229048247224,487887.5699999999,8411.854655172412,17,6250.0,0.06859914607785839,17,6250.0
12960.0,46,3991.0,71.26785714285714,0.7985140125312322,18156.554867589097,324.2241940640909,475230.54399999994,8486.259714285714,20,6355.0,0.036558101997982546,20,6355.0
12965.0,45,4102.0,65.11111111111111,1.2932234499438542,18075.22562941911,286.90834332411276,469017.357,7444.71995238095,19,6347.0,0.028660811089641868,19,6347.0
12970.0,48,4335.0,66.6923076923077,2.6653898152319,18342.587650961104,282.1936561686323,481979.981,7415.076630769229,22,6377.0,0.19757065309316096,22,6377.0
12975.0,54,4589.0,69.53030303030303,1.2394091564548533,18601.664702324106,281.8434045806683,494940.5530000001,7499.099287878788,27,6476.0,0.052271774434592626,27,6476.0
12980.0,61,4881.0,77.47619047619048,0.2625500773013475,18732.583794941085,297.3425999196997,494940.5530000001,7856.199253968253,33,6608.0,0.005699098766090587,33,6608.0
12985.0,55,5035.0,81.20967741935483,0.6645921994941192,19003.877678494493,306.51415610474976,494940.5530000001,7982.912145161289,27,6432.0,0.02189833131206277,27,6432.0
12990.0,51,5201.0,81.265625,1.8292681521203855,19289.375997278854,301.39649995748186,494941.41300000006,7733.459578124999,23,6136.0,0.047514635532479026,23,6136.0
12995.0,47,5337.0,83.390625,1.9932409323316986,19536.583915424206,305.2591236785031,481974.53400000004,7530.85209375,20,6214.0,0.08173561368194072,20,6214.0
13000.0,50,5558.0,88.22222222222223,1.3726822441448403,19239.258549263275,305.3850563375122,469395.23900000006,7450.71807936508,23,6314.0,0.11641736371141592,23,6314.0
13005.0,47,5664.0,89.9047619047619,1.2804972354792128,19170.012535671514,304.28591326462714,463153.04000000004,7351.6355555555565,21,6285.0,0.06950105405849595,21,6285.0
13010.0,53,5919.0,91.06153846153846,1.5934324271095637,19451.925337417426,299.2603898064218,476152.45,7325.422307692308,27,6382.0,0.07954332726930603,27,6382.0
13015.0,56,6190.0,89.71014492753623,1.7162109988419554,19746.684162612117,286.18382844365374,489152.219,7089.162594202899,29,6498.0,0.030067217867907264,29,6498.0
13020.0,58,6477.0,101.203125,0.7930169541405983,19883.709241926244,310.6829569050974,495647.04500000004,7744.485078125001,32,6630.0,0.02020871362331587,32,6630.0
13025.0,53,6620.0,98.80597014925372,1.251286285509855,20153.649732900074,300.8007422820904,502142.61100000003,7494.665835820897,26,6507.0,0.05687633991387133,26,6507.0
13030.0,51,6777.0,101.14925373134328,2.1733532571109944,20442.767255755694,305.11592919038344,502142.61100000003,7494.665835820897,23,6408.0,0.12793187718084628,23,6408.0
13035.0,49,6965.0,107.15384615384616,1.3723825888236538,20558.268320362462,316.28105108249923,489225.08600000007,7526.539784615385,22,6496.0,0.057280215598397306,22,6496.0
13040.0,53,7213.0,110.96923076923076,0.7243884340317681,20724.14049663208,318.83293071741645,476286.93700000003,7327.491338461539,26,6608.0,0.03175922082488014,26,6608.0
13045.0,51,7407.0,108.92647058823529,1.5971881712925766,20871.39140074355,306.93222648152266,476387.08300000004,7005.692397058824,25,6656.0,0.015695782451396845,25,6656.0
13050.0,56,7677.0,111.26086956521739,1.6573608546652774,21019.26565944179,304.62703854263464,483005.7860000001,7000.083855072465,29,6770.0,0.08454080637959077,29,6770.0
13055.0,59,7960.0,112.11267605633803,1.1894557184525931,21311.948602698954,300.16829017885846,496020.8500000001,6986.209154929579,32,6899.0,0.025103130846512438,32,6899.0
13060.0,64,8275.0,123.50746268656717,0.44080796815115825,21580.085866135876,322.0908338229234,496020.8480000001,7403.296238805971,36,7053.0,0.0338610950544665,36,7053.0
13065.0,59,8446.0,124.20588235294117,0.590401586285635,21859.03403581348,321.4563828796099,496021.4240000001,7294.432705882354,31,6974.0,0.012105804110057907,31,6974.0
13070.0,54,8614.0,126.67647058823529,1.8165410918677283,22167.37298524828,325.9907791948276,496021.4240000001,7294.432705882354,26,6955.0,0.04319209265984728,26,6955.0
13075.0,51,8795.0,129.33823529411765,1.6051731212380205,22450.785880747913,330.1586158933517,489511.9010000001,7198.704426470589,24,7051.0,0.08116270071861882,24,7051.0
13080.0,56,9044.0,137.03030303030303,0.754730557726553,22459.997060929414,340.3029857716578,476638.9240000002,7221.80187878788,29,7180.0,0.04082888090501327,29,7180.0
13085.0,47,8459.0,122.59420289855072,1.6312227883029031,22574.485276477826,327.1664532822875,470212.66900000017,6814.676362318843,21,6575.0,0.056271742875916755,21,6575.0
13090.0,54,8708.0,119.28767123287672,2.8102330312074235,22858.122097045474,313.12496023349973,483270.2430000002,6620.140315068494,25,6551.0,0.08978930740180503,25,6551.0
13095.0,55,8974.0,126.3943661971831,2.0029107634920575,22813.555856221832,321.3176881158005,489797.7680000003,6898.560112676058,29,6662.0,0.03687949805141423,29,6662.0
13100.0,61,9269.0,142.6,0.7207996634463425,22534.708464219035,346.6878225264466,496316.65200000023,7635.640800000001,33,6797.0,0.06755968491596286,33,6797.0
13105.0,56,9428.0,147.3125,0.6594587783194589,22824.784150943677,356.63725235849495,496316.3640000002,7754.9431875,28,6743.0,0.01797691926995909,28,6743.0
13110.0,53,9614.0,150.21875,1.5418723487282282,23115.823749088853,361.1847460795134,496316.3640000002,7754.9431875,25,6715.0,0.04963628115232494,25,6715.0
13115.0,49,9768.0,152.625,1.5002242464780853,23278.754184995898,363.7305341405611,489834.33400000015,7653.6614687500005,22,6804.0,0.05533707067127479,22,6804.0
13120.0,52,10000.0,156.25,0.9729395338557183,23332.583595776898,364.5716186840141,470346.6170000001,7349.1658906249995,25,6915.0,0.06957557001670994,25,6915.0
13125.0,47,9943.0,148.40298507462686,1.8329199228524569,23526.525765875398,351.14217561008064,470392.6350000001,7020.785597014927,21,6779.0,0.10492155288674127,21,6779.0
13130.0,52,10192.0,147.71014492753622,2.151256402703373,23809.3810957726,345.06349414163185,483483.8470000001,7007.01227536232,25,6814.0,0.10775301891280765,25,6814.0
13135.0,57,10463.0,153.86764705882354,1.2372433422024431,24033.242466706753,353.4300362750993,490027.60500000016,7206.288308823531,31,6932.0,0.022541048702842296,31,6932.0
13140.0,61,10760.0,160.59701492537314,1.0789103169086764,24272.720260016747,362.2794068659216,496574.87000000017,7411.565223880598,33,7071.0,0.02658763971888145,33,7071.0
13145.0,49,7387.0,110.25373134328358,1.495852455811651,24341.193337580087,363.3013930982102,496574.30200000014,7411.556746268658,25,3944.0,0.03468686807082725,25,3944.0
13150.0,42,4917.0,72.30882352941177,3.0928155428659316,24612.975069731372,361.95551573134355,496574.45400000014,7302.565500000001,26,2780.0,0.1414749112888376,26,2780.0
13155.0,36,2441.0,35.89705882352941,3.2171433894670027,22679.072521920632,333.5157723811856,486674.5870000002,7156.979220588236,30,3838.0,0.08579624823924037,30,3838.0
13160.0,38,1453.0,22.703125,2.5695009002364557,16307.667376681684,254.80730276065125,444971.38300000015,6952.6778593750005,35,3999.0,0.007794046747300891,35,3999.0
13165.0,41,1376.0,21.841269841269842,2.141318152354915,12061.28018297164,191.4488917932007,425050.2400000001,6746.829206349207,33,4206.0,0.015967229927308164,33,4206.0
13170.0,39,1356.0,20.545454545454547,2.7183480884472218,10739.80546573485,162.72432523840678,438448.81900000013,6643.163924242425,28,4169.0,0.06722797105527455,28,4169.0
13175.0,42,1399.0,20.880597014925375,2.3591677516056277,10357.45481509459,154.58887783723273,444350.0100000001,6632.089701492539,26,4212.0,0.06186772674195694,26,4212.0
13180.0,51,1596.0,23.82089552238806,1.2542140140818439,10331.213141678125,154.19721106982283,455262.6910000001,6794.965537313433,29,4384.0,0.05503337975650879,29,4384.0
13185.0,50,1626.0,24.636363636363637,1.3705709028511432,10252.879404112307,155.34665763806532,454252.5940000001,6882.615060606061,27,4378.0,0.06636570636836206,27,4378.0
13190.0,54,1890.0,27.391304347826086,1.4652296533100446,10553.615178407506,152.9509446146016,479339.3580000001,6946.9472173913055,29,4476.0,0.03777029951343726,29,4476.0
13195.0,60,2179.0,30.690140845070424,1.5718669319732594,10794.981449207815,152.04199224236368,492506.81400000013,6936.715690140846,33,4628.0,0.021727427160178087,33,4628.0
13200.0,60,2477.0,36.4264705882353,1.2612289983397647,10931.555652990513,160.7581713675076,499088.1680000002,7339.531882352942,34,4791.0,0.034360308323110295,34,4791.0
13205.0,50,1756.0,24.054794520547944,1.4020386033186116,11177.977543124252,153.12298004279796,505671.8630000002,6927.011821917808,23,4196.0,0.08500886632496048,23,4196.0
13210.0,49,1805.0,24.726027397260275,2.059450293935277,11491.457867127323,157.41723105653867,505671.8630000002,6927.011821917808,19,4099.0,0.14007357351338434,19,4099.0
13215.0,47,1968.0,26.958904109589042,1.5333370682902503,11807.138965311302,161.74162966179864,505671.8630000002,6927.011821917808,20,4188.0,0.05201135864927916,20,4188.0
13220.0,58,2225.0,30.90277777777778,0.9742585953714094,11914.997745911682,165.48607980432894,486041.7400000001,6750.579722222222,31,4331.0,0.013939152619214856,31,4331.0
13225.0,54,1971.0,27.760563380281692,1.755752388668568,11729.831282181804,165.20889129833526,492639.2820000002,6938.581436619718,26,3975.0,0.023089219746364062,26,3975.0
13230.0,56,2241.0,32.01428571428571,1.9542489883327339,11665.012962995235,166.64304232850336,486130.7290000001,6944.724700000001,29,4088.0,0.015387479984213288,29,4088.0
13235.0,58,2527.0,36.1,1.9712777418553007,11948.847612242385,170.69782303203405,486130.7290000001,6944.724700000001,30,4230.0,0.026222796044727173,30,4230.0
13240.0,59,2819.0,45.46774193548387,0.5279940225418964,11659.348055031182,188.05400088759967,486121.9990000001,7840.677403225807,31,4377.0,0.019118317174537953,31,4377.0
13245.0,54,2974.0,47.20634920634921,0.9013103950594014,11929.166674117601,189.3518519701206,486122.5750000001,7716.2313492063495,26,4388.0,0.013860616443184868,26,4388.0
13250.0,54,3244.0,51.492063492063494,1.604165339544054,12211.94202378941,193.8403495839589,486122.5750000001,7716.2313492063495,26,4512.0,0.033330446629281404,26,4512.0
13255.0,54,3514.0,57.60655737704918,1.1198713146320487,12410.726180140238,203.45452754328255,486121.85700000013,7969.2107704918035,26,4637.0,0.04221164204148997,26,4637.0
13260.0,57,3794.0,65.41379310344827,0.23738575115143054,12605.459562527898,217.33550969875685,486118.8530000001,8381.359534482759,29,4772.0,3.97705814729733e-05,29,4772.0
13265.0,52,3816.0,63.6,0.8235626918640008,12884.026598989092,214.73377664981814,486118.8530000001,8101.980883333334,24,4621.0,0.029593864844988625,24,4621.0
13270.0,49,3832.0,61.806451612903224,1.8522716381115774,13149.648507626198,212.09110496171286,486120.0050000001,7840.645241935484,19,4350.0,0.14098548304960362,19,4350.0
13275.0,46,3881.0,62.596774193548384,1.7148010789994368,13417.845003232145,216.41685489084108,486120.0050000001,7840.645241935484,19,4434.0,0.07367742951672664,19,4434.0
13280.0,49,4074.0,67.9,1.067140214466633,13175.609524237361,219.5934920706226,473180.09400000004,7886.334900000001,23,4581.0,0.09820475605342004,23,4581.0
13285.0,40,2909.0,45.453125,2.0553844303913706,13449.84422886666,210.15381607604147,479832.09200000006,7497.376437499999,17,3164.0,0.10116787778156806,17,3164.0
13290.0,34,2141.0,33.453125,3.503514815600498,13399.519688698712,209.36749513591732,480054.60800000007,7500.85325,19,3282.0,0.1553826111317715,19,3282.0
13295.0,34,1258.0,19.65625,2.774940891581395,13164.97852723025,205.7027894879726,481662.58900000004,7525.977953125,28,3919.0,0.037373763793439915,28,3919.0
13300.0,36,863.0,13.484375,2.7708245759185184,10807.218888778434,168.862795137163,466504.43000000005,7289.13171875,33,4074.0,0.04443003603680484,33,4074.0
13305.0,40,911.0,14.234375,2.1476429783326143,9245.875920354376,144.46681125553715,462534.57800000004,7227.10278125,29,3902.0,0.05047407325492545,29,3902.0
13310.0,39,1000.0,15.151515151515152,2.332922563328359,9060.840509864096,137.28546227066812,474928.528,7195.886787878788,24,3855.0,0.06664329061102119,24,3855.0
13315.0,43,1153.0,17.46969696969697,2.715491775116769,9132.112505035131,138.36534098538078,480434.968,7279.317696969697,23,3727.0,0.10334294685627746,23,3727.0
13320.0,50,1377.0,21.515625,1.5155398062338206,8926.392057675688,139.4748759011826,478159.827,7471.247296875,26,3873.0,0.08108509938511323,26,3873.0
13325.0,56,1641.0,23.782608695652176,1.1561778456407943,8879.416445000244,128.687194855076,471734.494,6836.731797101449,29,4013.0,0.058822409212210214,29,4013.0
13330.0,53,1711.0,24.797101449275363,1.8456205352615274,9071.799193601504,131.47535063190585,471808.826,6837.809072463768,27,4012.0,0.1399317456841819,27,4012.0
13335.0,57,1988.0,28.0,1.4131975829119672,9381.175175349925,132.12922782182994,485111.146,6832.551352112677,30,4098.0,0.07997758379516451,30,4098.0
13340.0,63,2285.0,31.73611111111111,1.1763813334034383,9681.29025698707,134.46236468037594,498421.40099999995,6922.519458333332,36,4267.0,0.022591044318009557,36,4267.0
13345.0,62,2595.0,36.54929577464789,1.1021939462581918,9938.632034147238,139.98073287531315,505073.96299999993,7113.717788732394,36,4447.0,0.025654885127075176,36,4447.0
13350.0,52,2075.0,29.225352112676056,1.319422558118187,10126.021483981129,142.62002090114265,518369.58699999994,7300.980098591548,26,3906.0,0.05245205390918282,26,3906.0
13355.0,49,2051.0,28.887323943661972,1.9594636485313088,10380.309912086454,146.20154805755567,518369.58699999994,7300.980098591548,19,3661.0,0.07961259329566488,19,3661.0
13360.0,46,2217.0,32.130434782608695,1.5064911057642365,10505.442039140282,152.25278317594615,505149.5519999999,7321.008000000001,18,3624.0,0.067241653681979,18,3624.0
13365.0,53,2449.0,35.492753623188406,1.1739862101141307,10551.792575052503,152.92453007322473,491848.56899999996,7128.240130434783,26,3749.0,0.016942738278982263,26,3749.0
13370.0,58,2728.0,39.53623188405797,1.1115043749191758,10583.616639188032,153.38574839402943,498509.17999999993,7224.770724637681,32,3906.0,0.036361237623684484,32,3906.0
13375.0,56,2923.0,41.16901408450704,1.2838730929595956,10495.566154124122,147.82487541019893,505171.8859999999,7115.096985915493,30,3983.0,0.06341344571076803,30,3983.0
13380.0,59,3212.0,45.885714285714286,1.5779495698670571,10516.061308153658,150.22944725933797,505242.1829999999,7217.745471428571,32,4129.0,0.06924837588791909,32,4129.0
13385.0,63,3518.0,48.19178082191781,1.1944677727297803,10822.850174915326,148.25822157418253,505242.11799999996,6921.124904109589,35,4295.0,0.03290318480127921,35,4295.0
13390.0,65,3838.0,54.056338028169016,1.0251588082784837,11060.893584940794,155.78723359071537,505239.11799999996,7116.043915492958,37,4475.0,0.08391954150086052,37,4475.0
13395.0,61,3958.0,57.36231884057971,0.6924073082550628,11362.600091523236,164.67536364526427,505239.11799999996,7322.306057971014,33,4470.0,0.01905976700687827,33,4470.0
13400.0,57,4092.0,57.63380281690141,1.5293693846203578,11681.377719384152,164.52644675188944,505239.12999999995,7116.0440845070425,29,4479.0,0.04673174428404204,29,4479.0
13405.0,53,4247.0,59.816901408450704,1.9974992467254593,11970.083646222976,168.59272741159117,498574.20699999994,7022.171929577465,26,4545.0,0.05316454747768264,26,4545.0
13410.0,56,4492.0,66.05882352941177,0.8905251640681621,11956.375261013403,175.82904795607942,478670.736,7039.275529411765,29,4709.0,0.06881477893138915,29,4709.0
13415.0,54,4687.0,68.92647058823529,1.0500504180591856,12074.110516640954,177.56044877413171,472075.47599999997,6942.286411764705,28,4799.0,0.026034893197363136,28,4799.0
13420.0,58,4968.0,70.97142857142858,1.5238107308276545,12385.526999301217,176.93609999001737,485455.91599999997,6935.084514285714,32,4950.0,0.06715550765324203,32,4950.0
13425.0,61,5267.0,73.15277777777777,0.9377626894598907,12680.302390930277,176.1153109851427,492145.8659999999,6835.35925,35,5119.0,0.009993912729605575,35,5119.0
13430.0,64,5584.0,79.77142857142857,0.6330153383454016,12916.51090865366,184.52158440933803,505526.121,7221.801728571429,38,5306.0,0.019155518223917554,38,5306.0
13435.0,55,5472.0,79.30434782608695,1.1234171486515756,13234.403488253922,191.80294910512936,505526.121,7326.46552173913,27,5023.0,0.09484292338755515,27,5023.0
13440.0,55,5666.0,82.1159420289855,1.0004869876505489,13554.513242079776,196.44222089970694,505526.121,7326.46552173913,26,5053.0,0.04064304081499914,26,5053.0
13445.0,55,5856.0,79.13513513513513,1.414495157428155,13869.987010740471,187.43225690189828,498837.755,6741.050743243242,27,5184.0,0.02800580772932574,27,5184.0
13450.0,58,6110.0,81.46666666666667,1.611851329728601,14077.124163231281,187.69498884308376,492200.32399999996,6562.670986666666,30,5341.0,0.07370577100480595,30,5341.0
13455.0,47,5062.0,68.4054054054054,2.210261669608984,14061.840988339518,190.02487822080437,498905.697,6741.968878378379,21,4466.0,0.08687150890849893,21,4466.0
13460.0,53,5319.0,71.87837837837837,2.8495712035626104,14231.764230183895,192.32113824572838,505602.68299999996,6832.468689189189,27,4302.0,0.05415353936133902,27,4302.0
13465.0,58,5600.0,77.77777777777777,2.1541583639234556,13878.08298933578,192.75115262966366,498945.35899999994,6929.796652777778,30,4444.0,0.018640519300978892,30,4444.0
13470.0,58,5889.0,92.015625,1.1173869801532563,13361.98730385827,208.78105162278547,498939.61899999995,7795.931546875,30,4593.0,0.05539704627154649,30,4593.0
13475.0,53,6021.0,98.70491803278688,0.8985027256373284,13542.419214191823,222.0068723638004,498936.321,8179.283950819671,25,4600.0,0.017636805689340035,25,4600.0
13480.0,54,6290.0,99.84126984126983,1.3073059452312008,13826.68042800843,219.47111790489575,498938.049,7919.65157142857,26,4714.0,0.036745449933358196,26,4714.0
13485.0,54,6560.0,104.12698412698413,1.5526964521513518,14068.419932563038,223.308252897826,498937.757,7919.646936507935,26,4844.0,0.06618716392892662,26,4844.0
13490.0,56,6835.0,115.84745762711864,0.339596212184115,14219.949342737991,241.01609055488126,498934.179,8456.511508474576,28,4979.0,0.023246664933567085,28,4979.0
13495.0,52,6823.0,117.63793103448276,0.5427903997185931,14477.34970853656,249.60947773338899,498934.179,8602.313431034481,24,4819.0,0.017492681343588237,24,4819.0
13500.0,48,6882.0,118.65517241379311,1.6197047544242564,14743.316585818482,254.19511354859455,498934.179,8602.313431034481,20,4700.0,0.07902593391966391,20,4700.0
13505.0,44,6883.0,111.01612903225806,2.1320837705219806,14948.185549280859,241.09976692388486,492245.6699999999,7939.446290322579,17,4681.0,0.08737960625674301,17,4681.0
13510.0,45,7059.0,117.65,1.8575519520206287,14736.793276681861,245.61322127803106,479038.5289999999,7983.975483333333,19,4815.0,0.16112333921848715,19,4815.0
13515.0,46,7217.0,122.32203389830508,1.4535008238425153,14705.113547500745,249.23921266950416,472493.7069999999,8008.367915254237,20,4889.0,0.08057946926259091,20,4889.0
13520.0,50,7462.0,122.32786885245902,1.6155345389337037,14969.339811441076,245.39901330231277,486006.75299999985,7967.32381967213,24,5004.0,0.060612972124844545,24,5004.0
13525.0,53,7717.0,120.578125,1.5766762206608274,15209.595201215576,237.64992501899334,499510.4939999999,7804.851468749999,26,5129.0,0.0353180405838724,26,5129.0
13530.0,54,7983.0,126.71428571428571,0.9117486182457694,15421.555644810733,244.78659753667827,506261.9109999999,8035.903349206348,28,5265.0,0.05715414110889284,28,5265.0
13535.0,51,8119.0,128.87301587301587,1.2255614816001346,15697.437637218072,249.1656767812393,506261.9109999999,8035.903349206348,23,5134.0,0.03244932864721456,23,5134.0
13540.0,49,8281.0,131.44444444444446,1.6249087058043312,15975.412534517052,253.57797673836598,506261.9109999999,8035.903349206348,21,5042.0,0.096932975365301,21,5042.0
13545.0,48,8433.0,131.765625,1.6357132680099984,16255.685651544089,253.9950883053764,506262.75799999986,7910.3555937500005,21,5142.0,0.08511599838252588,21,5142.0
13550.0,52,8666.0,139.7741935483871,0.858528275177433,16358.304217501904,263.8436164113211,492854.04299999995,7949.258758064514,25,5273.0,0.04106938285646747,25,5273.0
13555.0,51,8883.0,143.2741935483871,0.9897985360330503,16188.06391418956,261.0978050675736,479620.25099999993,7735.810499999999,25,5374.0,0.053956425862586706,25,5374.0
13560.0,54,9148.0,142.9375,1.2197236412531705,16473.75209094819,257.4023764210655,493156.4849999999,7705.570078125,28,5509.0,0.0399759144075584,28,5509.0
13565.0,59,9429.0,136.65217391304347,0.8555038763217724,16765.649524459703,242.98042789072034,506692.10199999984,7343.363797101448,32,5660.0,0.011550211783258258,32,5660.0
13570.0,61,9732.0,143.11764705882354,0.8821850186138445,17036.814383883706,250.5413879982899,513459.32799999986,7550.872470588234,35,5833.0,0.09342342175885787,35,5833.0
13575.0,58,9877.0,145.25,0.8078054128091461,17355.20342814563,255.22357982567112,513459.32799999986,7550.872470588234,30,5734.0,0.04572306824050772,30,5734.0
13580.0,55,10051.0,143.5857142857143,1.7315186156902973,17665.777070022406,252.36824385746306,513459.3439999999,7335.133485714284,27,5680.0,0.058370004620369106,27,5680.0
13585.0,52,10247.0,150.69117647058823,1.9077828299401371,17773.079326124862,261.3688136194833,500016.65899999987,7353.1861617647055,25,5717.0,0.06038004142691673,25,5717.0
13590.0,55,10496.0,159.03030303030303,0.9706572100280741,17923.96239774709,271.575187844653,486555.6879999999,7372.055878787877,28,5862.0,0.05043638149984246,28,5862.0
13595.0,44,7433.0,114.35384615384615,1.484718892443525,17804.566430495415,273.91640662300654,473250.1199999999,7280.771076923077,22,3865.0,0.07277539254426664,22,3865.0
13600.0,41,5892.0,87.94029850746269,2.7208593775721934,18077.316316076613,269.8106912847257,486817.80099999986,7265.937328358208,24,3555.0,0.10026821837412817,24,3555.0
13605.0,35,3163.0,43.93055555555556,3.004519311160009,18293.238112980984,254.07275156918044,493603.3369999998,6855.6019027777775,29,5195.0,0.06717834676104491,29,5195.0
13610.0,37,1611.0,23.347826086956523,2.7077582795244215,15877.152580775188,230.10366059094474,460206.5519999998,6669.660173913042,37,6366.0,0.039340057620152524,37,6366.0
13615.0,38,988.0,14.529411764705882,1.8491650648741411,13321.706912069121,195.9074545892517,450257.6739999998,6621.43638235294,29,5978.0,0.05033138755013633,29,5978.0
13620.0,44,1086.0,15.73913043478261,1.2804786669418595,13171.780197535756,190.89536518167762,462923.9789999998,6709.043173913043,30,5850.0,0.04156577157036767,30,5850.0
13625.0,51,1263.0,17.06756756756757,1.3063120244100457,13249.232200314056,179.0436783826224,493023.90699999983,6662.485229729729,31,6000.0,0.04393116267273145,31,6000.0
13630.0,63,1515.0,19.675324675324674,1.1758493223011888,13568.134219471349,176.20953531780967,498530.21099999984,6474.418324675324,36,6180.0,0.07965301869306332,36,6180.0
13635.0,60,1630.0,21.16883116883117,1.6180433458763557,13683.204777854682,177.70395815395688,505332.1269999998,6562.754896103895,35,6241.0,0.041989087873918626,35,6241.0
13640.0,62,1936.0,25.473684210526315,1.5585082907597632,13715.540926271184,180.46764376672604,512133.64499999984,6738.600592105262,36,6369.0,0.07726866003262944,36,6369.0
13645.0,67,2261.0,30.14666666666667,0.9722025757662944,13876.997858294531,185.0266381105937,505432.73499999987,6739.103133333332,39,6558.0,0.0007254366420480771,39,6558.0
13650.0,67,2593.0,35.52054794520548,0.9129707559135036,14207.864546256327,194.62828145556608,505432.73499999987,6923.736095890411,40,6757.0,0.016614904171657913,40,6757.0
13655.0,57,2620.0,36.901408450704224,1.1481033844374258,14426.850518316325,203.19507772276518,505432.15499999985,7118.762746478871,30,6594.0,0.028866649787747112,30,6594.0
13660.0,53,2747.0,38.690140845070424,1.5914301399832564,14630.135493014443,206.05824638048514,505430.8869999999,7118.744887323942,25,6595.0,0.07977309788844755,25,6595.0
13665.0,54,2905.0,41.5,1.6354578767723564,14902.99903130619,212.89998616151706,498651.8629999999,7123.598042857141,27,6722.0,0.06214145254716926,27,6722.0
13670.0,57,3145.0,46.25,0.8616180575567017,14909.189425433058,219.25278566813319,491972.2789999999,7234.886455882351,31,6893.0,0.021456961443445072,31,6893.0
13675.0,48,2695.0,40.223880597014926,1.6599032597751586,15066.172210989342,224.8682419550648,498798.3159999999,7444.750985074625,26,4209.0,0.06548063085214419,26,4209.0
13680.0,42,2320.0,34.62686567164179,2.616779365987073,15171.245438426658,226.43649908099496,505702.4879999999,7547.798328358208,30,2815.0,0.037106815361379004,30,2815.0
13685.0,37,2048.0,28.054794520547944,3.0904110201169686,14608.382924717063,200.11483458516514,494032.1579999999,6767.563808219177,32,5087.0,0.03545513748237355,32,5087.0
13690.0,40,2009.0,29.544117647058822,3.064545325722907,10612.023381950181,156.05916738162034,435858.6529999999,6409.68607352941,36,5603.0,0.06203919905400031,36,5603.0
13695.0,35,594.0,8.865671641791044,2.3979583545556884,9289.056823180606,138.6426391519493,424868.4349999998,6341.319925373134,27,4620.0,0.05663828335034908,27,4620.0
13700.0,45,794.0,11.027777777777779,3.0915294672785176,9557.998741848658,132.74998252567582,474207.28199999983,6586.2122500000005,29,4330.0,0.03419587261337185,29,4330.0
13705.0,50,1031.0,14.319444444444445,2.9156129969981994,9466.472649678886,131.47878680109565,486838.5389999999,6761.646375,29,4449.0,0.03033804327132368,29,4449.0
13710.0,54,1294.0,19.313432835820894,1.5159216403416682,8356.255833839472,124.72023632596226,511483.58899999986,7634.083417910448,29,4594.0,0.00027577641652161314,29,4594.0
13715.0,52,1287.0,21.098360655737704,1.0751001999713892,8280.032708495566,135.73824112287815,511477.97499999986,8384.884836065572,24,4405.0,0.01814762280354781,24,4405.0
13720.0,48,1310.0,21.475409836065573,1.4290970854113052,8554.28645639524,140.23420420320073,511477.97499999986,8384.884836065572,20,4276.0,0.06646256841196803,20,4276.0
13725.0,47,1377.0,22.20967741935484,1.4973909461363273,8830.933519660966,142.434411607435,511477.97499999986,8249.644758064514,20,4378.0,0.05797150540584913,20,4378.0
13730.0,50,1577.0,26.728813559322035,0.5478957272839409,8547.843044117899,144.87869566301526,491256.7449999999,8326.385508474576,23,4530.0,0.038818473859962656,23,4530.0
13735.0,39,1233.0,20.21311475409836,1.71213810224345,8668.5959085446,142.10812964827215,491367.2469999999,8055.200770491801,17,2871.0,0.10832264248155327,17,2871.0
13740.0,35,1055.0,16.746031746031747,2.9088991874738803,8919.30535274234,141.57627544035466,505115.182,8017.701301587301,20,3060.0,0.0984340391463727,20,3060.0
13745.0,32,900.0,13.636363636363637,2.8875249544766217,8714.525899346996,132.03827120222718,506832.432,7679.2792727272745,26,3176.0,0.04763956762572375,26,3176.0
13750.0,34,882.0,14.225806451612904,2.5695366718390207,7518.865615140068,121.27202605064629,477721.1859999999,7705.180419354838,32,3367.0,0.0878036100148317,32,3367.0
13755.0,37,910.0,14.67741935483871,2.0708797264530263,6972.5481572004,112.46045414839355,478238.4089999999,7713.522725806451,27,3178.0,0.030308115839791264,27,3178.0
13760.0,39,983.0,15.359375,2.342274319922898,6427.532442703795,100.43019441724681,478769.2409999999,7480.769390625001,23,3072.0,0.05282101383092443,23,3072.0
13765.0,40,1106.0,16.757575757575758,2.7686530408341157,6442.392070132408,97.61200106261225,477523.475,7235.204166666667,20,3067.0,0.07898931506791272,20,3067.0
13770.0,47,1308.0,20.761904761904763,1.3497559921382045,6305.177858465674,100.08218822961392,462582.0729999999,7342.572587301588,24,3190.0,0.09018440285062612,24,3190.0
13775.0,49,965.0,14.621212121212121,1.1988631426582106,6286.694137715786,95.25294148054225,475138.91099999996,7199.07440909091,21,3002.0,0.07057735622100726,21,3002.0
13780.0,49,1063.0,15.405797101449275,2.1187074888202653,6578.557629240202,95.3414149165247,488923.353,7085.845695652174,22,2914.0,0.12723577096688937,22,2914.0
13785.0,50,1310.0,18.714285714285715,2.136996156278429,6820.230970958132,97.43187101368765,495811.657,7083.023671428571,24,2988.0,0.10762288217611471,24,2988.0
13790.0,56,1579.0,23.220588235294116,0.894534196755953,6798.753666584866,99.98167156742453,509578.03500000003,7493.794632352942,30,3128.0,0.0043082605501097715,30,3128.0
13795.0,56,1735.0,26.28787878787879,1.0464112373845955,6899.992628230246,104.54534285197344,509575.03500000003,7720.833863636364,28,3018.0,0.053564117549040065,28,3018.0
13800.0,53,1904.0,29.29230769230769,1.4553467653370449,7102.221928481606,109.26495274587087,509575.03500000003,7839.615923076923,25,2968.0,0.045909320909177,25,2968.0
13805.0,49,2088.0,30.705882352941178,1.6628638127657727,7383.38373622145,108.57917259149193,502687.617,7392.464955882354,23,3082.0,0.05863567738235442,23,3082.0
13810.0,55,2341.0,34.4264705882353,1.154421398317588,7331.746574947461,107.81980257275683,489124.547,7193.008044117649,26,3216.0,0.06011304019059427,26,3216.0
13815.0,50,2470.0,36.865671641791046,1.2506592672745913,7400.910217478501,110.46134652952986,482373.72300000006,7199.607805970151,24,3188.0,0.04550876890522132,24,3188.0
13820.0,53,2717.0,39.3768115942029,2.03379778175927,7695.642255480891,111.53104718088248,496176.0080000001,7190.956637681162,27,3235.0,0.14878359064802382,27,3235.0
13825.0,60,2991.0,42.72857142857143,1.2338757498995385,7978.856900661692,113.98367000945271,509977.56300000014,7285.393757142859,33,3379.0,0.007982237259871986,33,3379.0
13830.0,64,3303.0,50.815384615384616,0.21396452369899913,8046.799349447318,123.79691306842022,509977.56300000014,7845.808661538462,36,3556.0,1.3221664212268295e-05,36,3556.0
13835.0,57,3466.0,53.323076923076925,0.774666506684709,8289.726864336628,127.53425945133267,509977.56300000014,7845.808661538462,29,3520.0,0.02193671126547944,29,3520.0
13840.0,52,3630.0,54.17910447761194,1.8387246517290872,8586.041028568321,128.14986609803466,509979.2990000001,7611.631328358209,24,3524.0,0.08309307256131493,24,3524.0
13845.0,50,3808.0,54.4,2.212482050774313,8875.795844304736,126.79708349006762,509982.2990000001,7285.461414285717,23,3584.0,0.11136840930296095,23,3584.0
13850.0,53,4045.0,60.37313432835821,1.2704817687496104,8897.238255985269,132.79460083560105,489384.4510000001,7304.2455373134335,26,3724.0,0.06546144325184808,26,3724.0
13855.0,51,4178.0,63.303030303030305,0.9826224931431701,8929.071940751233,135.28896879926114,475688.813,7207.406257575758,25,3757.0,0.06354774864492427,25,3757.0
13860.0,56,4450.0,65.44117647058823,1.6539253192094467,9225.54716706257,135.66981128033194,489529.449,7198.962485294119,29,3859.0,0.09191029881741576,29,3859.0
13865.0,61,4739.0,65.81944444444444,1.3182384887722334,9498.089000606464,131.9179027862009,496452.989,6895.180402777778,35,4018.0,0.006062437950564333,35,4018.0
13870.0,62,5048.0,71.09859154929578,1.249163976816199,9643.999394097189,135.83097738165057,510285.532,7187.120169014085,36,4197.0,0.09759306936566989,36,4197.0
13875.0,53,4643.0,65.3943661971831,0.930140855895293,9948.011997413572,140.11284503399398,517202.976,7284.5489577464805,26,3847.0,0.06644075758082126,26,3847.0
13880.0,57,4822.0,67.91549295774648,0.8747307186142815,10276.818424937419,144.74392147799188,517202.976,7284.5489577464805,27,3816.0,0.026182863229639124,27,3816.0
13885.0,55,5046.0,70.08333333333333,1.1915625954285218,10607.798713985148,147.33053769423816,517202.976,7183.374666666667,27,3953.0,0.015033116809685547,27,3953.0
13890.0,58,5310.0,74.78873239436619,0.9888236257901553,10638.251319400413,149.834525625358,496460.69,6992.404084507044,32,4116.0,0.033885647948854465,32,4116.0
13895.0,61,5609.0,77.90277777777777,1.2691391413669735,10790.304523942252,149.8653406103091,503393.86500000005,6991.581458333334,35,4295.0,0.03626578243859336,35,4295.0
13900.0,58,5782.0,81.43661971830986,1.2889345101122835,10913.886804096936,153.7167155506611,510326.862,7187.702281690143,31,4340.0,0.0692073166165855,31,4340.0
13905.0,61,6086.0,85.71830985915493,1.1206648132096284,11233.838577087441,158.22307855052736,510326.862,7187.702281690143,33,4499.0,0.00021619329218850117,33,4499.0
13910.0,62,6396.0,92.69565217391305,1.116242647836197,11385.129398744564,165.00187534412416,503454.86000000004,7296.447246376813,34,4669.0,0.0,34,4669.0
13915.0,62,6706.0,98.61764705882354,0.8097640710664924,11639.121278412027,171.1635482119416,503452.71800000005,7403.7164411764725,34,4839.0,0.0,34,4839.0
13920.0,55,6746.0,105.40625,0.8466621528892575,11831.516049905214,184.86743827976898,503452.71800000005,7866.44871875,26,4802.0,0.012643697792769719,26,4802.0
13925.0,51,6863.0,98.04285714285714,1.3068337388977502,12141.78322794653,173.45404611352177,503458.71800000005,7192.2674000000015,23,4822.0,0.02204374048793244,23,4822.0
13930.0,47,6945.0,99.21428571428571,2.3317153879361796,12441.1465418989,177.73066488427,503458.71800000005,7192.2674000000015,20,4743.0,0.13154246937448322,20,4743.0
13935.0,49,7148.0,103.59420289855072,1.2115205946038248,12615.718444977183,182.8364992025679,496544.277,7196.293869565218,23,4877.0,0.05332732034552186,23,4877.0
13940.0,57,7420.0,104.50704225352112,1.2098335311965795,12651.975720099554,178.1968411281628,496709.72400000005,6995.911605633804,30,5053.0,0.080140681515082,30,5053.0
13945.0,46,6072.0,86.74285714285715,2.233113094537887,12680.050796534644,181.1435828076378,489903.24500000005,6998.6177857142875,19,4009.0,0.12337354855558529,19,4009.0
13950.0,50,6303.0,87.54166666666667,2.8427381412947166,12963.594632818353,180.0499254558105,503842.7570000001,6997.816069444444,23,3676.0,0.0506726975186338,23,3676.0
13955.0,56,6570.0,92.53521126760563,2.4778384369932787,12955.926168417107,182.4778333579874,503842.03300000005,7096.366661971832,28,3810.0,5.455046153818307e-05,28,3810.0
13960.0,56,6850.0,112.29508196721312,0.9419966284381986,11968.269168284702,196.20113390630652,503830.83900000004,8259.521950819673,28,3947.0,0.019858078146156935,28,3947.0
13965.0,51,6989.0,116.48333333333333,0.9475585753920207,12058.533818349459,200.97556363915766,503830.1150000001,8397.168583333336,23,3946.0,0.010797411738151458,23,3946.0
13970.0,51,7244.0,120.73333333333333,1.6286294650152233,12325.87977644826,205.43132960747093,503830.1150000001,8397.168583333336,23,4061.0,0.04101087944874777,23,4061.0
13975.0,51,7499.0,127.10169491525424,1.342997487925202,12545.642066211281,212.638001122225,503829.3890000001,8539.481169491526,23,4176.0,0.043719214007358564,23,4176.0
13980.0,54,7763.0,141.14545454545456,0.2777709612182964,12690.7137989967,230.740250890849,503826.3770000001,9160.479581818185,26,4300.0,7.273316093728226e-05,26,4300.0
13985.0,48,7758.0,136.10526315789474,0.9878620583675277,12951.671184538045,227.2223014831235,503826.3770000001,8839.059245614035,20,4087.0,0.019043732249069256,20,4087.0
13990.0,46,7813.0,132.42372881355934,2.1193358237522895,13201.404473351562,223.75261819239924,503827.54500000004,8539.449915254238,16,3936.0,0.17800151395235228,16,3936.0
13995.0,41,7812.0,137.05263157894737,1.4901633222143569,13187.407383921838,231.35802427933052,490007.21,8596.617719298245,14,4004.0,0.06992567615200122,14,4004.0
14000.0,46,7988.0,142.64285714285714,1.0574198731631663,13116.800926793667,234.2285879784583,483225.711,8629.030553571429,19,4132.0,0.1084214999804264,19,4132.0
14005.0,44,8136.0,135.6,1.7823848737839838,13218.813973488193,220.31356622480317,483344.765,8055.746083333334,18,4192.0,0.09819791479541712,18,4192.0
14010.0,48,8366.0,132.79365079365078,2.067842651059748,13474.254891846724,213.8770617753448,497369.754,7894.758,22,4292.0,0.12101643370129206,22,4292.0
14015.0,54,8615.0,136.74603174603175,0.9048231190269983,13692.113954469118,217.3351421344305,511395.59500000003,8117.390396825398,27,4411.0,0.03205703341972701,27,4411.0
14020.0,56,8894.0,138.96875,0.977122625467551,13943.319997510334,217.86437496109897,518408.86100000003,8100.1384531250005,30,4560.0,0.07310420788612038,30,4560.0
14025.0,52,9014.0,140.84375,1.3599118151545726,14219.196146218648,222.17493978466632,525421.366,8209.708843749999,24,4388.0,0.11533537155797813,24,4388.0
14030.0,49,9156.0,143.0625,1.9568511019147499,14498.703189257876,226.5422373321543,525421.366,8209.708843749999,21,4273.0,0.06156792192074455,21,4273.0
14035.0,48,9345.0,148.33333333333334,1.7859464188097953,14706.080941436514,233.42985621327801,518449.798,8229.361873015874,20,4375.0,0.06079599597119173,20,4375.0
14040.0,51,9564.0,164.89655172413794,0.5260669784599675,14465.013390783377,249.39678259971333,483665.735,8339.064396551725,24,4497.0,0.035335048622721604,24,4497.0
14045.0,50,9755.0,152.421875,1.1004038389648851,14598.730406328852,228.10516259888828,483782.736,7559.1052500000005,24,4570.0,0.020170374038527897,24,4570.0
14050.0,54,10015.0,151.74242424242425,1.926423371857182,14884.895405159714,225.52871825999569,497829.98,7542.878484848486,28,4701.0,0.1501194142827814,28,4701.0
14055.0,58,10290.0,155.9090909090909,0.6422506842185385,15165.06676057745,229.77373879662804,504852.57999999996,7649.281515151515,32,4846.0,0.03328852806529154,32,4846.0
14060.0,64,10599.0,165.609375,0.0004903365294046406,15422.380019798238,240.9746878093475,504852.57999999996,7888.3215625,36,5019.0,6.053623227384824e-05,36,5019.0
14065.0,58,10767.0,168.234375,0.4836835170652897,15736.772614860969,245.88707210720267,504852.57999999996,7888.3215625,30,4917.0,0.014394075625935875,30,4917.0
14070.0,54,10949.0,165.8939393939394,1.4423156913785036,16038.066672635456,243.0010101914463,504853.464,7649.29490909091,26,4877.0,0.049764360255987176,26,4877.0
14075.0,51,11120.0,168.4848484848485,1.6387453589973797,16317.02915633891,247.22771448998353,497826.00999999995,7542.8183333333345,23,4995.0,0.04898251237319759,23,4995.0
14080.0,54,11341.0,177.203125,0.6694104233610244,16136.022594690117,252.125353042033,484047.05799999996,7563.23528125,27,5142.0,0.05915815757683333,27,5142.0
14085.0,51,11466.0,171.13432835820896,1.385727017697825,16318.115276153863,243.55395934558,484128.73299999995,7225.801985074627,25,5159.0,0.0747390173190152,25,5159.0
14090.0,56,11733.0,167.61428571428573,1.949660577694858,16610.27197505174,237.28959964359623,498224.626,7117.494657142858,29,5294.0,0.09157156407249246,29,5294.0
14095.0,57,12012.0,164.54794520547946,1.7359776920761958,16885.05683862766,231.3021484743514,505266.006,6921.452136986301,31,5444.0,0.04874091038225607,31,5444.0
14100.0,64,12316.0,175.94285714285715,0.9255921468816898,17093.514451728202,244.19306359611707,512309.2839999999,7318.704057142858,36,5615.0,0.00500309592576224,36,5615.0
14105.0,54,11978.0,171.11428571428573,0.9912765843170441,17368.571817224667,248.1224545317808,512306.2839999999,7318.6612000000005,25,5304.0,0.034553073323137375,25,5304.0
14110.0,54,12153.0,173.61428571428573,1.426843273278249,17685.953162790298,252.6564737541471,512306.2839999999,7318.6612000000005,25,5259.0,0.10899349329628834,25,5259.0
14115.0,52,12324.0,178.6086956521739,1.056154759008176,17962.390393005044,260.32449844934837,505282.81399999995,7322.939333333334,24,5379.0,0.018407960833494337,24,5379.0
14120.0,59,12580.0,179.71428571428572,0.8855818798123506,18167.260378225747,259.53229111751074,505300.28500000003,7218.575500000001,32,5549.0,0.0028744174659637864,32,5549.0
14125.0,58,12834.0,186.0,1.3478872627661558,18144.34592584888,262.96153515723006,505296.201,7323.133347826087,32,5673.0,9.608219666640719e-05,32,5673.0
14130.0,60,13132.0,193.11764705882354,1.2456538049264019,18355.482994178106,269.9335734437957,505295.92000000004,7430.822352941177,32,5833.0,0.0294082077631667,32,5833.0
14135.0,61,13437.0,200.55223880597015,1.081931514668198,18475.967577915806,275.7607101181463,498331.05700000003,7437.776970149254,33,5998.0,4.160780401264092e-07,33,5998.0
14140.0,61,13742.0,214.71875,0.6221151473789905,18734.68139923099,292.7293968629841,498331.05700000003,7786.4227656250005,33,6163.0,0.029157386766895735,33,6163.0
14145.0,56,13808.0,212.43076923076924,0.3133622453090406,19033.815320821413,292.82792801263713,498331.778,7666.642738461538,27,6099.0,0.01452945466465127,27,6099.0
14150.0,55,13932.0,214.33846153846153,0.9473677406221984,19342.9885626709,297.5844394257061,498331.778,7666.642738461538,26,6230.0,0.03206663651823629,26,6230.0
14155.0,52,14073.0,216.5076923076923,0.8736928414418909,19644.57313910418,302.2242021400643,498331.778,7666.642738461538,25,6353.0,0.03994802371371387,25,6353.0
14160.0,58,14320.0,223.75,0.2562438966633473,19852.402358568583,310.193786852634,505435.55,7897.430468750001,31,6543.0,0.003516809434962379,31,6543.0
14165.0,48,13183.0,185.67605633802816,1.9805008998659939,20163.133858538717,283.987800824489,512543.99199999997,7218.929464788732,22,5665.0,0.0831136474612225,22,5665.0
14170.0,51,13424.0,181.40540540540542,3.446558815701571,20237.323418690805,273.4773434958217,512677.22399999993,6928.070594594595,22,5428.0,0.2160154854690327,22,5428.0
14175.0,55,13684.0,184.9189189189189,2.635873803412786,20527.876436619186,277.403735629989,512677.22399999993,6928.070594594595,27,5549.0,0.04506963430712962,27,5549.0
14180.0,60,13979.0,218.421875,0.6745751748365012,19435.620970146207,303.6815776585344,512668.86199999996,8010.450968749999,32,5696.0,0.03979007003501052,32,5696.0
14185.0,54,14073.0,226.98387096774192,0.6468838623106024,19622.342868655567,316.489401107348,512668.11999999994,8268.84064516129,26,5509.0,0.014439187481914391,26,5509.0
14190.0,51,14213.0,229.24193548387098,1.6541075269987262,19904.0492177988,321.03305189998076,512668.11999999994,8268.84064516129,23,5363.0,0.058905826775152104,23,5363.0
14195.0,48,14338.0,227.5873015873016,2.0275619799615416,20173.804281829092,320.2191155845888,512668.11999999994,8137.5892063492065,20,5336.0,0.08025028934670153,20,5336.0
14200.0,49,14526.0,238.13114754098362,1.2451347205550671,19858.613193800695,325.55103596394576,484583.5019999999,7943.991836065574,23,5485.0,0.08059587641944624,23,5485.0
14205.0,45,14524.0,234.25806451612902,1.691110580544738,19804.10732187545,319.4210858367007,484816.8239999999,7819.626193548386,18,5370.0,0.08258846030920898,18,5370.0
14210.0,48,14754.0,234.1904761904762,2.102799202706506,20069.652762895,318.56591687134915,491944.7099999999,7808.64619047619,22,5433.0,0.09744516773381072,22,5433.0
14215.0,50,15002.0,238.12698412698413,1.6446792066100353,20251.21871618763,321.4479161299622,506197.44799999986,8034.880126984127,24,5541.0,0.04384546348390928,24,5541.0
14220.0,55,15268.0,250.29508196721312,1.0428486441053588,20402.72022845728,334.4708234173323,513324.0879999999,8415.148983606558,28,5666.0,1.7668569425726217e-05,28,5666.0
14225.0,49,15392.0,248.25806451612902,1.4679019718523587,20589.372556737828,332.0866541409325,513323.5319999999,8279.411806451613,21,5501.0,0.030457219192611,21,5501.0
14230.0,44,15521.0,254.44262295081967,2.6388410244116725,20838.053100934903,341.60742788417855,513323.5319999999,8415.139868852459,16,5351.0,0.14705802692805825,16,5351.0
14235.0,43,15668.0,261.1333333333333,1.9446900364780113,20914.45696283235,348.5742827138725,506300.8419999999,8438.347366666667,16,5312.0,0.09891446667341565,16,5312.0
14240.0,48,15879.0,273.7758620689655,1.1058807495632006,20972.435425474006,361.59371423231045,492160.6879999999,8485.529103448276,21,5413.0,0.05606758635737966,21,5413.0
14245.0,48,16085.0,268.0833333333333,1.3622225424580892,20790.040505406305,346.50067509010495,478188.8109999999,7969.813516666666,22,5494.0,0.06425341853259932,22,5494.0
14250.0,49,16326.0,251.16923076923078,1.808057714142437,21062.498323626332,324.03843574809736,492477.74499999994,7576.5806923076925,23,5595.0,0.10629793242446536,23,5595.0
14255.0,54,16582.0,243.85294117647058,1.858377035662952,21347.4270091759,313.9327501349397,506764.2139999999,7452.414911764706,27,5711.0,0.0782783935839415,27,5711.0
14260.0,59,16864.0,259.44615384615383,0.4214020885713547,21595.745717762864,332.2422418117364,513901.8299999999,7906.182000000001,33,5853.0,0.044881682085767295,33,5853.0
14265.0,58,17024.0,257.93939393939394,0.6673795537804612,21913.950011710294,332.0295456319741,521036.3259999999,7894.489787878788,30,5734.0,0.023248727531559505,30,5734.0
14270.0,53,17196.0,260.54545454545456,1.6132433912686652,22213.3256462677,336.56554009496506,521036.3259999999,7894.489787878788,25,5672.0,0.044925856708903845,25,5672.0
14275.0,51,17408.0,259.82089552238807,1.647438414404242,22465.94621281093,335.3126300419542,513910.5599999998,7670.3068656716405,23,5780.0,0.0617007801416452,23,5780.0
14280.0,54,17644.0,280.06349206349205,0.852504109731974,22243.854935983134,353.07706247592273,485645.7289999999,7708.662365079365,27,5911.0,0.03284090376778219,27,5911.0
14285.0,53,17840.0,266.2686567164179,1.283448772727283,22445.584615750304,335.00872560821335,485702.2719999999,7249.287641791044,27,5979.0,0.04901461911274679,27,5979.0
14290.0,58,18120.0,262.60869565217394,1.5617299559640732,22747.994777495245,329.681083731815,500014.32799999986,7246.584463768115,31,6116.0,0.11619220259269851,31,6116.0
14295.0,63,18412.0,263.0285714285714,0.7335433089262957,23035.49677007238,329.0785252867482,514313.9939999999,7347.34277142857,36,6272.0,0.027516714537717892,36,6272.0
14300.0,66,18735.0,267.64285714285717,0.3066331690478885,23339.533162608845,333.42190232298327,514313.29599999986,7347.332799999999,38,6459.0,0.0002796286478361633,38,6459.0
14305.0,55,13480.0,195.36231884057972,1.1613881912688,23623.52465251886,342.3699225002732,514313.29599999986,7453.815884057971,31,4931.0,0.03704956544446949,31,4931.0
14310.0,49,8796.0,127.47826086956522,1.513764104681644,23933.24761894336,346.85866114410646,514313.29599999986,7453.815884057971,31,5436.0,0.015763088819151096,31,5436.0
14315.0,41,4618.0,65.97142857142858,2.500349677228274,24230.118677164755,346.1445525309251,514313.29599999986,7347.332799999999,34,6173.0,0.0174272189088771,34,6173.0
14320.0,42,2089.0,31.651515151515152,2.0617956039289926,22533.61871556309,341.4184653873196,490249.7239999999,7428.026121212121,37,7426.0,0.02985914518256253,37,7426.0
14325.0,37,1561.0,22.3,2.171831591101004,19864.750567805724,283.7821509686531,467099.90899999987,6672.855842857141,29,7011.0,0.038605992739264794,29,7011.0
14330.0,39,1533.0,21.591549295774648,2.880291794082063,18984.881171594745,267.3926925576725,493829.4779999999,6955.344760563379,25,6998.0,0.07694744865970678,25,6998.0
14335.0,43,1572.0,23.11764705882353,1.6916886614417501,18357.05620668487,269.9567089218363,480093.96999999986,7060.20544117647,26,7110.0,0.058387893199907615,26,7110.0
14340.0,55,1787.0,26.279411764705884,0.8227148463941917,17920.934399431597,263.54315293281763,493522.29999999993,7257.68088235294,34,7289.0,0.01255049109164245,34,7289.0
14345.0,47,776.0,10.929577464788732,1.8830622075225634,18084.266533974795,254.70797935175779,519254.15399999986,7313.438788732393,23,6452.0,0.05273262480723996,23,6452.0
14350.0,55,1025.0,13.85135135135135,2.8777942175300577,18235.992535238827,246.4323315572814,526517.0079999999,7115.094702702703,26,6293.0,0.10111859112244834,26,6293.0
14355.0,53,1287.0,17.63013698630137,2.5515164583204055,18265.434063270615,250.211425524255,533712.7769999999,7311.133931506849,27,6410.0,0.06416074546302518,27,6410.0
14360.0,58,1571.0,24.546875,0.870467468027719,17537.54954705156,274.02421167268074,533702.0029999999,8339.093796875,30,6540.0,0.05301865347395099,30,6540.0
14365.0,53,1664.0,26.838709677419356,0.7760284092371582,17705.306594932284,285.5694612085852,533700.955,8608.079919354837,25,6400.0,0.014537656668473039,25,6400.0
14370.0,49,1807.0,29.14516129032258,1.6714147984090288,17983.677337526955,290.05931189559595,533700.955,8608.079919354837,21,6294.0,0.06137212717212946,21,6294.0
14375.0,46,1939.0,30.77777777777778,2.4206599454380786,18246.754305638075,289.6310207244139,533700.955,8471.44373015873,18,6199.0,0.1019912038857681,18,6199.0
14380.0,47,2126.0,35.43333333333333,1.4397210801261748,18028.485671558716,300.4747611926452,505131.18399999995,8418.853066666665,20,6300.0,0.0847159072874539,20,6300.0
14385.0,51,2372.0,39.53333333333333,1.1499850441278516,18151.20880885835,302.52014681430575,505225.57399999996,8420.426233333332,25,6421.0,0.0993640745568506,25,6421.0
14390.0,44,2132.0,35.53333333333333,1.4290148081543068,18183.767708734656,303.06279514557747,505370.83799999993,8422.8473,18,6192.0,0.09268672580778119,18,6192.0
14395.0,47,2326.0,37.516129032258064,1.9222561002974206,18442.779361397384,297.4641832483449,519799.1879999999,8383.85787096774,20,6151.0,0.06751753104808747,20,6151.0
14400.0,48,2563.0,41.33870967741935,2.0006679971212167,18647.210857249356,300.7614654395058,527014.3269999999,8500.23108064516,22,6207.0,0.04298485783024301,22,6207.0
14405.0,51,2814.0,40.78260869565217,1.7758623688324713,18711.400734056497,271.1797207834275,541452.436,7847.136753623188,25,6313.0,0.04947632872967285,25,6313.0
14410.0,48,2911.0,43.44776119402985,2.6010489519004487,18694.574450710967,279.02349926434266,541464.404,8081.558268656716,20,6173.0,0.2345638816076034,20,6173.0
14415.0,50,3046.0,45.46268656716418,2.2088468134212067,18969.220692954117,283.1226969097628,541464.404,8081.558268656716,22,6048.0,0.15124637657253032,22,6048.0
14420.0,49,3193.0,47.656716417910445,2.251659330035909,19249.171952864577,287.3010739233519,541464.404,8081.558268656716,22,5870.0,0.08194580422605066,22,5870.0
14425.0,51,3425.0,53.515625,1.6411103968082958,19342.401188459444,302.2250185696787,519895.91499999986,8123.373671875,24,5982.0,0.08647591843721505,24,5982.0
14430.0,53,3684.0,57.5625,1.0583904189922435,19214.754733749367,300.23054271483375,505692.4619999998,7901.44471875,27,6108.0,0.04320048908136916,27,6108.0
14435.0,43,2625.0,41.015625,1.7055365171381682,19148.97182707202,299.2026847980002,498701.8819999999,7792.21690625,20,3638.0,0.06337215704600854,20,3638.0
14440.0,38,1741.0,26.37878787878788,2.6281392394820338,19418.146068771075,294.2143343753193,513151.9709999999,7775.029863636363,24,4493.0,0.1224007798400733,24,4493.0
14445.0,35,1054.0,15.5,2.9656059478227954,19683.10644849034,289.45744777191663,520375.6869999999,7652.58363235294,31,4622.0,0.027266858210038332,31,4622.0
14450.0,40,818.0,12.78125,1.7434888539541107,17106.261857876543,267.28534152932104,498416.5449999999,7787.758515625,37,4993.0,0.012929227617964712,37,4993.0
14455.0,41,881.0,13.149253731343284,1.9606185037744839,14452.36828230752,215.7069892881719,502410.442,7498.663313432835,32,5009.0,0.061729864018856884,32,5009.0
14460.0,45,1007.0,14.808823529411764,2.444918646397948,14574.55616954524,214.3317083756653,528447.0299999999,7771.279852941175,28,5056.0,0.07754195202354144,28,5056.0
14465.0,46,1155.0,16.267605633802816,2.803489958216735,14844.054233020488,209.07118638057025,534171.646,7523.544309859154,24,5060.0,0.0811514974089061,24,5060.0
14470.0,52,1392.0,20.17391304347826,2.0024159568996396,14920.03508114259,216.2323924803275,525501.8539999999,7615.968898550724,27,5193.0,0.12603445542489952,27,5193.0
14475.0,56,1664.0,24.470588235294116,1.0002515959770961,15156.599720892698,222.89117236606916,518298.87799999997,7622.042323529411,31,5344.0,0.03853735657398588,31,5344.0
14480.0,54,1610.0,23.333333333333332,1.2072186923914643,15216.255935631665,220.52544834248792,503901.93299999996,7302.926565217391,29,5296.0,0.0521881651159508,29,5296.0
14485.0,54,1837.0,24.824324324324323,2.1831787442864212,15526.182387657274,209.81327550888213,518363.08499999996,7004.906554054054,29,5303.0,0.0807827724940567,29,5303.0
14490.0,56,2114.0,29.36111111111111,1.4408462264384905,15698.182688504916,218.03031511812384,525593.566,7299.910638888889,31,5450.0,0.06595985604986157,31,5450.0
14495.0,64,2420.0,32.7027027027027,0.9140498124339711,16026.511676612407,216.57448211638393,540052.5419999999,7298.007324324324,39,5626.0,0.029413400123667846,39,5626.0
14500.0,59,2165.0,30.069444444444443,0.9196867153447061,16110.279818749255,223.75388637151744,547271.59,7600.994305555555,36,3278.0,0.04031895983319891,36,3278.0
14505.0,52,2011.0,27.175675675675677,2.099224145556896,16428.51205668983,222.00691968499768,547272.198,7395.570243243243,37,3246.0,0.02462374489923521,37,3246.0
14510.0,44,1879.0,26.09722222222222,3.4982885979746743,14804.527743995935,205.61844088883242,522905.32,7262.573888888889,37,2756.0,0.04288511046768456,37,2756.0
14515.0,41,1858.0,26.92753623188406,3.4845196913860326,11853.747811680161,171.7934465460893,486599.939,7052.173028985508,38,4493.0,0.04174311769765496,38,4493.0
14520.0,47,2081.0,31.53030303030303,2.0711890931639196,9695.549539860269,146.90226575545861,449578.02800000005,6811.788303030304,45,5462.0,0.0009086672410966358,45,5462.0
14525.0,40,1510.0,21.571428571428573,2.2387449813288423,8041.684919950939,114.88121314215634,451167.237,6445.246242857143,33,5222.0,0.03876283585067096,33,5222.0
14530.0,46,1480.0,20.273972602739725,2.110895941261138,8110.05392519486,111.09662911225837,464308.172,6360.385917808219,29,5148.0,0.08281570258864383,29,5148.0
14535.0,50,1553.0,20.986486486486488,1.5202100721475238,8275.734695822213,111.83425264624616,496028.23699999996,6703.0842837837845,32,5297.0,0.027325454954235846,32,5297.0
14540.0,59,1783.0,23.773333333333333,0.9888075824025017,8428.760175995109,112.38346901326811,520545.38200000004,6940.6050933333345,38,5511.0,0.03631431156260608,38,5511.0
14545.0,57,1744.0,22.94736842105263,1.2699705062996707,8650.347094615709,113.82035650810143,540778.302,7115.503973684211,33,5464.0,0.021689000625319144,33,5464.0
14550.0,60,2016.0,27.243243243243242,1.4575471601180148,8743.674163505562,118.15775896629141,540763.334,7307.612621621621,33,5522.0,0.03300869190721088,33,5522.0
14555.0,62,2322.0,31.37837837837838,1.4949017627324435,9015.2266749297,121.82738749904998,540763.316,7307.612378378379,34,5688.0,0.004511852899171713,34,5688.0
14560.0,64,2639.0,36.65277777777778,1.0233164568488329,9169.237031553108,127.35051432712648,533540.356,7410.282722222222,36,5865.0,0.02383005675392455,36,5865.0
14565.0,59,2769.0,38.458333333333336,1.3072319371383532,9136.501736558224,126.89585745219756,533546.8099999999,7410.372361111112,31,5771.0,0.08678721492941521,31,5771.0
14570.0,55,2914.0,40.47222222222222,1.5625966501573538,9451.610484882318,131.27236784558778,533546.8099999999,7410.372361111112,27,5729.0,0.08454526157679419,27,5729.0
14575.0,56,3083.0,43.42253521126761,1.140626459531425,9643.947229875761,135.8302426743065,526319.9,7412.95633802817,29,5865.0,0.04062148456216969,29,5865.0
14580.0,60,3352.0,47.885714285714286,0.7976646400846672,9772.548362364549,139.60783374806502,526396.0810000001,7519.944014285715,34,6083.0,0.031120011116773028,34,6083.0
14585.0,48,2049.0,27.32,2.237604356781865,9974.83451107698,132.99779348102635,533767.6460000002,7116.901946666668,22,5074.0,0.10892590283773912,22,5074.0
14590.0,50,2296.0,30.613333333333333,3.1846635288029352,10139.827108176733,135.19769477568965,533837.4220000001,7117.832293333334,24,4784.0,0.13456235366241182,24,4784.0
14595.0,56,2566.0,33.76315789473684,2.468827187580008,10213.330004911053,134.38592111725063,548428.1650000002,7216.160065789474,30,4908.0,0.038613358286479604,30,4908.0
14600.0,61,2863.0,41.492753623188406,1.1976280929282332,9307.36521314738,134.88935091517942,563012.3539999999,8159.599333333333,34,5075.0,0.04473086345929656,34,5075.0
14605.0,49,2161.0,33.246153846153845,1.2301268824703797,9333.32059606826,143.58954763181939,563004.584,8661.608984615383,24,3197.0,0.04186800567752573,24,3197.0
14610.0,43,1752.0,26.149253731343283,2.4948360110526813,9616.911682847649,143.53599526638277,563005.48,8403.066865671639,26,2643.0,0.027075291555649673,26,2643.0
14615.0,34,1244.0,18.848484848484848,3.1369753546335852,9586.510834554085,145.25016415991044,550137.354,8335.414454545453,27,3173.0,0.08259809340496369,27,3173.0
14620.0,35,1043.0,17.383333333333333,2.2321839001914605,7724.8363382501175,128.7472723041686,499548.30200000014,8325.805033333334,32,3323.0,0.004717141082639642,32,3323.0
14625.0,34,890.0,15.084745762711865,1.884593028802379,5946.586920282758,100.78960881835187,488091.8640000002,8272.743457627119,27,3199.0,0.033361987619653394,27,3199.0
14630.0,37,851.0,13.950819672131148,2.6341595876809203,6170.185771134546,101.15058641204176,527202.3630000002,8642.661688524591,22,3041.0,0.04638829322509181,22,3041.0
14635.0,39,886.0,14.063492063492063,2.180115099774116,6265.850713753795,99.45794783736183,533008.1330000001,8460.446555555556,20,3144.0,0.05511430346333806,20,3144.0
14640.0,46,1070.0,17.833333333333332,1.149902925242332,5968.282981031115,99.47138301718526,515496.2750000001,8591.604583333336,23,3286.0,0.06617125855990992,23,3286.0
14645.0,46,869.0,12.970149253731343,1.6245941307199157,6101.330181466292,91.06462957412373,522931.5930000001,7804.949149253731,20,3175.0,0.0828697032269982,20,3175.0
14650.0,48,980.0,14.202898550724637,2.1728057048520335,6387.25604574546,92.56892819920957,537587.6410000001,7791.125231884059,22,3099.0,0.14354027304277622,22,3099.0
14655.0,53,1233.0,17.869565217391305,1.5926113239426083,6650.397918739085,96.38257853245044,544915.7670000001,7897.329956521739,28,3183.0,0.05928875633083391,28,3183.0
14660.0,61,1524.0,21.771428571428572,0.8657871205145905,6817.295312850335,97.38993304071901,544915.9220000001,7784.513171428572,34,3343.0,0.006204175659485273,34,3343.0
14665.0,57,1688.0,25.575757575757574,1.0466445541599134,6721.705593855608,101.84402414932735,544912.9220000001,8256.256393939395,30,3220.0,0.03666565587230985,30,3220.0
14670.0,53,1872.0,28.363636363636363,1.5462614194958326,7018.756304712627,106.34479249564582,544912.9220000001,8256.256393939395,26,3098.0,0.0733486189867379,26,3098.0
14675.0,52,2033.0,30.34328358208955,1.797585628887587,7313.825393776849,109.16157304144545,544912.9220000001,8133.028686567162,26,3098.0,0.060448704290450385,26,3098.0
14680.0,53,2277.0,36.142857142857146,0.8862558049431346,7073.284375194181,112.27435516181238,515891.2440000002,8188.749904761905,28,3252.0,0.05162463429161419,28,3252.0
14685.0,49,2350.0,35.60606060606061,1.2167573800862788,7032.754812805553,106.55689110311441,516144.8470000001,7820.37646969697,24,3193.0,0.06790445894552978,24,3193.0
14690.0,53,2602.0,38.26470588235294,2.010486381388332,7319.081947775739,107.6335580555255,530847.5240000001,7806.581235294119,27,3250.0,0.07973250973482432,27,3250.0
14695.0,54,2866.0,41.53623188405797,1.8055288147400577,7606.310594253797,110.23638542396803,538191.2840000001,7799.873681159422,29,3367.0,0.05347652325029173,29,3367.0
14700.0,61,3154.0,47.07462686567164,0.6813911423271234,7752.5869429468385,115.7102528798035,552887.5160000001,8252.05247761194,36,3530.0,0.0003333911896282969,36,3530.0
14705.0,55,3307.0,50.10606060606061,1.0501657521016807,7820.203511601893,118.48793199396803,552884.5160000001,8377.038121212121,29,3453.0,0.021947319988880023,29,3453.0
14710.0,53,3465.0,50.955882352941174,2.087968695246309,8107.055484479038,119.2214041835152,552885.7000000001,8130.6720588235285,24,3413.0,0.1427037272167919,24,3413.0
14715.0,49,3654.0,54.53731343283582,1.773034362840325,8195.056158022166,122.31427101525615,538294.2230000001,8034.242134328359,23,3445.0,0.06832323685698428,23,3445.0
14720.0,52,3899.0,59.07575757575758,1.1832377807989234,8241.613088945902,124.87292559008937,523723.2960000001,7935.201454545455,27,3597.0,0.10345994213567902,27,3597.0
14725.0,51,4054.0,57.91428571428571,1.8740098580424631,8425.117130066988,120.3588161438141,531157.295,7587.961357142856,25,3632.0,0.10667540837629973,25,3632.0
14730.0,55,4321.0,61.72857142857143,1.9686301713171386,8617.007907396335,123.10011296280474,531223.349,7588.904985714286,30,3766.0,0.09132186477094392,30,3766.0
14735.0,59,4609.0,64.01388888888889,1.5479604865965066,8897.453521322543,123.57574335170193,545946.1719999999,7582.585722222222,34,3929.0,0.02560640838604189,34,3929.0
14740.0,63,4917.0,69.25352112676056,1.1732802883080817,9094.520709271848,128.09184097565978,560668.4559999999,7896.738816901407,37,4112.0,0.05906187062390317,37,4112.0
14745.0,54,4697.0,67.1,1.1833656129838537,9391.977448362755,134.17110640518217,568025.1679999998,8114.645257142856,27,3876.0,0.09033508225237281,27,3876.0
14750.0,55,4866.0,69.51428571428572,1.3079894375250616,9707.102859138326,138.6728979876903,568025.1679999998,8114.645257142856,26,3918.0,0.028074896614648886,26,3918.0
14755.0,54,5081.0,73.6376811594203,1.2167052686580013,9986.503574207833,144.73193585808443,560675.7399999999,8125.735362318839,27,4035.0,0.012157029280482862,27,4035.0
14760.0,56,5347.0,82.26153846153846,0.8520078494509795,10015.689590051516,154.08753215463867,545938.6499999999,8399.056153846153,30,4190.0,0.006062227460238772,30,4190.0
14765.0,48,4690.0,67.0,1.8442745479531437,10206.404966192044,145.80578523131487,545958.841,7799.412014285715,23,3567.0,0.027806809339311924,23,3567.0
14770.0,50,4935.0,72.57352941176471,3.2898288737579806,10414.785047271862,153.15860363635088,545953.977,8028.734955882353,23,3533.0,0.10274396845138555,23,3533.0
14775.0,53,5189.0,79.83076923076923,2.0023568583702294,10199.994712924254,156.92299558345005,538658.162,8287.048646153844,26,3647.0,0.04744619083501168,26,3647.0
14780.0,56,5463.0,94.1896551724138,0.40784737475892097,9859.547020653363,169.99219001126485,538653.51,9287.129482758619,29,3781.0,0.00011501706625139336,29,3781.0
14785.0,51,5563.0,99.33928571428571,0.47058272131134027,10072.888075436498,179.87300134708033,538649.6320000001,9618.743428571428,24,3707.0,0.023911790342825024,24,3707.0
14790.0,46,5652.0,97.44827586206897,1.240197544430053,10339.594939364406,178.2688782649035,538650.532,9287.078137931032,19,3635.0,0.05414461922971626,19,3635.0
14795.0,44,5757.0,95.95,1.815540748528173,10599.600568820626,176.66000948034372,538651.2030000001,8977.52005,18,3719.0,0.0720253926842671,18,3719.0
14800.0,46,5953.0,100.89830508474576,1.2643927478905483,10594.289293732754,179.56422531750422,531400.192,9006.782915254236,21,3877.0,0.11221280434558312,21,3877.0
14805.0,44,5931.0,92.671875,1.9486328873676064,10734.44322514438,167.72567539288085,538887.568,8420.11825,18,3751.0,0.11273838777140091,18,3751.0
14810.0,48,6160.0,96.25,2.09657947127533,10897.681848455913,170.27627888212356,538940.344,8420.942875,23,3824.0,0.12511115307102028,23,3824.0
14815.0,53,6410.0,95.67164179104478,1.7397140588727074,11119.557707699269,165.96354787610838,553752.195,8264.958134328357,28,3944.0,0.04722311591483122,28,3944.0
14820.0,56,6681.0,104.390625,1.3363942623210203,11292.842512206436,176.45066425322545,561152.4589999999,8768.007171875,30,4084.0,0.03107198295987045,30,4084.0
14825.0,50,6798.0,106.21875,1.4249663335007543,11435.5591379371,178.68061153026719,561149.4589999999,8767.960296875,23,3976.0,0.055550135383191195,23,3976.0
14830.0,47,6924.0,109.9047619047619,2.4282629798657838,11693.18054813675,185.6060404466151,561149.4589999999,8907.134269841268,20,3899.0,0.14480578123692414,20,3899.0
14835.0,46,7079.0,116.04918032786885,1.541859146802889,11775.865974705586,193.04698319189475,546422.57,8957.747049180327,20,3991.0,0.06442850715084268,20,3991.0
14840.0,51,7307.0,121.78333333333333,0.7075312443700926,11776.374911091507,196.27291518485842,524333.0800000001,8738.884666666667,25,4118.0,0.040348270617837446,25,4118.0
14845.0,46,7442.0,122.0,1.3355638141215211,11929.907439252958,195.5722531025075,524405.856,8596.81731147541,21,4013.0,0.04665467533728607,21,4013.0
14850.0,44,7651.0,121.44444444444444,1.5970651969422784,12203.126927371102,193.70042741858896,539254.998,8559.603142857142,18,3959.0,0.0830666532736498,18,3959.0
14855.0,47,7881.0,121.24615384615385,1.9653637571872415,12483.039662500501,192.04676403846926,546676.32,8410.404923076923,22,4061.0,0.08478575020665768,22,4061.0
14860.0,51,8125.0,128.96825396825398,1.219859699198896,12453.33530060751,197.67198889853194,546788.072,8679.175746031748,25,4175.0,0.09889032807501016,25,4175.0
14865.0,47,8178.0,127.78125,1.1235945318553335,12520.194195981745,195.6280343122147,539489.073,8429.516765625,22,4111.0,0.030242892470465927,22,4111.0
14870.0,51,8427.0,127.68181818181819,2.0348606220636256,12805.833703020722,194.02778337910186,554325.1229999999,8398.8655,26,4217.0,0.045855667914797754,26,4217.0
14875.0,55,8693.0,127.83823529411765,1.7404265824361236,13026.53362523077,191.56667095927597,569161.728,8370.025411764707,29,4353.0,0.07074538132020604,29,4353.0
14880.0,60,8979.0,140.296875,0.8529551931172782,13161.208004174436,205.64387506522556,569161.728,8893.152,33,4504.0,0.0530252851331927,33,4504.0
14885.0,52,9083.0,133.5735294117647,1.1408825168463623,13436.07114187378,197.58928149814372,569167.728,8370.113647058824,25,4421.0,0.03109302038985848,25,4421.0
14890.0,51,9243.0,132.04285714285714,2.5974193790715,13721.988101286941,196.02840144695628,569168.916,8130.984514285716,22,4424.0,0.15417784487258673,22,4424.0
14895.0,47,9377.0,135.8985507246377,2.085512725996869,13871.998568100633,201.04345750870476,561807.786,8142.141826086958,21,4519.0,0.06768655770082346,21,4519.0
14900.0,54,9620.0,150.3125,0.9833749397748849,13995.151586158794,218.67424353373113,524714.402,8198.66253125,29,4666.0,0.06930238254868347,29,4666.0
14905.0,52,9831.0,153.609375,0.9448884771997218,14075.767137568735,219.93386152451143,524827.582,8200.430968749999,27,4765.0,0.023129959891396514,27,4765.0
14910.0,56,10100.0,153.03030303030303,1.294164399553958,14369.519411492709,217.7199910832228,539702.4180000001,8177.309363636365,30,4904.0,0.031764137810917026,30,4904.0
14915.0,59,10386.0,152.73529411764707,1.2737148221747299,14674.741067354635,215.80501569639168,547136.3500000001,8046.122794117647,34,5060.0,0.010421986322955224,34,5060.0
14920.0,60,10682.0,161.84848484848484,0.7251762483326539,14883.498115834682,225.50754720961638,554571.4430000001,8402.597621212122,34,5225.0,0.06263340719205635,34,5225.0
14925.0,56,10834.0,161.70149253731344,1.2873776225495914,15192.014731038513,226.74648852296286,554571.4430000001,8277.18571641791,29,5226.0,0.08382332411166737,29,5226.0
14930.0,54,11014.0,164.38805970149255,1.62805379052361,15491.154155147613,231.21125604697932,554571.4430000001,8277.18571641791,27,5248.0,0.0644948558684008,27,5248.0
14935.0,52,11178.0,169.36363636363637,1.345271466817627,15774.046537025768,239.00070510645102,547131.3570000001,8289.869045454545,26,5370.0,0.05364115788641827,26,5370.0
14940.0,55,11427.0,178.546875,0.7658116347943033,15852.74088400939,247.6990763126467,532342.5,8317.8515625,29,5519.0,0.04383721217854031,29,5519.0
14945.0,45,10690.0,157.2058823529412,2.008130370813575,15968.652743300785,234.83312857795266,524979.923,7720.292985294117,20,4833.0,0.10328730597590888,20,4833.0
14950.0,50,10930.0,153.94366197183098,2.8631770256205487,16243.093377131692,228.77596305819276,539880.058,7603.944478873239,25,4777.0,0.0794198948817087,25,4777.0
14955.0,55,11193.0,159.9,1.9265379966206004,16224.184736344929,231.77406766207034,547332.862,7819.040885714286,30,4910.0,0.05660858429641027,30,4910.0
14960.0,60,11488.0,185.29032258064515,0.19512134653426283,15782.601572137153,254.55808987317985,547327.752,8827.866967741935,33,5067.0,0.0007546262425097951,33,5067.0
14965.0,55,11638.0,181.84375,0.8311904197329768,16060.950790298994,250.95235609842166,547329.872,8552.02925,28,5043.0,0.01480186582010655,28,5043.0
14970.0,50,11792.0,178.66666666666666,1.8653655639881914,16351.458118100847,247.74936542577026,547330.776,8292.890545454546,23,5024.0,0.09087644269434245,23,5024.0
14975.0,48,11941.0,180.92424242424244,1.74735824188909,16600.91575101012,251.52902653045638,539894.247,8180.215863636365,23,5130.0,0.06547624498973895,23,5130.0
14980.0,52,12190.0,190.46875,0.6420819711928047,16574.036820519275,258.9693253206137,525116.427,8204.944171875,26,5267.0,0.04746339898957884,26,5267.0
14985.0,48,12161.0,190.015625,1.400031555739257,16766.758626547344,261.98060353980213,525174.481,8205.851265624999,23,5170.0,0.08085242248245043,23,5170.0
14990.0,51,12409.0,188.0151515151515,1.7380551220886107,17046.070038870956,258.2737884677417,540121.096,8183.65296969697,26,5245.0,0.06811758119926281,26,5245.0
14995.0,56,12673.0,183.66666666666666,1.6055777040696813,17278.763009706818,250.41685521314224,555070.4170000001,8044.49879710145,30,5377.0,0.0010522493549510869,30,5377.0
15000.0,57,12952.0,199.26153846153846,1.3995926927448845,17393.53659986981,267.5928707672279,562541.3410000001,8654.48216923077,31,5526.0,0.01736401584205283,31,5526.0
15005.0,49,13073.0,198.07575757575756,1.5040124165391482,17548.26634212343,265.88282336550645,570020.3210000001,8636.671530303032,24,5443.0,0.09162764181486284,24,5443.0
15010.0,48,13210.0,200.15151515151516,2.6215651103618587,17824.018403637405,270.06088490359707,570020.3210000001,8636.671530303032,21,5404.0,0.14837968050087813,21,5404.0
15015.0,45,13380.0,205.84615384615384,2.021595495210478,18050.51916989086,277.7002949213978,562564.3530000001,8654.836199999998,19,5434.0,0.07714179617364429,19,5434.0
15020.0,50,13613.0,212.703125,1.2609445381308213,18050.84853752592,282.04450839884225,540254.457,8441.475890624999,25,5553.0,0.04608827307566273,25,5553.0
15025.0,48,13817.0,222.8548387096774,1.5972917669413365,18102.414773521043,291.9744318309845,525418.277,8474.488338709678,23,5635.0,0.022990932877007302,23,5635.0
15030.0,52,14069.0,219.828125,1.2555552097030076,18289.07202799702,285.7667504374534,532951.106,8327.36103125,27,5758.0,0.05647572995615396,27,5758.0
15035.0,55,14337.0,213.98507462686567,1.430866146375739,18564.105206046566,277.07619710517264,547921.616,8177.9345671641795,29,5896.0,0.046092708178753966,29,5896.0
15040.0,58,14621.0,228.453125,0.6566509607173644,18810.87987954077,293.91999811782455,555406.893,8678.232703124999,33,6050.0,0.05345550514082028,33,6050.0
15045.0,56,14781.0,217.36764705882354,0.9881309576103962,19101.31360692565,280.9016706900832,555407.513,8167.757544117648,29,6040.0,0.01353447238212995,29,6040.0
15050.0,51,14942.0,219.73529411764707,2.2398929029672026,19397.908112939833,285.2633546020563,555407.513,8167.757544117648,24,6038.0,0.09565660568139114,24,6038.0
15055.0,48,15120.0,225.67164179104478,2.1791534803397203,19665.634128814534,293.5169272957392,547919.655,8177.905298507465,22,6006.0,0.09592862706410203,22,6006.0
15060.0,53,15358.0,239.96875,1.4534340627801021,19624.566549119067,306.6338523299854,525591.342,8212.36471875,27,6140.0,0.08263274883757041,27,6140.0
15065.0,55,15628.0,236.78787878787878,1.1764744455080367,19765.49839098741,299.47724834829404,518169.36699999997,7851.051015151514,30,6294.0,0.05704863625597239,30,6294.0
15070.0,51,15367.0,225.98529411764707,1.882846802983552,19899.69526941175,292.6425774913492,518234.7719999999,7621.099588235294,24,5925.0,0.13157875759199228,24,5925.0
15075.0,54,15624.0,223.2,2.3189369693847284,20191.08713416512,288.44410191664457,533238.51,7617.693,28,6030.0,0.011595227199648853,28,6030.0
15080.0,56,15901.0,233.83823529411765,2.160411060426362,20245.890404299484,297.7336824161689,540734.766,7951.981852941176,31,6177.0,0.09563837020457666,31,6177.0
15085.0,58,16184.0,252.875,0.3618975551531184,20181.12971453593,315.3301517896239,555716.0100000001,8683.06265625,33,6330.0,0.02132083294338144,33,6330.0
15090.0,55,16324.0,251.13846153846154,0.8179378647938416,20491.17032538274,315.24877423665754,563212.197,8664.80303076923,29,6329.0,0.03363050981705474,29,6329.0
15095.0,52,16488.0,249.8181818181818,1.806521913818757,20787.27996340358,314.9587873242966,563212.197,8533.518136363637,25,6358.0,0.0547047825124923,25,6358.0
15100.0,50,16688.0,249.07462686567163,1.8605484129107144,21034.59877822216,313.94923549585315,555728.66,8294.457611940297,24,6472.0,0.061922059111745274,24,6472.0
15105.0,53,16932.0,268.76190476190476,0.899164146381617,21045.969738857406,334.0630117278953,525810.916,8346.205015873016,27,6606.0,0.08198728878749893,27,6606.0
15110.0,47,16908.0,264.1875,1.3569901758149272,21270.360003181573,332.3493750497121,525835.597,8216.181203125001,22,6518.0,0.09480516775463443,22,6518.0
15115.0,51,17158.0,259.969696969697,1.6319201199663396,21552.50098866426,326.5530452827918,540850.5419999999,8194.705181818183,26,6590.0,0.0688982481042288,26,6590.0
15120.0,58,17431.0,260.1641791044776,1.3155263220550975,21792.98650222661,325.26845525711354,555861.952,8296.447044776118,32,6733.0,0.0007234052932560983,32,6733.0
15125.0,59,17721.0,246.125,1.3746112908821162,21954.218544488813,304.9197020067891,563374.572,7824.646833333332,33,6892.0,0.028520472475507878,33,6892.0
15130.0,53,17852.0,258.72463768115944,2.118840708671887,22115.857164918423,320.5196690567888,563374.572,8164.848869565217,26,6868.0,0.16513562727194808,26,6868.0
15135.0,52,17994.0,260.7826086956522,1.784787869830036,22409.008740896676,324.76824262169094,563374.572,8164.848869565217,25,6878.0,0.07180884699786517,25,6878.0
15140.0,53,18190.0,267.5,1.66072759162569,22611.660521111487,332.52441942811004,555890.407,8174.858926470588,27,6959.0,0.053555993696593765,27,6959.0
15145.0,56,18444.0,283.75384615384615,0.9379589336860537,22756.85431627897,350.1054510196763,533416.946,8206.414553846154,30,7112.0,0.049123979693977596,30,7112.0
15150.0,52,18615.0,286.38461538461536,1.1626551555349314,22836.30535247051,351.3277746533923,518452.85000000003,7976.197692307693,27,7172.0,0.04223352966224736,27,7172.0
15155.0,56,18881.0,277.6617647058824,1.7641577391528664,23128.48007470838,340.1247069810056,533500.198,7845.591147058825,30,7296.0,0.06520902175763235,30,7296.0
15160.0,58,19160.0,277.6811594202899,1.63506172860677,23426.67181472605,339.51698282211663,541021.404,7840.889913043478,33,7445.0,0.062493647451682954,33,7445.0
15165.0,62,19459.0,290.43283582089555,0.3786540511743814,23612.188944379934,352.4207305131333,556052.716,8299.294268656717,37,7614.0,0.00031687523944853656,37,7614.0
15170.0,56,19618.0,292.8059701492537,0.9348131893807494,23905.419979105987,356.7973131209848,563571.6440000001,8411.517074626865,31,7631.0,0.06378760607075938,31,7631.0
15175.0,55,19810.0,283.0,1.7220194126906154,24212.415570123205,345.89165100176,563573.687,8051.052671428571,28,7651.0,0.06056329264918764,28,7651.0
15180.0,50,19995.0,289.7826086956522,2.546171832289063,24487.277678648028,354.8880822992467,556049.009,8058.681289855072,24,7636.0,0.07860996000243678,24,7636.0
15185.0,51,20235.0,289.07142857142856,2.413168059366737,24484.099180126195,349.77284543037416,533578.4110000001,7622.54872857143,25,7693.0,0.11084597663963372,25,7693.0
15190.0,52,20492.0,301.3529411764706,2.036971950258292,24531.33880095979,360.75498236705573,511098.0320000002,7516.147529411766,27,7792.0,0.1508003609873889,27,7792.0
15195.0,60,20770.0,305.44117647058823,0.9183757509067596,24721.511063102535,363.5516332809197,511145.6410000001,7516.847661764706,35,7940.0,0.06441263478079576,35,7940.0
15200.0,53,19743.0,286.1304347826087,0.8927781617559752,24924.146434479513,361.2195135431813,503668.85000000003,7299.5485507246385,28,7444.0,0.051317479200685835,28,7444.0
15205.0,52,19727.0,263.02666666666664,2.027506711334023,25248.50105028688,336.6466806704918,518733.30600000004,6916.44408,26,7060.0,0.0897011900705088,26,7060.0
15210.0,55,19969.0,262.75,1.9136140240952288,25559.945387613876,336.3150708896562,526253.436,6924.387315789475,29,7188.0,0.1173075743720371,29,7188.0
15215.0,62,20264.0,270.18666666666667,0.7498354332173812,24980.77170029093,333.076956003879,533778.312,7117.04416,37,7354.0,0.027994173401910804,37,7354.0
15220.0,62,20313.0,267.2763157894737,1.390280160483597,25078.98109684767,329.98659337957463,548830.716,7221.456789473685,37,7309.0,0.060196299113376095,37,7309.0
15225.0,64,20624.0,261.0632911392405,1.5363912342617478,25365.78593657119,321.08589793128084,556361.82,7042.554683544303,38,7454.0,0.017889647460126376,38,7454.0
15230.0,65,20948.0,272.05194805194805,1.7599128444821672,25571.67615138819,332.09969027776873,563886.4709999999,7323.200922077921,40,7648.0,0.025420188638813398,40,7648.0
15235.0,67,21277.0,279.9605263157895,0.9748466253977004,25807.011966527763,339.565946927997,578935.6269999999,7617.574039473684,42,7847.0,0.031242756519213235,42,7847.0
15240.0,58,21234.0,294.9166666666667,0.6000756265427221,26039.97417756799,361.6663080217775,578935.6269999999,8040.7725972222215,30,7547.0,0.03607569032305126,30,7547.0
15245.0,58,21359.0,281.0394736842105,1.3052154890013832,26385.17665564888,347.17337704801156,578938.6269999999,7617.613513157895,27,7551.0,0.04797764529481199,27,7551.0
15250.0,55,21515.0,279.4155844155844,1.629813992219601,26689.722234421366,346.6197692781996,571406.864,7420.868363636361,27,7681.0,0.08399970597447723,27,7681.0
15255.0,59,21778.0,290.37333333333333,1.2292470530672015,26975.248522919508,359.66998030559336,556346.1,7417.9479999999985,34,7844.0,0.011286334484822547,34,7844.0
15260.0,55,21060.0,288.4931506849315,1.6194241508976748,26989.852303979107,369.7240041640973,548830.2789999999,7518.222999999998,29,7175.0,0.056432983177670454,29,7175.0
15265.0,57,21339.0,296.375,2.252624916189003,26945.48615051296,374.24286320156887,548825.869,7622.581513888888,30,7140.0,0.015224544452128978,30,7140.0
15270.0,58,21629.0,304.63380281690144,2.2737556416565705,27059.95810200434,381.1261704507653,548825.2729999999,7729.93342253521,31,7290.0,0.02004861068675378,31,7290.0
15275.0,59,21922.0,347.968253968254,0.7627084892556286,26465.87022309212,420.09317814431927,548817.0029999999,8711.381,32,7443.0,2.3637083853083532e-05,32,7443.0
15280.0,54,22084.0,356.19354838709677,1.1110999685086753,26701.86737742929,430.6752802811176,548817.8609999999,8851.900983870966,27,7465.0,0.02538184131021736,27,7465.0
15285.0,54,22354.0,343.9076923076923,1.583441146920433,26988.074217901703,415.2011418138724,548820.8609999999,8443.397861538462,27,7595.0,0.032699171994892764,27,7595.0
15290.0,55,22625.0,353.515625,1.5553959280679386,27223.40384620615,425.36568509697116,548820.5489999999,8575.321078125,28,7726.0,0.04581612981688967,28,7726.0
15295.0,58,22908.0,388.271186440678,0.09205763728510764,27389.764938835884,464.2333040480658,548816.9509999999,9301.982220338981,31,7869.0,0.015038859127518824,31,7869.0
15300.0,53,22869.0,387.6101694915254,0.6430938294314066,27677.205169395067,469.1051723626283,548816.9509999999,9301.982220338981,26,7751.0,0.019765348600414193,26,7751.0
15305.0,48,22871.0,357.359375,2.010098787312027,27957.854499527366,436.8414765551151,548820.2909999999,8575.317046875,21,7603.0,0.04765992948451879,21,7603.0
15310.0,45,22910.0,363.6507936507937,2.3965791697982044,28156.896465055506,446.9348645246905,541294.446,8591.975333333334,19,7694.0,0.17407950966850994,19,7694.0
15315.0,48,23093.0,378.57377049180326,0.9375185542756602,28043.278081355387,459.7258701861538,526327.237,8628.315360655739,23,7902.0,0.06821933910347135,23,7902.0
15320.0,49,23278.0,381.60655737704917,1.2513207860024338,28105.848757771797,460.7516189798655,526459.934,8630.490721311477,23,7962.0,0.055992032793747586,23,7962.0
15325.0,52,23535.0,373.57142857142856,1.362400046619997,28386.983382275794,450.5870378139015,534053.36,8477.03746031746,27,8094.0,0.021004669094252595,27,8094.0
15330.0,54,23804.0,360.6666666666667,1.532986159774469,28664.55826570548,434.3114888743255,549235.9899999999,8321.757424242423,29,8238.0,0.055935301041471854,29,8238.0
15335.0,59,24087.0,382.3333333333333,0.45473878523334005,28860.37721102341,458.1012255718002,556825.6669999998,8838.502650793649,33,8390.0,7.1478512248656e-05,33,8390.0
15340.0,53,24231.0,384.6190476190476,0.9131270336684096,29156.87546647872,462.8075470869638,556825.6669999998,8838.502650793649,26,8248.0,0.06460980530588006,26,8248.0
15345.0,51,24381.0,375.0923076923077,1.725611277149762,29446.51856353566,453.02336251593323,556830.3549999999,8566.620846153846,24,8159.0,0.07905833276657116,24,8159.0
15350.0,48,24558.0,383.71875,1.9074475637836972,29647.447985318064,463.2413747705948,549293.3089999999,8582.707953124998,22,8162.0,0.09858533130804606,22,8162.0
15355.0,51,24789.0,387.328125,1.0596246028523526,29652.618659821943,463.3221665597179,534244.691,8347.573296875,26,8298.0,0.04972790402964083,26,8298.0
15360.0,53,24994.0,396.73015873015873,1.2600345563929773,29558.383738126653,469.1806942559786,526881.3910000001,8363.196682539681,27,8363.0,0.060287203405328275,27,8363.0
15365.0,55,25259.0,360.84285714285716,1.467798267156347,29856.508762577567,426.52155375110794,534492.983,7635.6140428571425,30,8489.0,0.050303552480532455,30,8489.0
15370.0,59,25545.0,359.7887323943662,1.5715907321670923,30148.352351840822,424.6246810118424,549705.641,7742.332971830985,34,8635.0,0.09513393339487662,34,8635.0
15375.0,61,25846.0,369.22857142857146,0.6570043630404416,30413.44288869095,434.47775555272784,557311.955,7961.599357142855,36,8796.0,0.03303593526055117,36,8796.0
15380.0,68,26173.0,363.5138888888889,0.3456642081765675,30754.775180868026,427.1496552898336,564918.9989999998,7846.0972083333345,41,8980.0,0.00026391577123624786,41,8980.0
15385.0,57,25673.0,361.59154929577466,1.0735552929304624,31088.521029040614,437.8664933667691,564918.9989999998,7956.605619718308,29,8623.0,0.03614826784287768,29,8623.0
15390.0,53,25747.0,362.63380281690144,1.1462557159417088,31410.549215894764,442.4021016323206,564918.9989999998,7956.605619718308,24,8416.0,0.04707769333160278,24,8416.0
15395.0,54,25939.0,370.5571428571429,1.0450088135475077,31491.5913320511,449.8798761721585,557324.705,7961.781499999999,27,8531.0,0.015477325532900281,27,8531.0
15400.0,57,26189.0,385.13235294117646,0.8925982087174943,31776.490687790134,467.30133364397255,542106.143,7972.149161764704,32,8686.0,0.021799181177890335,32,8686.0
15405.0,57,26387.0,376.95714285714286,1.192190377068691,31711.976392413795,453.02823417733987,549731.441,7853.3063,32,8760.0,0.014322808903091861,32,8760.0
15410.0,59,26679.0,381.12857142857143,1.7666940245122196,31821.822251361355,454.5974607337336,557357.6919999999,7962.252742857142,33,8910.0,0.05224585512824109,33,8910.0
15415.0,61,26979.0,391.0,1.3688950172632708,32108.58724915486,465.3418441906502,557357.664,8077.6473043478245,34,9061.0,0.033092544555814916,34,9061.0
15420.0,63,27291.0,419.8615384615385,0.22805966785591042,32136.539578431893,494.4083012066445,549828.709,8458.903215384616,36,9223.0,0.0033907044160002655,36,9223.0
15425.0,53,26815.0,400.2238805970149,1.7459111082405785,32441.603035118842,484.20303037490817,549828.709,8206.398641791044,26,8681.0,0.0655877192234539,26,8681.0
15430.0,56,27080.0,386.85714285714283,2.2782869928555685,32718.712195579472,467.4101742225639,549830.329,7854.718985714285,27,8712.0,0.06277647458200238,27,8712.0
15435.0,55,27349.0,414.3787878787879,1.5768658639947015,32560.3750940659,493.3390165767562,549829.275,8330.746590909092,28,8831.0,0.03919319912296407,28,8831.0
15440.0,57,27634.0,460.56666666666666,0.34378581942994174,32448.68748945775,540.8114581576292,549821.735,9163.69558333333,30,8966.0,0.04870534855446031,30,8966.0
15445.0,54,27624.0,438.4761904761905,0.8052979241686054,32746.0256052025,519.7781842095634,549824.735,8727.376746031745,27,8718.0,0.016280654601006094,27,8718.0
15450.0,49,27633.0,438.6190476190476,1.8216080667637453,33027.58664093102,524.247406998905,549824.735,8727.376746031745,22,8573.0,0.09776150954589248,22,8573.0
15455.0,48,27681.0,439.3809523809524,1.4332374308065976,33245.34543981569,527.7038958700904,542217.005,8606.619126984127,22,8676.0,0.0650848761707902,22,8676.0
15460.0,52,27884.0,435.6875,1.112881585702076,33116.33247980005,517.4426949968756,534850.442,8357.038156249999,26,8842.0,0.05585110283858586,26,8842.0
15465.0,47,27970.0,443.968253968254,1.7018978227859525,33062.70722382334,524.8048765686244,527411.8330000001,8371.616396825397,22,8838.0,0.09934183972757228,22,8838.0
15470.0,52,28218.0,434.12307692307695,1.3941714215253997,33339.136717489455,512.9097956536839,542762.2150000001,8350.187923076923,26,8945.0,0.018038164939543456,26,8945.0
15475.0,55,28488.0,452.1904761904762,1.242036203003162,33513.46999312933,531.9598411607831,550439.781,8737.13938095238,30,9070.0,0.031614943699623234,30,9070.0
15480.0,57,28768.0,471.60655737704917,0.45867263321966595,33735.243852657215,553.0367844697905,558119.9550000001,9149.507459016393,31,9203.0,0.0014454801427102478,31,9203.0
15485.0,52,28906.0,444.7076923076923,1.1723481498160524,34001.811648717325,523.1047945956512,558126.299,8586.558446153846,25,9021.0,0.021434625948828938,25,9021.0
15490.0,48,29067.0,447.18461538461537,2.7204179045872996,34274.586975902705,527.3013380908109,558126.299,8586.558446153846,21,8882.0,0.15943511222504297,21,8882.0
15495.0,44,29199.0,456.234375,1.864691033004292,34472.52468651777,538.6331982268401,550496.6819999999,8601.51065625,18,8860.0,0.08964494087851181,18,8860.0
15500.0,52,29429.0,467.12698412698415,0.8812236794507877,34277.76749146117,544.0915474835106,527739.7559999999,8376.821523809524,27,8991.0,0.06103450121788136,27,8991.0
15505.0,50,29649.0,470.6190476190476,1.3500932857729473,34283.981011465,544.1901747851587,527926.157,8379.78026984127,24,9066.0,0.09048796797881722,24,9066.0
15510.0,53,29907.0,453.1363636363636,1.2807324391830053,34575.58913774831,523.8725626931562,535622.5760000001,8115.493575757576,28,9182.0,0.02078963893718627,28,9182.0
15515.0,59,30189.0,450.5820895522388,1.310823263188654,34846.52822590549,520.0974362075444,551006.464,8223.977074626866,33,9339.0,0.025392650134976526,33,9339.0
15520.0,58,30479.0,468.9076923076923,0.6167254825065657,35107.12900541371,540.1096770063646,558698.1440000001,8595.356061538463,33,9504.0,0.062388766608721086,33,9504.0
15525.0,58,30636.0,444.0,1.0220397918445219,35429.61324508153,513.4726557258189,566390.5120000001,8208.558144927538,31,9394.0,0.030532172757928473,31,9394.0
15530.0,53,30811.0,446.536231884058,2.142455503744975,35731.29469847689,517.8448507025636,566390.5120000001,8208.558144927538,26,9295.0,0.09090996134606556,26,9295.0
15535.0,51,31010.0,449.42028985507244,1.8109143747409218,35830.14735997751,519.2774979706885,551100.1850000002,7986.959202898552,25,9298.0,0.06627591764801716,25,9298.0
15540.0,55,31266.0,473.72727272727275,1.182050472254868,35807.92346667801,542.5442949496668,528206.682,8003.131545454546,30,9412.0,0.03843561459257726,30,9412.0
15545.0,55,31492.0,463.11764705882354,1.1125029990549624,35846.15667216234,527.1493628259168,520680.197,7657.061720588235,30,9484.0,0.05248641849320235,30,9484.0
15550.0,59,31782.0,454.0285714285714,1.5264618944112507,36155.689921025696,516.5098560146528,536092.0430000001,7658.457757142858,34,9609.0,0.06282171651756827,34,9609.0
15555.0,63,32084.0,451.88732394366195,1.0010762714541703,36445.754709499764,513.3204888661938,551497.7860000001,7767.574450704226,37,9746.0,0.026888734207452254,37,9746.0
15560.0,65,32406.0,456.4225352112676,0.5997186522210111,36726.70631792056,517.2775537735289,559202.1520000001,7876.086647887324,40,9903.0,0.03163431161696557,40,9903.0
15565.0,55,31816.0,441.8888888888889,1.3463180325729007,37055.80237056786,514.6639218134424,566903.6860000002,7873.662305555556,29,9409.0,0.0483895483672317,29,9409.0
15570.0,54,31880.0,442.77777777777777,1.2561070967025607,37376.4454968913,519.1172985679347,566903.6860000002,7873.662305555556,24,9299.0,0.0872560675217907,24,9299.0
15575.0,54,32043.0,433.0135135135135,1.3666124182432005,37706.61767123141,509.54888744907305,566903.7470000002,7660.861445945946,28,9386.0,0.0246099138091057,28,9386.0
15580.0,58,32304.0,454.98591549295776,1.1669522045351464,37907.907634308714,533.914192032517,543817.6290000001,7659.403225352114,32,9504.0,0.05285221555439573,32,9504.0
15585.0,52,21909.0,300.1232876712329,1.545714996701445,37924.20253558318,519.5096237751119,551535.3910000001,7555.279328767123,27,5681.0,0.0428237437684984,27,5681.0
15590.0,47,13510.0,190.28169014084506,2.257408825495526,37673.57667102354,530.6137559299088,551572.2010000001,7768.622549295775,31,6786.0,0.0501632323027345,31,6786.0
15595.0,40,5077.0,72.52857142857142,2.4920217381247567,37940.91187329285,542.0130267613264,551572.1710000001,7879.602442857143,34,6921.0,0.04681771193754969,34,6921.0
15600.0,42,1458.0,22.43076923076923,1.9092161311041491,33896.001903637996,521.4769523636616,499639.48699999996,7686.761338461538,38,8036.0,0.0008066015063185098,38,8036.0
15605.0,43,1516.0,21.35211267605634,2.1173307404527417,29205.84113076169,411.3498750811505,490305.8399999999,6905.716056338028,33,8001.0,0.03437296919991326,33,8001.0
15610.0,47,1594.0,21.835616438356166,2.3527155202033248,27130.80293137863,371.6548346764195,506370.1559999999,6936.577479452054,28,7995.0,0.12637638528710157,28,7995.0
15615.0,51,1732.0,24.055555555555557,1.527808559358903,27299.502578592528,379.1597580360074,504959.9719999999,7013.332944444444,30,8059.0,0.05649706362066951,30,8059.0
15620.0,59,1989.0,27.246575342465754,0.9586931408008664,27401.312385706104,375.3604436398097,525275.8809999999,7195.5600136986295,36,8271.0,0.07037586659604726,36,8271.0
15625.0,52,1023.0,14.208333333333334,1.541436210624424,27532.587915005715,382.3970543750795,517633.73299999995,7189.357402777779,25,7417.0,0.07494235027664373,25,7417.0
15630.0,55,1290.0,17.43243243243243,2.4585846025746227,27833.142932148567,376.1235531371428,533118.853,7204.3088243243255,29,7288.0,0.04481715400650784,29,7288.0
15635.0,60,1574.0,20.710526315789473,2.2094833501152293,28045.303424774655,369.0171503259824,548606.5680000001,7218.507473684212,33,7415.0,0.0002894885481016533,33,7415.0
15640.0,59,1869.0,26.7,1.5624099398150986,27254.782499579218,389.35403570827464,556343.8760000002,7947.76965714286,33,7550.0,0.05804395550884399,33,7550.0
15645.0,54,1873.0,27.955223880597014,1.357472338436653,27371.59963304672,408.53133780666735,564080.5630000001,8419.112880597017,26,7450.0,0.09319371962362116,26,7450.0
15650.0,58,2152.0,32.11940298507463,1.327729563620592,27671.977965774342,413.0145965040947,564080.5630000001,8419.112880597017,29,7499.0,0.041324624598021394,29,7499.0
15655.0,59,2440.0,36.417910447761194,1.2513214987073416,27924.539702304282,416.78417466125796,564081.0470000001,8419.120104477612,31,7619.0,0.0031611597871283475,31,7619.0
15660.0,59,2735.0,42.734375,0.8411774752266091,28091.238305302006,438.9255985203439,564083.3570000001,8813.802453125,31,7744.0,0.033376232104475975,31,7744.0
15665.0,51,2725.0,41.28787878787879,1.173780354455024,28231.30429897507,427.7470348329557,564083.7050000001,8546.722803030303,23,7584.0,0.03148716519929605,23,7584.0
15670.0,49,2809.0,42.56060606060606,2.71467058584308,28511.30407947409,431.9894557496075,564083.7050000001,8546.722803030303,21,7459.0,0.1636560828269377,21,7459.0
15675.0,47,2853.0,43.89230769230769,2.013841912273798,28747.28693533031,442.26595285123557,556333.8730000001,8558.982661538463,20,7437.0,0.08073510844490776,20,7437.0
15680.0,53,3072.0,51.2,0.6809708309847903,28435.388742118,473.92314570196675,517838.7429999999,8630.645716666664,26,7559.0,0.048836492310366714,26,7559.0
15685.0,49,3233.0,51.317460317460316,1.2121562137187127,28604.093103740914,454.0332238689035,517913.3709999999,8220.847158730157,23,7600.0,0.035031456290829245,23,7600.0
15690.0,51,3483.0,51.220588235294116,2.1106953945317843,28891.915399887435,424.88110882187414,533462.224,7845.032705882353,25,7680.0,0.11306434617367446,25,7680.0
15695.0,57,3750.0,53.57142857142857,1.5819501847039723,29171.88623627691,416.7412319468132,549008.594,7842.979914285715,30,7787.0,0.014629125420551751,30,7787.0
15700.0,60,4046.0,60.38805970149254,0.5448396876966177,29374.619544404242,438.42715737916785,556778.581,8310.128074626868,34,7923.0,0.03893137919464041,34,7923.0
15705.0,54,3596.0,54.484848484848484,0.7159572269691767,29670.817545363716,449.55784159642,556778.581,8436.039106060605,26,7421.0,0.035575159510959256,26,7421.0
15710.0,50,3576.0,54.18181818181818,1.280452619727348,29973.767813258703,454.1479971705864,556778.581,8436.039106060605,21,7142.0,0.06876352892146857,21,7142.0
15715.0,51,3735.0,55.74626865671642,1.3110830244646945,30258.215200054085,451.61515223961334,549003.355,8194.079925373137,23,7217.0,0.03801056893884642,23,7217.0
15720.0,54,3972.0,62.0625,1.0237048627216385,30002.691826721504,468.79205979252356,541226.5700000001,8456.66515625,28,7331.0,0.00634537193680228,28,7331.0
15725.0,55,4178.0,62.35820895522388,1.3723647750292407,29894.375627281148,446.18471085494264,549020.901,8194.341805970149,29,7391.0,0.034792009562849245,29,7391.0
15730.0,58,4460.0,65.58823529411765,1.7020228730229792,30194.484051180792,444.03653016442354,556813.211,8188.429573529412,30,7509.0,0.0869916607371514,30,7509.0
15735.0,59,4751.0,71.98484848484848,0.6033970283859311,30311.75529162183,459.2690195700279,549110.732,8319.859575757577,31,7630.0,0.023589202816775155,31,7630.0
15740.0,63,5063.0,76.71212121212122,0.1756982185252229,30561.653332210273,463.05535351833765,549110.796,8319.860545454545,35,7772.0,0.010203439713340342,35,7772.0
15745.0,58,5190.0,78.63636363636364,0.8285970256922524,30878.61006099755,467.85772819693267,549110.796,8319.860545454545,30,7606.0,0.01577607541219602,30,7606.0
15750.0,54,5342.0,80.93939393939394,1.4876088842970132,31176.337105690793,472.36874402561824,549110.796,8319.860545454545,26,7472.0,0.06854543245599928,26,7472.0
15755.0,53,5485.0,83.10606060606061,1.5702890808334764,31292.463059888003,474.1282281801212,541405.746,8203.117363636362,25,7470.0,0.06826116375465119,25,7470.0
15760.0,53,5691.0,88.921875,0.8840319520922828,31216.337377401054,487.7552715218915,526031.94,8219.2490625,27,7598.0,0.058314550771649654,27,7598.0
15765.0,52,5838.0,84.6086956521739,1.3878567673119453,31367.74029317427,454.60493178513457,526136.48,7625.166376811594,26,7612.0,0.032459118721999136,26,7612.0
15770.0,54,6104.0,87.2,2.0119955306024533,31544.203682676412,450.63148118109166,534040.138,7629.144828571428,28,7718.0,0.08434978037065842,28,7718.0
15775.0,59,6386.0,88.69444444444444,1.464972009983987,31851.818234724156,442.38636437116884,549678.2370000001,7634.419958333333,32,7840.0,0.044492214809364,32,7840.0
15780.0,65,6698.0,98.5,0.2806496288644938,32018.718239967577,470.8635035289349,557491.6810000001,8198.407073529414,38,7991.0,0.008998644919421154,38,7991.0
15785.0,60,6881.0,98.3,0.9235686038221963,32344.612861020614,462.06589801458034,557491.6810000001,7964.166871428572,32,7890.0,0.016793598223808624,32,7890.0
15790.0,57,7062.0,98.08333333333333,2.0530619230608576,32652.044014650026,453.50061131458386,557492.8890000001,7742.9567916666665,27,7722.0,0.08845952851521144,27,7722.0
15795.0,53,7260.0,103.71428571428571,1.7241369878644448,32788.92199659947,468.41317137999243,541931.345,7741.876357142857,26,7819.0,0.06428122810715974,26,7819.0
15800.0,57,7517.0,110.54411764705883,0.9719000072564309,32799.232730994576,482.3416578087439,526458.483,7742.036514705881,30,7946.0,0.0679698601355319,30,7946.0
15805.0,49,6973.0,102.54411764705883,1.448916628219237,32866.83905210358,483.33586841328787,518780.383,7629.123279411763,22,7357.0,0.07291043608677913,22,7357.0
15810.0,54,7228.0,101.80281690140845,2.701699231985091,33152.68116485679,466.9391713360112,534453.389,7527.5125211267605,28,7352.0,0.09525555555941156,28,7352.0
15815.0,57,7498.0,105.6056338028169,1.7843893317461448,32999.17590488259,464.7771254208816,550122.015,7748.197394366197,30,7462.0,0.04038537327521025,30,7462.0
15820.0,59,7787.0,111.24285714285715,1.111321423423704,32968.204084217316,470.97434406024746,557948.304,7970.690057142857,33,7591.0,0.03165084587535124,33,7591.0
15825.0,56,7902.0,117.94029850746269,1.315753879327052,33150.721511368676,494.78688822938335,565779.992,8444.477492537313,29,7556.0,0.09282079223152306,29,7556.0
15830.0,58,8187.0,122.19402985074628,1.043943770202123,33455.09914982828,499.32983805713866,565779.992,8444.477492537313,29,7660.0,0.0005604095816903026,29,7660.0
15835.0,59,8481.0,128.5,1.1477169904135172,33707.53852441662,510.72028067297896,565779.674,8572.419303030303,31,7785.0,1.9669923359689733e-06,31,7785.0
15840.0,59,8776.0,141.5483870967742,0.624888221128409,33901.73470495339,546.8021726605388,565778.18,9125.454516129032,31,7910.0,0.0,31,7910.0
15845.0,46,8112.0,121.07462686567165,1.6221361977416977,34098.75430460966,508.9366314120845,565787.532,8444.590029850746,18,7241.0,0.06116604302342255,18,7241.0
15850.0,42,8008.0,119.5223880597015,2.8818760921383486,34370.23645234429,512.9886037663329,565787.532,8444.590029850746,12,6927.0,0.2542488757281828,12,6927.0
15855.0,41,8025.0,123.46153846153847,1.3649591908921186,34464.52731286422,530.223497120988,550175.695,8464.24146153846,13,6953.0,0.07422679136566848,13,6953.0
15860.0,52,8229.0,130.61904761904762,0.6469450108261557,34461.46352597129,547.0073575551,542373.5469999999,8609.10392063492,24,7051.0,0.01606018809149834,24,7051.0
15865.0,52,8447.0,131.984375,1.087940752846863,34753.10703220617,543.0172973782215,550238.911,8597.482984375,25,7148.0,0.002578162013109983,25,7148.0
15870.0,53,8708.0,133.96923076923076,1.3862145592313497,34582.37316014514,532.0365101560792,558107.907,8586.275492307692,27,7251.0,0.02165799910802249,27,7251.0
15875.0,55,8978.0,140.28125,1.5498882642838532,34659.626376784276,541.5566621372545,558100.931,8720.327046875,27,7356.0,0.017775887763362034,27,7356.0
15880.0,56,9257.0,154.28333333333333,0.4433113945620714,34728.95803886043,578.8159673143406,550324.065,9172.067749999998,28,7465.0,0.03476138698157918,28,7465.0
15885.0,53,9377.0,156.28333333333333,0.7380934515607407,34999.03154830834,583.3171924718058,550324.065,9172.067749999998,25,7304.0,0.023468710946408285,25,7304.0
15890.0,48,9492.0,155.60655737704917,1.8120528316612057,35271.09033136888,578.2145955962114,550324.082,9021.706262295082,20,7089.0,0.08517616403774018,20,7089.0
15895.0,46,9624.0,157.7704918032787,1.6820722572062208,35363.61745690847,579.7314337198112,534660.7949999999,8764.93106557377,19,7153.0,0.10326969062969661,19,7153.0
15900.0,49,9840.0,164.0,1.2907812002539174,35334.59098296747,588.9098497161248,526966.947,8782.78245,23,7276.0,0.05552330564941524,23,7276.0
15905.0,51,10035.0,159.28571428571428,1.385923530472433,35340.68536308341,560.9632597314829,527135.841,8367.235571428571,24,7311.0,0.06872458873136354,24,7311.0
15910.0,53,10290.0,160.78125,1.4842036683903146,35622.41278031203,556.6001996923756,535027.926,8359.81134375,27,7407.0,0.08364844914440349,27,7407.0
15915.0,57,10567.0,162.56923076923076,0.8481990340281592,35889.87130186492,552.1518661825376,550817.648,8474.117661538463,31,7524.0,0.0362188236426978,31,7524.0
15920.0,61,10863.0,167.12307692307692,0.298504935577481,36149.53512160184,556.1466941784902,558708.498,8595.515353846153,35,7660.0,0.01806589896812848,35,7660.0
15925.0,56,11012.0,159.59420289855072,1.415748739088921,36465.65011889293,528.4876828825066,566601.768,8211.619826086955,28,7529.0,0.04261132723562595,28,7529.0
15930.0,51,11169.0,161.8695652173913,2.0905066985052727,36761.92551005743,532.7815291312673,566601.768,8211.619826086955,23,7428.0,0.09126782860164108,23,7428.0
15935.0,52,11362.0,164.66666666666666,1.631107077300693,37015.745033614294,536.4600729509318,558732.835,8097.577318840579,25,7516.0,0.04879132389898115,25,7516.0
15940.0,56,11618.0,178.73846153846154,0.6604093584929772,36874.39262560815,567.2983480862794,527395.986,8113.7844000000005,29,7634.0,0.045349998149570594,29,7634.0
15945.0,54,11789.0,173.36764705882354,0.9198002018135464,37066.808921863674,545.1001312038775,527468.3810000002,7756.887955882354,28,7656.0,0.027382492234127802,28,7656.0
15950.0,57,12065.0,172.35714285714286,1.7360712110934327,37374.274987853794,533.9182141121972,543278.3280000001,7761.118971428573,31,7773.0,0.064093147910665,31,7773.0
15955.0,60,12355.0,176.5,1.2082756769462963,37626.56295861487,537.5223279802126,559085.964,7986.942342857142,33,7903.0,0.06524521297589654,33,7903.0
15960.0,66,12668.0,186.2941176470588,0.27547972744415644,37902.95731614596,557.3964311197936,559085.964,8221.852411764705,38,8051.0,0.00019698786907737832,38,8051.0
15965.0,59,12841.0,183.44285714285715,1.0026170455910006,38187.323948007914,545.5331992572562,559088.964,7986.985199999999,31,7958.0,0.019675972438513954,31,7958.0
15970.0,57,13008.0,175.78378378378378,2.155838611725464,38493.72002370277,520.1854057257133,559094.6880000001,7555.333621621621,27,7795.0,0.12195698670809652,27,7795.0
15975.0,50,13189.0,183.18055555555554,1.8548128785094968,38642.90288198442,536.7069844720061,543350.339,7546.53248611111,23,7883.0,0.08676337443099265,23,7883.0
15980.0,59,13452.0,192.17142857142858,0.960288895025378,38664.154626386895,552.3450660912416,527704.474,7538.635342857144,33,8037.0,0.06534864933970949,33,8037.0
15985.0,53,12844.0,183.4857142857143,1.351641566296166,38744.37803249659,553.4911147499511,527849.5260000001,7540.707514285716,25,7390.0,0.06256127005006089,25,7390.0
15990.0,55,13112.0,184.67605633802816,2.3502538524105767,39043.883660765074,549.9138543769732,535773.3600000001,7546.1036619718325,29,7377.0,0.040725475521154984,29,7377.0
15995.0,58,13393.0,188.6338028169014,2.0159024493133275,38914.06262758607,548.0853891209307,551611.1390000001,7769.170971830987,32,7498.0,0.03971895850948362,32,7498.0
16000.0,59,13685.0,204.2537313432836,0.9414222703735691,38683.15395404843,577.3605067768423,559527.184,8351.151999999998,33,7630.0,0.03377966435060195,33,7630.0
16005.0,63,13990.0,199.85714285714286,0.8268725309838464,38974.812645377315,556.7830377911048,567448.44,8106.406285714285,35,7770.0,0.07601315189523017,35,7770.0
16010.0,58,14121.0,201.72857142857143,1.0659500608306944,39301.78854829818,561.4541221185456,567448.44,8106.406285714285,30,7731.0,0.05738320835787029,30,7731.0
16015.0,57,14296.0,204.22857142857143,1.8343580515683264,39613.35692116212,565.9050988737449,567448.44,8106.406285714285,29,7645.0,0.054789436466902035,29,7645.0
16020.0,53,14457.0,209.52173913043478,1.823457659370896,39812.638883081905,576.994766421477,559550.5399999999,8109.428115942028,26,7749.0,0.06446644239088756,26,7749.0
16025.0,56,14712.0,210.17142857142858,1.2535252690386793,39880.62741696985,569.7232488138551,527934.1000000001,7541.915714285716,30,7894.0,0.04609151955115901,30,7894.0
16030.0,52,14656.0,209.37142857142857,1.848537263184044,39998.719741112785,571.4102820158972,528024.356,7543.205085714286,25,7733.0,0.1352842771190886,25,7733.0
16035.0,55,14920.0,210.14084507042253,1.7537209825174978,40303.91954502707,567.6608386623535,535965.504,7548.809915492959,29,7782.0,0.07849257679417712,29,7782.0
16040.0,60,15208.0,211.22222222222223,1.5690050416034649,40546.40609430006,563.1445290875009,551834.6849999998,7664.3706250000005,33,7907.0,0.034520802436733014,33,7907.0
16045.0,61,15503.0,218.35211267605635,1.0926009704242357,40717.35383473993,573.4838568273232,559765.7099999998,7884.024084507042,35,8045.0,0.006590080026621505,35,8045.0
16050.0,51,14746.0,213.71014492753622,1.7723777265368001,40914.29032103973,592.9607292904309,559763.4599999998,8112.513913043478,23,7373.0,0.07718980600203176,23,7373.0
16055.0,46,14586.0,214.5,1.7579585893336747,41108.4831878038,604.5365174677029,559760.4599999998,8231.771470588235,17,7009.0,0.0771780402030455,17,7009.0
16060.0,46,14740.0,223.33333333333334,1.2979086839539202,40931.724310871374,620.1776410738088,551869.9129999998,8361.665348484848,18,7059.0,0.07733194092594484,18,7059.0
16065.0,52,14956.0,230.09230769230768,0.7476972870814599,41206.56197457258,633.9471073011167,543948.1799999999,8368.433538461537,25,7151.0,0.016679954972976075,25,7151.0
16070.0,54,15160.0,236.875,0.870751520188769,40947.34098531576,639.8022028955589,551903.8809999998,8623.498140625,27,7213.0,0.013731398554949455,27,7213.0
16075.0,57,15437.0,230.40298507462686,1.215923255761304,41246.90596243778,615.6254621259371,559860.7609999998,8356.130761194028,30,7326.0,0.017230438180205046,30,7326.0
16080.0,57,15718.0,238.15151515151516,1.6731102299778835,41288.03866179391,625.5763433605141,567815.7689999999,8603.269227272725,30,7446.0,0.05707195086264441,30,7446.0
16085.0,58,16008.0,232.0,0.883496766009121,41411.04905711383,600.1601312625195,559917.5169999999,8114.746623188404,30,7566.0,0.024111850385797724,30,7566.0
16090.0,55,16142.0,237.38235294117646,1.6173090581167344,41703.39663982083,613.2852447032475,559917.5169999999,8234.08113235294,27,7481.0,0.07326928549790555,27,7481.0
16095.0,51,16271.0,239.27941176470588,1.673408240268983,41997.51660002457,617.6105382356554,559917.5169999999,8234.08113235294,23,7399.0,0.08741990580083933,23,7399.0
16100.0,52,16437.0,241.72058823529412,1.5097301589143024,42148.483357290475,619.8306376072132,544059.543,8000.875632352941,25,7419.0,0.058160122167731455,25,7419.0
16105.0,55,16680.0,252.72727272727272,1.054992097963656,42199.87360716044,639.3920243509162,528250.883,8003.801257575757,28,7542.0,0.03701856086031125,28,7542.0
16110.0,52,16879.0,255.74242424242425,1.1540732549837198,42368.87063283409,641.9525853459712,528329.221,8004.988196969695,26,7601.0,0.02234079465237493,26,7601.0
16115.0,56,17152.0,252.23529411764707,1.2970940612044786,42569.47668065871,626.0217158920401,536360.5619999999,7887.65532352941,30,7714.0,0.046294299278625335,30,7714.0
16120.0,59,17440.0,256.47058823529414,1.1444608005142154,42847.915729975764,630.1164077937616,544338.6719999999,8004.980470588234,33,7842.0,0.04224113929313426,33,7842.0
16125.0,62,17741.0,249.8732394366197,0.6925613772191987,43133.34189739799,607.511857709831,560290.9069999999,7891.421225352111,35,7983.0,0.02181257339258272,35,7983.0
16130.0,58,17919.0,255.9857142857143,1.2808715147783005,43411.423526412094,620.1631932344586,560291.141,8004.159157142856,30,7928.0,0.08094057110687608,30,7928.0
16135.0,56,18119.0,258.84285714285716,1.5521971712006921,43723.796872100436,624.625669601435,560291.141,8004.159157142856,28,7885.0,0.06591243737907898,28,7885.0
16140.0,55,18309.0,261.5571428571429,1.5020945811231612,44036.50347538132,629.092906791162,560291.141,8004.159157142856,28,7991.0,0.04647790541384173,28,7991.0
16145.0,58,18577.0,269.231884057971,0.7913918099388958,43983.277161472884,637.4387994416364,528552.0220000001,7660.17423188406,31,8124.0,0.03016500822401007,31,8124.0
16150.0,51,18027.0,253.90140845070422,1.917612572403348,44165.5916277426,622.050586306234,528626.014,7445.436816901408,23,7525.0,0.1529217472826286,23,7525.0
16155.0,55,18290.0,250.54794520547946,2.309513168510373,44466.8390656369,609.1347817210535,544604.1510000001,7460.330835616439,29,7529.0,0.022710722477816754,29,7529.0
16160.0,59,18577.0,254.4794520547945,2.113997619448589,44502.65191752046,609.6253687331572,560588.3609999999,7679.292616438357,32,7656.0,0.07587996617108499,32,7656.0
16165.0,63,18877.0,277.6029411764706,0.39703724540057517,44193.022410950885,649.8973883963367,560583.7889999999,8243.87925,35,7793.0,0.0006496423304009819,35,7793.0
16170.0,57,19036.0,284.1194029850746,1.0991286804113056,44504.60798602558,664.2478803884417,560583.7889999999,8366.922223880596,29,7717.0,0.05866524713446024,29,7717.0
16175.0,55,19226.0,282.7352941176471,1.751639508443769,44808.808054073015,658.9530596187211,560583.7889999999,8243.87925,27,7652.0,0.0636806797885806,27,7652.0
16180.0,52,19392.0,281.04347826086956,1.9332624656033714,45071.417975753815,653.2089561703455,552608.1,8008.813043478261,25,7684.0,0.06899391276504815,25,7684.0
16185.0,56,19645.0,297.6515151515151,1.1785988608325615,44970.53700252414,681.3717727655174,528821.895,8012.452954545455,29,7809.0,0.09878346813092113,29,7809.0
16190.0,50,19631.0,302.0153846153846,1.3220961147643555,45051.059274332576,693.0932196051165,520943.607,8014.517030769231,24,7711.0,0.0851990103636854,24,7711.0
16195.0,53,19891.0,296.8805970149254,1.390448949989714,45344.72960952579,676.7870090974001,536959.7740000001,8014.324985074628,27,7751.0,0.02577948142024528,27,7751.0
16200.0,58,20168.0,296.5882352941176,1.6380609048480406,45586.56066707023,670.3905980451508,552975.3010000001,8131.989720588237,31,7868.0,0.024458831159869503,31,7868.0
16205.0,58,20453.0,280.17808219178085,1.642427041690192,45742.18329327715,626.6052505928377,560994.6490000001,7684.858205479453,32,7993.0,0.051857829830196656,32,7993.0
16210.0,48,19862.0,283.74285714285713,1.91959098562271,45891.557097022014,655.5936728146003,568997.8970000001,8128.541385714286,21,7442.0,0.16740309089121133,21,7442.0
16215.0,48,19695.0,281.35714285714283,1.269844107580287,46202.57732957728,660.0368189939612,568997.8970000001,8128.541385714286,19,7074.0,0.06735244275442344,19,7074.0
16220.0,51,19889.0,288.2463768115942,1.2365902159388653,46476.402742577935,673.5710542402601,561003.9770000002,8130.492420289856,23,7156.0,0.0444620390340347,23,7156.0
16225.0,55,20133.0,305.04545454545456,0.7364707029095516,46513.07623565089,704.7435793280439,544984.9360000001,8257.347515151516,29,7271.0,0.0063473795199514,29,7271.0
16230.0,55,20349.0,299.25,1.3875811888469574,46501.73508646791,683.8490453892342,553008.6570000001,8132.480250000001,29,7327.0,0.0004084626496122501,29,7327.0
16235.0,58,20637.0,308.0149253731343,1.6796136874994896,46316.998068830726,691.2984786392645,553004.1450000001,8253.793208955225,30,7447.0,7.0233334114268855e-06,30,7447.0
16240.0,58,20927.0,326.984375,0.8453381038162859,46431.06343434748,725.4853661616794,545042.2150000001,8516.284609375,30,7567.0,0.03350305260148335,30,7567.0
16245.0,61,21226.0,331.65625,0.27360645219216617,46679.777785966995,729.3715279057345,545042.2150000001,8516.284609375,33,7696.0,4.678178503517161e-05,33,7696.0
16250.0,56,21349.0,333.578125,0.9334203715616027,46983.39752965585,734.115586400873,545042.2150000001,8516.284609375,28,7617.0,0.06085286703699457,28,7617.0
16255.0,53,21462.0,325.1818181818182,1.3277990750161004,47280.18751704402,716.3664775309701,545043.7190000002,8258.238166666668,25,7450.0,0.04334167661339109,25,7450.0
16260.0,51,21605.0,327.3484848484849,1.764098867654236,47570.78831404235,720.7695199097325,545043.7190000002,8258.238166666668,24,7540.0,0.06074551131841582,24,7540.0
16265.0,53,21834.0,325.8805970149254,1.1826161908211432,47471.64909004478,708.5320759708177,529170.978,7898.074298507463,26,7676.0,0.06119886978310074,26,7676.0
16270.0,54,22033.0,333.8333333333333,1.5052769586933974,47541.16362559382,720.3206609938459,521257.28199999995,7897.837606060605,28,7745.0,0.13360930893339967,28,7745.0
16275.0,56,22307.0,328.04411764705884,1.1071575245633194,47844.48518867643,703.5953704217122,537368.86,7902.483235294119,30,7859.0,0.03712084940426975,30,7859.0
16280.0,61,22598.0,313.8611111111111,1.3511342546864367,48122.36261153245,668.3661473823951,553481.106,7687.237583333332,34,7990.0,0.027323123881412184,34,7990.0
16285.0,61,22898.0,313.67123287671234,1.6255408262966309,48432.09171171922,663.4533111194414,561536.4800000001,7692.280547945205,35,8130.0,0.053219752568601904,35,8130.0
16290.0,56,23055.0,329.35714285714283,0.9929504936083902,48680.09861772784,695.4299802532548,569585.7080000001,8136.938685714289,29,8020.0,0.06691797251624768,29,8020.0
16295.0,57,23258.0,327.5774647887324,1.6031163894474008,49000.48164934137,690.1476288639628,569585.7080000001,8022.333915492959,29,7972.0,0.04236783867597443,29,7972.0
16300.0,54,23455.0,330.3521126760563,1.989914361276474,49303.86319536164,694.4206083853751,569585.7080000001,8022.333915492959,27,8008.0,0.079154880130625,27,8008.0
16305.0,57,23719.0,343.7536231884058,1.102537452304316,49279.404891255705,714.1942737863146,537533.7019999999,7790.343507246377,31,8143.0,0.0638541607237705,31,8143.0
16310.0,51,23147.0,340.3970588235294,1.7768228765964773,49248.52910403752,724.2430750593752,529659.968,7789.117176470588,24,7516.0,0.08562366252813455,24,7516.0
16315.0,53,23405.0,339.2028985507246,2.2324147746049023,49532.50323619259,717.8623657419215,537723.826,7793.098927536232,27,7509.0,0.0807871724476428,27,7509.0
16320.0,56,23681.0,343.2028985507246,1.8154620222983702,49558.62049435819,718.2408767298291,553846.557,8026.761695652176,30,7625.0,0.036329086592172766,30,7625.0
16325.0,60,23970.0,352.5,0.7352061628410329,49202.45072324395,723.5654518124111,561907.648,8263.347764705883,33,7753.0,3.206133999101126e-05,33,7753.0
16330.0,56,24117.0,349.5217391304348,1.5836567345723536,49502.196806308704,717.4231421204163,561908.5440000001,8143.602086956524,26,7658.0,0.11469553639856542,26,7658.0
16335.0,53,24272.0,351.768115942029,1.6659882379817157,49805.371860558305,721.8169834863527,561908.5440000001,8143.602086956524,25,7585.0,0.05077554454756446,25,7585.0
16340.0,52,24469.0,354.6231884057971,1.6779771123591527,50104.36745395115,726.150252955814,561908.5440000001,8143.602086956524,25,7678.0,0.09169172786791177,25,7678.0
16345.0,57,24723.0,380.3538461538462,0.5191764850152284,49992.39461419176,769.1137632952581,529850.559,8151.547061538462,30,7802.0,0.03579790667050895,30,7802.0
16350.0,50,24751.0,380.7846153846154,1.2917977598981547,50173.58112385764,771.9012480593484,529927.541,8152.7314,24,7715.0,0.07295133582252887,24,7715.0
16355.0,54,25014.0,367.8529411764706,1.7817132277925107,50463.69305957638,742.1131332290647,546087.867,8030.703926470588,27,7786.0,0.05695816777843602,27,7786.0
16360.0,57,25287.0,361.24285714285713,1.6937903603033106,50684.92949470823,724.0704213529747,554169.65,7916.709285714286,31,7901.0,0.027221321645941318,31,7901.0
16365.0,59,25578.0,370.69565217391306,1.2981160784358639,50869.14525708733,737.2339892331497,570324.8770000001,8265.577927536233,33,8033.0,0.08159755228977092,33,8033.0
16370.0,51,24980.0,378.4848484848485,1.2174851739418895,51054.558998783774,773.5539242239965,570321.8770000001,8641.24056060606,23,7340.0,0.0785605462519699,23,7340.0
16375.0,47,24797.0,375.7121212121212,1.5176498590947232,51349.363207857175,778.0206546645028,570321.8770000001,8641.24056060606,17,6959.0,0.08767999277656846,17,6959.0
16380.0,46,24956.0,389.9375,1.2360957069848193,51184.40667729896,799.7563543327963,562265.387,8785.396671875,18,7013.0,0.049548388828551365,18,7013.0
16385.0,51,25184.0,375.8805970149254,1.1798397471743958,51422.130028335996,767.4944780348657,546140.38,8151.348955223881,24,7102.0,0.011006192016756032,24,7102.0
16390.0,53,25368.0,378.6268656716418,1.8258517267628733,51389.45998025003,767.0068653768662,554234.353,8272.15452238806,26,7153.0,0.1210015987980983,26,7153.0
16395.0,55,25639.0,382.67164179104475,1.432794720250728,51431.53548018551,767.6348579132168,562332.14,8393.017014925374,29,7264.0,0.05798378266947912,29,7264.0
16400.0,57,25921.0,398.7846153846154,1.2788818784863514,51457.77327057413,791.6580503165254,562328.01,8651.200153846154,29,7379.0,0.02177131055773327,29,7379.0
16405.0,58,26209.0,397.1060606060606,1.1108669870811676,51605.46083843106,781.9009217944104,554275.04,8398.106666666667,30,7497.0,0.01840684149201663,30,7497.0
16410.0,49,26195.0,403.0,1.5522949847183707,51882.68705542408,798.1951854680628,554272.794,8527.273753846153,20,7145.0,0.09113805325885206,20,7145.0
16415.0,47,26324.0,404.9846153846154,1.6378031901846473,52135.69308263709,802.087585886724,554272.794,8527.273753846153,18,7000.0,0.05525619169259331,18,7000.0
16420.0,48,26428.0,412.9375,1.1298111751994524,52409.804315941634,818.9031924365884,546174.882,8533.98253125,21,7073.0,0.046059642249316246,21,7073.0
16425.0,54,26664.0,430.06451612903226,0.6681233866442128,52308.22636003213,843.6810703230989,546169.9180000001,8809.192225806453,28,7195.0,0.003809277700949949,28,7195.0
16430.0,54,26913.0,441.1967213114754,0.7753699423218524,52346.54441097125,858.140072311004,554294.094,9086.788426229508,28,7308.0,0.015642306345662212,28,7308.0
16435.0,56,27190.0,424.84375,1.046808061265161,52637.87481486027,822.4667939821919,562421.792,8787.8405,29,7423.0,0.030987990261057197,29,7423.0
16440.0,58,27476.0,429.3125,0.9516249339577074,52778.79670166187,824.6686984634669,554372.012,8662.0626875,30,7539.0,0.02162109452875896,30,7539.0
16445.0,58,27766.0,414.4179104477612,0.9765696432387833,53059.91459204641,791.9390237618867,554375.012,8274.253910447762,30,7659.0,0.060214423508528354,30,7659.0
16450.0,55,27867.0,422.22727272727275,1.2144724504333266,53351.662134037026,808.3585171823794,554375.012,8399.621393939393,27,7493.0,0.07367847171824063,27,7493.0
16455.0,51,27983.0,423.9848484848485,1.356716178936524,53646.84345269912,812.8309614045322,554375.012,8399.621393939393,23,7376.0,0.06349691359276252,23,7376.0
16460.0,52,28132.0,407.71014492753625,1.6880850830633718,53943.01359723373,781.7828057570107,554375.9400000001,8034.433913043477,25,7371.0,0.07208348609327782,25,7371.0
16465.0,54,28371.0,429.8636363636364,1.3438679163627623,53734.80729896708,814.1637469540467,530256.224,8034.185212121213,28,7526.0,0.07655431582818653,28,7526.0
16470.0,45,19868.0,301.030303030303,1.194251744710231,53755.113840511505,814.4714218259319,530435.927,8036.907984848485,22,5601.0,0.08549708500088746,22,5601.0
16475.0,43,14018.0,206.14705882352942,2.440958521863747,54043.031019925606,794.7504561753765,538594.3910000001,7920.505749999999,27,4728.0,0.07176385482719261,27,4728.0
16480.0,39,6423.0,94.45588235294117,2.6818208355013913,52360.44503456565,770.0065446259656,541918.7409999999,7969.393249999999,32,7800.0,0.06842360833314136,32,7800.0
16485.0,41,1428.0,20.112676056338028,2.3983852562985013,48550.3207103332,683.8073339483551,539034.86,7592.040281690141,38,7942.0,0.007721046649176731,38,7942.0
16490.0,36,1255.0,18.455882352941178,2.398446244839282,39279.62775528229,577.6415846365043,503579.8049999999,7405.585367647057,29,8521.0,0.05845423819541302,29,8521.0
16495.0,40,1336.0,19.085714285714285,1.779129918303124,39536.26233116455,564.8037475880649,548062.171,7829.459585714285,26,8543.0,0.06440513991273296,26,8543.0
16500.0,52,1501.0,21.442857142857143,1.3788606151609948,38807.01990078208,554.3859985826011,555659.327,7937.990385714286,31,8652.0,0.023433759098760592,31,8652.0
16505.0,57,1748.0,23.945205479452056,1.1094192764440107,39027.5704570153,534.6242528358263,577153.2880000001,7906.209424657533,34,8796.0,0.01304908019842719,34,8796.0
16510.0,53,855.0,11.554054054054054,2.016045689332896,39159.1711989942,529.1779891755973,585328.4670000001,7909.84414864865,25,7965.0,0.10907211240752124,25,7965.0
16515.0,54,1114.0,14.853333333333333,2.9531309211531527,39399.82099771861,525.3309466362481,593498.361,7913.31148,29,7862.0,0.04370442466478307,29,7862.0
16520.0,55,1386.0,19.25,2.5730427527089788,39092.12737394909,542.946213527071,593611.3530000001,8244.602125,29,7972.0,0.11108635951502173,29,7972.0
16525.0,58,1669.0,25.676923076923078,0.7201876640618327,38576.45553511422,593.4839313094496,593603.9090000001,9132.36783076923,31,8086.0,0.012205478802667506,31,8086.0
16530.0,54,1795.0,28.951612903225808,0.623893240635385,38828.14078388239,626.2603352239098,593600.5830000001,9574.202951612904,27,7931.0,0.01926431012783837,27,7931.0
16535.0,51,1946.0,30.88888888888889,1.6814237989973402,39114.206200749024,620.8604158849055,593600.5830000001,9422.231476190476,24,7773.0,0.051080542265424037,24,7773.0
16540.0,47,2061.0,32.203125,1.6759058435732213,39220.86174978892,612.8259648404521,585522.1490000001,9148.783578125,21,7846.0,0.05867205662946229,21,7846.0
16545.0,52,2290.0,37.540983606557376,1.0003295766195042,39132.869431808744,641.5224497017828,561207.729,9200.126704918033,26,7955.0,0.08658891819008761,26,7955.0
16550.0,53,2530.0,41.47540983606557,0.4721533540921894,39252.53254414722,643.4841400679874,561327.055,9202.08286885246,28,8054.0,0.013497031842067532,28,8054.0
16555.0,57,2806.0,44.53968253968254,0.7040489024043608,39548.44085351929,627.7530294209413,577714.917,9170.078047619048,32,8170.0,0.03229851042664531,32,8170.0
16560.0,60,3098.0,49.17460317460318,0.23092402050782548,39845.01609769735,632.4605729793234,585910.957,9300.173920634921,34,8301.0,0.010095963750678926,34,8301.0
16565.0,62,3407.0,48.67142857142857,0.6699430313571373,40143.42395741516,573.4774851059311,585919.713,8370.281614285714,35,8440.0,4.789306345663439e-06,35,8440.0
16570.0,53,3070.0,43.857142857142854,1.8603608032788623,40455.36517933235,577.9337882761766,585919.713,8370.281614285714,26,8169.0,0.12478155711701922,26,8169.0
16575.0,53,3260.0,46.57142857142857,1.574831977064321,40759.90786849774,582.2843981213966,585919.713,8370.281614285714,25,8077.0,0.08753167195189825,25,8077.0
16580.0,55,3530.0,51.15942028985507,1.596858311544289,40988.04143985905,594.029586084914,585919.387,8491.58531884058,28,8123.0,0.027819836255935676,28,8123.0
16585.0,59,3818.0,57.84848484848485,1.3146693418871263,41147.78896939241,623.4513480210973,585917.8770000001,8877.54359090909,32,8241.0,0.0001810808374974248,32,8241.0
16590.0,53,3839.0,59.984375,1.2943803847859041,41176.13982211154,643.3771847204929,585915.817,9154.934640625,26,8021.0,0.02096728766457483,26,8021.0
16595.0,49,3919.0,62.20634920634921,1.9746942878838876,41192.46697788368,653.8486821886302,585916.485,9300.261666666669,22,7883.0,0.07198164974977031,22,7883.0
16600.0,45,3946.0,62.63492063492063,1.920236072819425,41427.94856916143,657.5864852247847,577723.8030000001,9170.219095238095,19,7881.0,0.13009699544624598,19,7881.0
16605.0,50,4141.0,65.73015873015873,1.285735306983795,41331.37968839501,656.0536458475399,569752.701,9043.693666666666,24,8015.0,0.07462597684752187,24,8015.0
16610.0,47,4243.0,69.55737704918033,1.141041404211944,41143.87428889961,674.4897424409775,553615.051,9075.656573770491,22,7996.0,0.0772619975748956,22,7996.0
16615.0,50,4489.0,69.06153846153846,1.7456787579923658,41424.51969407381,637.3003029857512,570091.0540000001,8770.6316,25,8032.0,0.09660266064304539,25,8032.0
16620.0,54,4748.0,71.93939393939394,1.710750827407221,41671.147199880856,631.3810181800133,586553.8600000001,8887.179696969697,28,8120.0,0.0030972814298593724,28,8120.0
16625.0,56,5027.0,76.16666666666667,1.1065112975477316,41751.99102498302,632.6059246209551,594785.078,9011.895121212121,31,8234.0,0.041347724813547614,31,8234.0
16630.0,54,5166.0,79.47692307692307,1.2772440448927604,41988.01513259484,645.9694635783824,603022.314,9277.266369230767,27,8052.0,0.05275332001576444,27,8052.0
16635.0,51,5341.0,82.16923076923077,1.7229774942582436,42275.569244690545,650.3933729952391,603022.314,9277.266369230767,24,7924.0,0.06235802770788282,24,7924.0
16640.0,50,5525.0,83.71212121212122,1.667330073993424,42499.20291805171,643.9273169401774,594825.46,9012.506969696971,23,8000.0,0.0557367526683629,23,8000.0
16645.0,53,5753.0,88.50769230769231,1.163074085413567,42325.807428379994,651.166268128923,562145.281,8648.388938461538,27,8100.0,0.034150095772865985,27,8100.0
16650.0,50,5923.0,91.12307692307692,1.745697936212951,42465.01801183182,653.3079694127977,562241.82,8649.874153846155,25,8117.0,0.12988967051610523,25,8117.0
16655.0,54,6184.0,90.94117647058823,1.2550846518466734,42760.454553958734,628.8302140288051,578732.631,8510.773985294118,29,8213.0,0.026277386292448485,29,8213.0
16660.0,59,6471.0,95.16176470588235,1.4518488985217404,43040.23514625151,632.9446345036988,586979.497,8632.051426470587,34,8335.0,0.04065919866122869,34,8335.0
16665.0,60,6767.0,101.0,0.5988448724988923,43236.75623023694,645.3247198542831,603473.0449999999,9007.060373134327,35,8466.0,0.03806537249248421,35,8466.0
16670.0,56,6916.0,104.78787878787878,1.1311505760604041,43540.77938994189,659.7087786354833,603473.0449999999,9143.530984848483,29,8338.0,0.032322022286141845,29,8338.0
16675.0,52,7090.0,105.82089552238806,1.9709811180384333,43832.864837455774,654.2218632456087,603473.4519999999,9007.066447761194,25,8256.0,0.1097271708931528,25,8256.0
16680.0,50,7241.0,111.4,1.6582576445118697,43937.98904436487,675.969062220998,587064.061,9031.754784615383,24,8248.0,0.0848879013718538,24,8248.0
16685.0,52,7481.0,111.65671641791045,1.2894024621685158,44099.03197310442,658.1945070612601,570636.9959999999,8516.970089552238,27,8365.0,0.057927826639968795,27,8365.0
16690.0,57,7717.0,111.84057971014492,1.3185369605603228,44125.6492195905,639.5021626027612,570789.7329999999,8272.314971014493,29,8436.0,0.0915206650617243,29,8436.0
16695.0,57,7998.0,115.91304347826087,1.3792427117593142,44321.98526047488,642.3476124706503,570854.509,8273.253753623188,32,8552.0,0.059836253385397616,32,8552.0
16700.0,60,8291.0,118.44285714285714,1.262836996791685,44619.31764061554,637.4188234373647,587371.1649999999,8391.016642857141,35,8680.0,0.04318212968510462,35,8680.0
16705.0,64,8599.0,122.84285714285714,0.8968942554993219,44935.34805152237,641.9335435931768,595629.73,8508.996142857142,38,8822.0,0.02092008516907392,38,8822.0
16710.0,59,8778.0,133.0,0.6157512770928875,45207.34197908401,684.9597269558184,595626.73,9024.647424242425,32,8813.0,0.011590649917541086,32,8813.0
16715.0,54,8948.0,133.55223880597015,1.6183157284048004,45512.33021704403,679.2885107021496,595626.73,8889.95119402985,27,8795.0,0.04713801226153083,27,8795.0
16720.0,51,9135.0,134.33823529411765,1.6069731265054912,45790.578295579035,673.3908572879271,579106.149,8516.266897058824,25,8881.0,0.08793296707646658,25,8881.0
16725.0,55,9383.0,134.04285714285714,1.2444284650316149,45907.900634160564,655.8271519165796,570913.83,8155.911857142856,29,8993.0,0.03660582233380923,29,8993.0
16730.0,48,8662.0,125.53623188405797,1.8821919382507513,46038.1953602175,667.2202226118479,562719.896,8155.3608115942025,23,8266.0,0.11064906486541096,23,8266.0
16735.0,54,8921.0,125.64788732394366,2.5439214768677414,46326.85055688936,652.4908529139348,579265.8369999999,8158.67376056338,29,8215.0,0.02588197827946593,29,8215.0
16740.0,57,9198.0,131.4,2.035766062365596,46134.045453429935,659.0577921918562,595814.1249999999,8511.630357142858,31,8327.0,0.03024397075652982,31,8327.0
16745.0,59,9487.0,143.74242424242425,0.6463168923686912,45850.61264318554,694.7062521694775,595809.2869999999,9027.41343939394,32,8447.0,0.001991019807442005,32,8447.0
16750.0,53,9628.0,145.87878787878788,1.4934502151690547,46140.74015039708,699.1021234908649,595808.5329999999,9027.402015151516,26,8369.0,0.09436794595502586,26,8369.0
16755.0,50,9790.0,146.11940298507463,1.7631117199880095,46431.27452756012,693.0040974262707,595811.6789999999,8892.71162686567,23,8312.0,0.09666847053864512,23,8312.0
16760.0,50,9945.0,150.6818181818182,1.2286922344747346,46687.72187232919,707.3897253383211,587553.114,8902.31990909091,24,8394.0,0.052863791749312494,24,8394.0
16765.0,55,10190.0,154.3939393939394,0.9698591705020786,46860.320504439325,710.0048561278688,579339.306,8777.86827272727,29,8507.0,0.03641384002620839,29,8507.0
16770.0,49,10219.0,154.83333333333334,1.5632625101720652,46867.37759214389,710.1117816991498,562894.6329999999,8528.706560606059,24,8412.0,0.08570326491631082,24,8412.0
16775.0,53,10471.0,151.7536231884058,1.7591990459559228,47158.346410898266,683.4542958101197,579476.992,8398.217275362318,27,8474.0,0.016861029106399965,27,8474.0
16780.0,57,10745.0,155.7246376811594,1.6496802935395023,47390.3930028393,686.8172898962216,587770.026,8518.406173913043,32,8584.0,0.04300830176656959,32,8584.0
16785.0,60,11035.0,167.1969696969697,1.0022456895913578,47533.79194819794,720.2089689120899,604352.575,9156.857196969697,34,8709.0,0.04618313440130452,34,8709.0
16790.0,50,10151.0,161.12698412698413,1.2071728556634294,47747.15578475376,757.8913616627582,604352.575,9592.898015873014,23,8042.0,0.052239603059407405,23,8042.0
16795.0,45,10169.0,156.44615384615383,1.7126583883392699,48030.31341957353,738.9278987626697,604354.091,9297.755246153849,17,7732.0,0.07703423570070202,17,7732.0
16800.0,44,10295.0,163.4126984126984,1.8502023707950146,47864.429471332645,759.7528487513121,596108.1630000001,9462.034333333335,17,7775.0,0.05449135830766864,17,7775.0
16805.0,48,10502.0,154.44117647058823,1.4287637665359285,48097.70254120617,707.3191550177377,579555.4079999999,8522.873647058821,23,7850.0,0.04495681874937022,23,7850.0
16810.0,51,10696.0,159.6417910447761,1.9353334437662597,47914.93579209197,715.1482954043578,587863.705,8774.08514925373,25,7892.0,0.0986709015343406,25,7892.0
16815.0,55,10960.0,166.06060606060606,1.2496170668415474,48013.444425954265,727.4764306962769,587860.037,8906.970257575758,29,7990.0,0.015930139814021884,29,7990.0
16820.0,58,11246.0,170.3939393939394,1.2499931801925614,48147.25291728827,729.5038320801254,579611.7989999999,8781.996954545453,31,8103.0,2.6659331584250278e-05,31,8103.0
16825.0,58,11536.0,177.47692307692307,1.4147431780691184,48432.69962269303,745.1184557337391,579611.041,8917.09293846154,31,8218.0,0.0,31,8218.0
16830.0,48,8009.0,131.29508196721312,1.0362709913226515,48655.690061980815,797.6342633111611,579608.926,9501.785672131147,23,5340.0,0.06056370654386548,23,5340.0
16835.0,39,5155.0,83.14516129032258,2.1601062704275713,48925.92812579454,789.1278729966864,579608.926,9348.531064516126,24,5440.0,0.0691822314831723,24,5440.0
16840.0,31,2283.0,36.82258064516129,3.0626992845871412,49172.95150641177,793.1121210711576,579608.926,9348.531064516126,25,6520.0,0.06288494543932142,25,6520.0
16845.0,33,1091.0,17.885245901639344,2.5742955020768994,42729.125229255755,700.4774627746848,540494.257,8860.561590163934,31,6976.0,0.006376357929064131,31,6976.0
16850.0,30,772.0,13.310344827586206,2.185217898066548,31534.01717321755,543.6899512623717,505879.9000000001,8722.06724137931,23,6696.0,0.06475740291133882,23,6696.0
16855.0,36,731.0,12.389830508474576,1.78502465946047,29344.402632459572,497.3627564823655,523377.188,8870.79979661017,21,6623.0,0.09515748677448158,21,6623.0
16860.0,41,688.0,11.278688524590164,1.349483002988475,29610.355341378116,485.4156613340673,553671.6540000001,9076.584491803278,23,6668.0,0.015031270152072231,23,6668.0
16865.0,50,880.0,13.968253968253968,1.0257628990831829,29502.355558971376,468.29135807891055,583941.0099999999,9268.90492063492,26,6814.0,0.006186436926863068,26,6814.0
16870.0,52,1063.0,16.609375,1.3042539957268315,29645.16512024912,463.20570500389226,592300.2859999998,9254.691968750001,24,6699.0,0.09044036267316286,24,6699.0
16875.0,49,1257.0,19.640625,1.6450282030014063,29760.181059175648,465.0028290496194,592403.7839999999,9256.309125,21,6558.0,0.0951112771092341,21,6558.0
16880.0,49,1468.0,23.3015873015873,1.5466145757569678,29864.411327411988,474.03827503828546,584144.5189999999,9272.13522222222,22,6535.0,0.11156897939500966,22,6535.0
16885.0,52,1713.0,26.353846153846153,1.0015716507879584,29843.298962755103,459.12767635007833,575985.7609999998,8861.319399999998,26,6644.0,0.04850125978510746,26,6644.0
16890.0,49,1817.0,27.53030303030303,1.729307383470725,29964.785828103504,454.0119064864166,584470.8739999998,8855.619303030302,22,6607.0,0.09764424183005964,22,6607.0
16895.0,52,2071.0,30.91044776119403,1.6059297401125308,30113.792600638175,449.459591054301,584569.5069999999,8724.918014925372,26,6692.0,0.049132239419275005,26,6692.0
16900.0,57,2346.0,33.51428571428571,1.7625505478188739,30380.55237350241,434.0078910500343,601305.8309999999,8590.083299999998,31,6812.0,0.043808354355079626,31,6812.0
16905.0,60,2638.0,38.794117647058826,1.0533259568483682,30589.04203631455,449.83885347521374,618041.0149999999,9088.838455882353,33,6949.0,0.07058300676737886,33,6949.0
16910.0,56,2755.0,41.11940298507463,0.9741924474597798,30816.370812757457,459.9458330262308,618045.2629999999,9224.556164179103,28,6744.0,0.0677892693420749,28,6744.0
16915.0,51,2913.0,43.47761194029851,2.2453885482628513,31106.539783360757,464.27671318448887,618045.2629999999,9224.556164179103,23,6539.0,0.09396509677788674,23,6539.0
16920.0,48,3082.0,46.696969696969695,1.970062978532182,31218.5137447808,473.0077840118303,609771.6279999999,9238.96406060606,22,6619.0,0.07203035174193292,22,6619.0
16925.0,52,3334.0,48.31884057971015,1.5509597343902808,31222.762662198078,452.5038066985226,584833.099,8475.842014492753,26,6737.0,0.05193461373959467,26,6737.0
16930.0,44,2622.0,39.72727272727273,2.4249108242540363,31088.66144567342,471.04032493444566,559972.8150000001,8484.436590909092,18,6033.0,0.1618064052847188,18,6033.0
16935.0,47,2849.0,41.89705882352941,2.704141961920614,31354.06681787266,461.089217909892,576733.2440000001,8481.371235294118,21,5942.0,0.0697255543060346,21,5942.0
16940.0,55,3112.0,45.76470588235294,1.8850264599041902,31299.21797837636,460.28261732906395,593496.4830000001,8727.889455882352,28,6050.0,0.000571502227020264,28,6050.0
16945.0,55,3386.0,55.50819672131148,0.8825571186861116,30895.710711480715,506.48706084394604,601868.665,9866.699426229508,29,6169.0,0.04215687759695474,29,6169.0
16950.0,50,3516.0,57.63934426229508,1.2348146563940692,31132.08034713784,510.3619729038988,610250.929,10004.113590163937,23,6155.0,0.07315266316402322,23,6155.0
16955.0,53,3774.0,60.87096774193548,1.4945769150289225,31409.496557424107,506.6047831842595,610250.929,9842.75691935484,25,6237.0,0.000228811800510407,25,6237.0
16960.0,53,4039.0,66.21311475409836,1.3248346105343058,31638.99724779975,518.672086029504,610250.027,10004.098803278688,25,6337.0,0.03817323209146641,25,6337.0
16965.0,55,4313.0,71.88333333333334,0.527858869300272,31807.269922919997,530.1211653819997,610246.8390000002,10170.780650000002,27,6446.0,0.00044390154800768645,27,6446.0
16970.0,48,4287.0,72.66101694915254,1.2854251463833517,32058.30029818399,543.3610220031183,610246.8390000002,10343.166762711868,20,6223.0,0.09392639150387506,20,6223.0
16975.0,45,4347.0,70.11290322580645,1.984918182116227,32322.4167890014,521.3293030484097,610248.9210000001,9842.724532258066,17,6081.0,0.07438515789563638,17,6081.0
16980.0,44,4411.0,73.51666666666667,2.0447517584674793,32363.38070794537,539.389678465756,593570.136,9892.835600000002,16,6137.0,0.10219104734774637,16,6137.0
16985.0,47,4574.0,74.98360655737704,1.3510252954926896,32403.558133868726,531.2058710470283,568511.9720000001,9319.868393442624,21,6236.0,0.0781006784669533,21,6236.0
16990.0,47,4745.0,77.78688524590164,1.4507426255324671,32409.964110866455,531.3108870633845,568673.2240000002,9322.511868852462,21,6282.0,0.10676650491643096,21,6282.0
16995.0,52,4989.0,79.19047619047619,1.1944152668571786,32686.6481320725,518.8356846360713,585499.3550000001,9293.640555555558,24,6370.0,0.035596025713387935,24,6370.0
17000.0,54,5251.0,80.78461538461538,1.4183679650971943,32938.814980584415,506.75099970129867,593913.8230000001,9137.135738461538,28,6478.0,0.024813638042910972,28,6478.0
17005.0,55,5523.0,84.96923076923076,1.4250081035901458,33217.592061514115,511.03987786944816,602322.6350000001,9266.502076923078,29,6595.0,0.032891159967506044,29,6595.0
17010.0,51,5657.0,92.73770491803279,1.0157590488249197,33429.13195109374,548.0185565753073,602322.6350000001,9874.14155737705,23,6509.0,0.09076208762334745,23,6509.0
17015.0,49,5798.0,93.51612903225806,1.761710544187804,33705.10471889777,543.6307212725446,602322.6350000001,9714.881209677422,21,6424.0,0.07203117898202,21,6424.0
17020.0,46,5961.0,96.14516129032258,2.019811462616188,33966.886563142514,547.8530090829437,602322.6350000001,9714.881209677422,19,6419.0,0.10281084519243283,19,6419.0
17025.0,49,6180.0,103.0,0.9092762099300359,33860.236382614414,564.3372730435734,568823.4810000001,9480.391350000002,22,6512.0,0.060574751627288544,22,6512.0
17030.0,48,6389.0,108.28813559322033,1.0187704050470017,33918.80820082586,574.8950542512858,560521.7030000001,9500.367847457628,22,6580.0,0.03930926622855401,22,6580.0
17035.0,52,6643.0,108.90163934426229,1.2945254746308628,34189.84511497583,560.489264179932,577378.3550000002,9465.218934426231,26,6679.0,0.08869807112721872,26,6679.0
17040.0,57,6910.0,113.27868852459017,0.7384902033912254,34426.93952072158,564.376057716747,594235.8100000002,9741.570655737705,30,6791.0,0.039272886951715776,30,6791.0
17045.0,58,7193.0,107.35820895522389,0.7373851978463117,34727.09294799711,518.3148201193595,602673.0300000001,8995.119850746269,31,6918.0,0.00614535649502974,31,6918.0
17050.0,52,5439.0,79.98529411764706,1.80424271989652,35014.877063626795,514.9246627003939,602674.2660000001,8862.856852941177,26,4651.0,0.13264537418366668,26,4651.0
17055.0,44,3872.0,56.94117647058823,2.1530212009908754,35305.50243877408,519.1985652760895,602674.2660000001,8862.856852941177,29,3266.0,0.03831883195365993,29,3266.0
17060.0,39,2302.0,34.35820895522388,2.7202973679011664,33062.250919082675,493.4664316280996,589661.251,8800.914194029852,33,5869.0,0.06214895709746599,33,5869.0
17065.0,43,1712.0,25.939393939393938,2.1937339787720496,25447.256502943972,385.56449246884796,551050.0920000001,8349.24381818182,39,6033.0,0.01084063010525465,39,6033.0
17070.0,40,1423.0,22.234375,2.160655280067723,20970.67463913265,327.6667912364477,524766.976,8199.484,31,5910.0,0.05002208413278247,31,5910.0
17075.0,48,1635.0,24.402985074626866,2.2476719246640977,21030.92846249746,313.8944546641411,555587.723,8292.354074626866,33,6040.0,9.358471599625568e-05,33,6040.0
17080.0,52,1881.0,26.87142857142857,2.2703825779968625,21206.155637873206,302.94508054104557,586225.4310000001,8374.649014285716,33,6190.0,0.025116498237528543,33,6190.0
17085.0,58,2160.0,33.23076923076923,0.887252205561452,21057.757294094976,323.9654968322304,616853.866,9490.059476923077,34,6343.0,0.05378361490835214,34,6343.0
17090.0,51,2179.0,33.52307692307692,0.9174747486708537,21335.840694018352,328.2437029848976,632169.386,9725.682861538462,29,4602.0,0.03091041989747904,29,4602.0
17095.0,46,2261.0,34.784615384615385,2.238057009493491,21621.27698734773,332.6350305745804,632169.386,9725.682861538462,30,4528.0,0.03930325224385773,30,4528.0
17100.0,40,2311.0,36.109375,2.534962729101335,19340.90085021342,302.20157578458475,619196.927,9674.951984374999,33,5446.0,0.003367089233558795,33,5446.0
17105.0,39,2430.0,37.96875,2.289587391413037,12944.35971924734,202.25562061323967,548667.2840000001,8572.9263125,35,5627.0,0.00028200547541228755,35,5627.0
17110.0,39,2077.0,32.453125,2.2924040631759612,10048.402567192912,157.00629011238925,551503.456,8617.2415,29,5340.0,0.0852449994209627,29,5340.0
17115.0,44,1955.0,29.62121212121212,1.8552947439416974,10089.767512276134,152.87526533751716,582306.6170000001,8822.82753030303,26,5181.0,0.0648299296662482,26,5181.0
17120.0,48,1795.0,26.397058823529413,1.8601776912375874,10378.098471509304,152.61909516925448,612949.4650000001,9013.962720588237,27,5171.0,0.0627973684386448,27,5171.0
17125.0,53,1971.0,28.985294117647058,1.035795157529145,9994.448491315285,146.97718369581304,594776.9650000001,8746.720073529414,29,5376.0,0.04178273531626875,29,5376.0
17130.0,56,2180.0,31.594202898550726,1.2752899116334113,9971.69173948317,144.51727158671264,586523.973,8500.34743478261,29,5523.0,0.08340418063207865,29,5523.0
17135.0,60,2472.0,34.333333333333336,1.3313022003218544,10292.273284729801,142.94824006569166,603529.4280000001,8382.353166666666,33,5670.0,0.015905739291188187,33,5670.0
17140.0,64,2773.0,38.513888888888886,0.7372597188351352,10559.183606975048,146.65532787465338,620535.889,8618.554013888888,37,5837.0,0.020165680418217553,37,5837.0
17145.0,66,3100.0,41.891891891891895,0.9796110690464215,10899.81148083686,147.2947497410386,629041.912,8500.56637837838,40,6024.0,0.050520922065476294,40,6024.0
17150.0,59,2759.0,38.31944444444444,0.7323322946741153,11204.923517180432,155.62393773861712,637537.816,8854.691888888889,32,5801.0,0.02705985129230484,32,5801.0
17155.0,59,3026.0,40.891891891891895,1.450053783451227,11534.111449534623,155.8663709396571,637539.34,8615.396486486487,31,5735.0,0.0524131232398164,31,5735.0
17160.0,61,3327.0,45.57534246575342,1.749862819085628,11758.704318355245,161.07814134733218,637538.722,8733.407150684932,31,5804.0,3.6306256058958363e-07,31,5804.0
17165.0,63,3637.0,49.148648648648646,1.4094787186960729,11878.809712498967,160.52445557431034,637540.818,8615.41645945946,31,5949.0,0.01483765974487878,31,5949.0
17170.0,61,3919.0,56.79710144927536,1.0226200315704201,11905.658311464886,172.54577262992586,637537.152,9239.668869565217,32,6096.0,0.07618975072851311,32,6096.0
17175.0,62,4217.0,62.01470588235294,0.6302353962942862,12223.412477142278,179.75606584032766,637536.39,9375.535147058823,34,6250.0,0.005635792219271913,34,6250.0
17180.0,56,4146.0,60.08695652173913,1.344418961279218,12422.609527629407,180.03781924100593,637533.486,9239.615739130435,28,5906.0,0.02836381143480117,28,5906.0
17185.0,51,4162.0,61.205882352941174,2.424084837990988,12632.693488808723,185.77490424718712,637533.486,9375.492441176471,23,5691.0,0.053697530037001645,23,5691.0
17190.0,48,4231.0,65.0923076923077,1.6915921052654697,12706.360855455689,195.48247469931835,629101.934,9678.491292307692,21,5787.0,0.06715762386035004,21,5787.0
17195.0,53,4443.0,71.66129032258064,0.6900555594605883,12325.21282243899,198.79375520062888,595431.0279999999,9603.726258064517,26,5939.0,0.037215462412690026,26,5939.0
17200.0,50,4601.0,74.20967741935483,1.1844475306083242,12433.429620068448,200.5391874204589,595561.218,9605.826096774195,24,5997.0,0.06453471765357814,24,5997.0
17205.0,54,4864.0,69.48571428571428,1.720065644329183,12726.110740768592,181.80158201097993,612656.5540000001,8752.236485714287,28,6120.0,0.059797415113770694,28,6120.0
17210.0,59,5142.0,71.41666666666667,2.1877523247657504,13025.837649850095,180.91441180347357,629739.1270000001,8746.37676388889,32,6258.0,0.08281401359799069,32,6258.0
17215.0,63,5440.0,81.19402985074628,0.4599210683870926,13206.89746866604,197.11787266665735,629736.079,9399.04595522388,35,6412.0,0.03758906840314728,35,6412.0
17220.0,54,4186.0,62.47761194029851,0.8394970947272936,13521.280803058236,201.81016123967524,629736.6590000001,9399.054611940299,26,5541.0,0.03527395298158462,26,5541.0
17225.0,48,3960.0,55.774647887323944,1.6633723255249908,13837.295328921688,194.89148350593936,629740.2390000001,8869.580830985917,19,5342.0,0.08467960191039307,19,5342.0
17230.0,52,4098.0,56.136986301369866,1.8270567428743938,14126.734179615853,193.5169065700802,621195.46,8509.526849315069,22,5429.0,0.12580711859947372,22,5429.0
17235.0,55,4329.0,60.971830985915496,1.0895826877213688,13839.165544847725,194.9178245753201,612807.8420000001,8631.096366197184,28,5560.0,0.028847125567694105,28,5560.0
17240.0,53,3219.0,45.98571428571429,1.2597617425304428,13533.337788282668,193.33339697546666,621367.664,8876.680914285716,29,3939.0,0.06728988192387719,29,3939.0
17245.0,49,2535.0,35.70422535211268,1.9460467878921144,13645.073703998407,192.18413667603392,621496.7479999999,8753.475323943663,33,4639.0,0.044476145094697536,33,4639.0
17250.0,41,1434.0,20.782608695652176,2.296326432603405,13534.501452355637,196.15219496167586,606352.414,8787.716144927535,34,5088.0,0.057686646417373366,34,5088.0
17255.0,42,997.0,15.106060606060606,1.9680418671672648,13269.354495273536,201.05082568596262,575881.544,8725.477939393939,38,5267.0,0.011110679525202205,38,5267.0
17260.0,38,903.0,13.477611940298507,1.833821953983089,9953.6788380415,148.56237071703728,563588.916,8411.774865671641,29,4728.0,0.04037247240171163,29,4728.0
17265.0,40,863.0,12.691176470588236,2.1142884510592745,10218.166568570898,150.2671554201602,594457.099,8742.016161764705,25,4512.0,0.09662149268562907,25,4512.0
17270.0,47,969.0,14.25,1.2495333198669023,10075.092754019923,148.16312873558704,610000.877,8970.601132352942,27,4635.0,0.033142364655686755,27,4635.0
17275.0,59,1211.0,17.808823529411764,0.6576314033587393,10106.368829989595,148.62307102925874,632283.465,9298.28625,35,4817.0,0.004804827001026682,35,4817.0
17280.0,58,1347.0,20.104477611940297,0.7894639869348676,10040.574099936975,149.85931492443245,640873.671,9565.27867164179,33,4898.0,0.027277225687315537,33,4898.0
17285.0,60,1644.0,21.63157894736842,1.6640528002157913,10368.289341157553,136.4248597520731,649478.847,8545.77430263158,33,5023.0,0.028019937481524284,33,5023.0
17290.0,61,1949.0,26.33783783783784,1.8896972580810643,10443.063068073281,141.12247389288214,641048.647,8662.819554054056,33,5188.0,0.10488882052308522,33,5188.0
17295.0,65,2262.0,31.416666666666668,0.5208068299171009,10650.11572343011,147.91827393652932,641048.647,8903.453430555555,37,5361.0,0.027870775478401142,37,5361.0
17300.0,59,2267.0,31.929577464788732,0.8630176793160379,10930.492357310222,153.9505965818341,641048.966,9028.85867605634,31,4886.0,0.04382434453161851,31,4886.0
17305.0,57,2430.0,34.225352112676056,1.5438368810774812,11251.638455214614,158.4737810593608,641048.966,9028.85867605634,28,4930.0,0.0646333165072043,28,4930.0
17310.0,55,2555.0,35.985915492957744,1.3824624523262157,11268.727988100247,158.71447870563728,624058.0530000001,8789.550042253522,28,5018.0,0.029671029942165517,28,5018.0
17315.0,58,2811.0,40.73913043478261,0.9949888992744345,11197.632058850299,162.28452259203326,632684.537,9169.34111594203,32,5196.0,0.008734694978344754,32,5196.0
17320.0,57,2983.0,43.231884057971016,1.1039226152886408,11437.652015374792,165.76307268659116,641306.471,9294.29668115942,30,5264.0,0.03332397477160718,30,5264.0
17325.0,59,3276.0,46.8,1.2412356731106307,11486.614264359654,164.09448949085217,641503.05,9164.329285714286,33,5427.0,0.028472682601888046,33,5427.0
17330.0,61,3578.0,51.114285714285714,1.4917617630710795,11797.257112913654,168.53224447019502,641503.05,9164.329285714286,33,5592.0,0.03723884584789631,33,5592.0
17335.0,63,3887.0,58.014925373134325,0.488797816143404,11990.68686191624,178.96547555098866,641500.908,9574.640417910448,35,5761.0,3.571028877843214e-05,35,5761.0
17340.0,56,3995.0,61.46153846153846,0.9072486882913727,12263.019561788542,188.66183941213143,641497.908,9869.198584615386,28,5548.0,0.013029631874441576,28,5548.0
17345.0,52,4125.0,60.661764705882355,1.6643206896995622,12566.973154521142,184.80842874295803,641497.908,9433.792764705882,24,5358.0,0.06717999731883692,24,5358.0
17350.0,50,4278.0,62.911764705882355,2.090597789066303,12857.172806496506,189.07607068377217,641497.908,9433.792764705882,23,5473.0,0.13802368359657388,23,5473.0
17355.0,54,4512.0,69.41538461538461,0.6413977806490553,12532.3342974029,192.80514303696773,616009.557,9477.070107692309,27,5623.0,0.03231858191201439,27,5623.0
17360.0,46,3324.0,50.36363636363637,1.4598086907580048,12589.039111195161,190.74301683629028,616161.6449999999,9335.782500000001,19,4709.0,0.05709617444418237,19,4709.0
17365.0,50,3565.0,50.2112676056338,3.2107324108052615,12870.76448218685,181.27837298854715,633472.151,8922.142971830986,23,4448.0,0.07938318363200637,23,4448.0
17370.0,52,3806.0,53.605633802816904,2.8573773215390736,12721.80742415668,179.18038625572788,650772.5510000001,9165.81057746479,25,4565.0,0.1040721812708804,25,4565.0
17375.0,60,4086.0,64.85714285714286,0.43489407382920625,11898.259465202367,188.86126135241847,650764.0310000001,10329.587793650795,32,4708.0,0.00930008872397515,32,4708.0
17380.0,54,4238.0,67.26984126984127,1.0711514385121101,12170.862432688571,193.18829258235823,650767.089,10329.636333333336,26,4725.0,0.07349550531075974,26,4725.0
17385.0,54,4508.0,69.35384615384615,1.4887632310194188,12453.446294507014,191.59148145395406,650767.761,10011.811707692308,26,4850.0,0.06642277949506763,26,4850.0
17390.0,54,4778.0,74.65625,1.5347058123723252,12699.955589162064,198.43680608065722,650766.9970000001,10168.234328125,26,4980.0,0.004960433051922772,26,4980.0
17395.0,56,5056.0,84.26666666666667,0.6228119269969887,12854.639749604396,214.24399582673993,650766.947,10846.115783333335,28,5118.0,0.024648116704516877,28,5118.0
17400.0,51,5042.0,86.93103448275862,0.7178840392250421,13113.867770125822,226.10116845044521,650766.947,11220.11977586207,23,4799.0,0.02179806262527045,23,4799.0
17405.0,47,5109.0,82.40322580645162,2.0155796930198626,13383.25279383002,215.85891602951654,650769.947,10496.289467741935,19,4599.0,0.07335418395513164,19,4599.0
17410.0,46,5127.0,81.38095238095238,2.2031985620856003,13605.836283517758,215.96565529393266,642117.424,10192.340063492065,17,4685.0,0.16657878394056455,17,4685.0
17415.0,48,5317.0,87.1639344262295,1.0729315971650413,13401.128333685405,219.69062842107215,625102.686,10247.585016393445,22,4821.0,0.05002121672870485,22,4821.0
17420.0,48,5535.0,92.25,1.3695163249121516,13235.932373582395,220.59887289303987,616748.1209999999,10279.13535,22,4946.0,0.08158412384750495,22,4946.0
17425.0,52,5788.0,93.35483870967742,1.2892220612648133,13510.88356931544,217.91747692444244,634131.5909999999,10227.928887096774,26,5069.0,0.0508633634855357,26,5069.0
17430.0,55,6054.0,97.64516129032258,1.0405591160743162,13754.582791347191,221.84810953785782,651505.5289999999,10508.153693548387,28,5205.0,0.026529898096849542,28,5205.0
17435.0,58,6339.0,105.65,0.3364959256052011,14019.230448486069,233.65384080810102,651504.9069999999,10858.415116666667,30,5353.0,5.323926337846275e-06,30,5353.0
17440.0,51,6460.0,105.90163934426229,1.119416599037121,14293.71287351283,234.32316186086595,651503.7229999999,10680.388901639344,23,5125.0,0.05007735618655224,23,5125.0
17445.0,47,6579.0,102.796875,2.2458771643126823,14566.129877020638,227.59577932844738,651506.7229999999,10179.792546875,19,4955.0,0.13584258400910718,19,4955.0
17450.0,44,6725.0,106.74603174603175,2.173471411739233,14810.315455271704,235.08437230590005,642815.5129999999,10203.42084126984,17,4920.0,0.13245393074647518,17,4920.0
17455.0,50,6939.0,113.75409836065573,0.8744862748886486,14464.784245777182,237.12761058651108,617162.9119999999,10117.424786885244,23,5040.0,0.0602278910089911,23,5040.0
17460.0,51,7167.0,117.49180327868852,1.03096200505219,14551.859658798236,238.55507637374154,617306.688,10119.781770491803,25,5156.0,0.052814405614605466,25,5156.0
17465.0,54,7429.0,110.88059701492537,1.3699243485663724,14686.843970836402,219.20662643039398,626128.0289999999,9345.194462686564,28,5288.0,0.04076845604293605,28,5288.0
17470.0,59,7708.0,113.3529411764706,1.4825743296173608,14969.207097532386,220.13539849312326,643544.7849999999,9463.893897058822,32,5437.0,0.08050547642086864,32,5437.0
17475.0,60,8001.0,119.41791044776119,0.24846505951792427,15253.779366025627,227.66834874665113,652249.075,9735.060820895522,34,5600.0,0.025415932533599816,34,5600.0
17480.0,59,8174.0,120.20588235294117,0.8127910151743593,15579.042836478866,229.10357112468918,660954.595,9719.920514705882,32,5528.0,0.04261479827413719,32,5528.0
17485.0,55,8354.0,121.07246376811594,1.790221219259374,15888.114163205366,230.26252410442558,660954.595,9579.052101449275,27,5496.0,0.057404941935355676,27,5496.0
17490.0,51,8557.0,120.52112676056338,2.116933248077701,16170.416295517865,227.75234219039248,652242.178,9186.509549295775,24,5536.0,0.10262498983899596,24,5536.0
17495.0,55,8809.0,131.47761194029852,1.2631825813754247,15921.981193751872,237.64151035450553,608988.5589999999,9089.38147761194,28,5678.0,0.06771447807358988,28,5678.0
17500.0,55,8986.0,132.14705882352942,1.1697923791305072,16228.201841059037,238.65002707439754,617708.0979999999,9083.942617647059,29,5732.0,0.05572601746639278,29,5732.0
17505.0,58,9267.0,134.30434782608697,1.3101751978046114,16424.802244040005,238.0406122324638,626493.5969999998,9079.617347826086,32,5871.0,0.04395027427440911,32,5871.0
17510.0,60,9560.0,136.57142857142858,1.4255104480566902,16702.76655882644,238.6109508403777,643923.5929999999,9198.908471428571,33,6020.0,0.051769228686043466,33,6020.0
17515.0,62,9865.0,145.0735294117647,0.29585822670462697,16912.985138962562,248.72036969062597,652640.627,9597.656279411764,36,6180.0,0.00021719310522367403,36,6180.0
17520.0,65,10189.0,149.83823529411765,0.5528390356245678,17240.90703631418,253.542750534032,652640.627,9597.656279411764,37,6350.0,5.174464823491077e-07,37,6350.0
17525.0,54,9980.0,136.7123287671233,1.1075656741856241,17566.980685002574,240.64357102743267,652646.627,8940.364753424657,26,6098.0,0.04412643218698582,26,6098.0
17530.0,55,10132.0,138.7945205479452,1.4900660824750744,17894.817753167474,245.13448976941746,652646.627,8940.364753424657,26,6162.0,0.09778874243770767,26,6162.0
17535.0,58,10325.0,137.66666666666666,0.9151079490641515,18228.164458771535,243.04219278362052,652650.699,8702.00932,30,6279.0,0.026625177270765233,30,6279.0
17540.0,63,10602.0,141.36,0.9849306294824581,18542.265184488373,247.23020245984503,635209.5119999999,8469.46016,37,6459.0,0.04070725815729187,37,6459.0
17545.0,54,9527.0,125.35526315789474,2.28663300160584,18728.405225645318,246.4263845479648,652690.438,8588.032078947368,26,5557.0,0.07130516561936447,26,5557.0
17550.0,54,9791.0,134.12328767123287,2.795459434041698,18649.22626292952,255.4688529168427,644038.9029999999,8822.450726027399,27,5360.0,0.054438894703035194,27,5360.0
17555.0,58,10071.0,141.8450704225352,2.301974439891391,18388.43188624953,258.9919983978807,644038.0889999999,9070.958999999999,30,5486.0,0.0001773785505222611,30,5486.0
17560.0,58,10361.0,167.11290322580646,0.7890544241525158,17808.810675837627,287.2388818683488,644029.2629999999,10387.568758064517,30,5621.0,0.02878504578775997,30,5621.0
17565.0,53,10507.0,169.46774193548387,0.9506037124815101,17997.27184296835,290.27857811239267,644026.4589999999,10387.523532258065,25,5612.0,0.015723174939929675,25,5612.0
17570.0,53,10772.0,173.74193548387098,1.577140520471225,18276.6295979473,294.78434835398883,644026.4589999999,10387.523532258065,25,5722.0,0.03708875782035785,25,5722.0
17575.0,53,11037.0,183.95,1.2811847323980212,18470.89813825875,307.8483023043126,644025.6929999999,10733.76155,25,5832.0,0.03107404606160585,25,5832.0
17580.0,55,11307.0,198.3684210526316,0.44258080405046507,18648.834171731574,327.17252932862425,644022.641,11298.642824561402,27,5947.0,4.928070043007058e-05,27,5947.0
17585.0,49,11268.0,194.27586206896552,0.9594965086940234,18913.656322381834,326.09752279968677,644022.641,11103.838637931034,21,5753.0,0.02279231740166554,21,5753.0
17590.0,47,11294.0,188.23333333333332,2.0118065381461347,19166.31122144514,319.438520357419,644023.8889999999,10733.731483333333,17,5594.0,0.17820887031215246,17,5594.0
17595.0,42,11258.0,190.8135593220339,1.8969924338724022,19260.756022705365,326.4534919102605,635332.9239999999,10768.354644067795,15,5556.0,0.08625180516309973,15,5556.0
17600.0,46,11434.0,200.59649122807016,1.2471949742843633,19144.533247369032,335.86900433980765,618030.5679999999,10842.64154385965,19,5678.0,0.12272213598185158,19,5678.0
17605.0,45,11613.0,190.37704918032787,1.7648869558496807,19258.998446831938,315.72128601363835,618134.5189999999,10133.352770491803,19,5758.0,0.09256669861635194,19,5758.0
17610.0,48,11845.0,188.015873015873,1.8981564274466145,19399.365705794677,307.9264397745187,627011.2729999999,9952.559888888885,22,5845.0,0.09954236483748907,22,5845.0
17615.0,54,12100.0,189.0625,1.3980893171199837,19631.636208352764,306.7443157555119,644584.9929999999,10071.640515625,27,5955.0,0.05816412435922339,27,5955.0
17620.0,56,12376.0,193.375,1.0651070884742975,19887.089666330463,310.73577603641354,653373.4489999999,10208.960140625,30,6086.0,0.07299466170110402,30,6086.0
17625.0,53,12518.0,195.59375,1.2320681633794126,20179.508246742782,315.3048163553558,662160.793,10346.262390625001,25,5911.0,0.10105255529931487,25,5911.0
17630.0,51,12695.0,198.359375,1.6759849735197907,20465.34904960048,319.77107890000747,662160.793,10346.262390625001,23,5794.0,0.05294758104619433,23,5794.0
17635.0,48,12859.0,207.40322580645162,1.4266372607145064,20519.789533868025,330.9643473204519,644712.364,10398.586516129033,21,5887.0,0.059914023886705796,21,5887.0
17640.0,51,13091.0,218.18333333333334,0.8203891892435166,20634.928102927344,343.9154683821223,627230.803,10453.846716666663,24,5999.0,0.03682542723673992,24,5999.0
17645.0,52,13315.0,204.84615384615384,1.0346937579101485,20634.316507421383,317.45102319109816,618627.4509999999,9517.345400000002,26,6091.0,0.02998157096653693,26,6091.0
17650.0,55,13586.0,202.77611940298507,1.7108098873527338,20925.205540815386,312.3165006091849,636224.6839999998,9495.89080597015,29,6217.0,0.11338405047580147,29,6217.0
17655.0,58,13870.0,207.01492537313433,0.4388956938810159,21214.347224629106,316.6320481287926,645024.0849999998,9627.225149253729,32,6356.0,0.03277397645945631,32,6356.0
17660.0,66,14191.0,215.0151515151515,0.0008699708794673183,21517.014686297392,326.015374034809,645024.0849999998,9773.092196969696,38,6524.0,0.00011124815201395987,38,6524.0
17665.0,55,9991.0,151.37878787878788,0.8383583118049055,21835.706270019393,330.8440343942331,645024.0849999998,9773.092196969696,31,4563.0,0.027541050787901776,31,4563.0
17670.0,47,6992.0,102.82352941176471,1.9872007120239663,22132.505937389695,325.4780284910249,645025.049,9485.662485294117,31,3225.0,0.030348808035503317,31,3225.0
17675.0,40,3573.0,52.544117647058826,2.824752460754586,21241.378954118918,312.37321991351354,630182.4239999998,9267.388588235292,33,5768.0,0.016090698186061108,33,5768.0
17680.0,41,1756.0,27.4375,1.8057386411160452,17437.012716836252,272.4533237005664,570375.6499999998,8912.11953125,38,5945.0,0.023426647477892158,38,5945.0
17685.0,39,1145.0,17.08955223880597,1.765608807102233,16036.430084262984,239.3497027501937,571896.8259999998,8535.773522388057,30,5629.0,0.02682916036005481,30,5629.0
17690.0,43,1140.0,16.52173913043478,1.5832207652809005,14968.470839887908,216.9343599983754,588879.3779999999,8534.483739130434,27,5565.0,0.058115105264964675,27,5565.0
17695.0,49,1163.0,15.716216216216216,1.4133384219476164,15097.62833380115,204.02200451082626,636314.5129999999,8598.844770270269,30,5706.0,0.05390831648451995,30,5706.0
17700.0,61,1443.0,19.767123287671232,1.2171858583317656,15244.060361394486,208.8227446766368,636354.8869999998,8717.190232876712,35,5911.0,0.02719406614364416,35,5911.0
17705.0,59,1458.0,19.44,1.5375309113914988,15349.498957792739,204.6599861039032,645194.9809999999,8602.599746666667,33,5891.0,0.06032852443875171,33,5891.0
17710.0,60,1754.0,23.386666666666667,1.820718508077634,15474.204139724343,206.32272186299124,645323.4789999998,8604.313053333333,33,6002.0,0.11133560235683462,33,6002.0
17715.0,65,2066.0,27.546666666666667,1.241668559529861,15808.280381020655,210.77707174694206,645323.4789999998,8604.313053333333,37,6174.0,0.0005805575703697543,37,6174.0
17720.0,66,2396.0,33.74647887323944,0.5307640719729169,15885.573485693343,223.74047162948366,645319.1409999998,9089.001985915493,38,6364.0,0.0,38,6364.0
17725.0,59,2515.0,35.92857142857143,1.1262067546958303,16131.933923117103,230.45619890167282,645316.1409999998,9218.802014285711,31,6129.0,0.01580318504032149,31,6129.0
17730.0,55,2670.0,38.69565217391305,1.5968252541172723,16409.10376264046,237.813098009282,645316.1409999998,9352.40784057971,27,5960.0,0.07458163815876613,27,5960.0
17735.0,54,2798.0,41.14705882352941,1.1525111462224384,16444.302599573446,241.8279794054918,627798.1249999999,9232.32536764706,27,6096.0,0.04085327578463665,27,6096.0
17740.0,56,3049.0,45.507462686567166,0.7336745928001449,16527.60526493024,246.68067559597367,619099.845,9240.29619402985,30,6267.0,0.03853760492007317,30,6267.0
17745.0,50,2128.0,30.4,1.2687607254209234,16451.199267763783,235.01713239662536,619387.8809999999,8848.398299999997,22,5488.0,0.04994393582056187,22,5488.0
17750.0,52,2380.0,33.521126760563384,2.996419948167865,16743.372257821527,235.82214447635948,628258.0009999998,8848.704239436618,26,5363.0,0.062109160210090344,26,5363.0
17755.0,55,2645.0,37.25352112676056,2.430689288927651,16654.84659127026,234.57530410239792,645992.565,9098.486830985914,28,5497.0,0.05709143238572149,28,5497.0
17760.0,59,2931.0,47.274193548387096,0.5323320051364141,16075.845066911499,259.2878236598628,645983.585,10419.09008064516,31,5646.0,0.021780352243454083,31,5646.0
17765.0,54,3030.0,45.90909090909091,1.1650346647104182,16315.80554169385,247.20917487414917,645989.531,9787.720166666666,26,5628.0,0.024408052609952362,26,5628.0
17770.0,56,3300.0,47.82608695652174,2.0237965599597807,16603.687098272476,240.63314635177497,645991.5359999998,9362.196173913044,26,5735.0,0.14135204366986362,26,5735.0
17775.0,56,3573.0,52.544117647058826,1.5778246186716052,16859.824854527174,247.93860080187017,645991.4819999998,9499.874735294115,28,5868.0,0.037307061080717956,28,5868.0
17780.0,60,3867.0,59.49230769230769,1.0238401593083089,17037.038182366054,262.1082797287085,645991.1419999998,9938.32526153846,32,6022.0,0.04462402582508511,32,6022.0
17785.0,54,3872.0,62.45161290322581,0.717268449212576,17256.058653162145,278.3235266639055,645991.1419999998,10419.211967741932,26,5835.0,0.020643357001368694,26,5835.0
17790.0,50,3916.0,63.16129032258065,1.5666307555358592,17537.918010200086,282.8696453258078,645991.1419999998,10419.211967741932,22,5681.0,0.051225157791636645,22,5681.0
17795.0,47,3990.0,64.35483870967742,1.8711445884460174,17774.38637352996,286.6836511859671,637120.3879999998,10276.135290322578,20,5653.0,0.07381707136666654,20,5653.0
17800.0,48,4187.0,68.63934426229508,1.305180558407773,17503.360555136773,286.94033696945536,610793.2549999999,10013.004180327867,22,5836.0,0.09138410959863975,22,5836.0
17805.0,47,4324.0,70.88524590163935,1.454486047053028,17433.84167243728,285.8006831547096,602127.9299999998,9870.949672131146,21,5843.0,0.08845603748039042,21,5843.0
17810.0,51,4573.0,72.58730158730158,1.5564690347595438,17709.828547601206,281.10838964446356,619940.7899999998,9840.329999999998,24,5959.0,0.08246505080471424,24,5959.0
17815.0,55,4835.0,76.74603174603175,1.0849633396241258,17931.07405216739,284.620223050276,637753.4689999999,10123.070936507935,28,6094.0,0.032639540501516746,28,6094.0
17820.0,56,5110.0,83.77049180327869,0.544292101266276,18174.04388461286,297.93514564939113,646662.197,10601.019622950818,30,6239.0,0.010067286053188561,30,6239.0
17825.0,52,5256.0,82.125,1.0748090318858314,18425.36706137368,287.8963603339638,646662.593,10104.103015625002,24,6070.0,0.01361698683866079,24,6070.0
17830.0,47,5399.0,84.359375,2.484536395612208,18699.569439874136,292.18077249803343,646662.593,10104.103015625002,19,5905.0,0.17841384923127593,19,5905.0
17835.0,46,5560.0,86.875,1.9908436161138618,18967.339915792607,296.3646861842594,646662.593,10104.103015625002,19,5903.0,0.07730585965974858,19,5903.0
17840.0,51,5791.0,96.51666666666667,0.8877305453719528,18672.764736387737,311.2127456064624,611378.921,10189.648683333333,24,6031.0,0.049582764972488036,24,6031.0
17845.0,50,6013.0,95.44444444444444,1.25735670827992,18662.10924980211,296.22395634606534,602665.365,9566.116904761904,24,6137.0,0.061170929279385625,24,6137.0
17850.0,53,6268.0,92.17647058823529,1.844876106567912,18949.31084962237,278.66633602385843,620511.472,9125.168705882352,27,6262.0,0.10952077170363624,27,6262.0
17855.0,58,6545.0,93.5,1.4155244948941386,19236.946696163275,274.813524230904,638353.6329999999,9119.337614285714,31,6409.0,0.040768544327119106,31,6409.0
17860.0,61,6845.0,100.66176470588235,0.4927989957212603,19511.53077763441,286.9342761416826,647275.9189999999,9518.763514705885,35,6579.0,0.04960182323106553,35,6579.0
17865.0,60,7014.0,101.65217391304348,0.6239577746786129,19845.917009805857,287.6219856493603,656191.9269999999,9510.027927536232,33,6514.0,0.021600236953134865,33,6514.0
17870.0,57,7223.0,104.68115942028986,1.574912714422485,20161.289788242982,292.1926056267099,656191.9269999999,9510.027927536232,29,6486.0,0.0441561788604569,29,6486.0
17875.0,53,7412.0,105.88571428571429,1.616116299677132,20429.793726170108,291.85419608814453,647283.827,9246.911814285715,26,6609.0,0.05157305477868815,26,6609.0
17880.0,56,7671.0,116.22727272727273,0.9235914780629999,20333.461322606192,308.0827473122151,611787.9090000001,9269.513772727272,29,6748.0,0.03201870581854772,29,6748.0
17885.0,55,7880.0,112.57142857142857,1.0620898120695648,20538.27234154597,293.40389059351384,611854.6950000001,8740.78135714286,29,6827.0,0.028153236097190948,29,6827.0
17890.0,61,8169.0,113.45833333333333,1.4933786008176633,20853.784117554216,289.6358905215864,629725.571,8746.18848611111,34,6976.0,0.0772892952344789,34,6976.0
17895.0,63,8475.0,119.36619718309859,0.7040550902883406,21146.44127359497,297.83720103654895,638653.7690000001,8995.123507042255,37,7142.0,0.03292328366421503,37,7142.0
17900.0,69,8810.0,122.36111111111111,0.09226612982980179,21428.655356025985,297.6202132781388,647585.8060000001,8994.247305555555,41,7334.0,0.0002399919095574242,41,7334.0
17905.0,63,9004.0,125.05555555555556,0.8765507838273177,21775.493034242645,302.4374032533702,647585.8060000001,8994.247305555555,35,7330.0,0.011945940554428163,35,7330.0
17910.0,59,9218.0,128.02777777777777,1.3778919374573255,22103.010167328994,306.9862523240138,647585.8060000001,8994.247305555555,31,7360.0,0.045906171657228864,31,7360.0
17915.0,57,9410.0,134.42857142857142,0.9833343226591398,22259.441362000875,317.99201945715544,620852.1340000001,8869.316200000003,30,7501.0,0.04713188228085725,30,7501.0
17920.0,59,9681.0,138.3,0.7572879451937456,22492.29927201141,321.3185610287344,620901.9180000001,8870.0274,32,7664.0,0.04265265054240923,32,7664.0
17925.0,52,8886.0,118.48,1.56077263200747,22628.475543101937,301.71300724135904,612038.9330000001,8160.5191066666675,25,6921.0,0.05971461193133184,25,6921.0
17930.0,56,9156.0,118.9090909090909,2.9560280910512344,22939.039500250707,297.9096038993599,629938.5310000001,8181.019883116884,29,6869.0,0.10892290553315914,29,6869.0
17935.0,61,9434.0,122.51948051948052,2.082459889118466,22934.435260191833,297.8498085739198,647839.873,8413.504844155845,34,7014.0,0.04740868681408637,34,7014.0
17940.0,67,9752.0,143.41176470588235,0.19364690475878665,22442.796409296094,330.04112366611906,647831.453,9526.933132352942,39,7188.0,0.00019839602379309045,39,7188.0
17945.0,60,9932.0,141.88571428571427,0.9385804193703162,22734.580142074054,324.77971631534365,647831.453,9254.735042857143,32,7187.0,0.019936950324212253,32,7187.0
17950.0,57,10110.0,140.41666666666666,1.7757814760840986,23043.550997385984,320.0493194081387,647832.709,8997.67651388889,27,7190.0,0.0985266431307449,27,7190.0
17955.0,54,10302.0,145.09859154929578,1.7793496153604569,23335.251667712473,328.6655164466545,638876.74,8998.263943661972,27,7254.0,0.05679774409228178,27,7254.0
17960.0,56,10559.0,155.27941176470588,0.9352830214482135,23318.278277682373,342.9158570247408,612141.5380000001,9002.081441176473,30,7404.0,0.06072708318042247,30,7404.0
17965.0,50,10454.0,151.5072463768116,1.6107547845799675,23539.344829421196,341.1499250640754,612190.278,8872.322869565218,24,7283.0,0.07685004525295831,24,7283.0
17970.0,54,10718.0,153.11428571428573,1.800044725590128,23741.542439496454,339.16489199280664,621203.909,8874.341557142858,28,7312.0,0.06682384058425886,28,7312.0
17975.0,58,10998.0,150.65753424657535,1.9979303237427033,24048.88691266702,329.4368070228361,639141.219,8755.359164383563,31,7439.0,0.023902391293123177,31,7439.0
17980.0,58,11288.0,161.25714285714287,1.4507234718861437,24146.975993238753,344.95679990341085,648110.0830000001,9258.715471428573,32,7589.0,0.05975044947200286,32,7589.0
17985.0,51,10145.0,151.4179104477612,1.4207341406230531,24216.796664489255,361.44472633566056,657068.8670000001,9806.998014925373,23,6895.0,0.08106374667240346,23,6895.0
17990.0,46,9960.0,150.9090909090909,1.2560219675429607,24469.45989721671,370.74939238207133,657068.8670000001,9955.588893939394,17,6698.0,0.06588173009492601,17,6698.0
17995.0,47,10129.0,153.46969696969697,1.481975178172803,24764.65956741254,375.22211465776564,657068.8670000001,9955.588893939394,19,6776.0,0.03625160831317579,19,6776.0
18000.0,52,10353.0,164.33333333333334,0.8068028556434859,24882.26299232374,394.95655543371004,630235.782,10003.742571428571,25,6891.0,0.01118809678173054,25,6891.0
18005.0,54,10559.0,146.65277777777777,1.440535454896152,24522.414463329835,340.58908976847,639228.5279999999,8878.174,28,6968.0,0.02342431950474662,28,6968.0
18010.0,56,10832.0,146.3783783783784,2.225126458316279,24534.015062108236,331.5407440825438,648222.6460000001,8759.765486486485,30,7101.0,0.16713036699750072,30,7101.0
18015.0,60,11120.0,154.44444444444446,0.7421691928577672,24710.682383459767,343.20392199249676,639305.724,8879.246166666668,32,7243.0,0.054013763173491644,32,7243.0
18020.0,70,11458.0,161.38028169014083,0.19875460428154915,25024.72923699901,352.46097516900016,639305.724,9004.305971830989,42,7431.0,9.505909401879966e-05,42,7431.0
18025.0,59,11499.0,164.27142857142857,0.794727362798973,25333.046735158718,361.90066764512443,639305.724,9132.938914285716,31,6922.0,0.027734538668319816,31,6922.0
18030.0,52,11588.0,160.94444444444446,1.5100840601649403,25658.12637107436,356.36286626492165,639306.696,8879.259666666667,23,6734.0,0.06406398659470243,23,6734.0
18035.0,52,11767.0,168.1,1.324277581540807,25554.706021243048,365.0672288749006,621391.525,8877.021785714287,23,6840.0,0.0468082062072773,23,6840.0
18040.0,58,11982.0,171.17142857142858,0.7952142707273112,25623.398857016742,366.0485551002392,630402.278,9005.746828571431,31,6994.0,0.029252649302892238,31,6994.0
18045.0,57,12134.0,173.34285714285716,1.2445479937183874,25594.726072106627,365.6389438872376,639403.5220000001,9134.33602857143,31,7033.0,0.046902180895313506,31,7033.0
18050.0,60,12427.0,175.0281690140845,1.435824894191851,25909.44747000719,364.9217953522139,648411.3720000001,9132.55453521127,33,7183.0,0.034140929196895674,33,7183.0
18055.0,63,12736.0,184.57971014492753,0.9023907660437157,25983.563875649717,376.5733895021698,639473.986,9267.738927536233,35,7344.0,0.00014841472257666683,35,7344.0
18060.0,63,13051.0,197.74242424242425,0.6032297830398105,26214.534650808735,397.18991895164754,639470.5000000001,9688.946969696972,35,7509.0,0.0,35,7509.0
18065.0,57,13187.0,193.9264705882353,0.9009780436111722,26525.241677370494,390.07708349074255,639470.5000000001,9403.97794117647,29,7387.0,0.0276998538139152,29,7387.0
18070.0,54,13327.0,195.98529411764707,1.8099180085459199,26828.83130368069,394.54163681883375,639470.5000000001,9403.97794117647,26,7325.0,0.10076457864207511,26,7325.0
18075.0,52,13487.0,201.29850746268656,1.5064763355572846,27077.92673221307,404.14816018228476,630488.3280000001,9410.273552238805,25,7349.0,0.06996318120286382,25,7349.0
18080.0,57,13732.0,204.955223880597,0.7036114025357421,26786.873071849674,399.80407569924887,603769.2330000001,9011.481089552239,30,7501.0,0.04145994809634482,30,7501.0
18085.0,48,13078.0,186.82857142857142,2.0452551805562265,26962.701108270616,385.181444403866,603858.287,8626.546957142857,21,6850.0,0.0860549782804849,21,6850.0
18090.0,53,13333.0,185.18055555555554,2.7381692410223755,27247.709392252505,378.4404082257293,621929.8360000001,8637.914388888888,26,6831.0,0.10773939193869181,26,6831.0
18095.0,58,13599.0,188.875,1.8302776361961801,27192.995245458933,377.6804895202632,640001.7220000001,8888.912805555556,31,6958.0,0.035343944475934835,31,6958.0
18100.0,60,13894.0,207.37313432835822,0.6757443296929014,26918.846602503912,401.77382988811826,649026.23,9686.958656716417,34,7117.0,0.020814397527447025,34,7117.0
18105.0,56,14027.0,206.27941176470588,1.1469587642480077,27165.410796884687,399.4913352483043,658059.594,9677.346970588236,29,7126.0,0.04625291182622428,29,7126.0
18110.0,58,14313.0,213.62686567164178,1.3271434257336645,27447.575468407667,409.6653054986221,658059.594,9821.784985074626,30,7254.0,8.550073811310742e-05,30,7254.0
18115.0,58,14603.0,224.66153846153847,1.2056368196934002,27668.774993729996,425.67346144200013,658058.822,10123.981876923075,30,7389.0,0.03527914187985032,30,7389.0
18120.0,60,14900.0,236.5079365079365,0.5427128350977428,27909.46435677336,443.00737074243443,658058.764,10445.377206349205,32,7531.0,4.359639873756031e-06,32,7531.0
18125.0,47,14449.0,225.765625,1.2631609853840877,28115.847126274817,439.3101113480443,658061.764,10282.2150625,19,7074.0,0.04820118296996026,19,7074.0
18130.0,44,14426.0,218.57575757575756,2.4362085608376294,28382.63730892064,430.0399592260704,658063.024,9970.651878787878,13,6797.0,0.16998923020506307,13,6797.0
18135.0,41,14460.0,219.0909090909091,2.150620648638699,28660.552745253794,434.25079917051204,658063.024,9970.651878787878,14,6830.0,0.0642475077111342,14,6830.0
18140.0,50,14692.0,240.85245901639345,1.214964630995066,28411.10669446045,465.75584745017136,622075.788,10197.963737704917,22,6928.0,0.0623907248298019,22,6928.0
18145.0,48,14870.0,243.7704918032787,1.3200926006523102,28484.034132695713,466.9513792245199,631143.184,10346.609573770493,22,6985.0,0.008782018677682545,22,6985.0
18150.0,52,15120.0,252.0,1.2182973942742106,28512.40815383372,475.20680256389545,640206.1,10670.101666666667,25,7073.0,0.014014392387570372,25,7073.0
18155.0,51,15373.0,247.9516129032258,1.7680152138024132,28753.448355370234,463.7652960543588,658343.999,10618.451596774195,25,7168.0,0.06707203446232114,25,7168.0
18160.0,54,15635.0,252.17741935483872,1.1176647094476129,28836.439002546227,465.103854879778,649380.309,10473.875951612903,26,7264.0,0.04035926580143811,26,7264.0
18165.0,49,15743.0,249.88888888888889,1.692375088069173,29060.488905725437,461.27760167818167,649383.757,10307.678682539683,21,7068.0,0.1423157920138301,21,7068.0
18170.0,45,15846.0,251.52380952380952,2.206931713095399,29326.66167687626,465.50256629962337,649383.757,10307.678682539683,17,6878.0,0.12753267818038777,17,6878.0
18175.0,47,15984.0,262.0327868852459,1.5057983553439975,29570.161277183277,484.7567422489063,631244.2739999999,10348.266786885248,20,6843.0,0.07190554190497427,20,6843.0
18180.0,49,16208.0,274.7118644067797,0.8422618426675261,29329.497922855753,497.11013428569083,613413.627,10396.84113559322,23,6959.0,0.055050355929409336,23,6959.0
18185.0,49,16411.0,256.421875,1.0795550765426654,29313.182844914496,458.0184819517892,613619.4010000001,9587.803140625001,22,7003.0,0.016839010862772376,22,7003.0
18190.0,51,16661.0,256.32307692307694,2.0059970708466137,29598.86232363571,455.36711267131875,622707.599,9580.116907692309,25,7093.0,0.12628050052913034,25,7093.0
18195.0,57,16931.0,256.530303030303,1.002930814699453,29874.742296834436,452.6476105580977,640876.9689999999,9710.257106060606,31,7203.0,0.04849843115057186,31,7203.0
18200.0,62,17233.0,265.12307692307695,0.30027655185289887,30141.13964578519,463.7098407043878,649961.744,9999.411446153847,35,7344.0,0.010166426094598616,35,7344.0
18205.0,57,17405.0,267.7692307692308,0.7582345038104896,30452.504508439484,468.50006936060765,649961.744,9999.411446153847,29,7230.0,0.019508590939091363,29,7230.0
18210.0,53,17600.0,262.6865671641791,1.9211717782667104,30748.862878990585,458.9382519252328,649962.72,9700.936119402984,25,7161.0,0.09075248210606615,25,7161.0
18215.0,50,17764.0,265.13432835820896,2.0690715056496978,31019.589077516663,462.9789414554727,640874.65,9565.29328358209,23,7164.0,0.05945938375471152,23,7164.0
18220.0,52,18000.0,281.25,0.9816970651189343,30882.58578277042,482.540402855788,613844.8520000001,9591.3258125,25,7270.0,0.06756472505862264,25,7270.0
18225.0,48,17958.0,285.04761904761904,0.7258415472650778,30952.62269357972,491.3114713266624,604875.956,9601.205650793649,22,6993.0,0.058743453784517924,22,6993.0
18230.0,52,18205.0,280.0769230769231,0.7234597337924858,31253.09947811171,480.81691504787256,623079.456,9585.837784615385,24,6975.0,0.05838129954030989,24,6975.0
18235.0,57,18471.0,271.63235294117646,0.7216389217783521,31358.488126471064,461.15423715398634,641277.418,9430.550264705884,27,7073.0,0.04409156997668045,27,7073.0
18240.0,57,18731.0,267.5857142857143,1.348874909059896,31677.857695944604,452.5408242277801,650375.775,9291.0825,31,7187.0,0.037219767268037156,31,7187.0
18245.0,55,18798.0,244.12987012987014,2.0191957263824336,31994.795464208324,415.51682421049793,659468.299,8564.523363636363,28,7124.0,0.060778296648419015,28,7124.0
18250.0,61,19087.0,257.93243243243245,1.994912260818894,31957.8675993287,431.8630756666042,650434.748,8789.658756756757,32,7242.0,0.09245573335304055,32,7242.0
18255.0,61,19386.0,273.0422535211268,0.9455196677569795,32111.708447857487,452.2775837726407,650431.546,9161.007690140843,33,7401.0,0.01224641897827437,33,7401.0
18260.0,65,19708.0,277.5774647887324,0.6692535058013324,32305.30265516735,455.00426274883597,650428.5769999999,9160.965873239436,37,7569.0,0.004258467329442387,37,7569.0
18265.0,58,19811.0,287.1159420289855,1.3148234043281806,32575.359074696004,472.1066532564639,650427.803,9426.489898550726,30,7485.0,0.042786749208303256,30,7485.0
18270.0,54,19967.0,293.63235294117646,1.5094299560782232,32873.45641580207,483.4331825853248,650427.803,9565.114749999999,26,7454.0,0.05273251982435018,26,7454.0
18275.0,53,20095.0,299.92537313432837,1.2795746442102884,32996.39861842163,492.4835614689797,632293.043,9437.209597014924,26,7553.0,0.04672228823702986,26,7553.0
18280.0,56,20339.0,312.9076923076923,0.6818263884769903,33049.10944389362,508.4478375983635,614185.9649999999,9449.014846153847,29,7691.0,0.05552240824537919,29,7691.0
18285.0,46,19301.0,283.8382352941176,1.719390225120133,33244.07241658199,488.88341789091174,614250.7009999999,9033.098544117645,19,6764.0,0.0736323208380158,19,6764.0
18290.0,49,19538.0,279.1142857142857,3.342789929870387,33516.79186562081,478.8113123660117,632510.6449999998,9035.866357142853,23,6597.0,0.10656317534308239,23,6597.0
18295.0,53,19787.0,282.6714285714286,2.393960841628187,33470.84237543051,478.15489107757884,650760.8489999998,9296.583557142856,26,6686.0,0.03328606622217055,26,6686.0
18300.0,58,20067.0,334.45,0.39921000925654304,32728.940315493364,545.482338591556,650749.4689999998,10845.824483333332,30,6802.0,2.4220546101476694e-05,30,6802.0
18305.0,52,20183.0,330.8688524590164,1.0680118567916688,32953.62036385018,540.2232846532817,650749.4089999999,10668.023098360656,24,6763.0,0.023884451391941064,24,6763.0
18310.0,55,20445.0,324.5238095238095,1.2284195786659813,33226.798396863254,527.4094983629088,650750.6729999998,10329.37576190476,24,6838.0,0.10886396309316757,24,6838.0
18315.0,54,20705.0,323.515625,1.3148661743459518,33512.955712618575,523.6399330096651,650751.5989999998,10167.993734374999,26,6930.0,0.001405592871310574,26,6930.0
18320.0,55,20980.0,338.38709677419354,1.2628403412983542,33686.496122877536,543.330582627057,650755.1189999998,10496.050306451612,27,7035.0,0.09274489258217024,27,7035.0
18325.0,50,20954.0,337.96774193548384,1.130724299145882,33854.80167343701,546.0451882812421,650755.1189999998,10496.050306451612,22,6870.0,0.059091001139826384,22,6870.0
18330.0,46,20978.0,338.35483870967744,2.1561141328626716,34125.4738723051,550.4108689081469,650755.1189999998,10496.050306451612,18,6754.0,0.12192445068322479,18,6754.0
18335.0,47,21093.0,334.8095238095238,1.874638050597289,34393.85492016235,545.934205081942,650755.1189999998,10329.446333333331,19,6815.0,0.07400318934423138,19,6815.0
18340.0,51,21259.0,342.88709677419354,1.1425280958600734,34331.15338841288,553.7282804582723,623489.0389999999,10056.274822580644,24,6933.0,0.05323808025880893,24,6933.0
18345.0,48,21391.0,350.672131147541,1.5223695464289067,34346.96160303368,563.0649443120274,614487.977,10073.573393442623,22,6942.0,0.12247055196503386,22,6942.0
18350.0,53,21641.0,343.5079365079365,1.4390346586849851,34619.98440498033,549.5235619838146,632819.7349999999,10044.757698412697,27,7032.0,0.053445121003698685,27,7032.0
18355.0,55,21908.0,342.3125,1.276479738168932,34866.46712804873,544.7885488757613,651153.7999999998,10174.278125,28,7139.0,0.011301623938328084,28,7139.0
18360.0,58,22191.0,369.85,0.42658804358847796,35055.299791823076,584.2549965303845,651152.2499999998,10852.5375,30,7257.0,2.1817816058570546e-05,30,7257.0
18365.0,51,22312.0,348.625,1.150018110301307,35319.895224265245,551.8733628791442,651158.6579999998,10174.35403125,23,7086.0,0.027227300712594084,23,7086.0
18370.0,47,22460.0,350.9375,2.813773059805287,35587.206396074995,556.0500999386719,651158.6579999998,10174.35403125,19,6869.0,0.12405672778663121,19,6869.0
18375.0,43,22583.0,364.241935483871,1.7358752281945529,35624.31392044184,574.5857083942233,632947.0409999999,10208.823241935483,16,6921.0,0.11598856327261572,16,6921.0
18380.0,51,22802.0,380.03333333333336,0.8732100863575804,35621.30213257751,593.688368876292,614758.6329999998,10245.977216666664,24,7015.0,0.05894753023113548,24,7015.0
18385.0,49,23020.0,383.6666666666667,1.428046228484706,35764.584968654635,596.0764161442439,614841.7509999998,10247.362516666666,23,7090.0,0.05950707496155142,23,7090.0
18390.0,52,23272.0,369.3968253968254,1.420544070624655,35915.37653527866,570.0853418298201,624113.6699999999,9906.56619047619,26,7182.0,0.05010686071494086,26,7182.0
18395.0,54,23537.0,356.6212121212121,1.4265103133642956,36183.67056231911,548.2374327624107,642482.0089999998,9734.575893939393,27,7287.0,0.023609180942702094,27,7287.0
18400.0,56,23813.0,377.984126984127,0.7314133295159594,36420.72511145342,578.1067478008484,651658.8749999998,10343.791666666664,30,7403.0,0.08269224387822768,30,7403.0
18405.0,54,23953.0,352.25,1.1173354014359898,36734.21506760612,540.2090451118548,660840.5429999997,9718.243279411765,27,7248.0,0.04677950519691262,27,7248.0
18410.0,51,24113.0,354.6029411764706,2.151046264380612,37026.94917108977,544.5139583983791,660840.5429999997,9718.243279411765,23,7176.0,0.09735899709801023,23,7176.0
18415.0,50,24314.0,357.55882352941177,1.6986404384450535,37119.62074386224,545.8767756450329,642574.6649999998,9449.627426470588,23,7178.0,0.0732726227814134,23,7178.0
18420.0,54,24562.0,372.1515151515151,1.3102395656888897,37278.52124406139,564.8260794554756,624270.2119999998,9458.639575757576,27,7286.0,0.049072335368113874,27,7286.0
18425.0,54,24780.0,369.85074626865674,1.0302048828276158,37206.394187691316,555.3193162341987,606120.2779999998,9046.571313432834,28,7354.0,0.02869335555761582,28,7354.0
18430.0,59,25062.0,363.2173913043478,1.6070996569739195,37508.383654757046,543.599763112421,624513.9229999998,9050.926420289854,32,7477.0,0.1281181200365325,32,7477.0
18435.0,59,25353.0,367.4347826086956,0.9577544677165319,37792.19162009026,547.7129220302937,633704.5449999998,9184.123840579708,33,7608.0,0.023856629640221776,33,7608.0
18440.0,66,25668.0,366.6857142857143,0.36982289826823295,38072.15174825051,543.8878821178645,652090.9469999998,9315.584957142855,39,7762.0,0.00014789028916731498,39,7762.0
18445.0,54,25201.0,354.943661971831,1.4341120034242396,38394.17524658076,540.7630316419825,661286.1969999998,9313.890098591546,27,7384.0,0.06077118939185766,27,7384.0
18450.0,53,25324.0,356.67605633802816,1.5298665107371074,38704.546147377296,545.1344527799621,661286.1969999998,9313.890098591546,23,7244.0,0.09320756162254695,23,7244.0
18455.0,53,25523.0,359.4788732394366,1.190702950659887,38934.72682692094,548.3764341819852,652117.6819999998,9184.75608450704,26,7333.0,0.026030505473966768,26,7333.0
18460.0,55,25779.0,379.1029411764706,0.9112880556388523,39037.84195653583,574.085911125527,633734.9759999999,9319.631999999998,29,7462.0,0.04352336663174798,29,7462.0
18465.0,56,25987.0,366.01408450704224,1.5720385474458125,39347.23463659398,554.1864033323097,642937.2969999999,9055.454887323942,30,7510.0,0.03111555338958954,30,7510.0
18470.0,59,26278.0,375.4,1.5304765867542585,39316.62656753395,561.6660938219136,652141.7399999999,9316.31057142857,32,7639.0,0.0011112025960646644,32,7639.0
18475.0,61,26582.0,379.74285714285713,1.143764153891018,39392.25790178377,562.7465414540538,642972.5639999998,9185.32234285714,33,7774.0,0.031646952688750556,33,7774.0
18480.0,63,26893.0,413.73846153846154,0.3593432868002655,39597.29101540076,609.1890925446272,642972.5019999997,9891.884646153845,35,7915.0,0.04839866544188877,35,7915.0
18485.0,55,26973.0,379.90140845070425,1.1217174343392733,39921.28727352163,562.2716517397415,642978.5019999997,9056.03523943662,27,7706.0,0.03349950665110017,27,7706.0
18490.0,53,27124.0,371.56164383561645,2.0011642235330918,40228.11506915013,551.0700694404128,642979.7699999998,8807.942054794521,23,7799.0,0.0958686329796001,23,7799.0
18495.0,52,27243.0,378.375,1.4123982169149736,40513.572553346385,562.6885076853665,633784.5199999998,8802.562777777777,25,7884.0,0.029123980728051144,25,7884.0
18500.0,58,27498.0,392.8285714285714,0.7927460781735625,40546.87384245202,579.241054892172,633859.2119999998,9055.131599999999,32,8029.0,0.029901460539812658,32,8029.0
18505.0,49,26316.0,387.0,1.502355776633873,40843.300293812455,600.6367690266537,633855.4039999999,9321.402999999998,22,7063.0,0.05357187037346238,22,7063.0
18510.0,51,26562.0,379.45714285714286,2.813093051398139,41124.4179812404,587.4916854462916,652329.274,9318.989628571428,24,6799.0,0.03932913006947372,24,6799.0
18515.0,52,26819.0,400.2835820895522,2.5152226087361704,40940.5369697197,611.0527905928313,643163.1479999998,9599.449970149253,25,6893.0,0.0369808998105179,25,6893.0
18520.0,54,27083.0,429.8888888888889,1.4624574503926342,40190.819499724224,637.9495158686386,643159.6719999998,10208.883682539683,26,6989.0,0.048783005495808926,26,6989.0
18525.0,49,27188.0,460.8135593220339,1.2683435623528434,40221.24984072436,681.7160989953283,643153.2619999999,10900.90274576271,21,6872.0,0.11581059657343357,21,6872.0
18530.0,45,27285.0,462.45762711864404,1.5765307566081905,40484.037542129816,686.1701278327089,643153.2619999999,10900.90274576271,17,6748.0,0.08837586881907253,17,6748.0
18535.0,45,27411.0,472.6034482758621,1.2604260511294043,40729.5823274127,702.2341780588404,633915.2049999998,10929.572499999998,18,6806.0,0.05738426942926305,18,6806.0
18540.0,49,27624.0,484.63157894736844,0.8019434226462808,40725.94083578092,714.4901901014199,624810.6279999999,10961.58996491228,22,6899.0,0.03908210241118029,22,6899.0
18545.0,42,27559.0,451.78688524590166,1.7984623138330835,40739.24608005902,667.8564931157217,615712.87,10093.653606557376,16,6738.0,0.09668619262024357,16,6738.0
18550.0,45,27780.0,434.0625,2.408873768749097,40997.059108911344,640.5790485767398,634240.2349999999,9910.003671875,19,6755.0,0.16214662995389892,19,6755.0
18555.0,51,28020.0,437.8125,1.7032314744641601,41148.06951767792,642.9385862137174,652758.6919999999,10199.3545625,24,6835.0,0.08595486929484603,24,6835.0
18560.0,57,28291.0,463.78688524590166,0.7205437029551659,41294.73619831799,676.9628884970161,652757.7719999999,10700.947081967211,29,6942.0,0.00936589850388681,29,6942.0
18565.0,51,28418.0,465.8688524590164,0.9826452637896447,41468.4147051726,679.810077133977,652756.7719999999,10700.930688524588,23,6782.0,0.01776886683357755,23,6782.0
18570.0,46,28545.0,453.0952380952381,2.24842883186608,41739.63202852949,662.5338417226905,652757.7559999999,10361.234222222223,18,6664.0,0.11898081205679731,18,6664.0
18575.0,46,28698.0,462.8709677419355,1.8572812254217173,41805.34204710327,674.2797104371498,634337.0939999999,10231.243451612905,19,6724.0,0.06996932343921862,19,6724.0
18580.0,51,28921.0,482.01666666666665,0.7930397617440027,41780.7605013749,696.3460083562483,615978.605,10266.310083333334,24,6820.0,0.07164639153925503,24,6820.0
18585.0,48,28973.0,482.8833333333333,1.1611408272034498,41927.63618127911,698.7939363546518,616066.1579999999,10267.769299999998,22,6726.0,0.034705330039625774,22,6726.0
18590.0,50,29220.0,471.2903225806452,1.9588975319617281,42195.516078080684,680.5728399690435,634629.504,10235.959741935485,24,6814.0,0.07719315901666389,24,6814.0
18595.0,54,29479.0,460.609375,1.2905465194097796,42370.64130231589,662.0412703486859,653182.7,10205.9796875,27,6913.0,0.011580039471663233,27,6913.0
18600.0,57,29758.0,504.3728813559322,0.3709325479547146,42493.094767802795,720.2219452169966,653181.0819999999,11070.865796610173,29,7026.0,2.1340259248368345e-06,29,7026.0
18605.0,51,29814.0,473.23809523809524,1.2677251334610986,42780.1321935657,679.0497173581858,653184.0819999999,10368.001301587305,23,6954.0,0.05201282962778642,23,6954.0
18610.0,52,30072.0,477.3333333333333,1.8776308708585798,43054.08256544758,683.3981359594856,653184.0819999999,10368.001301587305,24,7000.0,0.10481746891013,24,7000.0
18615.0,52,30332.0,481.46031746031747,1.6132275029026109,43328.22456814655,687.7495963197867,653184.0819999999,10368.001301587305,24,7090.0,0.0285962988574424,24,7090.0
18620.0,55,30603.0,501.6885245901639,0.9361967371682082,43411.224483616454,711.6594177642041,653180.5120000001,10707.877245901642,27,7191.0,0.0,27,7191.0
18625.0,48,30569.0,536.2982456140351,1.1779771518160105,43596.90321954408,764.8579512200719,653179.7339999999,11459.293578947369,20,6937.0,0.023399632523608424,20,6937.0
18630.0,44,30621.0,527.948275862069,1.8916560640698041,43848.87333441873,756.015057489978,653180.6159999999,11261.73475862069,16,6750.0,0.09368225590572925,16,6750.0
18635.0,41,30635.0,519.2372881355932,2.38996004058911,44060.21584471565,746.7833194019603,643901.5640000001,10913.585830508477,14,6678.0,0.16506165590165006,14,6678.0
18640.0,44,30808.0,550.1428571428571,1.2376411385523607,43748.12098220713,781.2164461108417,616349.8090000001,11006.246589285714,18,6804.0,0.1250164081638578,18,6804.0
18645.0,45,30939.0,507.1967213114754,1.496617416049154,43692.813114207434,716.275624823073,616580.0050000001,10107.868934426233,18,6779.0,0.0718127420417287,18,6779.0
18650.0,47,31169.0,502.7258064516129,2.3077050863332333,43953.54624764184,708.9281652845459,625893.5550000002,10095.057338709683,21,6849.0,0.1321768982548994,21,6849.0
18655.0,51,31417.0,498.6825396825397,1.4125165064938872,44186.10325199549,701.3667182856428,644528.7160000001,10230.614539682543,25,6937.0,0.04967811675406821,25,6937.0
18660.0,57,31688.0,528.1333333333333,0.3335406209908602,44381.42481761188,739.6904136268647,653838.7060000002,10897.31176666667,31,7048.0,0.008802652458958997,31,7048.0
18665.0,51,31820.0,505.07936507936506,1.2241304099611539,44672.29828135509,709.0840997040493,663154.3240000003,10526.259111111114,24,6899.0,0.05211495148062893,24,6899.0
18670.0,50,31984.0,492.0615384615385,2.281419208809834,44939.732556612995,691.3805008709692,663155.5960000003,10202.393784615386,20,6828.0,0.13245416740874094,20,6828.0
18675.0,44,32132.0,494.33846153846156,2.3874217973530056,45206.37935091272,695.4827592448115,663155.5960000003,10202.393784615386,17,6829.0,0.08922637181650203,17,6829.0
18680.0,49,32352.0,530.360655737705,1.3188022737236067,45125.20446396918,739.7574502290032,626067.7520000001,10263.405770491807,22,6918.0,0.08488393681556985,22,6918.0
18685.0,47,32545.0,542.4166666666666,1.3495974130401265,45058.766636107146,750.9794439351191,607610.8110000001,10126.84685,21,6962.0,0.06072218005453399,21,6962.0
18690.0,51,32792.0,528.9032258064516,1.3085452172236605,45331.99500063286,731.1612096876268,626269.5810000001,10101.122274193549,25,7049.0,0.05051338462039748,25,7049.0
18695.0,55,33059.0,524.7460317460317,0.9893615067148475,45577.02433916639,723.444830780419,644919.7350000001,10236.821190476192,28,7156.0,0.03352401098825437,28,7156.0
18700.0,57,33341.0,529.2222222222222,0.46903990972761406,45832.821184833534,727.5050981719609,654248.5390000001,10384.897444444447,31,7278.0,0.028870585711573277,31,7278.0
18705.0,54,33488.0,531.5555555555555,0.9778831318310427,46130.75477861375,732.2342028351388,654248.5390000001,10384.897444444447,26,7175.0,0.07315913496980582,26,7175.0
18710.0,52,33670.0,526.09375,1.7053065560625509,46418.27968785851,725.2856201227892,654249.1600000001,10222.643124999999,24,7102.0,0.0691470532021481,24,7102.0
18715.0,48,33833.0,537.031746031746,1.7789740559887481,46657.40748038426,740.5937695299089,644933.5420000001,10237.04034920635,21,7138.0,0.08090011693254434,21,7138.0
18720.0,51,34061.0,558.3770491803278,1.018133339827428,46667.69019819795,765.0441016098024,626410.3610000001,10269.02231147541,24,7232.0,0.04690115298002663,24,7232.0
18725.0,50,34252.0,511.2238805970149,1.4527723015029588,46677.90654373404,696.6851722945379,607886.463,9072.93228358209,24,7276.0,0.05993721529880232,24,7276.0
18730.0,53,34511.0,500.15942028985506,2.2162901856179484,46965.03680153048,680.6527072685577,626570.069,9080.72563768116,27,7375.0,0.1419445788369756,27,7375.0
18735.0,59,34786.0,496.9428571428571,0.7395804225480671,47253.80887518817,675.0544125026881,645251.5950000002,9217.87992857143,32,7490.0,0.03850517914836779,32,7490.0
18740.0,65,35105.0,508.768115942029,0.4966668099270448,47524.902886923795,688.766708506142,654593.8970000001,9486.86807246377,39,7649.0,0.02709443588307846,39,7649.0
18745.0,59,35279.0,496.88732394366195,1.0540329846722503,47856.23057691767,674.0314165763053,673270.7580000001,9482.686732394368,33,7643.0,0.04546106882892406,33,7643.0
18750.0,56,35466.0,492.5833333333333,1.9526135025865716,48169.72636899489,669.0239773471512,673271.7460000002,9350.996472222223,28,7657.0,0.044875670036412844,28,7657.0
18755.0,54,35687.0,502.63380281690144,2.017166045227698,48350.90558412929,680.9986701990041,654631.2360000001,9220.15825352113,27,7763.0,0.05269208021063678,27,7763.0
18760.0,57,35951.0,528.6911764705883,0.8495886706415725,48451.91428411349,712.5281512369631,626657.5290000001,9215.551897058825,30,7882.0,0.05638285690225621,30,7882.0
18765.0,51,35369.0,520.1323529411765,1.411943494496244,48677.45765225457,715.8449654743317,617355.7740000001,9078.761382352941,24,7258.0,0.04915627214455071,24,7258.0
18770.0,53,35627.0,508.95714285714286,2.5769519291063774,48968.82032507187,699.5545760724556,636052.248,9086.460685714286,27,7246.0,0.058298248974954836,27,7246.0
18775.0,57,35903.0,498.65277777777777,1.9962411750951061,48896.60694677782,679.1195409274699,654747.5170000001,9093.715513888888,30,7362.0,0.03929632534584286,30,7362.0
18780.0,59,36193.0,556.8153846153846,0.9927536577446969,48660.190287335645,748.6183121128563,654741.623,10072.948046153846,31,7487.0,0.031201258112358847,31,7487.0
18785.0,55,36289.0,541.6268656716418,1.0832946967003734,48910.015945643856,730.0002379946845,654741.4890000001,9772.261029850748,27,7444.0,0.053229413529849987,27,7444.0
18790.0,57,36567.0,537.75,1.6328508744632937,49210.4559015482,723.6831750227677,654744.849,9628.600720588236,28,7520.0,0.0974386074310606,28,7520.0
18795.0,57,36847.0,549.955223880597,0.8419975381562091,49461.87704591591,738.236970834566,654744.849,9772.311179104478,29,7631.0,0.008072493791397961,29,7631.0
18800.0,61,37152.0,562.9090909090909,0.7008887887467017,49660.121138523435,752.4260778564158,654741.2790000001,9920.322409090908,33,7766.0,1.114402806827917e-05,33,7766.0
18805.0,49,36222.0,532.6764705882352,1.807856750374671,49891.45775302681,733.6979081327472,654740.4990000001,9628.536750000001,21,7129.0,0.05389847595678742,21,7129.0
18810.0,44,36227.0,540.7014925373135,2.1925921106051143,50148.36037809837,748.4829907178863,654740.4990000001,9772.246253731344,15,6856.0,0.1423154667476841,15,6856.0
18815.0,48,36276.0,549.6363636363636,1.4581889257140102,50284.24212574078,761.8824564506177,636056.1630000002,9637.21459090909,20,6907.0,0.06398515694169711,20,6907.0
18820.0,53,36448.0,569.5,0.9065805129850643,50018.73278294476,781.5426997335117,636098.7160000001,9939.0424375,26,7033.0,0.04355934493548105,26,7033.0
18825.0,52,36605.0,563.1538461538462,1.0212185839178989,49967.425315680724,768.729620241242,645482.9300000002,9930.506615384616,25,7068.0,0.015540574402259888,25,7068.0
18830.0,54,36870.0,558.6363636363636,1.806001996954114,50255.30608719101,761.4440316241063,654873.7750000001,9922.329924242425,28,7173.0,0.02573615898690535,28,7173.0
18835.0,56,37148.0,589.6507936507936,1.1993565311031507,50360.287068285215,799.3696360045271,645543.9330000001,10246.729095238095,28,7283.0,0.054909478583230066,28,7283.0
18840.0,59,37434.0,623.9,0.2036409965487105,50564.034118862386,842.7339019810398,645543.9330000001,10759.06555,31,7399.0,9.513116852808425e-05,31,7399.0
18845.0,53,37556.0,596.1269841269841,0.9437714004156375,50852.27576914294,807.1789804625865,645546.9330000001,10246.776714285716,25,7277.0,0.01723314981781705,25,7277.0
18850.0,50,37670.0,579.5384615384615,2.108458513737898,51126.44917884924,786.5607565976802,645548.209,9931.510907692309,20,7160.0,0.1341175949884592,20,7160.0
18855.0,48,37807.0,590.734375,1.661038834760526,51389.24707250297,802.9569855078589,636156.165,9939.940078125,21,7227.0,0.06715750967406643,21,7227.0
18860.0,51,38033.0,613.4354838709677,0.8707286352896071,51234.53005463376,826.363387977964,617592.5129999999,9961.169564516129,25,7340.0,0.08649490992674269,25,7340.0
18865.0,49,38233.0,606.8730158730159,1.1958598736531347,51404.02954636311,815.9369769263989,617665.503,9804.214333333333,23,7403.0,0.04629664361539589,23,7403.0
18870.0,54,38496.0,592.2461538461539,1.4807252876016461,51689.364008758595,795.2209847501326,636501.0200000001,9792.323384615385,28,7506.0,0.06028810118486337,28,7506.0
18875.0,59,38775.0,578.7313432835821,1.2241607841421416,51952.33205007419,775.4079410458836,655327.826,9781.012328358209,32,7625.0,0.028908461649559763,32,7625.0
18880.0,60,39069.0,601.0615384615385,0.6393996883327802,52211.97084832274,803.2610899741959,655326.036,10081.939015384616,32,7755.0,0.029592822680024805,32,7755.0
18885.0,55,39213.0,585.2686567164179,1.1710535325389808,52503.92964228482,783.640740929624,655329.036,9781.0303880597,27,7625.0,0.03964361422896133,27,7625.0
18890.0,51,39362.0,587.4925373134329,1.737697324688881,52798.07990534565,788.0310433633681,655329.036,9781.0303880597,23,7502.0,0.08207621572078358,23,7502.0
18895.0,50,39534.0,599.0,1.9780461166886338,53066.20259940076,804.0333727181936,645915.0499999999,9786.591666666667,23,7305.0,0.08001907676767464,23,7305.0
18900.0,52,39768.0,611.8153846153846,1.6382249283190558,53189.52963158261,818.300455870502,636589.2029999999,9793.680046153846,25,7412.0,0.08137550333325683,25,7412.0
18905.0,53,40028.0,588.6470588235294,1.2613282877574097,53052.06266751178,780.177392169291,618008.757,9088.364073529412,27,7529.0,0.0411194327338582,27,7529.0
18910.0,48,39728.0,592.955223880597,2.32558153995326,52943.88119509919,790.2071820164059,608839.923,9087.163029850746,22,7098.0,0.19033748030944425,22,7098.0
18915.0,53,39977.0,579.3768115942029,2.3316921974412548,53221.756376622645,771.3298025597486,627701.2069999999,9097.118942028987,26,7158.0,0.07009553308332021,26,7158.0
18920.0,56,40249.0,591.8970588235294,1.6113446560135025,53311.93475878412,783.9990405703545,637132.514,9369.595794117646,30,7270.0,0.009083520569765765,30,7270.0
18925.0,58,40537.0,614.1969696969697,1.0811723626659773,53295.78746656239,807.5119313115514,655986.372,9939.187454545454,32,7398.0,0.0371091184442211,32,7398.0
18930.0,52,40668.0,625.6615384615385,1.231245806115251,53467.5429480722,822.5775838164952,665415.463,10237.160969230768,26,7268.0,0.072566603013294,26,7268.0
18935.0,50,40833.0,609.4477611940298,2.286875122757479,53753.08000654355,802.2847762170677,674844.791,10072.310313432836,23,7217.0,0.08426942047527072,23,7217.0
18940.0,49,41010.0,621.3636363636364,1.5904483573310337,54015.155871281815,818.4114525951791,665409.8609999999,10081.96759090909,22,7291.0,0.07176479772525131,22,7291.0
18945.0,53,41257.0,634.723076923077,0.8142620331173366,53994.01629614347,830.6771737868224,637290.4399999998,9804.468307692307,26,7389.0,0.054042100723988754,26,7389.0
18950.0,47,41207.0,643.859375,1.239519675132673,54092.44663447507,845.194478663673,627948.3709999999,9811.693296875,21,7248.0,0.08111969578435288,21,7248.0
18955.0,52,41455.0,609.6323529411765,1.5790477038915545,54382.571843987775,799.7437035880556,646823.717,9512.113485294118,26,7280.0,0.05232035500174056,26,7280.0
18960.0,56,41726.0,613.6176470588235,1.7517782326742637,54614.32247113583,803.1518010461156,656259.565,9650.875955882351,30,7384.0,0.0002138431910953425,30,7384.0
18965.0,56,42006.0,591.6338028169014,1.5945481911854082,54750.79744545737,771.1379921895407,665704.118,9376.11433802817,30,7504.0,0.06740470578465797,30,7504.0
18970.0,48,41360.0,617.3134328358209,1.745207601724599,54893.742515821184,819.3095897883763,665704.118,9935.882358208955,20,7078.0,0.1629455638235021,20,7078.0
18975.0,46,41344.0,617.0746268656717,1.324450813116639,55188.54852669865,823.709679502965,665704.118,9935.882358208955,17,6808.0,0.0844667801221747,17,6808.0
18980.0,49,41514.0,610.5,1.197528864263976,55304.31916708105,813.2988112806038,665703.693,9789.76019117647,21,6876.0,0.024128547871297052,21,6876.0
18985.0,53,41748.0,642.276923076923,1.0650803168584924,55541.54467922283,854.4853027572744,637396.195,9806.095307692307,27,6986.0,0.005394384003485129,27,6986.0
18990.0,46,28855.0,443.9230769230769,1.0309462273103516,55386.69028440033,852.1029274523132,656314.6629999998,10097.148661538462,22,7047.0,0.03658025883643411,22,7047.0
18995.0,43,21235.0,326.6923076923077,1.979168425520931,55488.79978254231,853.6738428083435,656311.3029999998,10097.096969230768,24,5156.0,0.08288906831033287,24,5156.0
19000.0,36,9664.0,151.0,2.328883229071007,55640.77280030601,869.3870750047813,646894.3069999999,10107.723546875,27,7245.0,0.032517720583800494,27,7245.0
19005.0,36,713.0,11.5,1.7886659947859485,52110.40727484023,840.4904399167782,616249.7509999999,9939.512112903227,32,7368.0,4.930019703517204e-05,32,7368.0
19010.0,39,831.0,13.62295081967213,1.6956385271793544,46236.01399246674,757.9674424994547,604859.808,9915.734557377049,29,7426.0,0.027033909120540205,29,7426.0
19015.0,46,1046.0,17.147540983606557,0.9273830234660404,44749.357492388895,733.596024465392,623640.87,10223.62081967213,29,7536.0,0.037083724591277095,29,7536.0
19020.0,55,1297.0,20.265625,0.6664088792437999,45045.90322474291,703.8422378866082,657867.9309999999,10279.186421875,30,7654.0,0.008124621003692399,30,7654.0
19025.0,58,1580.0,23.939393939393938,1.1987938247189522,45308.9091122206,686.4986229124335,657867.9309999999,9967.695924242424,30,7774.0,0.028108918896967327,30,7774.0
19030.0,51,1369.0,20.432835820895523,1.6657514976832004,45573.547201039175,680.2021970304355,657869.2749999998,9818.944402985075,21,7252.0,0.12572329318708123,21,7252.0
19035.0,45,1399.0,21.523076923076925,1.683329401560151,45799.6246886461,704.6096105945555,657866.2749999998,10121.019615384615,16,7183.0,0.08627402748466577,16,7183.0
19040.0,46,1387.0,22.015873015873016,1.4793363037976521,45708.38497430194,725.5299202270149,648450.2449999998,10292.86103174603,19,7248.0,0.10680120958849411,19,7248.0
19045.0,53,1586.0,24.4,0.965426396707935,45782.416495831916,704.3448691666448,648517.1029999998,9977.1862,26,7382.0,0.00929756567360031,26,7382.0
19050.0,51,1802.0,28.15625,1.265389592430812,45901.53716515533,717.2115182055522,658021.1289999998,10281.580140625,25,7485.0,0.05533589153904042,25,7485.0
19055.0,55,2070.0,32.34375,1.0705012297299885,46030.97280461242,719.2339500720688,648604.4109999998,10134.443921875,28,7592.0,0.004744965859013064,28,7592.0
19060.0,58,2353.0,36.2,1.2010261260532717,46306.757727269905,712.4116573426137,648606.2629999998,9978.557892307692,30,7710.0,0.025422071686820907,30,7710.0
19065.0,58,2643.0,42.62903225806452,0.5311460058986496,46550.2313852235,750.8101836326371,648605.6229999998,10461.381016129033,30,7830.0,0.04973298037476826,30,7830.0
19070.0,55,2779.0,45.557377049180324,0.4386617644179774,46842.409772370316,767.9083569241034,648605.6229999998,10632.879065573768,27,7674.0,0.020835037825353266,27,7674.0
19075.0,51,2910.0,47.704918032786885,1.1995191179391391,47126.21547041298,772.5609093510323,648605.6229999998,10632.879065573768,23,7529.0,0.06291847598244205,23,7529.0
19080.0,47,3053.0,50.049180327868854,1.4652200909732003,47397.004963759544,777.0000813731074,648605.6229999998,10632.879065573768,20,7487.0,0.0753896481467018,20,7487.0
19085.0,49,3270.0,50.30769230769231,1.2108019495321733,47185.395685449956,725.9291643915376,629879.1319999999,9690.448184615385,23,7589.0,0.04922016288614155,23,7589.0
19090.0,42,2623.0,39.74242424242424,2.2702546268896464,47306.28202292767,716.7618488322374,639529.2619999999,9689.837303030301,19,5698.0,0.13757928839277508,19,5698.0
19095.0,40,2090.0,31.666666666666668,2.166753451298007,47426.772505750574,718.5874622083422,639634.7029999999,9691.434893939393,25,5785.0,0.10322817242373734,25,5785.0
19100.0,37,1535.0,22.246376811594203,2.0704021962725534,47684.04123804861,691.0730614209943,658719.2139999999,9546.655275362318,32,7870.0,0.029549727965112675,32,7870.0
19105.0,39,1403.0,20.63235294117647,2.8533811870486043,44313.31714316156,651.6664285759053,637375.3459999998,9373.166852941175,36,8011.0,0.054480953134160015,36,8011.0
19110.0,36,588.0,8.647058823529411,2.7318608484170537,37099.678675706935,545.5835099368667,636854.2169999998,9365.503191176469,29,8280.0,0.0679190920898622,29,8280.0
19115.0,44,791.0,11.3,3.1737522595118404,35332.33148336104,504.74759261944337,673076.4149999998,9615.377357142854,31,8223.0,7.594930432980164e-05,31,8223.0
19120.0,51,1029.0,15.132352941176471,2.276367882004852,33874.52357078369,498.1547583938778,674428.4789999998,9918.06586764706,31,8338.0,0.027276877014089956,31,8338.0
19125.0,57,1300.0,20.3125,0.580910539301505,32014.21883978977,500.22216937171515,692967.2249999999,10827.612890625,34,8465.0,3.734710383501877e-05,34,8465.0
19130.0,51,1277.0,19.953125,1.1523158056983407,32287.83097615101,504.4973590023596,710135.513,11095.867390625,26,8189.0,0.06957162989230188,26,8189.0
19135.0,50,1329.0,20.136363636363637,1.8496757764532934,32574.655841151212,493.55539153259406,710137.081,10759.652742424243,23,7973.0,0.06507847193763207,23,7973.0
19140.0,49,1437.0,21.772727272727273,2.134878117185072,32855.07577406974,497.8041783949959,710137.081,10759.652742424243,23,8046.0,0.0585847344784245,23,8046.0
19145.0,51,1653.0,25.045454545454547,1.3040082447192842,32639.606733536413,494.53949596267273,681800.3439999999,10330.308242424244,25,8160.0,0.05663868199057107,25,8160.0
19150.0,48,1643.0,25.671875,1.4254184475576297,32536.60556706804,508.38446198543807,662963.9249999999,10358.811328125,23,8111.0,0.09903994981636496,23,8111.0
19155.0,52,1894.0,28.696969696969695,1.5065499390100605,32825.48232440771,497.35579279405624,682107.3389999999,10334.95968181818,27,8121.0,0.06367952025236462,27,8121.0
19160.0,56,2162.0,31.794117647058822,1.4424778401021825,33076.23672127846,486.4152459011537,701243.9299999998,10312.410735294117,30,8224.0,0.029574590047979174,30,8224.0
19165.0,60,2455.0,36.64179104477612,1.177095981953248,33280.60369904835,496.7254283440051,701243.9299999998,10466.327313432836,33,8345.0,6.85747487648977e-05,33,8345.0
19170.0,53,2591.0,41.12698412698413,0.9759351053791803,33403.64127777197,530.2165282186027,701240.9299999998,11130.808412698412,26,8087.0,0.06591064877256207,26,8087.0
19175.0,53,2762.0,42.49230769230769,1.6149331218212686,33691.5189498512,518.3310607669413,701240.9849999998,10788.322846153846,26,7893.0,0.05369792469992199,26,7893.0
19180.0,47,2907.0,46.142857142857146,1.7027612501711815,33704.85109495271,534.9976364278207,682264.5189999997,10829.595539682537,21,7876.0,0.10476012293094651,21,7876.0
19185.0,51,3129.0,49.666666666666664,0.8347220630680815,33589.80963262231,533.1715814701952,663385.4639999998,10529.928,25,7969.0,0.050995259183089434,25,7969.0
19190.0,50,3289.0,52.20634920634921,1.4067555899113533,33701.807203888464,534.9493206966422,663518.0009999998,10532.031761904762,25,7984.0,0.05817672555927155,25,7984.0
19195.0,54,3548.0,55.4375,1.3086451636352885,33857.68760954409,529.0263688991264,673193.9349999998,10518.655234375,28,8059.0,0.06368373728903248,28,8059.0
19200.0,56,3821.0,59.703125,1.0425189220390385,34127.96170716639,533.2494016744748,682778.8569999997,10668.419640625,31,8167.0,0.02054645719373739,31,8167.0
19205.0,59,4109.0,57.87323943661972,1.3146733705351301,34336.82478866121,483.61725054452415,701960.3959999998,9886.766140845068,34,8290.0,0.031719127712982485,34,8290.0
19210.0,55,4252.0,59.05555555555556,1.9581346289937,34620.69064509972,480.8429256263848,711550.7039999999,9882.648666666666,27,8195.0,0.14169886814711732,27,8195.0
19215.0,54,4428.0,62.36619718309859,1.9182319492559727,34896.9027387884,491.5056723773015,711550.7039999999,10021.84090140845,27,8123.0,0.0492697781491435,27,8123.0
19220.0,54,4621.0,66.97101449275362,1.5475941456424243,35043.30242879664,507.8739482434295,692441.5259999998,10035.384434782607,28,8220.0,0.08067429753959658,28,8220.0
19225.0,58,4887.0,74.04545454545455,0.5159773028346953,35112.660011951484,532.0100001810832,663784.472,10057.340484848484,32,8341.0,0.03298201076926326,32,8341.0
19230.0,55,5111.0,77.43939393939394,1.0396863580819802,35311.546355287115,535.0234296255622,663842.0619999999,10058.21306060606,30,8410.0,0.04769258085690964,30,8410.0
19235.0,58,5394.0,78.17391304347827,1.1481108733975975,35622.38059558239,516.266385443223,683043.4149999999,9899.17992753623,33,8528.0,0.019938584768192817,33,8528.0
19240.0,62,5696.0,80.22535211267606,1.1882357799754084,35927.075717050524,506.0151509443734,692641.4289999999,9755.513084507042,37,8665.0,0.02587456240972198,37,8665.0
19245.0,62,6006.0,87.04347826086956,0.6802343443004703,36181.24539951239,524.365875355252,702237.5089999998,10177.35520289855,37,8810.0,0.045242243260536816,37,8810.0
19250.0,60,6171.0,89.43478260869566,0.7979348772912438,36507.97766604398,529.1011255948403,702237.5089999998,10177.35520289855,33,8747.0,0.034737497001515204,33,8747.0
19255.0,57,6356.0,90.8,1.4637989043692954,36824.6774042119,526.06682006017,702238.3029999998,10031.975757142856,30,8731.0,0.048139521012163164,30,8731.0
19260.0,54,6563.0,93.75714285714285,1.477323685071249,37103.919248924176,530.0559892703453,692652.7169999998,9895.038814285714,28,8834.0,0.07295215145645877,28,8834.0
19265.0,57,6827.0,93.52054794520548,1.124893910613911,37187.27073315743,509.4146675774988,673562.771,9226.887273972603,32,8971.0,0.03800497459015511,32,8971.0
19270.0,53,6238.0,85.45205479452055,2.1941114666280725,37313.448718374464,511.14313312841733,673658.0809999999,9228.192890410959,27,8331.0,0.1527727694347357,27,8331.0
19275.0,55,6506.0,87.91891891891892,2.309705510327654,37618.974360584696,508.3645183862796,683271.6829999998,9233.40112162162,30,8320.0,0.030254761937240398,30,8320.0
19280.0,62,6801.0,91.9054054054054,1.8909329269236475,37743.41752346727,510.04618274955766,702499.5829999999,9493.23760810811,36,8450.0,0.02331612394461748,36,8450.0
19285.0,64,7113.0,104.6029411764706,0.410650166886137,37299.04805782413,548.5154126150608,702494.0889999999,10330.79542647059,37,8591.0,2.7122710167941993e-05,37,8591.0
19290.0,57,7271.0,103.87142857142857,1.1956911336943314,37618.934517629044,537.4133502518436,702495.1499999999,10035.645,30,8528.0,0.06704176786742232,30,8528.0
19295.0,54,7431.0,104.66197183098592,1.9707607599194827,37928.75223551392,534.207777964985,702495.1499999999,9894.297887323943,27,8502.0,0.05731645082258612,27,8502.0
19300.0,56,7641.0,109.15714285714286,1.3687489907025419,38198.97987509139,545.6997125013056,692895.428,9898.506114285714,29,8599.0,0.05421423566927422,29,8599.0
19305.0,58,7890.0,117.76119402985074,0.49482232779500135,38188.32498956914,569.9749998443157,664159.2690000001,9912.82491044776,33,8756.0,0.03648921834920386,33,8756.0
19310.0,54,7874.0,115.79411764705883,1.1242652805066682,38409.71209022593,564.8487072092048,673840.6070000001,9909.420691176472,28,8636.0,0.06288701589285414,28,8636.0
19315.0,56,8150.0,114.78873239436619,1.6307814655796482,38716.01270186764,545.2959535474313,683477.225,9626.439788732394,31,8693.0,0.060927383093536666,31,8693.0
19320.0,59,8437.0,118.83098591549296,1.5151997951180043,38925.54157552721,548.2470644440452,702733.0970000001,9897.649253521127,34,8808.0,0.004137784781457936,34,8808.0
19325.0,62,8743.0,123.14084507042253,1.0152368108162004,39057.12719890897,550.1003830832249,702735.5970000001,9897.684464788734,35,8942.0,0.01578757367503493,35,8942.0
19330.0,64,9058.0,133.2058823529412,0.7603066184907964,39285.21544827442,577.7237565922708,702735.5970000001,10334.347014705883,37,9082.0,0.04644416991224447,37,9082.0
19335.0,55,7984.0,115.71014492753623,0.7004772845217709,39609.08059040292,574.0446462377234,702736.1300000001,10184.5815942029,27,8474.0,0.04086680048370951,27,8474.0
19340.0,50,7790.0,109.71830985915493,1.127097263022515,39933.363172041594,562.4417348174874,702736.274,9897.694,22,8107.0,0.05331979892597775,22,8107.0
19345.0,50,7940.0,111.83098591549296,1.561925186193352,40249.05451668948,566.8880917843588,702736.274,9897.694,23,8176.0,0.046931686422256105,23,8176.0
19350.0,54,8164.0,120.05882352941177,0.6607000133848488,40203.02670466663,591.2209809509799,683484.9890000002,10051.249838235295,29,8292.0,0.013185598105361004,29,8292.0
19355.0,56,8345.0,119.21428571428571,1.556364593916135,40519.87668282674,578.855381183239,693146.9790000002,9902.0997,31,8331.0,0.014332117489281525,31,8331.0
19360.0,58,8631.0,126.92647058823529,1.52355708632806,40036.99862552762,588.7793915518768,702807.1760000001,10335.399647058824,32,8450.0,0.054610994612027036,32,8450.0
19365.0,60,8926.0,125.71830985915493,1.1728940695611145,40172.97100836844,565.8164930756118,693225.1140000001,9763.734,33,8571.0,0.00043220186906382384,33,8571.0
19370.0,61,9231.0,137.77611940298507,1.0787178012307588,40399.914741723485,602.9838021152759,693222.0420000001,10346.597641791046,34,8701.0,0.043442735064992376,34,8701.0
19375.0,56,9352.0,141.6969696969697,0.7520102216840779,40676.60463774085,616.3121914809218,693222.0420000001,10503.364272727273,29,8559.0,0.04239352171581085,29,8559.0
19380.0,56,9514.0,144.15151515151516,1.314918749970163,40981.5163246288,620.9320655246787,693222.0420000001,10503.364272727273,29,8458.0,0.04229318676925173,29,8458.0
19385.0,53,9648.0,144.0,1.2466072921516165,41078.220611749355,613.1077703246173,674002.7310000001,10059.742253731343,27,8555.0,0.043396460004913685,27,8555.0
19390.0,58,9892.0,143.36231884057972,1.0968909285222728,41236.4201262509,597.6292771920421,674100.2590000001,9769.568971014494,30,8684.0,0.09410061627796044,30,8684.0
19395.0,54,10105.0,148.60294117647058,1.3610257900063885,41265.9212175223,606.851782610622,664586.2840000001,9773.327705882355,29,8759.0,0.048714197688836794,29,8759.0
19400.0,57,10385.0,148.35714285714286,1.1076885988298548,41576.00389219159,593.942912745594,683969.185,9770.988357142862,32,8874.0,0.05219880264055723,32,8874.0
19405.0,62,10688.0,150.53521126760563,1.0627613811333911,41883.38538113781,589.9068363540537,693655.761,9769.799450704226,37,9012.0,0.0077484920232192295,37,9012.0
19410.0,65,11001.0,154.94366197183098,1.0729797973469966,42198.95845549834,594.3515275422301,703345.7810000003,9906.278605633805,38,9157.0,0.04123139140662085,38,9157.0
19415.0,59,11159.0,159.4142857142857,1.1115868972490983,42470.58516168454,606.7226451669222,703348.4090000001,10047.834414285715,32,9016.0,0.04225890070633021,32,9016.0
19420.0,54,11327.0,159.53521126760563,1.9264585724545995,42746.59929160403,602.0647787549864,703350.2690000002,9906.341816901411,27,8913.0,0.07729511125535853,27,8913.0
19425.0,53,11518.0,166.92753623188406,1.7450178521326996,42990.551007195936,623.051463872405,683993.1740000002,9912.94455072464,27,8904.0,0.07857642433707811,27,8904.0
19430.0,57,11770.0,175.67164179104478,0.7702003465156745,42842.64210406957,639.442419463725,664872.061,9923.463597014927,31,9023.0,0.03658727011795902,31,9023.0
19435.0,51,11251.0,170.46969696969697,1.5974863027460886,42869.16984591618,649.5328764532753,655351.495,9929.568106060606,26,8441.0,0.08125794974787409,26,8441.0
19440.0,53,11511.0,169.27941176470588,2.124960798196874,43153.464897580656,634.609777905598,674768.005,9923.058897058825,28,8450.0,0.029893304073518926,28,8450.0
19445.0,57,11789.0,155.1184210526316,2.1759642023569907,43206.39118200445,568.5051471316375,694187.7860000001,9134.049815789474,31,8563.0,0.04458860562611857,31,8563.0
19450.0,58,12074.0,174.9855072463768,1.5553803797054016,42886.92531361994,621.5496422263759,703884.8820000001,10201.230173913045,33,8683.0,0.12197886514220446,33,8683.0
19455.0,54,12226.0,174.65714285714284,0.9031249140881216,43206.90846900655,617.2415495572363,713592.457,10194.17795714286,28,8564.0,0.05652524416220291,28,8564.0
19460.0,57,12415.0,177.35714285714286,1.5601786967936015,43524.68410863877,621.7812015519823,713592.457,10194.17795714286,30,8489.0,0.03884385485700228,30,8489.0
19465.0,55,12631.0,183.05797101449275,1.4789532846234559,43793.84791065036,634.6934479804398,703902.7089999999,10201.488536231886,29,8592.0,0.04289594009300088,29,8592.0
19470.0,58,12897.0,192.49253731343285,0.6507028281724052,43672.45534595276,651.827691730638,665304.0459999999,9929.91113432836,32,8715.0,0.03323847892584723,32,8715.0
19475.0,51,12926.0,190.08823529411765,1.7008461154210954,43844.199892369164,644.7676454760174,665396.1,9785.236764705884,26,8628.0,0.05544229873216775,26,8628.0
19480.0,55,13191.0,188.44285714285715,1.6396877722820349,44143.335173209925,630.619073902999,684827.6619999999,9783.252314285715,29,8688.0,0.06314864203626484,29,8688.0
19485.0,60,13476.0,195.30434782608697,1.3302428221181046,44359.56800064465,642.8922898644154,694545.647,10065.878942028987,35,8810.0,0.01105707415825256,35,8810.0
19490.0,61,13779.0,202.63235294117646,1.024347348749984,44585.01917674298,655.6620467168085,704262.3720000001,10356.799588235295,35,8945.0,0.051452338783896885,35,8945.0
19495.0,52,13199.0,197.0,0.97209162045557,44758.967772264004,668.0442951084178,704260.948,10511.357432835823,25,8299.0,0.03491329369793368,25,8299.0
19500.0,47,13039.0,194.61194029850745,1.7975502394914629,45057.95054158513,672.5067245012705,704260.948,10511.357432835823,19,7933.0,0.08904305002629219,19,7933.0
19505.0,45,13192.0,194.0,1.5448994230507154,45187.05710627197,664.51554568047,684891.383,10071.932102941179,18,7985.0,0.061234681204211196,18,7985.0
19510.0,52,13412.0,200.17910447761193,1.3239289629865547,45188.165436839095,674.4502304005838,684913.631,10222.591507462688,26,8081.0,0.06612107986197473,26,8081.0
19515.0,53,13622.0,206.3939393939394,1.4033235315285582,44923.85057457952,680.6644026451445,694647.8820000001,10524.967909090909,28,8142.0,0.05015548686310378,28,8142.0
19520.0,56,13895.0,204.33823529411765,1.4435024497286335,44979.44590900668,661.4624398383338,704381.2240000002,10358.547411764706,31,8250.0,0.019748558018311144,31,8250.0
19525.0,59,14187.0,205.6086956521739,1.4818279426948602,45157.96036098638,654.4631936374839,694689.946,10067.970231884057,32,8368.0,1.303800467033451e-06,32,8368.0
19530.0,59,14482.0,222.8,0.8011425491552486,45388.10425008535,698.2785269243901,694689.946,10687.537630769231,32,8488.0,0.060801694328045795,32,8488.0
19535.0,56,14605.0,224.69230769230768,0.6783305471774237,45689.950853821334,702.9223208280205,694689.946,10687.537630769231,29,8376.0,0.0244400649247197,29,8376.0
19540.0,54,14774.0,227.2923076923077,1.5571625465859764,45985.478527824314,707.4689004280663,694689.946,10687.537630769231,27,8245.0,0.061816173383877064,27,8245.0
19545.0,50,14906.0,222.47761194029852,1.4356490800382853,46139.45250705284,688.6485448813856,685002.6230000001,10223.919746268657,24,8327.0,0.0743351211194882,24,8327.0
19550.0,52,15137.0,229.34848484848484,1.456040186342495,46263.57450417267,700.9632500632223,675360.4400000001,10232.73393939394,27,8465.0,0.07188606026835376,27,8465.0
19555.0,55,15359.0,236.2923076923077,1.0075254882557827,46229.69394509984,711.2260606938436,665781.974,10242.799599999998,29,8522.0,0.07948662002851693,29,8522.0
19560.0,57,15639.0,236.95454545454547,0.8814973011797326,46534.85229397431,705.0735196056714,675546.2590000001,10235.549378787879,32,8637.0,0.03248963155988673,32,8637.0
19565.0,61,15936.0,224.45070422535213,1.1367280209528579,46830.18318224149,659.5800448203024,695075.5210000001,9789.796070422537,36,8769.0,0.022073660605656905,36,8769.0
19570.0,67,16247.0,219.55405405405406,0.8666416780862978,47100.092760868305,636.4877400117339,714600.577,9656.764554054054,39,8915.0,0.06301477647677521,39,8915.0
19575.0,59,16417.0,221.85135135135135,1.2195808840459261,47439.370112918994,641.0725690935,714600.577,9656.764554054054,32,8854.0,0.07262917177643814,32,8854.0
19580.0,58,16606.0,224.40540540540542,1.7344430818588328,47766.72797563333,645.496323995045,714600.577,9656.764554054054,31,8825.0,0.07506795420031069,31,8825.0
19585.0,58,16830.0,230.54794520547946,1.6163472096528007,48070.82170185293,658.5044068746978,704832.116,9655.234465753423,32,8870.0,0.0541355534312115,32,8870.0
19590.0,60,17109.0,244.4142857142857,0.8376196156082909,48006.772517857615,685.8110359693945,675723.435,9653.191928571428,35,9011.0,0.036776736009811316,35,9011.0
19595.0,53,16544.0,239.768115942029,1.4930252033219222,48120.15448057019,697.3935431966694,656292.8550000001,9511.490652173914,27,8393.0,0.061043536203450856,27,8393.0
19600.0,54,16808.0,230.24657534246575,2.240679719921686,48421.049423559925,663.3020468980812,675848.7209999999,9258.201657534248,29,8394.0,0.05416487256771575,29,8394.0
19605.0,59,17090.0,219.10256410256412,2.3816034910813526,48588.18836920691,622.925491912909,695396.4229999998,8915.338756410258,33,8511.0,0.06718692400224476,33,8511.0
19610.0,61,17386.0,241.47222222222223,0.9553477591263716,48209.40229954551,669.5750319381322,705160.849,9793.900680555556,36,8642.0,0.036571828716576174,36,8642.0
19615.0,61,17563.0,254.53623188405797,0.6842878099937615,48444.847766422834,702.0992429916355,705159.843,10219.70786956522,34,8586.0,0.028605474369696772,34,8586.0
19620.0,57,17752.0,257.27536231884056,1.421461922359087,48762.208272849595,706.6986706210089,705159.843,10219.70786956522,30,8564.0,0.04429199875459886,30,8564.0
19625.0,55,17969.0,246.15068493150685,1.6622022262702079,49063.99932581982,672.1095798057509,695389.163,9525.878945205479,29,8669.0,0.04273213177016307,29,8669.0
19630.0,58,18234.0,260.48571428571427,1.223848670031364,49016.039042758064,700.2291291822579,666234.097,9517.629957142857,32,8795.0,0.07159154147326964,32,8795.0
19635.0,53,18217.0,260.24285714285713,1.3714581879579488,49233.72103184378,703.3388718834826,666288.289,9518.404128571428,28,8702.0,0.08662172093994623,28,8702.0
19640.0,58,18498.0,256.9166666666667,1.6291363922626623,49546.49706781524,688.1457926085452,685865.356,9525.907722222222,31,8740.0,0.05927889257408822,31,8740.0
19645.0,62,18787.0,253.8783783783784,1.3582926073952322,49807.37099609663,673.0725810283329,705443.1959999999,9533.016162162163,36,8868.0,0.00909340385012083,36,8868.0
19650.0,64,19099.0,265.2638888888889,1.096867698643905,50024.071872887274,694.7787760123233,705440.0539999999,9797.778527777778,37,9011.0,0.029134146170833913,37,9011.0
19655.0,55,13348.0,193.44927536231884,1.364299146967297,50124.85983503289,726.4472439859841,705437.0539999999,10223.725420289855,31,6213.0,0.03168378729540491,31,6213.0
19660.0,49,9790.0,141.8840579710145,1.884811893447788,50424.102402533696,730.7840927903436,705437.0539999999,10223.725420289855,31,5031.0,0.0412046568231686,31,5031.0
19665.0,44,5123.0,75.33823529411765,2.4048310419988024,48337.46300077962,710.8450441291119,690011.0539999999,10147.221382352942,36,7734.0,0.02868349049073221,36,7734.0
19670.0,43,2070.0,31.846153846153847,2.232238618992744,42105.88728470115,647.7828813030947,660749.754,10165.380830769232,39,8982.0,0.0026139070611902048,39,8982.0
19675.0,39,1158.0,18.09375,1.6279149828021617,32032.849574001288,500.51327459377,617427.404,9647.3031875,29,8288.0,0.029407895343582416,29,8288.0
19680.0,35,704.0,10.507462686567164,2.1556649086337276,32310.817309404567,482.25100461797877,670548.918,10008.192805970148,21,7911.0,0.05086292305512444,21,7911.0
19685.0,44,748.0,10.108108108108109,1.9394859504647117,31679.17818183345,428.0970024572087,706468.5269999999,9546.871986486487,23,7997.0,0.05832901327477501,23,7997.0
19690.0,54,939.0,13.041666666666666,1.5226671531494231,31564.49556992198,438.39577180447174,704593.6939999999,9786.023527777776,31,8150.0,0.059174868709793105,31,8150.0
19695.0,56,1088.0,15.11111111111111,0.9642262145442067,31372.723698170503,435.7322735857014,732107.1359999999,10168.154666666665,31,8223.0,0.025033515075493062,31,8223.0
19700.0,62,1392.0,18.56,1.6714470352991815,31702.96853347187,422.70624711295824,741939.088,9892.521173333333,35,8346.0,0.04199645420896824,35,8346.0
19705.0,63,1707.0,23.383561643835616,1.6613270622179575,31849.354992098433,436.29253413833476,732201.3099999999,10030.154931506848,35,8501.0,0.0009500234877846676,35,8501.0
19710.0,64,2026.0,29.36231884057971,0.71383657578566,32044.518877237882,464.41331706141864,732201.3099999999,10611.613188405798,36,8660.0,0.010408210924314204,36,8660.0
19715.0,60,2167.0,32.343283582089555,0.6758645294212494,32306.366099482628,482.1845686489944,732198.3099999999,10928.332985074629,32,8525.0,0.02080042525171068,32,8525.0
19720.0,55,2306.0,34.417910447761194,1.568775292296669,32611.02879798513,486.73177310425564,732198.3099999999,10928.332985074629,27,8318.0,0.06743236553692791,27,8318.0
19725.0,53,2465.0,35.214285714285715,1.5438416697732649,32853.194896435685,469.33135566336705,722409.029,10320.128985714287,26,8426.0,0.06110999363770433,26,8426.0
19730.0,55,2709.0,38.7,1.5822268453321784,32857.58449456631,469.3940642080901,712746.472,10182.092457142857,29,8598.0,0.09099888466088067,29,8598.0
19735.0,59,2958.0,42.869565217391305,0.9299298716066756,32732.495717065824,474.3839958995046,703185.2999999999,10191.091304347825,32,8697.0,0.05003494780232781,32,8697.0
19740.0,62,3260.0,46.57142857142857,0.9213711283372222,33056.93487097099,472.24192672815695,713040.695,10186.295642857142,36,8849.0,0.017429448265096962,36,8849.0
19745.0,65,3580.0,48.37837837837838,1.0485475060327618,33366.9878218068,450.905240835227,732754.691,9902.09041891892,39,9019.0,0.01994697854306943,39,9019.0
19750.0,69,3910.0,52.83783783783784,0.6301741627141642,33678.803923355896,455.11897193724184,742611.277,10035.287527027027,41,9199.0,0.053249653103587084,41,9199.0
19755.0,57,3752.0,50.026666666666664,1.0648669968545865,34026.730588602164,453.6897411813621,752470.396,10032.938613333334,30,8767.0,0.05267574011199071,30,8767.0
19760.0,57,3837.0,51.16,1.4210885226969487,34365.93092254141,458.21241230055216,752470.396,10032.938613333334,28,8558.0,0.07931147282408278,28,8558.0
19765.0,57,4035.0,52.4025974025974,1.3771149707015802,34661.5401090092,450.149871545574,742641.5959999999,9644.696051948053,29,8679.0,0.0249082484075496,29,8679.0
19770.0,61,4308.0,58.21621621621622,1.0017166316855317,34780.32346239031,470.0043711133828,722924.6459999998,9769.251972972972,35,8834.0,0.03401507398750665,35,8834.0
19775.0,62,4556.0,60.74666666666667,1.1453323928874648,34668.52011078944,462.24693481052617,742672.8389999998,9902.30452,35,8943.0,0.013973998099862736,35,8943.0
19780.0,66,4879.0,64.19736842105263,1.4329723206064664,34824.97356809177,458.2233364222603,742670.9569999998,9771.986276315789,38,9113.0,0.04826083710301509,38,9113.0
19785.0,66,5209.0,68.53947368421052,1.3353406404750772,35164.80541785682,462.6948081296951,742670.9569999998,9771.986276315789,38,9283.0,0.02470291318276118,38,9283.0
19790.0,69,5547.0,79.24285714285715,0.2214440757837894,35234.901970653984,503.35574243791416,732895.4329999997,10469.934757142855,41,9461.0,0.00016244847822569853,41,9461.0
19795.0,63,5704.0,82.66666666666667,0.541314440047481,35568.689301984115,515.488250753393,732895.4329999997,10621.672942028985,35,9318.0,0.01578701652408298,35,9318.0
19800.0,58,5860.0,84.92753623188406,1.2663645462061,35889.954634849666,520.1442700702851,732895.4329999997,10621.672942028985,30,9195.0,0.04750150271350226,30,9195.0
19805.0,55,6028.0,80.37333333333333,1.6081402008313783,35990.52044179999,479.8736058906667,713272.0549999998,9510.294066666665,28,9194.0,0.0764063415803117,28,9194.0
19810.0,57,6279.0,82.61842105263158,2.1996018687379113,36311.33114172088,477.78067291738023,723171.1509999998,9515.409881578948,31,9372.0,0.11974937639622565,31,9372.0
19815.0,50,4931.0,66.63513513513513,1.528808729698273,35940.881491264845,485.6875877197951,703847.678,9511.455108108108,22,8280.0,0.07681826903120692,22,8280.0
19820.0,55,5194.0,69.25333333333333,2.5780032885876745,36251.46380801027,483.3528507734702,713752.162,9516.695493333333,29,7988.0,0.05904328268220854,29,7988.0
19825.0,58,5479.0,72.09210526315789,2.4311407474439894,36348.5208201603,478.27001079158293,733549.9979999999,9651.973657894736,32,8123.0,0.03718454133858161,32,8123.0
19830.0,60,5777.0,81.36619718309859,1.1099196139458682,35614.24040888019,501.60901984338307,743447.6,10471.09295774648,34,8271.0,0.001593968417920488,34,8271.0
19835.0,56,5939.0,88.64179104477611,1.2736024850198078,35445.87015681815,529.042838161465,743437.018,11096.074895522386,28,8115.0,0.016161166374644244,28,8115.0
19840.0,51,6098.0,92.39393939393939,1.6335250822696725,35720.99665305773,541.2272220160265,743437.018,11264.197242424243,23,8043.0,0.08365741586900771,23,8043.0
19845.0,51,6289.0,92.48529411764706,1.4853197059427359,35834.32404528066,526.9753536070685,733653.993,10789.029308823528,24,8144.0,0.05957080672539996,24,8144.0
19850.0,53,6536.0,97.55223880597015,1.246282107202874,36109.966139605036,538.9547185015679,723767.9519999999,10802.506746268655,27,8268.0,0.07034621710913341,27,8268.0
19855.0,50,6561.0,96.48529411764706,1.2269137128862004,35985.93766353763,529.2049656402598,714123.1639999999,10501.811235294117,23,8177.0,0.06636039559507852,23,8177.0
19860.0,55,6826.0,98.92753623188406,1.8749526586948406,36285.06030616115,525.870439219727,724039.2989999999,10493.323173913044,29,8271.0,0.03650831089150388,29,8271.0
19865.0,57,7108.0,98.72222222222223,1.6824172682652234,36481.72271014751,506.69059319649347,743865.5769999999,10331.466347222222,31,8403.0,0.035502520545656946,31,8403.0
19870.0,62,7408.0,107.3623188405797,1.1275635618464916,36684.80339479196,531.6638173158257,743865.0709999999,10780.653202898551,34,8549.0,0.07214209304622914,34,8549.0
19875.0,58,7565.0,114.62121212121212,0.6343570364908279,36924.02948512374,559.4549921988449,743862.0709999999,11270.637439393939,30,8478.0,0.016706265342296932,30,8478.0
19880.0,56,7756.0,112.40579710144928,1.6038395309093179,37228.28112656274,539.5403061820689,743862.9329999998,10780.622217391303,28,8424.0,0.048901686284964205,28,8424.0
19885.0,50,7914.0,113.05714285714286,2.1307331438704735,37508.84800106446,535.8406857294924,733946.6339999998,10484.951914285713,23,8456.0,0.08390367651115781,23,8456.0
19890.0,53,8154.0,119.91176470588235,1.3328178610674315,37529.2152297657,551.900223967143,714248.5249999998,10503.654779411763,26,8579.0,0.09633383333890233,26,8579.0
19895.0,55,8343.0,122.69117647058823,1.2658190982155004,37483.051239028355,551.221341750417,704528.2369999997,10360.709367647058,28,8637.0,0.048644494090192995,28,8637.0
19900.0,58,8624.0,124.98550724637681,1.431883475242281,37789.540627358954,547.6745018457818,714461.6649999997,10354.51688405797,32,8768.0,0.06047682610805763,32,8768.0
19905.0,62,8925.0,125.70422535211267,1.0705777079686718,38044.36339477998,535.8361041518308,734330.9969999996,10342.690098591549,35,8919.0,0.027151594909756133,35,8919.0
19910.0,63,9236.0,133.85507246376812,0.8064381402468217,38325.144836609514,555.4368816899929,744264.0689999997,10786.435782608696,37,9080.0,0.025735707277306973,37,9080.0
19915.0,54,8709.0,126.21739130434783,1.0843985861249548,38616.318239008004,559.6567860725797,754190.9409999996,10930.303492753623,26,8508.0,0.05854677910996242,26,8508.0
19920.0,52,8727.0,126.47826086956522,1.3782012753525181,38926.987418872086,564.159237954668,754190.9409999996,10930.303492753623,22,8265.0,0.06973748639135761,22,8265.0
19925.0,50,8893.0,120.17567567567568,1.5708553362704165,38943.36151498837,526.2616420944374,754196.9409999996,10191.850554054054,22,8352.0,0.04360137263710815,22,8352.0
19930.0,57,9141.0,125.21917808219177,1.5519578190438714,39064.08890973192,535.124505612766,724484.6939999999,9924.447863013698,27,8468.0,0.08130925712039383,27,8468.0
19935.0,57,9362.0,128.24657534246575,1.3242739968313029,39111.78942570266,535.7779373383926,734432.8949999998,10060.724589041096,29,8560.0,0.018737463807262912,29,8560.0
19940.0,60,9658.0,132.3013698630137,1.2901256157957646,39241.638211076184,537.5566878229613,744384.1769999999,10197.043520547944,34,8707.0,0.05328681025458729,34,8707.0
19945.0,63,9965.0,140.35211267605635,1.233011447238511,39352.57468306608,554.2616152544518,744380.5849999998,10484.233591549293,35,8859.0,0.02508113814353254,35,8859.0
19950.0,64,10282.0,153.46268656716418,0.5675809267225714,39536.85636415943,590.1023337934245,734480.8389999998,10962.40058208955,36,9016.0,2.0773650582983274e-06,36,9016.0
19955.0,58,10427.0,157.9848484848485,0.73277830810507,39799.92993931055,603.0292415047053,734477.8389999998,11128.452106060606,30,8965.0,0.013234205267241613,30,8965.0
19960.0,53,10567.0,155.39705882352942,1.678388855882148,40094.92447049997,589.6312422132349,734480.1559999998,10801.17876470588,25,8901.0,0.07819620537919394,25,8901.0
19965.0,52,10750.0,158.08823529411765,1.7336430428130125,40261.146833874074,592.0756887334423,724577.3909999998,10655.549867647058,24,9001.0,0.12128813382133034,24,9001.0
19970.0,56,10968.0,166.1818181818182,0.6298114284661267,40299.59208633257,610.5998800959478,704809.8829999999,10678.937621212122,29,9138.0,0.048564436466453836,29,9138.0
19975.0,49,10366.0,157.06060606060606,1.50962716622492,40478.71511982654,613.3138654519172,704883.2179999999,10680.048757575758,23,8535.0,0.08882663849751025,23,8535.0
19980.0,53,10623.0,156.22058823529412,2.0615562358996455,40763.39573183434,599.4617019387401,724832.3109999999,10659.29869117647,26,8515.0,0.013306756288145781,26,8515.0
19985.0,56,10895.0,147.22972972972974,2.3509873385852145,41065.61891863655,554.9407961977913,734806.7929999998,9929.821527027027,30,8639.0,0.015600419559297448,30,8639.0
19990.0,57,11176.0,171.93846153846152,1.33033505364624,40404.64411386027,621.609909444004,744773.0349999999,11458.046692307691,30,8769.0,0.09911351114380382,30,8769.0
19995.0,54,11316.0,176.8125,0.7968042786234031,40686.42594057615,635.7254053215024,744772.0989999999,11637.064046875,26,8662.0,0.03125150269322252,26,8662.0
20000.0,53,11494.0,179.59375,1.3738572124009236,40979.126658265566,640.2988540353996,744772.0989999999,11637.064046875,25,8625.0,0.040632869170730015,25,8625.0
20005.0,49,11647.0,173.83582089552237,1.7014668222469982,41225.503529112706,615.3060228225778,734823.5889999999,10967.516253731344,22,8737.0,0.06907135430583569,22,8737.0
20010.0,51,11879.0,179.9848484848485,1.2554044079532984,41145.726421544256,623.4200972961249,705079.171,10683.017742424243,24,8866.0,0.08246178533108434,24,8866.0
20015.0,48,11924.0,177.97014925373134,1.7009941645117557,41313.66724937314,616.6218992443754,705156.9469999998,10524.730552238807,22,8799.0,0.0686566803309149,22,8799.0
20020.0,54,12182.0,176.55072463768116,1.6234749543054048,41609.473906915126,603.0358537234077,725139.4119999998,10509.26684057971,27,8884.0,0.05069616099499885,27,8884.0
20025.0,59,12463.0,180.6231884057971,1.497438789065964,41841.755181967994,606.4022490140289,745114.9299999998,10798.767101449275,32,9009.0,0.025197634965146,32,9009.0
20030.0,62,12764.0,196.36923076923077,0.6060564336781357,42034.737351355834,646.6882669439361,745114.4219999999,11463.298799999999,34,9145.0,8.416256914664458e-05,34,9145.0
20035.0,55,12916.0,201.8125,0.6973363550666503,42243.510369000694,660.0548495156359,745116.0099999999,11642.43765625,27,9047.0,0.015937788297993877,27,9047.0
20040.0,51,13090.0,198.33333333333334,1.934091845362223,42534.739397422,644.4657484457878,745119.3779999999,11289.687545454546,23,8970.0,0.06142154674607108,23,8970.0
20045.0,46,13234.0,191.79710144927537,2.4208494393080104,42778.7877214524,619.982430745687,735147.526,10654.311971014493,19,8891.0,0.1352515843420458,19,8891.0
20050.0,50,13459.0,200.88059701492537,2.1812877763051453,42787.3409193431,638.6170286469119,715293.299,10676.019388059702,23,8947.0,0.14180080540572979,23,8947.0
20055.0,53,13716.0,211.01538461538462,0.8684417316608182,42720.85748757471,657.2439613473033,695491.694,10699.872215384616,27,9061.0,0.06020115159469322,27,9061.0
20060.0,55,13934.0,201.94202898550725,1.3730141404392517,42895.785095143605,621.678044857154,705588.1839999999,10225.915710144927,28,9119.0,0.05266793690921434,28,9119.0
20065.0,56,14211.0,205.95652173913044,1.686304757092214,43129.584645736795,625.0664441411133,705616.2379999999,10226.322289855074,30,9236.0,0.054094491403190254,30,9236.0
20070.0,60,14503.0,210.18840579710144,1.0007703690892695,43414.26208317419,629.192204103974,725631.165,10516.393695652174,34,9368.0,0.036661969853843276,34,9368.0
20075.0,64,14814.0,214.69565217391303,0.5571681508188833,43676.648706287226,632.9949087867715,745646.0709999999,10806.46479710145,37,9519.0,0.018591276325118984,37,9519.0
20080.0,52,14250.0,206.52173913043478,1.2648554209667322,43982.93893312104,637.4338975814644,755648.8709999999,10951.43291304348,26,8967.0,0.07918195521346491,26,8967.0
20085.0,50,14258.0,190.10666666666665,1.778080346315511,44302.29663724548,590.6972884966065,765656.695,10208.755933333334,20,8702.0,0.07127264963606554,20,8702.0
20090.0,48,14442.0,195.16216216216216,2.0398859609482187,44572.97746147997,602.3375332632428,755668.501,10211.736499999999,20,8771.0,0.0816780129168566,20,8771.0
20095.0,57,14691.0,206.91549295774647,1.0869204798379208,44492.11524338651,626.6495104702327,735689.417,10361.822774647888,29,8881.0,0.051537398825042435,29,8881.0
20100.0,54,14529.0,207.55714285714285,1.153892209629889,44533.70458406333,636.1957797723335,735690.728,10509.867542857144,27,8650.0,0.019229221345108957,27,8650.0
20105.0,56,14804.0,205.61111111111111,2.247994309816754,44438.62928115645,617.2031844605062,745703.194,10356.988805555557,30,8736.0,0.025193837842470763,30,8736.0
20110.0,60,15091.0,203.93243243243242,2.291022940629547,44736.07345199853,604.5415331351153,745704.498,10077.087810810812,30,8867.0,0.07680685869745892,30,8867.0
20115.0,62,15387.0,233.13636363636363,0.4982212170759617,44434.78054385771,673.2542506645108,735724.501,11147.340924242424,34,9003.0,0.004936825901927797,34,9003.0
20120.0,56,15527.0,238.87692307692308,0.9722516359099845,44732.588019719464,688.1936618418382,735724.1350000001,11318.832846153846,28,8957.0,0.07997715313820594,28,8957.0
20125.0,53,15659.0,237.25757575757575,1.4746083742310283,45032.00359136573,682.3030847176625,735724.1350000001,11147.335378787879,25,8836.0,0.03511717691097155,25,8836.0
20130.0,51,15820.0,243.3846153846154,1.551669401546128,45302.028887202214,696.9542905723417,725706.586,11164.716707692309,24,8919.0,0.08891502575583989,24,8919.0
20135.0,53,16057.0,247.03076923076924,1.0155885223043715,45364.334600961185,697.9128400147875,715785.473,11012.0842,27,9033.0,0.04091302448171364,27,9033.0
20140.0,48,16016.0,242.66666666666666,1.8023333490487379,45462.90209910712,688.8318499864715,705849.8799999999,10694.695151515152,22,8891.0,0.07944159906114519,22,8891.0
20145.0,51,16265.0,242.76119402985074,1.9838530781516257,45647.40466659179,681.3045472625644,715942.5599999999,10685.709850746269,25,8925.0,0.10468704446901227,25,8925.0
20150.0,55,16530.0,246.71641791044777,1.7118728431161647,45832.069492268856,684.0607386905801,736023.958,10985.432208955226,28,9020.0,0.030478323475687897,28,9020.0
20155.0,57,16811.0,262.671875,0.9516025834070795,45957.50256701105,718.0859776095481,746061.9199999999,11657.2175,31,9131.0,0.011149798149124241,31,9131.0
20160.0,52,16947.0,277.8196721311475,0.8382243443018187,46129.981974332295,756.2292126939723,756104.355,12395.153360655739,25,9043.0,0.04984453127148205,25,9043.0
20165.0,48,17090.0,247.68115942028984,2.2524266826672688,46419.674295161865,672.7489028284328,756113.8030000001,10958.171057971016,20,8979.0,0.047664975778422505,20,8979.0
20170.0,45,17258.0,253.7941176470588,2.9183580841165035,46644.12285839378,685.9429832116733,746096.925,10972.013602941177,18,9028.0,0.19652382188532022,18,9028.0
20175.0,50,17479.0,268.9076923076923,0.9647543992903829,46714.79722754737,718.6891881161135,716046.434,11016.098984615384,23,9099.0,0.07416854742734567,23,9099.0
20180.0,53,17711.0,272.4769230769231,1.2984675231761766,46914.76317489672,721.7655873061033,716090.2100000001,11016.772461538461,27,9171.0,0.052640240141328336,27,9171.0
20185.0,56,17984.0,272.4848484848485,1.1405243451588238,47119.22543765307,713.9276581462589,726184.8640000001,11002.800969696971,30,9274.0,0.004463108592111879,30,9274.0
20190.0,59,18273.0,272.7313432835821,1.0355343696138455,47382.04958809148,707.1947699715149,736238.486,10988.634119402986,33,9393.0,0.01248498583903526,33,9393.0
20195.0,59,18568.0,281.3333333333333,0.7429537019417229,47650.15074518995,721.9719809877266,746289.4860000001,11307.416454545455,33,9518.0,0.03523814098023066,33,9518.0
20200.0,55,18718.0,279.3731343283582,1.1265179324840136,47959.78982177815,715.8177585340025,746293.1480000002,11138.703701492539,27,9440.0,0.08271743749230603,27,9440.0
20205.0,55,18899.0,277.9264705882353,1.564860673613462,48267.334296824694,709.8137396591871,746293.1480000002,10974.899235294119,27,9378.0,0.04550998540360241,27,9378.0
20210.0,51,19064.0,288.8484848484849,2.052434880601741,48401.65777757429,733.3584511753684,726242.0980000001,11003.668151515152,24,9306.0,0.0955887601444553,24,9306.0
20215.0,52,19304.0,292.4848484848485,2.1316232031634694,48434.56715707169,733.85707813745,706255.788,10700.845272727272,25,9296.0,0.09267511781731429,25,9296.0
20220.0,52,19560.0,305.625,1.8729943068270036,48427.88593971552,756.6857178080553,686263.622,10722.869093750001,26,9396.0,0.08958927293334937,26,9396.0
20225.0,54,19825.0,295.8955223880597,1.3608167155998387,48595.48672203056,725.3057719706057,686324.105,10243.643358208956,28,9491.0,0.08038430110074694,28,9491.0
20230.0,50,19398.0,289.5223880597015,1.661828292634258,48776.85107931732,728.0127026763781,686379.3609999999,10244.468074626866,23,9064.0,0.13095144420707108,23,9064.0
20235.0,48,19469.0,286.30882352941177,1.8686585885718199,49069.26416695993,721.6068259847051,696448.271,10241.886338235296,21,8788.0,0.10669853326417797,21,8788.0
20240.0,54,19726.0,281.8,1.325609410700377,49083.995276852234,701.1999325264607,706526.504,10093.23577142857,28,8878.0,0.0768688788259344,28,8878.0
20245.0,61,20013.0,274.1506849315069,1.4414202033708132,49137.61228344565,673.1179764855572,716603.2779999999,9816.483260273972,34,8995.0,0.030463528065641503,34,8995.0
20250.0,54,20115.0,275.54794520547944,1.9648709748585378,49444.49869455679,677.3218999254353,716594.203,9816.358945205478,28,8940.0,0.09501941741944565,28,8940.0
20255.0,58,20397.0,271.96,1.9075826720807227,49565.007714816864,660.8667695308917,736721.982,9822.95976,32,9039.0,0.045925395133634,32,9039.0
20260.0,62,20696.0,279.6756756756757,1.7735704298084722,49575.52494409491,669.9395262715527,746789.344,10091.747891891893,35,9168.0,0.04714856555203579,35,9168.0
20265.0,63,21007.0,291.7638888888889,0.6939125815902826,49773.092256240445,691.2929480033393,756845.402,10511.741694444445,37,9309.0,0.006527572719191588,37,9309.0
20270.0,56,20995.0,299.92857142857144,0.9562962904850945,50024.98951912011,714.6427074160014,766904.052,10955.772171428573,27,9026.0,0.029636395134328985,27,9026.0
20275.0,56,21168.0,298.14084507042253,1.2607858508878316,50345.273332318146,709.0883567932134,766904.453,10801.471169014087,26,9002.0,0.05628953079579147,26,9002.0
20280.0,55,21359.0,305.12857142857143,1.0712946015740363,50464.89556026596,720.9270794323709,766903.607,10955.765814285716,26,9091.0,0.03868337945224826,26,9091.0
20285.0,56,21613.0,304.40845070422534,1.0920267004641504,50721.497131215074,714.3872835382407,736704.693,10376.122436619718,30,9205.0,0.005543707047498517,30,9205.0
20290.0,61,21868.0,295.5135135135135,1.782167900182715,51020.3462216479,689.4641381303773,746799.8469999998,10091.889824324324,32,9305.0,0.08957138297848712,32,9305.0
20295.0,60,22162.0,312.14084507042253,1.5075274907181584,51002.38980939243,718.3435184421471,736749.8379999999,10376.758281690141,33,9429.0,0.029292343459131065,33,9429.0
20300.0,62,22468.0,325.6231884057971,1.1754864019180187,51218.374935580985,742.2952889214639,736745.8079999998,10677.475478260869,34,9555.0,0.04034652747226687,34,9555.0
20305.0,64,22783.0,330.18840579710144,0.9179846498416651,51538.10893423336,746.9291149888894,736745.8079999998,10677.475478260869,36,9690.0,7.18537545254565e-06,36,9690.0
20310.0,58,22910.0,357.96875,0.561012063583032,51798.912374392705,809.3580058498862,736742.8079999998,11511.606375,30,9641.0,0.015725614989398614,30,9641.0
20315.0,54,23069.0,354.9076923076923,1.414267316553379,52097.93279007406,801.5066583088318,736742.8079999998,11334.50473846154,26,9610.0,0.05057485827428164,26,9610.0
20320.0,50,23190.0,351.3636363636364,1.5606938542881441,52246.581920064236,791.614877576731,716633.2009999999,10858.078803030303,23,9687.0,0.10346585933839474,23,9687.0
20325.0,54,23422.0,344.44117647058823,1.2341185592615516,52372.231737441274,770.1798784917835,706603.252,10391.224294117646,27,9799.0,0.08222057937251874,27,9799.0
20330.0,46,22309.0,328.0735294117647,1.987291712189563,52585.77615023668,773.3202375034807,706638.034,10391.735794117647,20,8867.0,0.12935501171490227,20,8867.0
20335.0,50,22551.0,322.15714285714284,2.84122096804233,52863.066412219625,755.186663031709,726851.771,10383.596728571429,24,8616.0,0.05373130758518834,24,8616.0
20340.0,53,22812.0,335.47058823529414,2.273735881474056,52589.54032531187,773.3755930192922,736950.5469999999,10837.508044117647,27,8707.0,0.00039596186252353123,27,8707.0
20345.0,54,23082.0,349.72727272727275,1.421959889945742,52060.5466921091,788.796162001653,747057.317,11319.050257575758,28,8807.0,0.03211733403038413,28,8807.0
20350.0,52,23250.0,369.04761904761904,1.5522753548375132,52223.606279715445,828.9461314240547,747052.495,11857.976111111111,24,8796.0,0.1060870676172044,24,8796.0
20355.0,53,23514.0,367.40625,1.470925810297185,52507.11694155448,820.4237022117887,747055.635,11672.744296875,25,8880.0,0.0792410688848975,25,8880.0
20360.0,55,23785.0,377.53968253968253,1.5063504517982833,52739.351408625254,837.1325620416708,747054.981,11858.015571428572,27,8971.0,0.023193165161147444,27,8971.0
20365.0,56,24061.0,401.01666666666665,0.834969433023177,52952.16870924599,882.5361451540999,747054.041,12450.900683333333,28,9067.0,0.00010944551404209049,28,9067.0
20370.0,49,24046.0,400.76666666666665,1.3158800171128593,53218.19555770187,886.9699259616978,747051.8389999999,12450.863983333335,21,8862.0,0.057701201916957476,21,8862.0
20375.0,46,24109.0,401.81666666666666,2.109693848976374,53447.94409831918,890.7990683053197,747051.8389999999,12450.863983333335,18,8716.0,0.07004017035281682,18,8716.0
20380.0,44,24169.0,402.81666666666666,1.893079165344662,53701.742444172254,895.0290407362044,747051.8389999999,12450.863983333335,16,8758.0,0.10607578626571808,16,8758.0
20385.0,47,24326.0,450.48148148148147,0.3999535135467023,53351.15649656614,987.9843795660395,686598.2509999999,12714.782425925927,21,8849.0,0.05021937991758006,21,8849.0
20390.0,47,24537.0,438.1607142857143,0.8858511633583183,53612.100941326986,957.358945380839,706891.1739999999,12623.056678571429,21,8925.0,0.06244538541509907,21,8925.0
20395.0,51,24783.0,413.05,0.896808562573736,53879.69832764904,897.9949721274841,727182.326,12119.70543333333,24,9001.0,0.014498211405024311,24,9001.0
20400.0,53,25046.0,417.43333333333334,1.1726281263934786,54141.9035648616,902.3650594143598,737326.624,12288.777066666667,27,9094.0,0.034793811787837234,27,9094.0
20405.0,56,25318.0,383.6060606060606,0.7582595550180387,54405.03490905642,824.3187107432792,747474.896,11325.377212121211,28,9193.0,0.04548348717087441,28,9193.0
20410.0,52,25447.0,385.56060606060606,1.7980743986298222,54700.848199663844,828.8007302979371,747474.896,11325.377212121211,24,8998.0,0.12155470400075728,24,8998.0
20415.0,51,25588.0,387.6969696969697,1.7585117525447456,54986.53507819081,833.1293193665275,747474.896,11325.377212121211,23,8748.0,0.06776453042407508,23,8748.0
20420.0,51,25771.0,384.64179104477614,1.6529429603197312,55217.51784918532,824.142057450527,737367.134,11005.479611940298,24,8827.0,0.06356098316821922,24,8827.0
20425.0,53,26013.0,400.2,1.3033763793832032,55194.85092014838,849.1515526176673,717251.816,11034.643323076925,26,8930.0,0.04413723148672716,26,8930.0
20430.0,50,26198.0,403.04615384615386,1.5414672232843802,55184.040380215265,848.9852366186965,707292.44,10881.422153846155,24,8963.0,0.08945637891109205,24,8963.0
20435.0,54,26458.0,394.8955223880597,1.4644181272905197,55333.01802188994,825.8659406252231,717561.6989999999,10709.876104477611,28,9053.0,0.07015567489592281,28,9053.0
20440.0,59,26741.0,399.1194029850746,1.0177305906609464,55587.23038499283,829.6601549998932,737875.299,11013.064164179104,32,9166.0,0.03409588544644941,32,9166.0
20445.0,62,27040.0,397.6470588235294,0.4137559972289513,55863.22742088002,821.5180503070593,748033.345,11000.490367647059,36,9295.0,5.8795219020356e-05,36,9295.0
20450.0,56,27192.0,399.88235294117646,1.332993950088551,56152.024138459354,825.7650608596962,758196.9589999999,11149.955279411764,29,9176.0,0.0711860851867858,29,9176.0
20455.0,53,27364.0,402.4117647058824,1.8953999869207838,56448.26367340532,830.1215246089018,758196.9589999999,11149.955279411764,25,9096.0,0.08649872573841672,25,9096.0
20460.0,50,27556.0,417.5151515151515,1.9969593447148348,56539.83110705624,856.6641076826705,737976.222,11181.45790909091,24,9012.0,0.07249206735496957,24,9012.0
20465.0,51,27808.0,415.04477611940297,1.8867825910168643,56582.283841732286,844.5116991303327,717771.3689999998,10713.005507462685,25,9112.0,0.08250138512544121,25,9112.0
20470.0,57,28073.0,419.0,1.185870276071753,56574.30689915567,844.3926402859057,697597.4089999999,10411.90162686567,28,9207.0,0.12036505196172981,28,9207.0
20475.0,54,28280.0,422.089552238806,1.2916545061956377,56815.31587898306,847.9897892385534,697625.1859999999,10412.316208955224,28,9244.0,0.04510363687330451,28,9244.0
20480.0,57,28558.0,413.8840579710145,1.4864730517133615,57118.8378752559,827.8092445689259,717963.2839999999,10405.264985507247,31,9352.0,0.09576840416136631,31,9352.0
20485.0,61,28852.0,400.72222222222223,1.208818618621312,57407.97465807086,797.3329813620953,738302.5379999998,10254.201916666665,34,9476.0,0.027707270400837293,34,9476.0
20490.0,63,29161.0,410.71830985915494,0.8922499556483736,57688.39144429347,812.512555553429,748471.8459999998,10541.856985915494,37,9615.0,0.04383569752211074,37,9615.0
20495.0,54,28586.0,397.02777777777777,1.1823022206008769,57977.26265306653,805.2397590703686,768803.3769999997,10677.824680555555,27,9207.0,0.06728697732951319,27,9207.0
20500.0,54,28697.0,387.7972972972973,1.7084049447662246,58300.84972695161,787.8493206344813,768805.2609999997,10389.260283783784,24,9030.0,0.09625659697586639,24,9030.0
20505.0,55,28907.0,401.4861111111111,1.3692206458877498,58498.282656770876,812.4761480107065,748499.6269999997,10395.828152777778,27,9113.0,0.07292972569821743,27,9113.0
20510.0,61,29186.0,405.3611111111111,0.7918837269122907,58633.40533288267,814.3528518455925,738336.6369999998,10254.67551388889,33,9232.0,0.02981439679661655,33,9232.0
20515.0,59,29412.0,408.5,1.0714226067730317,58740.95102401249,815.8465420001736,748513.5439999998,10396.021444444445,32,9314.0,0.04173993332720321,32,9314.0
20520.0,62,29713.0,418.49295774647885,1.048889679740577,58771.240514593395,827.7639509097661,758691.0149999998,10685.78894366197,36,9439.0,0.024370996883851172,36,9439.0
20525.0,65,30035.0,400.46666666666664,1.0423213141606273,59063.46041939206,787.5128055918941,758695.8729999998,10115.944973333331,37,9583.0,0.011217940068523785,37,9583.0
20530.0,66,30364.0,415.94520547945206,1.1348241330437834,59268.79726927313,811.9013324557963,748551.0629999997,10254.124150684931,38,9732.0,0.07394099228577067,38,9732.0
20535.0,56,30401.0,422.2361111111111,1.0510877672094026,59581.43560732112,827.5199389905712,748551.0629999997,10396.542541666666,28,9480.0,0.05216955127219449,28,9480.0
20540.0,60,30581.0,424.7361111111111,1.2884291301914088,59909.51612539397,832.0766128526943,748551.0629999997,10396.542541666666,31,9564.0,0.026641391478465656,31,9564.0
20545.0,56,30740.0,426.94444444444446,1.4557266945409377,60231.44757485548,836.547882984104,748551.0629999997,10396.542541666666,29,9673.0,0.0247420739133907,29,9673.0
20550.0,60,31003.0,442.9,0.8448450929090923,60174.26916278079,859.6324166111541,728251.2039999998,10403.588628571428,33,9814.0,0.006892239998269347,33,9814.0
20555.0,56,31209.0,445.84285714285716,1.4849409611061468,60445.081246240305,863.5011606605759,738453.9979999998,10549.342828571427,30,9876.0,0.03226096930756472,30,9876.0
20560.0,60,31501.0,450.01428571428573,1.1236246035966242,60654.75666175695,866.4965237393855,738491.5449999998,10549.879214285713,34,9998.0,0.03334988263751144,34,9998.0
20565.0,63,31814.0,448.0845070422535,1.0555234640847502,60930.382651129265,858.174403537032,738491.3169999998,10401.286154929578,35,10132.0,0.0,35,10132.0
20570.0,63,32129.0,472.4852941176471,0.803944644457105,61193.76471456675,899.9083046259817,738490.8029999998,10860.158867647058,35,10267.0,0.028576892426185666,35,10267.0
20575.0,64,32446.0,463.51428571428573,0.38299517917160053,61493.502577564504,878.4786082509218,738489.9629999999,10549.856614285714,36,10404.0,0.00931172188201535,36,10404.0
20580.0,61,32560.0,471.8840579710145,0.7882312841357344,61818.287622980126,895.9172119272483,738489.9629999999,10702.75308695652,32,10388.0,0.03798743669256013,32,10388.0
20585.0,60,32696.0,447.8904109589041,0.9132192721341421,62153.50199261487,851.4178355152723,738490.3199999998,10116.305753424656,31,10502.0,0.030401985489591804,31,10502.0
20590.0,59,32864.0,456.44444444444446,1.0427887413307109,62436.46552543063,867.1731322976478,728309.5689999998,10115.410680555557,32,10615.0,0.06808623099200803,32,10615.0
20595.0,62,33136.0,466.7042253521127,0.32378576725920094,62772.97941935122,884.126470695088,728309.0089999998,10257.87336619718,36,10774.0,0.012972888361791975,36,10774.0
20600.0,54,22268.0,300.9189189189189,1.251059197657855,63111.93150634313,852.8639392749076,738549.3749999998,9980.396959459458,31,6943.0,0.032370361059636046,31,6943.0
20605.0,52,15135.0,204.52702702702703,2.272158433155512,63283.369224081864,855.1806651902957,728387.1209999998,9843.069202702702,33,7087.0,0.02386892123133098,33,7087.0
20610.0,42,7025.0,97.56944444444444,2.378429010476717,61986.04942914128,860.9173531825179,711277.5709999999,9878.855152777778,35,8212.0,0.04121908209208455,35,8212.0
20615.0,44,2633.0,37.614285714285714,2.103656555858358,55874.941068342865,798.2134438334697,680152.8609999999,9716.469442857142,39,9296.0,0.0016213330921162265,39,9296.0
20620.0,34,626.0,9.484848484848484,2.3684761559396312,43254.677211449576,655.3738971431754,618044.8449999999,9364.315833333332,24,7967.0,0.0816511606207298,24,7967.0
20625.0,41,801.0,11.608695652173912,2.948993519706764,42556.35677965849,616.758793908094,656165.3319999998,9509.642492753623,25,7425.0,0.05512820794066597,25,7425.0
20630.0,49,1022.0,15.029411764705882,2.5326505739726644,42487.116421038256,624.8105356035039,674763.1159999998,9922.987,28,7531.0,8.083161182504721e-05,28,7531.0
20635.0,53,1279.0,20.3015873015873,1.1266325363664085,41448.03449884508,657.9053095054776,711939.3579999999,11300.624730158728,28,7646.0,0.035866280046402785,28,7646.0
20640.0,53,1280.0,21.694915254237287,0.567019964533925,41247.6027879463,699.1119116601067,711934.3899999998,12066.684576271186,25,7444.0,0.01938801887386011,25,7444.0
20645.0,48,1280.0,20.0,1.7040605013166816,41428.84420469692,647.3256906983895,711940.1619999999,11124.06503125,20,7255.0,0.05814169829470109,20,7255.0
20650.0,48,1319.0,20.29230769230769,1.9160506428823505,41503.268151879645,638.511817721225,701785.5019999997,10796.70003076923,19,7322.0,0.15690292620895147,19,7322.0
20655.0,52,1515.0,23.307692307692307,1.1202244184803365,41604.309586316864,640.0663013279516,701922.4269999997,10798.806569230768,26,7536.0,0.06495157239915536,26,7536.0
20660.0,49,1463.0,22.50769230769231,1.6414492907709028,41552.406285307756,639.2677890047348,702174.2679999998,10802.681046153844,22,7422.0,0.12097511419993906,22,7422.0
20665.0,52,1706.0,25.08823529411765,1.8397072805925268,41836.852488210214,615.2478307089737,712468.9599999998,10477.484705882353,26,7453.0,0.08920572080907523,26,7453.0
20670.0,56,1974.0,29.46268656716418,1.3644549914486832,42062.438863762174,627.7975949815252,733055.7069999999,10941.12995522388,30,7585.0,0.05149664010030939,30,7585.0
20675.0,60,2269.0,34.90769230769231,0.7726725864353479,42262.078348786614,650.1858207505634,733054.6769999999,11277.76426153846,32,7727.0,0.009825614267736855,32,7727.0
20680.0,54,2399.0,36.90769230769231,1.2302888372103533,42409.253724495786,652.4500572999352,733056.565,11277.793307692307,26,7468.0,0.039939354951415935,26,7468.0
20685.0,51,2561.0,39.4,1.9955950234044328,42649.41190788858,656.1447985829012,733056.565,11277.793307692307,23,7265.0,0.0749479721746603,23,7265.0
20690.0,47,2696.0,42.125,2.2789200244659513,42844.98987149646,669.4529667421318,722816.3709999999,11294.005796875,20,6932.0,0.10114514367837672,20,6932.0
20695.0,50,2918.0,47.83606557377049,1.5137255120325532,42505.48097725329,696.8111635615292,692322.3909999998,11349.547393442623,23,7031.0,0.09217682661546762,23,7031.0
20700.0,53,3173.0,53.779661016949156,0.7982233600027182,42216.63260085289,715.5361457771675,672138.9139999999,11392.184983050847,27,7144.0,0.06803676831126731,27,7144.0
20705.0,47,2990.0,46.0,1.743962867095086,42333.755057627735,651.2885393481187,682591.391,10501.406015384617,21,6748.0,0.08083732824107155,21,6748.0
20710.0,51,3235.0,48.28358208955224,2.531956612102977,42604.330890727935,635.8855356825062,703214.3409999999,10495.736432835824,24,6781.0,0.12072790823245787,24,6781.0
20715.0,54,3496.0,52.17910447761194,1.7212105916177178,42737.96327194512,637.8800488350017,713525.1889999999,10649.629686567167,28,6882.0,0.05835248541975618,28,6882.0
20720.0,60,3785.0,60.07936507936508,0.36324878342143957,42584.3646936551,675.9422967246842,734137.6809999999,11652.979063492063,34,7011.0,0.01642556070867272,34,7011.0
20725.0,53,3819.0,57.0,1.3828870530492734,42857.27070441249,639.6607567822758,754759.315,11265.064402985077,26,6955.0,0.05831120456486064,26,6955.0
20730.0,54,4082.0,58.31428571428572,2.1921436935877177,43151.31339216001,616.4473341737145,765068.1529999999,10929.545042857144,27,6985.0,0.09401328534571322,27,6985.0
20735.0,57,4357.0,63.14492753623188,1.8504489857019706,43394.710556360726,628.9088486429093,765067.2089999999,11087.930565217392,29,7080.0,0.00375494863410529,29,7080.0
20740.0,59,4650.0,72.65625,0.6297282417139353,43470.528368297346,679.2270057546461,765060.9789999999,11954.077796875,31,7203.0,0.023509906827976903,31,7203.0
20745.0,52,4582.0,72.73015873015873,0.7937548522940862,43701.13998165842,693.6688885977526,765061.8139999999,12143.838317460317,24,6930.0,0.04867666832791164,24,6930.0
20750.0,47,4626.0,73.42857142857143,2.1767083053995004,43978.35326640424,698.0690994667339,765061.8139999999,12143.838317460317,19,6752.0,0.10385698291865213,19,6752.0
20755.0,47,4739.0,75.22222222222223,1.8226096578631388,43995.15582485402,698.3358067437146,744560.651,11818.423031746031,20,6816.0,0.0700636168779713,20,6816.0
20760.0,50,4954.0,81.21311475409836,1.369056430153621,44002.05819246083,721.3452162698496,724057.087,11869.788311475411,23,6919.0,0.04732425390928918,23,6919.0
20765.0,50,5131.0,81.44444444444444,1.1878940348717464,43987.54657643352,698.2150250227542,703584.9360000001,11168.014857142858,24,6959.0,0.026254796025619413,24,6959.0
20770.0,55,5391.0,82.93846153846154,1.3871910785872046,44277.189441541894,681.1875298698754,724259.5680000001,11142.454892307693,27,7057.0,0.09041261775035461,27,7057.0
20775.0,56,5660.0,87.07692307692308,1.0261644887659576,44540.762982857756,685.242507428581,734595.302,11301.466184615385,29,7169.0,0.037307794700631544,29,7169.0
20780.0,58,5947.0,90.10606060606061,0.8967887546185088,44809.65370448105,678.9341470375919,744927.1010000001,11286.774257575758,32,7296.0,0.05041997771818807,32,7296.0
20785.0,54,6062.0,94.71875,1.0400211346299963,45067.9138860014,704.1861544687721,744927.1010000001,11639.485953125,26,7184.0,0.026146542614887296,26,7184.0
20790.0,49,6203.0,96.921875,1.758782779588896,45350.983274116064,708.6091136580634,744927.1010000001,11639.485953125,21,7115.0,0.07521880103406593,21,7115.0
20795.0,48,6366.0,99.46875,1.6921614838774781,45578.57673783907,712.1652615287354,734616.5780000001,11478.38403125,21,7187.0,0.054197515481113054,21,7187.0
20800.0,51,6599.0,108.18032786885246,0.9003731479331692,45605.00225062509,747.6229877151652,703706.944,11536.179409836068,24,7285.0,0.06222723618342478,24,7285.0
20805.0,49,6762.0,100.92537313432835,1.356205784134969,45786.018221859085,683.3734062964041,703772.905,10504.073208955226,23,7300.0,0.03816615489360557,23,7300.0
20810.0,51,7015.0,103.16176470588235,1.9421903985022377,45990.05961039557,676.324406035229,714159.6890000001,10502.348367647059,25,7393.0,0.10260058356191544,25,7393.0
20815.0,56,7288.0,105.6231884057971,1.4980723779830087,46285.15641374344,670.7993683151221,724511.2990000001,10500.163753623188,30,7506.0,0.07216290248214059,30,7506.0
20820.0,64,7591.0,115.01515151515152,0.028149235693854986,46474.83970918659,704.1642380179786,734858.201,11134.215166666667,37,7648.0,0.0026592698700351734,37,7648.0
20825.0,58,7760.0,110.85714285714286,1.1744005318155057,46804.35851356038,668.6336930508627,734861.775,10498.025357142858,30,7599.0,0.049442389457213666,30,7599.0
20830.0,57,7926.0,108.57534246575342,1.78785901001083,47109.746270953656,645.3389900130637,734863.512,10066.623452054795,27,7542.0,0.11188367540247915,27,7542.0
20835.0,55,8126.0,112.86111111111111,1.6278787646307282,47312.843218921655,657.122822485023,724548.8269999999,10063.178152777778,27,7641.0,0.061864449713259065,27,7641.0
20840.0,59,8392.0,121.6231884057971,0.7161598572235215,47386.790990809786,686.7650868233302,693596.7519999999,10052.126840579711,32,7777.0,0.058349695476985965,32,7777.0
20845.0,54,8011.0,112.83098591549296,1.4576657305007557,47599.38509974045,670.4138746442316,704021.323,9915.793281690143,26,7300.0,0.05574179442704233,26,7300.0
20850.0,55,8279.0,114.98611111111111,2.239872743430334,47900.389302731106,665.2831847601542,714389.673,9922.078791666667,29,7359.0,0.04747461849670703,29,7359.0
20855.0,60,8569.0,119.01388888888889,1.8389710873320153,47970.03350740979,666.2504653806913,724755.787,10066.052597222222,34,7489.0,0.0100086103194141,34,7489.0
20860.0,61,8871.0,132.40298507462686,0.7323266634819914,47796.05927294294,713.3740189991485,735121.05,10971.955970149254,34,7629.0,0.03934012452641295,34,7629.0
20865.0,57,9029.0,136.8030303030303,0.9437608074442353,48088.80792607557,728.618301910236,735121.05,11138.197727272727,29,7545.0,0.0559620394623836,29,7545.0
20870.0,54,9194.0,139.3030303030303,1.388628155568219,48391.998204397016,733.212094006015,735121.05,11138.197727272727,26,7485.0,0.03414905923185707,26,7485.0
20875.0,51,9378.0,144.27692307692308,1.4291596267271771,48668.38402399653,748.7443695999465,724748.1980000001,11149.972276923078,24,7576.0,0.05240352601613471,24,7576.0
20880.0,53,9622.0,155.19354838709677,0.8101550806615644,48680.47028483841,785.1688755619099,693762.709,11189.721112903228,27,7691.0,0.045683932088057946,27,7691.0
20885.0,46,8943.0,127.75714285714285,1.5837168391524497,48749.411807442135,696.4201686777448,693914.4010000001,9913.062871428574,20,7169.0,0.0865748363628353,20,7169.0
20890.0,46,8992.0,124.88888888888889,2.3023105452500596,49044.74694275674,681.1770408716214,714682.8700000001,9926.150972222222,17,6892.0,0.1743429505350499,17,6892.0
20895.0,50,9217.0,129.81690140845072,0.6673734419596737,48958.8789864521,689.5616758655227,714739.0110000002,10066.746633802819,22,6943.0,0.0537951773998271,22,6943.0
20900.0,59,9484.0,129.91780821917808,0.9133989452597234,49299.166132204984,675.3310429069177,725133.0160000001,9933.32898630137,33,7062.0,0.02996926986424548,33,7062.0
20905.0,52,9235.0,126.5068493150685,1.9507801257117643,49597.48565040535,679.4176116493883,725150.747,9933.571876712329,25,6803.0,0.0937268747623912,25,6803.0
20910.0,55,9490.0,126.53333333333333,2.027738182812573,49568.358149945605,660.9114419992746,735588.535,9807.847133333335,28,6771.0,0.058699300770953436,28,6771.0
20915.0,57,9766.0,133.78082191780823,1.8399378967904727,49415.64563846436,676.9266525817036,735584.23,10076.496301369865,29,6872.0,0.0004757356895740585,29,6872.0
20920.0,59,10061.0,145.81159420289856,1.4236646839553007,49517.16046201229,717.6400066958306,735582.6240000001,10660.617739130434,31,6997.0,0.022304620497281224,31,6997.0
20925.0,55,10174.0,154.15151515151516,1.2614889920970582,49600.643989439006,751.524908930894,735579.392,11145.142303030303,27,6926.0,0.013722283593689254,27,6926.0
20930.0,50,10298.0,163.46031746031747,1.63497463820142,49739.02063373664,789.5082640275658,735579.392,11675.863365079367,22,6876.0,0.057534183087124456,22,6876.0
20935.0,48,10443.0,165.76190476190476,1.3632103949259438,49857.72432566414,791.3924496137166,714859.8369999999,11346.981539682538,21,6951.0,0.055772755379666285,21,6951.0
20940.0,51,10664.0,172.0,1.1807564671915818,50000.490732867474,806.4595279494753,704531.3539999999,11363.408935483872,24,7056.0,0.044312230217703294,24,7056.0
20945.0,49,10840.0,169.375,1.1863997432419295,50069.78593050645,782.340405164163,694241.0839999999,10847.5169375,23,7092.0,0.05185775621632978,23,7092.0
20950.0,56,11101.0,168.1969696969697,1.6848798273660723,50355.96084248631,762.969103674035,715072.0889999999,10834.42559090909,28,7183.0,0.11383914334193311,28,7183.0
20955.0,56,11373.0,172.3181818181818,0.8636192201034244,50629.96357988726,767.1206603013219,725483.763,10992.178227272729,30,7296.0,0.013828835537976116,30,7296.0
20960.0,62,11676.0,174.26865671641792,0.5332736914363904,50913.93091427989,759.909416631043,735897.7629999999,10983.548701492538,35,7438.0,1.594543280539714e-05,35,7438.0
20965.0,56,11833.0,174.01470588235293,1.2531178637259996,51145.68922358496,752.1424885821316,735897.7629999999,10822.02592647059,28,7381.0,0.020892453084753525,28,7381.0
20970.0,51,11985.0,176.25,2.0263481262141294,51439.95699379111,756.4699557910455,735897.7629999999,10822.02592647059,23,7331.0,0.10708398107019276,23,7331.0
20975.0,51,12169.0,176.36231884057972,1.6970914262808257,51717.31374788079,749.5262862011709,725480.634,10514.212086956522,24,7367.0,0.06835922486350438,24,7367.0
20980.0,54,12418.0,182.61764705882354,1.2561113272429756,51747.865520903244,760.9980223662242,704784.161,10364.472955882353,28,7486.0,0.08663819535949538,28,7486.0
20985.0,52,12579.0,184.98529411764707,1.1549451379976603,51747.01140943138,760.9854619034024,684089.8489999999,10060.144838235296,26,7502.0,0.07750150819478627,26,7502.0
20990.0,58,12858.0,183.68571428571428,1.5180278113206396,52054.0843938627,743.6297770551812,704950.861,10070.726585714287,32,7621.0,0.03230801318811232,32,7621.0
20995.0,61,13154.0,182.69444444444446,1.5454638063047739,52363.85929720255,727.2758235722575,725813.8330000001,10080.747680555556,34,7757.0,0.06405781707791859,34,7757.0
21000.0,64,13462.0,197.97058823529412,0.4280517051747054,52544.48500741503,772.7130148149269,736243.1010000001,10827.104426470589,38,7905.0,0.02573970621677536,38,7905.0
21005.0,54,13120.0,182.22222222222223,1.1992714305872167,52869.858189889506,734.3035859706874,746669.1810000001,10370.405291666668,27,7518.0,0.041008022338107915,27,7518.0
21010.0,53,13234.0,178.83783783783784,2.0124770720639495,53181.0866888925,718.6633336336822,746670.5050000001,10090.141959459457,21,7290.0,0.15076199554294872,21,7290.0
21015.0,49,13417.0,181.3108108108108,1.6037759230242958,53504.63603443383,723.0356220869435,746670.5050000001,10090.141959459457,22,7366.0,0.03711311216384967,22,7366.0
21020.0,56,13674.0,195.34285714285716,1.0320228977619528,53461.07040383621,763.72957719766,715442.946,10220.613514285713,30,7481.0,0.04822245819727052,30,7481.0
21025.0,58,13905.0,198.64285714285714,1.0213297083354214,53598.07532626792,765.6867903752561,725887.882,10369.826885714287,31,7448.0,0.02194047647734987,31,7448.0
21030.0,55,14151.0,208.10294117647058,1.3468333095731735,53545.59420317364,787.4352088702004,725883.891,10674.763102941175,29,7415.0,0.05636073839238346,29,7415.0
21035.0,54,14405.0,215.0,1.2758013949261744,53597.203114484495,799.958255440067,705115.4219999999,10524.110776119402,27,7474.0,0.05665546187470291,27,7474.0
21040.0,57,14674.0,215.7941176470588,1.017115094201457,53676.81080779137,789.3648648204611,694802.66,10217.686176470586,30,7590.0,0.05672813292130782,30,7590.0
21045.0,52,14770.0,208.0281690140845,1.8636045089272466,53873.00992706881,758.7747877051945,694874.714,9786.9678028169,26,7532.0,0.09180305328577662,26,7532.0
21050.0,55,15039.0,208.875,1.7174467696262505,54102.53887039033,751.4241509776434,705364.0430000001,9796.722819444445,29,7641.0,0.07733635120895062,29,7641.0
21055.0,60,15333.0,212.95833333333334,1.145532888049696,54337.65909693825,754.6897096796981,715820.4110000001,9941.95015277778,34,7775.0,0.010847318208277742,34,7775.0
21060.0,64,15651.0,220.43661971830986,0.9953366302995247,54563.84879130517,768.5049125535938,736725.0550000002,10376.409225352114,38,7933.0,0.05978748724180685,38,7933.0
21065.0,55,15669.0,208.92,1.47793422796914,54840.362405538246,731.2048320738431,757628.0030000001,10101.706706666668,28,7690.0,0.07314661400118821,28,7690.0
21070.0,57,15846.0,211.28,1.7962330307349035,55167.07652287124,735.5610203049497,757628.0030000001,10101.706706666668,26,7734.0,0.10502963122877734,26,7734.0
21075.0,56,16063.0,220.04109589041096,1.1837164070969588,55361.39419975556,758.3752630103498,736766.9580000001,10092.698054794519,29,7838.0,0.038886465310722984,29,7838.0
21080.0,60,16348.0,230.25352112676057,1.0267890651354536,55666.287329451545,784.0322159077681,715850.2870000001,10082.398408450705,34,7976.0,0.012935970845515624,34,7976.0
21085.0,50,14982.0,208.08333333333334,1.9318924890324018,55814.16514028483,775.1967380595116,726324.955,10087.846597222222,22,6887.0,0.05478782238900247,22,6887.0
21090.0,51,15230.0,205.8108108108108,3.2489661841146145,55895.23328502788,755.3409903382146,726378.7149999999,9815.92858108108,24,6543.0,0.06647734745263074,24,6543.0
21095.0,53,15491.0,221.3,2.911704016477892,55434.94384895948,791.9277692708497,726374.4849999999,10376.778357142857,25,6635.0,0.057466037283932896,25,6635.0
21100.0,55,15761.0,250.17460317460316,1.072968716543811,54757.006653659686,869.1588357723758,726366.6969999998,11529.63011111111,27,6735.0,0.028923498756068124,27,6735.0
21105.0,51,15883.0,273.8448275862069,0.8041339698963562,54839.52695472734,945.5090854263335,726361.8529999999,12523.48022413793,23,6699.0,0.035607323040394705,23,6699.0
21110.0,51,16138.0,278.2413793103448,0.9786393557153764,55107.2509282816,950.1250160048552,726361.8529999999,12523.48022413793,23,6772.0,0.0,23,6772.0
21115.0,51,16393.0,273.21666666666664,1.5069828138431485,55373.34258354711,922.8890430591185,726363.4649999999,12106.057750000002,23,6857.0,0.0,23,6857.0
21120.0,51,16648.0,297.2857142857143,1.2129685442891636,55514.083408244675,991.3229180043691,726359.7109999998,12970.709124999998,23,6942.0,0.0,23,6942.0
21125.0,45,16607.0,281.47457627118644,1.290680838043797,55682.06650921453,943.7638391392295,726365.7109999998,12311.283237288137,17,6780.0,0.04579391657466876,17,6780.0
21130.0,42,16583.0,281.06779661016947,2.7019901191967826,55932.55926911935,948.0094791376164,726365.7109999998,12311.283237288137,14,6646.0,0.21617401679362,14,6646.0
21135.0,41,16603.0,276.71666666666664,1.4469739045146817,56049.39273688776,934.1565456147958,715940.0509999999,11932.334183333332,14,6684.0,0.08945944618033567,14,6684.0
21140.0,47,16786.0,275.1803278688525,1.2460605751631533,56149.08951539082,920.4768773014887,705553.3269999999,11566.447983606558,21,6840.0,0.09955028365395936,21,6840.0
21145.0,46,16971.0,282.85,1.5407834603193378,56157.257172695725,935.9542862115954,695202.1979999999,11586.7033,20,6865.0,0.04590659734394145,20,6865.0
21150.0,52,17216.0,277.6774193548387,1.353068294397291,56430.915627469665,910.1760585075754,716224.8669999999,11552.013983870967,25,6949.0,0.05171501329537037,25,6949.0
21155.0,55,17480.0,277.46031746031747,1.1664017591927576,56676.358264013135,899.6247343494149,737235.2099999998,11702.146190476187,28,7054.0,0.0314098246730783,28,7054.0
21160.0,58,17760.0,296.0,0.48265104987010243,56926.32552549157,948.7720920915264,737235.1179999999,12287.251966666665,30,7170.0,0.029865027987193628,30,7170.0
21165.0,52,17889.0,288.53225806451616,0.841365820132926,57193.98241091627,922.4835872728431,737232.8739999998,11890.852806451614,24,7037.0,0.020220659022426736,24,7037.0
21170.0,48,18047.0,291.0806451612903,2.128949775884517,57465.690490106594,926.8659756468805,737232.8739999998,11890.852806451614,20,6928.0,0.09729767712869429,20,6928.0
21175.0,44,18174.0,297.9344262295082,2.325853551923999,57704.354238955384,945.9730203107442,726722.4719999998,11913.483147540983,17,6735.0,0.12764499245354885,17,6735.0
21180.0,45,18377.0,311.47457627118644,1.7373431162781232,57645.47896787193,977.0420164046093,705868.0409999999,11963.865101694915,19,6827.0,0.10203110832352574,19,6827.0
21185.0,49,18611.0,305.0983606557377,1.173824881896763,57527.310762230874,943.0706682332928,695597.9099999998,11403.244426229508,22,6901.0,0.04318747624128868,22,6901.0
21190.0,51,18806.0,303.3225806451613,1.4438692128086652,57568.75440813357,928.5282969053803,685220.0459999999,11051.936225806452,23,6936.0,0.09062378662175109,23,6936.0
21195.0,51,19057.0,297.765625,1.277868322962374,57848.96687807229,903.8901074698797,706266.5459999999,11035.414781250001,25,7027.0,0.05391254840852711,25,7027.0
21200.0,56,19324.0,297.2923076923077,1.2585308294970803,58121.03198520408,894.1697228492935,727313.9789999998,11189.44583076923,29,7134.0,0.05108040699075398,29,7134.0
21205.0,58,19607.0,280.1,1.6774992980270218,58424.928599648716,834.6418371378387,737840.0009999998,10540.571442857141,32,7257.0,0.06746630839843601,32,7257.0
21210.0,53,19741.0,290.30882352941177,1.336925954157803,58644.032400403055,862.4122411823979,758883.3989999996,11160.049985294118,27,7147.0,0.08857145282659072,27,7147.0
21215.0,52,19915.0,288.6231884057971,1.9023796713188255,58943.617854440396,854.2553312237739,758883.3989999996,10998.310130434782,24,7059.0,0.0680336976234811,24,7059.0
21220.0,50,20100.0,287.14285714285717,1.9955295197060037,59101.95827875803,844.3136896965434,748431.8389999998,10691.883414285714,23,7146.0,0.08222407523187224,23,7146.0
21225.0,54,20352.0,303.76119402985074,1.1638622262256686,59242.52780848595,884.216832962477,716917.6109999998,10700.262850746267,28,7255.0,0.07384018212655744,28,7255.0
21230.0,56,20584.0,316.67692307692306,0.7192336942594847,59288.756963524786,912.1347225157658,696011.4369999998,10707.86826153846,30,7335.0,0.029127799968708165,30,7335.0
21235.0,59,20871.0,311.5074626865672,0.8024080028070709,59598.09032874198,889.5237362498802,717075.3309999998,10702.616880597014,33,7462.0,0.033218726710252576,33,7462.0
21240.0,63,21174.0,311.38235294117646,0.7959192138902709,59883.883049166725,880.6453389583343,738135.4659999997,10854.933323529413,36,7605.0,0.02236003404339058,36,7605.0
21245.0,63,21487.0,298.43055555555554,0.7571291546343699,60182.88183721725,835.8733588502396,738140.9879999998,10251.958166666667,36,7755.0,0.011876756878944378,36,7755.0
21250.0,53,21080.0,296.90140845070425,1.5681002224941902,60492.335524143076,852.0047256921561,738140.9879999998,10396.35194366197,25,7474.0,0.12294323729904076,25,7474.0
21255.0,55,21225.0,298.943661971831,1.274004200929443,60809.363009803405,856.4699015465268,738140.9879999998,10396.35194366197,26,7362.0,0.06535680193048721,26,7362.0
21260.0,58,21418.0,305.9714285714286,0.947756487224737,60975.7402835562,871.082004050803,738140.7139999998,10544.86734285714,29,7466.0,0.011664922567313905,29,7466.0
21265.0,60,21663.0,313.95652173913044,0.6877274973482473,61274.010714033,888.0291407830873,727627.8729999999,10545.331492753623,33,7611.0,0.003868142866055789,33,7611.0
21270.0,59,21898.0,317.3623188405797,1.0865980226268628,61176.56201806869,886.6168408415754,738176.9759999999,10698.21704347826,32,7702.0,0.013071902713970004,32,7702.0
21275.0,60,22192.0,317.0285714285714,1.7946818905447175,61488.106183589916,878.4015169084275,738176.9759999999,10545.38537142857,32,7832.0,0.028685361408329856,32,7832.0
21280.0,60,22492.0,335.7014925373134,0.7653273684659525,61646.14892319908,920.0917749731209,727664.3279999999,10860.661611940299,32,7962.0,0.02746228283481696,32,7962.0
21285.0,64,22808.0,335.4117647058824,0.4104717942398349,61929.70887955435,910.7310129346233,727667.3279999999,10700.99011764706,36,8108.0,7.26290865469151e-05,36,8108.0
21290.0,56,22880.0,336.47058823529414,1.2534860437874986,62225.21611773876,915.0767076138055,727664.3359999998,10700.946117647058,28,7893.0,0.06818217676986921,28,7893.0
21295.0,51,22995.0,323.8732394366197,1.9925752291336958,62530.35938746773,880.7092871474331,727668.9599999998,10248.858591549293,23,7744.0,0.08036032010949315,23,7744.0
21300.0,50,23114.0,339.9117647058824,2.055658349316877,62571.675336027365,920.1716961180496,706626.5189999999,10391.566455882352,24,7832.0,0.09392107666557181,24,7832.0
21305.0,56,23379.0,338.82608695652175,1.1059779139980874,62546.389411348595,906.4694117586754,696192.7329999998,10089.749753623188,30,7964.0,0.04039015227987351,30,7964.0
21310.0,45,22144.0,325.6470588235294,2.0099050711337187,62639.765199886824,921.1730176453945,685720.3529999998,10084.122838235293,19,6968.0,0.10588183194900049,19,6968.0
21315.0,49,22379.0,319.7,3.1632181803130575,62915.4768631183,898.7925266159756,706891.0629999997,10098.443757142855,23,6674.0,0.07787937583526054,23,6674.0
21320.0,53,22635.0,314.375,2.8317733736426516,62788.436826545774,872.0616225909133,728049.4039999999,10111.797277777778,26,6765.0,0.041662592633370264,26,6765.0
21325.0,54,22900.0,357.8125,1.4308620108228869,61945.62607002632,967.9004073441613,738618.8739999998,11540.91990625,28,6870.0,0.030263678482986743,28,6870.0
21330.0,51,22991.0,376.9016393442623,1.303896089163201,62137.688611776546,1018.6506329799435,738617.8299999998,12108.48901639344,23,6808.0,0.06604621534471049,23,6808.0
21335.0,52,23250.0,381.1475409836066,1.3428856631144155,62386.250265186354,1022.725414183383,738614.8299999998,12108.43983606557,24,6883.0,3.684799049542862e-07,24,6883.0
21340.0,52,23510.0,398.47457627118644,1.5243792870989148,62579.99892832697,1060.6779479377456,738614.3079999998,12518.886576271183,24,6973.0,0.03913040405763855,24,6973.0
21345.0,53,23772.0,402.91525423728814,0.6852451272377464,62755.5261787197,1063.6529860799951,738614.2969999998,12518.886389830506,25,7065.0,0.006075383142238131,25,7065.0
21350.0,52,24018.0,428.89285714285717,0.7641028056992284,62946.19297589976,1124.0391602839247,738614.2969999998,13189.541017857144,24,7141.0,0.03249287946465222,24,7141.0
21355.0,52,24278.0,433.5357142857143,0.6697069945201273,63209.27193054746,1128.7369987597763,738614.2969999998,13189.541017857144,24,7231.0,0.02827168188309278,24,7231.0
21360.0,54,24546.0,438.32142857142856,0.4766009614824916,63479.51517246709,1133.5627709369126,738614.2969999998,13189.541017857144,26,7329.0,1.2430066546587898e-05,26,7329.0
21365.0,54,24816.0,406.8196721311475,0.807051241869721,63739.27987438014,1044.906227448855,738620.2029999999,12108.527918032787,26,7429.0,0.0,26,7429.0
21370.0,49,24657.0,391.3809523809524,1.8786046312890996,64007.699376111865,1015.995228192252,738621.9019999999,11724.157174603173,19,7153.0,0.1296475515436516,19,7153.0
21375.0,43,24573.0,390.04761904761904,2.2335113101509405,64273.28009176133,1020.2107951073227,738621.9019999999,11724.157174603173,15,6953.0,0.11229953070579661,15,6953.0
21380.0,46,24625.0,403.6885245901639,1.9588793564657476,64313.635732847295,1054.3218972597915,717517.6479999999,11762.584393442621,18,6886.0,0.14023408125558642,18,6886.0
21385.0,50,24749.0,419.47457627118644,0.8749761471418078,64202.70415006856,1088.1814262723485,696524.0529999998,11805.492423728812,23,7011.0,0.0592588601836713,23,7011.0
21390.0,46,24858.0,428.58620689655174,1.2709349305517263,64149.4821779581,1106.0255547923814,686117.0359999998,11829.604068965516,20,7025.0,0.05387493266634747,20,7025.0
21395.0,48,25092.0,411.344262295082,1.8050840995257562,64412.97108593681,1055.9503456710954,707391.1439999999,11596.57613114754,22,7088.0,0.08898747796879529,22,7088.0
21400.0,50,25337.0,395.890625,1.8041954607738706,64647.630291678186,1010.1192233074715,728662.1279999998,11385.34575,23,7173.0,0.03457434401867139,23,7173.0
21405.0,54,25601.0,419.6885245901639,0.9739489736101299,64804.90309163263,1062.3754605185675,739289.9569999998,12119.507491803277,28,7277.0,0.07870321710096431,28,7277.0
21410.0,49,25728.0,421.7704918032787,1.204115260946091,65059.734467377406,1066.5530240553674,749924.1989999998,12293.83932786885,22,7086.0,0.08719988498656449,22,7086.0
21415.0,48,25871.0,424.11475409836066,1.9042998733240737,65331.15155468617,1071.0024845030516,749924.1989999998,12293.83932786885,20,6922.0,0.058778178778158524,20,6922.0
21420.0,45,26046.0,441.45762711864404,1.5308797873396596,65402.961507492655,1108.5247713134347,728757.5169999999,12351.8223220339,18,6982.0,0.07264416503265943,18,6982.0
21425.0,48,26265.0,430.57377049180326,1.1074389620727143,65344.4712894902,1071.2208408113147,697048.7889999999,11427.02932786885,21,7060.0,0.04326190484008027,21,7060.0
21430.0,47,26450.0,433.60655737704917,1.5646282545666046,65446.953415085445,1072.9008756571384,697165.565,11428.94368852459,21,7095.0,0.11496797761795578,21,7095.0
21435.0,50,26694.0,423.7142857142857,1.2542011777773379,65723.15767576786,1043.2247250121882,718461.628,11404.152825396826,24,7179.0,0.08029455434157401,24,7179.0
21440.0,54,26959.0,427.92063492063494,1.258498950084538,65984.15313478454,1047.367510075945,729106.3620000001,11573.116857142859,28,7284.0,0.032375447179500125,28,7284.0
21445.0,57,27236.0,406.5074626865672,1.173448677036534,66244.73074636572,988.7273245726229,739750.256,11041.048597014928,30,7398.0,0.0008585636638526648,30,7398.0
21450.0,51,27369.0,414.6818181818182,1.7438460919112904,66519.13699828305,1007.8657120951978,739751.5520000001,11208.356848484851,23,7245.0,0.10658068164875359,23,7245.0
21455.0,46,27500.0,416.6666666666667,2.1953453875872704,66765.90100639871,1011.6045607030107,739751.5520000001,11208.356848484851,18,7110.0,0.08306178670956438,18,7110.0
21460.0,49,27670.0,419.24242424242425,1.681587176019726,67049.20342055688,1015.8970215235893,739751.5520000001,11208.356848484851,22,7187.0,0.08757377072980073,22,7187.0
21465.0,56,27915.0,450.241935483871,0.48975836177115656,66871.19101642481,1078.5675970391098,697404.0980000001,11248.453193548388,29,7305.0,0.0391135132782944,29,7305.0
21470.0,54,28166.0,447.07936507936506,0.6945615872525106,67167.68579050533,1066.1537427064343,708070.9240000001,11239.221015873018,28,7411.0,0.013859350833322787,28,7411.0
21475.0,58,28447.0,431.0151515151515,0.9496909695709149,67343.50379847389,1020.356118158695,718825.116,10891.289636363637,32,7532.0,0.04272283545786141,32,7532.0
21480.0,59,28737.0,428.910447761194,1.0669062536674214,67633.38356782733,1009.4534860869755,740146.494,11046.962597014926,32,7662.0,0.0298331932366905,32,7662.0
21485.0,62,29040.0,414.85714285714283,0.6966059153561801,67934.34872773924,970.4906961105607,740149.494,10573.564200000003,34,7801.0,0.027376874432244402,34,7801.0
21490.0,58,29197.0,423.1449275362319,1.338862555822594,68241.85657132653,989.0124140771962,740149.494,10726.804260869569,30,7673.0,0.06812464357744107,30,7673.0
21495.0,55,29375.0,425.72463768115944,1.6755509384959932,68548.5866221239,993.4577771322308,740149.494,10726.804260869569,27,7654.0,0.0708927922814559,27,7654.0
21500.0,54,29545.0,428.18840579710144,1.5302849861163625,68677.40145330876,995.3246587436055,718904.735,10418.909202898552,27,7698.0,0.06573607458506793,27,7698.0
21505.0,57,29801.0,444.7910447761194,1.1428185278815888,68715.47150863623,1025.6040523677052,697704.8219999999,10413.50480597015,30,7827.0,0.04626032489420295,30,7827.0
21510.0,54,30007.0,454.6515151515151,1.0747987010797608,68834.10197673044,1042.9409390413705,687116.642,10410.858212121211,28,7889.0,0.03971554641545074,28,7889.0
21515.0,57,30285.0,438.9130434782609,1.532415706939248,69138.18266896441,1002.0026473762957,708482.451,10267.861608695652,31,8007.0,0.06560708674071083,31,8007.0
21520.0,60,30576.0,436.8,1.1873515230438492,69420.80859935093,991.725837133585,729842.6490000001,10426.323557142858,33,8138.0,0.03773890223364212,33,8138.0
21525.0,63,30885.0,428.9583333333333,0.48872115554910045,69661.68139354109,967.5233526880709,740520.962,10285.013361111112,37,8287.0,0.022285292915842702,37,8287.0
21530.0,59,31053.0,425.3835616438356,1.5715967159681874,69992.23820960849,958.797783693267,751199.9800000001,10290.410684931509,31,8251.0,0.0906358838808779,31,8251.0
21535.0,57,31256.0,428.16438356164383,1.5977858991351173,70308.20854707641,963.1261444804989,751199.9800000001,10290.410684931509,29,8171.0,0.05719827099637167,29,8171.0
21540.0,57,31462.0,436.97222222222223,1.4996476881981813,70508.38093181832,979.2830684974768,740568.4850000001,10285.673402777778,30,8287.0,0.05636559986721956,30,8287.0
21545.0,59,31739.0,434.7808219178082,1.235031195814589,70717.08591807174,968.7272043571473,719246.8780000001,9852.69695890411,33,8438.0,0.03726935270191418,33,8438.0
21550.0,52,30855.0,416.9594594594595,2.026723884817151,70815.18314554589,956.961934399269,708670.191,9576.624202702702,23,7605.0,0.11368831563261886,23,7605.0
21555.0,53,31110.0,420.4054054054054,2.78546630520775,71023.004725528,959.7703341287563,708717.11,9577.258243243243,27,7489.0,0.0499824241483795,27,7489.0
21560.0,56,31386.0,424.13513513513516,2.5555857870193965,70990.6938603251,959.3337008152037,730090.8040000001,9866.091945945946,30,7605.0,0.0725257488752504,30,7605.0
21565.0,61,31678.0,472.8059701492537,0.7080372147741323,70397.37499844037,1050.70708952896,740769.2600000001,11056.2576119403,34,7736.0,0.0006088310831534878,34,7736.0
21570.0,56,31835.0,497.421875,0.7307526598199563,70650.36005058016,1103.9118757903143,740765.8780000001,11574.46684375,28,7689.0,0.02537399958152406,28,7689.0
21575.0,52,31995.0,492.2307692307692,1.5520223743703088,70945.1430306869,1091.4637389336447,740765.8780000001,11396.398123076924,24,7663.0,0.040070805606196074,24,7663.0
21580.0,49,32178.0,487.54545454545456,1.6182849753619208,71219.1442110423,1079.07794259155,730074.306,11061.731909090911,22,7744.0,0.0561786155569659,22,7744.0
21585.0,53,32418.0,506.53125,1.141126384316189,71278.9530125626,1113.733640821291,708786.4759999999,11074.7886875,26,7854.0,0.09556572595129634,26,7854.0
21590.0,47,32387.0,514.0793650793651,1.0771178962067358,71390.35066889673,1133.1801693475675,698175.1179999999,11082.144730158732,21,7736.0,0.06084497556376466,21,7736.0
21595.0,52,32635.0,502.0769230769231,1.7383311856946202,71670.33117383682,1102.6204795974893,719587.9989999998,11070.584600000002,25,7775.0,0.08130489630809733,25,7775.0
21600.0,55,32899.0,514.046875,1.2916745934162384,71864.44352129442,1122.8819300202258,730291.577,11410.805890625,29,7885.0,0.021201775082579647,29,7885.0
21605.0,58,33184.0,460.8888888888889,1.2348813665071439,72064.4928786498,1000.8957344256924,741010.108,10291.807055555555,31,8029.0,0.017869164668397948,31,8029.0
21610.0,54,33321.0,469.3098591549296,2.029799538274551,72225.82083631287,1017.2650822015901,741025.0599999998,10436.972676056337,26,7993.0,0.16470776856733538,26,7993.0
21615.0,52,33489.0,471.67605633802816,1.5681756003415173,72536.13797897592,1021.6357461827605,741025.0599999998,10436.972676056337,24,7962.0,0.057801736842646,24,7962.0
21620.0,56,33675.0,474.2957746478873,1.5571083414015576,72854.3035232938,1026.1169510323077,741025.0599999998,10436.972676056337,29,8074.0,0.04580344501917729,29,8074.0
21625.0,59,33945.0,514.3181818181819,0.5454433451769619,72833.54137591635,1103.5385056957023,687574.9789999999,10417.80271212121,33,8215.0,0.034291288305088666,33,8215.0
21630.0,51,32846.0,476.0289855072464,0.9206948961328649,73062.63944743235,1058.8788325714836,698349.2490000001,10121.003608695652,25,7632.0,0.07682876643878896,25,7632.0
21635.0,49,32750.0,454.8611111111111,2.0317945793625447,73371.35080391218,1019.0465389432252,719799.4810000001,9997.215013888888,21,7191.0,0.123071931600162,21,7191.0
21640.0,51,32968.0,451.6164383561644,1.4549085803007529,73685.26097160226,1009.3871365972911,730524.9650000001,10007.191301369863,24,7083.0,0.07967485003379807,24,7083.0
21645.0,60,33250.0,455.47945205479454,0.975236003225819,73071.83856812348,1000.9840899742946,751965.9569999999,10300.903520547945,34,7206.0,0.03750853240640357,34,7206.0
21650.0,58,33324.0,462.8333333333333,1.1674641497144402,73268.54177541635,1017.6186357696723,741304.002,10295.888916666667,32,7156.0,0.04082088333293771,32,7156.0
21655.0,61,33624.0,460.6027397260274,1.5682534450021932,73324.01940365031,1004.4386219678127,741304.8790000001,10154.861356164383,33,7245.0,0.016790937023263126,33,7245.0
21660.0,61,33929.0,471.2361111111111,1.9913295360387866,73446.09423241895,1020.0846421169304,741304.393,10295.894347222222,33,7380.0,2.6514667287822945e-07,33,7380.0
21665.0,61,34234.0,496.1449275362319,0.9214817271257131,73517.35885271967,1065.4689688799956,741297.627,10743.443869565219,33,7515.0,0.0051313847178277115,33,7515.0
21670.0,51,34184.0,517.939393939394,1.3490346492437073,73753.47291700197,1117.4768623788177,741297.627,11231.782227272728,23,7162.0,0.11439060854915489,23,7162.0
21675.0,50,34258.0,519.060606060606,1.1871185135949147,74052.73061565188,1122.0110699341192,741297.627,11231.782227272728,21,7143.0,0.0550738677790679,21,7143.0
21680.0,51,34393.0,513.3283582089553,0.9514483119056771,74109.49053277652,1106.1117989966644,730568.876,10904.013074626864,23,7181.0,0.015874140683307256,23,7181.0
21685.0,53,34613.0,509.0147058823529,1.4427673236295862,74328.46519428158,1093.0656646217883,719846.3920000001,10585.976352941176,27,7307.0,0.031893771710184364,27,7307.0
21690.0,52,34816.0,512.0,1.8629937782191925,74476.75758877104,1095.2464351289866,730602.683,10744.157102941175,26,7380.0,0.08558824444461746,26,7380.0
21695.0,58,35091.0,516.0441176470588,1.4886231448993368,74647.01784206378,1097.7502623832913,741354.682,10902.274735294119,30,7493.0,0.02841577659577924,30,7493.0
21700.0,59,35384.0,536.1212121212121,1.1461424582491984,74763.57497212604,1132.7814389716073,730674.852,11070.831090909092,31,7618.0,0.035809846133562515,31,7618.0
21705.0,61,35683.0,557.546875,0.2679406915854358,75013.33463455041,1172.083353664851,730675.5219999999,11416.80503125,33,7747.0,0.00025235163890859595,33,7747.0
21710.0,61,35988.0,571.2380952380952,0.3592252093053142,75295.46769348177,1195.1661538647902,730675.5219999999,11598.024158730159,33,7882.0,0.0,33,7882.0
21715.0,55,36081.0,572.7142857142857,0.7336852141018674,75595.92078155297,1199.935250500841,730675.5219999999,11598.024158730159,27,7727.0,0.04779655397048803,27,7727.0
21720.0,53,36210.0,574.7619047619048,1.3543723532286918,75886.16373098972,1204.5422814442811,730675.5219999999,11598.024158730159,25,7606.0,0.06084968098298886,25,7606.0
21725.0,49,36298.0,541.7611940298508,1.9331639164611847,76171.4331915195,1136.8870625599925,730678.5219999999,10905.649582089552,22,7584.0,0.08000303573133143,22,7584.0
21730.0,53,36517.0,545.0298507462686,1.6424617393613807,76083.97127009757,1135.5816607477252,709368.541,10587.590164179106,25,7733.0,0.10270374329753676,25,7733.0
21735.0,45,35798.0,542.3939393939394,1.8654045240439607,75912.55547974563,1150.1902345416006,698885.058,10589.167545454546,18,7016.0,0.09745068766953284,18,7016.0
21740.0,49,36032.0,537.7910447761194,2.6189473033314874,76182.51466128063,1137.052457631054,709674.0179999999,10592.14952238806,23,6928.0,0.07997169981412004,23,6928.0
21745.0,53,36288.0,533.6470588235294,2.170665181790526,76313.16069143805,1122.2523631093834,731259.2819999998,10753.812970588235,27,7024.0,0.0004424344277817208,27,7024.0
21750.0,54,36558.0,599.311475409836,1.155606671813508,75798.90683595819,1242.6050300976754,742042.4319999999,12164.630032786883,28,7134.0,0.044138968238995685,28,7134.0
21755.0,49,36670.0,621.5254237288135,1.1639168147505632,75944.29423659224,1287.1914277388514,752828.4659999999,12759.804508474577,22,7101.0,0.06466513206378584,22,7101.0
21760.0,51,36921.0,595.5,1.4217468531049424,76218.01839427868,1229.3228773270757,752830.8199999998,12142.432580645162,23,7167.0,0.04569670284840429,23,7167.0
21765.0,52,37180.0,572.0,1.8665980117592067,76455.12019806607,1176.2326184317858,752836.8779999999,11582.105815384613,24,7256.0,0.11787661696048965,24,7256.0
21770.0,54,37446.0,603.9677419354839,0.9732773364389352,76665.57333047791,1236.541505330289,752833.2079999999,12142.471096774194,26,7352.0,0.07629919780753801,26,7352.0
21775.0,50,37428.0,623.8,0.7390379858469817,76865.74808190584,1281.0958013650973,752833.2079999999,12547.220133333332,22,7106.0,0.03743560231819779,22,7106.0
21780.0,47,37467.0,624.45,1.7479306107114505,77135.36964872341,1285.5894941453907,752833.2079999999,12547.220133333332,19,6937.0,0.05422910173721391,19,6937.0
21785.0,44,37546.0,577.6307692307693,2.190951299179866,77405.3336888034,1190.8512875200524,752836.6919999999,11582.102953846153,17,6992.0,0.06099033043296545,17,6992.0
21790.0,46,37741.0,629.0166666666667,1.7223472814054517,77195.37231100228,1286.5895385167048,699076.666,11651.277766666666,20,7086.0,0.1348210591731358,20,7086.0
21795.0,47,37907.0,621.4262295081967,1.3940474147618962,77291.89627829453,1267.080266857288,710021.2549999999,11639.692704918032,21,7121.0,0.0747816056930902,21,7121.0
21800.0,52,38157.0,615.4354838709677,1.3071443549817194,77423.2939674799,1248.7628059270953,720941.2209999999,11628.084209677421,25,7211.0,0.024276954681198767,25,7211.0
21805.0,52,38417.0,609.7936507936508,1.7002541855954063,77670.33468584082,1232.8624553308068,731764.3499999999,11615.307142857142,26,7311.0,0.05548241306595058,26,7311.0
21810.0,56,38688.0,624.0,0.7657409096021496,77912.46929890585,1256.652730627514,742582.0119999999,11977.129225806451,28,7418.0,0.03404380457382752,28,7418.0
21815.0,51,38822.0,636.4262295081967,1.2208417328382324,78145.67559658732,1281.0766491243826,742582.0119999999,12173.475606557375,23,7242.0,0.019594265175317278,23,7242.0
21820.0,47,38969.0,638.8360655737705,1.8529139598357705,78412.325089228,1285.4479522824263,742582.0119999999,12173.475606557375,19,7057.0,0.08943131616005395,19,7057.0
21825.0,47,39099.0,662.6949152542373,1.3251897572315658,78493.14145825301,1330.3922281059831,721029.0389999999,12220.831169491523,20,7121.0,0.06513367607326916,20,7121.0
21830.0,49,39319.0,689.8070175438596,0.5423354407773966,78407.06516059417,1375.562546677091,699604.688,12273.766456140349,22,7214.0,0.043064123806239044,22,7214.0
21835.0,48,39522.0,669.8644067796611,0.8385996996435116,78513.69513688312,1330.7405955403924,699722.7919999999,11859.708338983051,22,7274.0,0.030922853267419035,22,7274.0
21840.0,51,39773.0,641.5,1.3250752436162736,78789.36073636668,1270.7961409091401,721404.075,11635.549596774192,25,7366.0,0.047164088121159846,25,7366.0
21845.0,55,40042.0,588.8529411764706,1.2204648356749526,79071.0691306091,1162.809840156016,732246.8389999999,10768.335867647058,29,7475.0,0.04507871383971569,29,7475.0
21850.0,60,40331.0,601.955223880597,1.2918923852038844,79337.17889541783,1184.136998439072,743087.538,11090.858776119401,32,7599.0,0.11213248141058169,32,7599.0
21855.0,55,40474.0,604.0895522388059,0.715536021961472,79651.44391552891,1188.8275211272971,743087.538,11090.858776119401,27,7490.0,0.028887614553018835,27,7490.0
21860.0,56,40669.0,580.9857142857143,1.6151504024671157,79963.5089431271,1142.335842044673,743088.583,10615.551185714285,28,7429.0,0.04890807437597979,28,7429.0
21865.0,52,40849.0,600.7205882352941,2.017681757499921,80234.06519058446,1179.912723390948,721404.7949999999,10608.894044117646,24,7443.0,0.09011634527672964,24,7443.0
21870.0,55,41074.0,622.3333333333334,0.7836744963615279,80136.2245448691,1214.1852203768049,699929.489,10604.992257575757,28,7561.0,0.04547393392596102,28,7561.0
21875.0,53,41252.0,625.030303030303,1.2622305223985104,80208.58037763643,1215.2815208732795,689207.3049999999,10442.534924242424,27,7597.0,0.05253491043576969,27,7597.0
21880.0,56,41525.0,610.6617647058823,1.4621254909493,80509.59108635786,1183.9645747993804,710914.681,10454.627661764704,30,7711.0,0.04986407418634304,30,7711.0
21885.0,61,41819.0,597.4142857142857,0.8162749683620447,80755.88276891063,1153.655468127295,732634.5549999999,10466.20792857143,34,7846.0,0.0013764931993436988,34,7846.0
21890.0,62,42128.0,619.5294117647059,0.8635607241967057,80997.8671114379,1191.14510457997,743487.0129999999,10933.632544117647,36,7995.0,0.06484364035695653,36,7995.0
21895.0,58,42293.0,612.9420289855072,1.0376984355260817,81316.46237559733,1178.4994547188023,754339.8379999999,10932.461420289856,31,7899.0,0.07163443562674605,31,7899.0
21900.0,56,42479.0,615.6376811594203,1.564257942781091,81627.68139872674,1183.0098753438663,754339.8379999999,10932.461420289856,28,7881.0,0.04177032609645583,28,7881.0
21905.0,53,42684.0,601.1830985915493,1.6937208956031904,81899.36818613007,1153.5122279736634,743499.1389999999,10471.818859154928,26,7984.0,0.04769370597224724,26,7984.0
21910.0,58,42945.0,613.5,1.1133635129566268,81921.14211737261,1170.3020302481807,711070.065,10158.143785714285,29,8105.0,0.10245833983273286,29,8105.0
21915.0,51,42346.0,596.4225352112676,1.5517941368253414,82138.45241469047,1156.8796114745144,711119.1659999999,10015.76290140845,25,7469.0,0.04707255694824203,25,7469.0
21920.0,54,42605.0,583.6301369863014,2.4580866863575412,82345.16066104503,1128.0158994663707,722038.0779999997,9890.932575342465,27,7455.0,0.09212115163490206,27,7455.0
21925.0,56,42882.0,564.2368421052631,2.5366148019579726,82582.58122837129,1086.6129108996226,732911.0879999998,9643.566947368421,30,7572.0,0.06059873979599153,30,7572.0
21930.0,62,43181.0,635.0147058823529,0.8716261388049338,82017.8917126281,1206.1454663621782,743767.6859999999,10937.760088235293,35,7709.0,0.033903812070344874,35,7709.0
21935.0,52,30209.0,450.8805970149254,1.0752021345043354,82315.46302419406,1228.5890003611055,743767.0139999999,11101.000208955222,28,5777.0,0.03702761585879123,28,5777.0
21940.0,49,21236.0,307.768115942029,1.954705845904663,82617.72422310364,1197.358322073966,743768.9299999998,10779.259855072463,30,5903.0,0.03066064275272466,30,5903.0
21945.0,39,8292.0,121.94117647058823,2.6886560200027056,82858.43799265697,1218.506441068485,743768.5439999998,10937.772705882353,32,7037.0,0.08068448863711884,32,7037.0
21950.0,41,1921.0,30.49206349206349,1.8908418520431531,75227.27299665233,1194.083698359561,691722.3719999999,10979.720190476188,36,7178.0,0.00384296761758059,36,7178.0
21955.0,35,832.0,13.639344262295081,1.8014601275796973,59240.48949482572,971.1555654889463,667636.1489999999,10944.854901639344,26,7454.0,0.027175773909040645,26,7454.0
21960.0,35,648.0,10.285714285714286,2.23201956257447,59502.22378640437,944.47974264134,707467.9929999998,11229.650682539681,20,7169.0,0.06347236816182315,20,7169.0
21965.0,41,684.0,10.208955223880597,1.8617483885164294,57938.7240603814,864.7570755280805,706949.8069999998,10551.489656716416,21,7235.0,0.040820654077469584,21,7235.0
21970.0,50,871.0,12.623188405797102,1.889578894088087,58193.172306874716,843.3793087952857,746767.4859999998,10822.717188405795,27,7359.0,0.09200084598614727,27,7359.0
21975.0,51,796.0,11.705882352941176,1.255472258842338,57838.727400825745,850.5695206003787,777556.8619999998,11434.659735294115,26,7304.0,0.04097220115307637,26,7304.0
21980.0,54,1054.0,15.5,1.617209579678752,57986.82824189085,852.7474741454538,777645.3599999999,11435.961176470586,28,7307.0,0.0599910730466604,28,7307.0
21985.0,57,1332.0,20.49230769230769,0.96939727814471,58247.14515338458,896.109925436686,777641.1579999998,11963.710123076922,29,7414.0,0.01965500648768184,29,7414.0
21990.0,60,1626.0,25.015384615384615,0.7464522597008573,58460.569255281305,899.3933731581742,777642.2179999999,11963.726430769231,32,7533.0,0.0001644094798957002,32,7533.0
21995.0,54,1755.0,27.421875,1.1889784498094145,58533.86297377933,914.5916089653022,777642.8769999999,12150.669953125,26,7400.0,0.06038388431251388,26,7400.0
22000.0,51,1906.0,29.78125,1.6559223259013742,58817.18238685537,919.0184747946149,777642.8769999999,12150.669953125,23,7283.0,0.10278688326608372,23,7283.0
22005.0,50,2029.0,30.742424242424242,1.588545928357185,58936.751250033354,892.9810795459598,755897.5789999998,11452.993621212121,23,7269.0,0.08973761902910528,23,7269.0
22010.0,51,2259.0,34.753846153846155,1.1405392058585748,58951.76084048842,906.9501667767449,745132.1119999998,11463.570953846152,25,7379.0,0.07992830017112651,25,7379.0
22015.0,51,2410.0,35.97014925373134,0.9160826846632903,58986.09126643127,880.389421887034,745305.9769999998,11123.969805970148,24,7385.0,0.05516589238480192,24,7385.0
22020.0,56,2680.0,39.411764705882355,1.4994012806419972,59288.2985358677,871.886743174525,756241.3569999998,11121.196426470586,30,7452.0,0.06249457887317676,30,7452.0
22025.0,58,2965.0,41.18055555555556,1.653153828315251,59579.84450166485,827.4978403009005,778100.1819999998,10806.946972222222,32,7571.0,0.048888035100845294,32,7571.0
22030.0,63,3273.0,46.098591549295776,1.0329442499828858,59776.45351405587,841.92188047966,789029.6939999998,11113.094281690139,37,7714.0,0.06257851356596435,37,7714.0
22035.0,59,3447.0,50.69117647058823,0.5675432556730046,60024.82468778036,882.718010114417,789026.6939999998,11603.333735294116,31,7608.0,0.01377225656644842,31,7608.0
22040.0,57,3655.0,52.214285714285715,1.466546735945811,60339.59669535097,861.9942385050139,789026.8979999997,11271.812828571428,29,7521.0,0.05549325797538629,29,7521.0
22045.0,54,3852.0,55.02857142857143,1.660577213925891,60631.38331865616,866.1626188379453,778090.3399999997,11115.576285714284,26,7619.0,0.05074287198692736,26,7619.0
22050.0,56,4092.0,61.07462686567164,0.7926727281965319,60488.01733902129,902.8062289406164,745547.5679999997,11127.575641791045,29,7739.0,0.0687040882669579,29,7739.0
22055.0,55,4290.0,63.088235294117645,1.15980859658135,60660.08211707601,892.0600311334708,745647.0239999997,10965.397411764703,29,7788.0,0.030352767408938188,29,7788.0
22060.0,59,4576.0,65.37142857142857,1.6732905310938884,60968.969294400966,870.9852756342995,767543.0079999998,10964.900114285712,33,7909.0,0.08674943344074677,33,7909.0
22065.0,62,4874.0,66.76712328767124,1.1245133954800859,61254.0327912413,839.0963396060454,789437.2809999997,10814.209328767123,35,8042.0,0.002089149714039372,35,8042.0
22070.0,64,5189.0,76.30882352941177,0.5779090368324826,61487.16282373721,904.2229827020176,789437.1789999998,11609.370279411763,37,8190.0,3.3014119597413306e-06,37,8190.0
22075.0,65,5514.0,79.91304347826087,0.3335511875264204,61812.29724958575,895.8303949215326,789440.9749999999,11441.173550724636,37,8340.0,0.040799519756873084,37,8340.0
22080.0,55,5110.0,74.05797101449275,0.7344850907044679,62142.277545475816,900.612718050374,789440.9749999999,11441.173550724636,27,7896.0,0.04985210697910385,27,7896.0
22085.0,52,5170.0,68.93333333333334,1.4763310941246692,62475.52913219127,833.0070550958836,789446.9749999999,10525.959666666666,23,7699.0,0.057565763361028276,23,7699.0
22090.0,55,5340.0,71.2,1.7181749376585735,62563.234329778556,834.1764577303809,778494.5779999999,10379.927706666667,25,7782.0,0.10689935107101724,25,7782.0
22095.0,61,5591.0,75.55405405405405,0.9550384707024103,62879.41988956713,849.721890399556,767539.6639999999,10372.15762162162,35,7918.0,0.00850766895710956,35,7918.0
22100.0,62,5873.0,80.45205479452055,1.2869638882869843,62804.44542800179,860.3348688767371,778513.8049999998,10664.572671232878,36,8056.0,0.049021326174170196,36,8056.0
22105.0,63,6186.0,83.5945945945946,1.2419419296112557,62972.19984734103,850.9756736127167,800462.4979999999,10817.060783783785,37,8204.0,0.043696045305513284,37,8204.0
22110.0,65,6509.0,91.67605633802818,0.6611431915252763,63095.47288083922,888.6686321244961,789593.9299999998,11121.041267605633,37,8354.0,0.007277975262650614,37,8354.0
22115.0,67,6841.0,97.72857142857143,0.42453341974898484,63412.36856460601,905.8909794943714,789593.9299999998,11279.913285714285,39,8511.0,3.487857662725197e-05,39,8511.0
22120.0,60,6984.0,98.36619718309859,1.075668909047228,63726.3658160027,897.5544481127139,789592.8779999997,11121.026450704225,32,8325.0,0.04845648548029738,32,8325.0
22125.0,56,7119.0,98.875,1.8831087978827452,64042.92769622758,889.4851068920499,789592.8779999997,10966.56775,28,8190.0,0.08546630989761297,28,8190.0
22130.0,55,7284.0,102.59154929577464,1.6245888611245636,64308.279595291744,905.7504168350948,778644.5209999997,10966.824239436617,28,8187.0,0.07590702359588072,28,8187.0
22135.0,58,7542.0,109.30434782608695,0.8694681207027475,64231.01851385948,930.8843262878189,756929.7669999998,10969.996623188406,32,8349.0,0.041847880048009725,32,8349.0
22140.0,49,6286.0,92.44117647058823,1.5345856736066752,64070.45285341521,942.2125419619886,746248.5219999999,10974.242970588235,22,7284.0,0.0684834250939696,22,7284.0
22145.0,50,6530.0,88.24324324324324,3.0219059837995927,64359.89839142148,869.7283566408313,757251.1359999999,10233.12345945946,24,7007.0,0.047171381634739835,24,7007.0
22150.0,53,6791.0,93.02739726027397,2.580517100516929,64018.21977389058,876.9619147108302,779245.4990000001,10674.595876712328,27,7103.0,0.09944160796507807,27,7103.0
22155.0,57,7070.0,103.97058823529412,1.1755493472509622,63513.31650936281,934.0193604318064,790237.0079999999,11621.132470588236,30,7216.0,0.06490567442841128,30,7216.0
22160.0,57,7233.0,113.015625,0.8171480258596853,63602.12150994601,993.7831485929064,790232.2720000001,12347.37925,29,7123.0,0.02166944874050481,29,7123.0
22165.0,52,7400.0,110.44776119402985,1.6932759596658356,63899.48291816259,953.7236256442177,790235.2720000001,11794.556298507463,24,7028.0,0.052248633946436834,24,7028.0
22170.0,49,7580.0,109.85507246376811,2.1065191336739892,64190.787389223005,930.3012665104784,790236.3360000001,11452.70052173913,22,7103.0,0.09821056270584612,22,7103.0
22175.0,53,7822.0,118.51515151515152,0.9549285846612227,64062.050489844696,970.6371286340107,746452.0190000001,11309.879075757577,26,7207.0,0.03827950490563447,26,7207.0
22180.0,49,7836.0,118.72727272727273,1.5481214395290923,64224.91263626145,973.1047369130524,746541.0200000001,11311.227575757575,23,7101.0,0.10692322782752753,23,7101.0
22185.0,53,8093.0,119.01470588235294,1.5395052535759113,64519.11706814453,948.8105451197725,768562.7980000002,11302.394088235296,27,7161.0,0.03405973012356772,27,7161.0
22190.0,58,8372.0,126.84848484848484,1.0654258357794941,64707.88729315586,980.4225347447859,779575.5180000002,11811.750272727273,32,7275.0,4.589270417886768e-05,32,7275.0
22195.0,60,8671.0,133.4,0.6475591348344747,64915.21576767991,998.6956271950756,779576.622,11993.486492307691,32,7400.0,2.847288499565169e-07,32,7400.0
22200.0,54,8815.0,142.17741935483872,0.8573739031141108,65103.41378969374,1050.0550611240926,779576.622,12573.816483870967,26,7260.0,0.015684614543178932,26,7260.0
22205.0,50,8982.0,136.0909090909091,1.8163359017586347,65391.41520172163,990.7790182079037,779579.622,11811.812454545456,22,7149.0,0.09284663310963238,22,7149.0
22210.0,49,9142.0,140.64615384615385,1.837835837458165,65636.52888948735,1009.7927521459598,768580.379,11824.313523076922,21,7216.0,0.12736691649065138,21,7216.0
22215.0,51,9347.0,148.36507936507937,0.6865301408706647,65632.38618254528,1041.783907659449,746704.1169999999,11852.446301587303,25,7315.0,0.03956718082009233,25,7315.0
22220.0,52,9560.0,147.07692307692307,1.273888651889177,65650.69997479378,1010.0107688429811,746890.831,11490.62816923077,26,7384.0,0.05751907557582698,26,7384.0
22225.0,55,9822.0,146.59701492537314,1.6865228809899373,65940.07297525315,984.1801936604948,768961.238,11477.033402985076,28,7481.0,0.04574459033316265,28,7481.0
22230.0,58,10104.0,153.0909090909091,0.8954103866376404,66203.2955436198,1003.0802355093908,779998.4249999999,11818.157954545455,32,7598.0,0.03911356750497067,32,7598.0
22235.0,61,10403.0,150.768115942029,0.9134180672878763,66509.87501404596,963.9112320876228,802069.0229999998,11624.188739130437,35,7732.0,0.05319903831060531,35,7732.0
22240.0,56,10549.0,155.13235294117646,1.177622171397629,66767.27423188921,981.8716798807242,813104.8829999998,11957.42475,29,7631.0,0.08109829456472095,29,7631.0
22245.0,54,10738.0,147.0958904109589,2.1205895451444294,67076.57975700543,918.85725694528,813108.6629999998,11138.474835616438,26,7604.0,0.05769440647662388,26,7604.0
22250.0,51,10913.0,151.56944444444446,2.692084388619312,67330.11142047758,935.1404363955221,802091.7369999998,11140.163013888889,24,7629.0,0.11026197610803493,24,7629.0
22255.0,53,11159.0,164.10294117647058,1.0746754165679906,67340.20332101194,990.2971076619397,758069.2169999998,11148.076720588237,26,7729.0,0.06259257439756714,26,7729.0
22260.0,57,11398.0,170.11940298507463,0.8771855861539443,67456.31847271544,1006.8107234733649,747120.2689999999,11151.048791044775,31,7812.0,0.022686910018659003,31,7812.0
22265.0,59,11687.0,164.6056338028169,1.3039765318750758,67684.46838499066,953.3023716195868,758212.09,10679.043521126763,33,7936.0,0.040341187276342526,33,7936.0
22270.0,63,11989.0,166.51388888888889,1.0550526440542325,67962.82540859056,943.9281306748694,769259.5580000001,10684.160527777778,35,8073.0,0.07772738971792353,35,8073.0
22275.0,66,12309.0,173.3661971830986,0.4021080625838616,68269.82421666199,961.5468199529857,780303.1780000001,10990.185605633806,40,8228.0,0.008971851805118197,40,8228.0
22280.0,58,11593.0,161.01388888888889,1.1127498698160094,68606.83445015756,952.8727006966328,791351.193,10990.988791666667,30,7689.0,0.08000516460224115,30,7689.0
22285.0,54,11555.0,158.2876712328767,1.5048307546353803,68936.0510604389,944.3294665813542,791351.193,10840.427301369864,25,7410.0,0.060934005452298545,25,7410.0
22290.0,54,11762.0,163.36111111111111,1.4832577645560951,69243.45415544334,961.7146410478235,780302.621,10837.536402777778,26,7500.0,0.05458106752187167,26,7500.0
22295.0,60,12019.0,169.28169014084506,0.9537857718820393,69167.89101842085,974.1956481467721,769324.3969999999,10835.554887323946,33,7625.0,0.013244376858957501,33,7625.0
22300.0,58,12228.0,172.22535211267606,1.3624446626073672,68798.23015914188,968.9891571710122,780383.2079999999,10991.312788732395,32,7681.0,0.044828154718415496,32,7681.0
22305.0,60,12524.0,176.3943661971831,1.2690362809873421,69005.01794916426,971.9016612558345,780420.3179999999,10991.835464788734,34,7812.0,0.05286016665298314,34,7812.0
22310.0,65,12841.0,183.44285714285715,0.8257298785921512,69278.53859498024,989.6934084997175,780420.2569999999,11148.860814285714,37,7955.0,0.014393253796908461,37,7955.0
22315.0,65,13166.0,196.50746268656715,0.23493924405017375,69530.53508519272,1037.7691803760106,780420.2569999999,11648.063537313434,37,8105.0,0.008223705592387493,37,8105.0
22320.0,60,13314.0,201.72727272727272,0.4755791182038159,69849.10742008599,1058.3198093952417,780420.2569999999,11824.54934848485,32,8024.0,0.01226404767014119,32,8024.0
22325.0,55,13464.0,181.94594594594594,1.736793888504625,70172.47299632974,948.276662112564,780429.7529999999,10546.348013513514,27,7970.0,0.04152021248461347,27,7970.0
22330.0,52,13629.0,186.6986301369863,2.3117561517220944,70445.15954736115,965.0021855802895,769381.738,10539.475863013698,25,8063.0,0.1171041770519884,25,8063.0
22335.0,58,13872.0,195.38028169014083,0.7362389051499215,70364.74333313013,991.0527230018324,747433.458,10527.231802816903,31,8189.0,0.06214302437769,31,8189.0
22340.0,52,12919.0,181.95774647887325,1.403603582716876,70593.95551202504,994.2810635496483,747488.4,10528.005633802817,25,7345.0,0.05799608899182455,25,7345.0
22345.0,54,13181.0,180.56164383561645,2.5179885931701245,70893.2214325339,971.1400196237516,769671.644,10543.447178082193,28,7192.0,0.046279570930037456,28,7192.0
22350.0,56,13456.0,181.83783783783784,2.2439743955302145,70839.1057282464,957.2852125438701,791841.82,10700.565135135135,29,7302.0,0.03740059008388913,29,7302.0
22355.0,59,13745.0,199.20289855072463,1.5170774965659861,70491.44747864416,1021.6151808499151,791834.938,11475.868666666665,32,7423.0,2.7172033696625185e-06,32,7423.0
22360.0,56,13899.0,220.61904761904762,0.8697216942809552,70408.88267634867,1117.6013123229943,791831.8439999999,12568.75942857143,28,7402.0,0.038862381027130466,28,7402.0
22365.0,56,14179.0,221.546875,1.0753260023880873,70701.16720943681,1104.7057376474495,791831.8439999999,12372.3725625,28,7507.0,0.0,28,7507.0
22370.0,56,14459.0,229.5079365079365,1.3015245408195255,70933.48909597377,1125.9283983487894,791830.8819999999,12568.74415873016,28,7612.0,0.0314457626474868,28,7612.0
22375.0,57,14740.0,233.96825396825398,0.7464217679264382,71160.59092751618,1129.5331893256532,791829.299,12568.719031746034,29,7718.0,0.009728438426565867,29,7718.0
22380.0,50,14726.0,245.43333333333334,1.2112374144193223,71374.13176115784,1189.5688626859637,791826.299,13197.104983333335,22,7531.0,0.041874470121817955,22,7531.0
22385.0,47,14792.0,231.125,2.1510774862335262,71647.48515652423,1119.4919555706913,791826.653,12372.291453125,19,7397.0,0.09823081260835746,19,7397.0
22390.0,46,14822.0,235.26984126984127,2.0875764676147472,71734.8302158303,1138.6480986639729,769701.3799999998,12217.482222222223,19,7454.0,0.17959270999367333,19,7454.0
22395.0,50,15021.0,246.24590163934425,0.6073255671386362,71693.16551717388,1175.2977953635063,747666.2309999998,12256.823459016394,23,7560.0,0.04822380293995036,23,7560.0
22400.0,51,15235.0,241.82539682539684,1.0509624887438984,71840.05165857005,1140.3182802947624,747760.2829999998,11869.210841269842,25,7644.0,0.03631877091160417,25,7644.0
22405.0,54,15498.0,224.6086956521739,2.0823083976056784,72132.44299789635,1045.3977246071934,770019.2979999998,11159.699971014494,28,7742.0,0.09113204054301685,28,7742.0
22410.0,58,15772.0,228.57971014492753,1.3223193025998679,72403.00222236945,1049.318872787963,792268.7739999999,11482.156144927538,31,7851.0,0.06033245280013823,31,7851.0
22415.0,62,16074.0,236.38235294117646,0.6846374581536772,72678.679075673,1068.804104054015,792268.7739999999,11651.011382352941,35,7986.0,0.012040020702834489,35,7986.0
22420.0,64,16392.0,244.65671641791045,0.523060346108933,72986.37692846775,1089.348909380116,792268.7739999999,11824.907074626866,36,8129.0,0.024565712810655824,36,8129.0
22425.0,53,11483.0,171.38805970149255,0.9048933215060814,73291.70005278876,1093.9059709371459,792269.4519999999,11824.917194029851,29,6285.0,0.026446266530951088,29,6285.0
22430.0,46,7959.0,118.7910447761194,2.534752928196801,73581.41781809549,1098.230116687993,792269.4519999999,11824.917194029851,30,4455.0,0.04102704554099828,30,4455.0
22435.0,39,3952.0,59.878787878787875,2.965002012854482,69105.82867217112,1047.0580101844114,776428.9119999999,11764.074424242424,32,6557.0,0.038578801243770285,32,6557.0
22440.0,41,1813.0,29.241935483870968,2.1338759759413537,54643.193005103385,881.3418226629577,709268.5630000001,11439.815532258068,38,7637.0,0.0013367826148555594,38,7637.0
22445.0,33,944.0,14.75,2.024606416410018,40054.38195383057,625.8497180286026,682977.3340000001,10671.52084375,27,6987.0,0.029809350221501257,27,6987.0
22450.0,39,721.0,10.44927536231884,2.2937350877441105,38528.98280755044,558.3910551818905,745832.1390000001,10809.16143478261,22,6698.0,0.13216025672430567,22,6698.0
22455.0,43,678.0,9.549295774647888,1.5526789089545487,38503.76426038967,542.3065388787276,806859.7599999999,11364.221971830988,24,6779.0,0.03731868259487887,24,6779.0
22460.0,57,893.0,13.132352941176471,0.8712921052693329,38450.980269403626,565.455592197112,784601.4280000001,11538.256294117647,33,6944.0,0.03783728815240059,33,6944.0
22465.0,56,1088.0,16.0,1.2796408922895048,38339.07949737673,563.8099926084814,795767.7390000001,11702.466750000001,31,7036.0,0.0353543523417643,31,7036.0
22470.0,59,1376.0,20.235294117647058,1.307080118565696,38451.61858341034,565.4649791677992,795895.2370000001,11704.341720588234,32,7165.0,0.037272833816763884,32,7165.0
22475.0,61,1674.0,24.98507462686567,1.0420837878763207,38713.95309687696,577.8201954757757,795894.8450000001,11879.027537313432,34,7303.0,4.8370505127458103e-05,34,7303.0
22480.0,61,1979.0,29.984848484848484,0.8017803059735217,38957.12113671639,590.2594111623695,795896.0950000001,12059.031742424242,34,7448.0,0.026039514499445967,34,7448.0
22485.0,50,1946.0,29.044776119402986,1.255266481714493,39226.283131508244,585.4669124105708,795895.0950000001,11879.031268656716,23,6924.0,0.08749249032399822,23,6924.0
22490.0,48,2054.0,30.65671641791045,1.5834144689302214,39520.17166356732,589.8533084114528,795895.0950000001,11879.031268656716,20,6843.0,0.09415937791906377,20,6843.0
22495.0,50,2157.0,32.19402985074627,1.248964961805634,39818.26888589732,594.3025206850348,795895.0950000001,11879.031268656716,23,6925.0,0.02433728857965987,23,6925.0
22500.0,54,2385.0,36.69230769230769,0.7970294465956455,39735.167780930984,611.3102735527845,784927.7829999999,12075.812046153847,29,7064.0,0.008234876651506734,29,7064.0
22505.0,55,2619.0,38.51470588235294,1.0561379699606457,39674.99890139178,583.4558661969382,796129.356,11707.784647058825,30,7174.0,0.0023290514724868317,30,7174.0
22510.0,57,2901.0,42.04347826086956,1.7195444760038365,39977.90385773237,579.3899109816288,807336.143,11700.523811594201,32,7306.0,0.11464899828265657,32,7306.0
22515.0,61,3196.0,47.701492537313435,0.7623222927601312,40042.27144079115,597.645842399868,796289.2809999998,11884.914641791043,34,7445.0,0.04629884544883014,34,7445.0
22520.0,64,3510.0,54.0,0.21958498380412825,40317.19038747289,620.2644674995831,796289.2809999998,12250.604323076923,37,7599.0,9.935919957133623e-05,37,7599.0
22525.0,58,3662.0,55.484848484848484,0.8933664556125949,40632.360062393614,615.641819127176,796289.2809999998,12064.989106060608,31,7363.0,0.020105809454292627,31,7363.0
22530.0,54,3832.0,57.19402985074627,1.6512220775588209,40925.079635292015,610.8220841088363,796290.353,11884.930641791043,27,6979.0,0.07105204450017633,27,6979.0
22535.0,51,3959.0,58.220588235294116,1.9825638114943203,41214.727738688765,606.0989373336585,796290.353,11710.152250000001,25,7077.0,0.060976639699147954,25,7077.0
22540.0,53,4196.0,63.57575757575758,1.1037185294250769,41029.341183595236,621.656684599928,774212.022,11730.485181818181,28,7209.0,0.0636469700138897,28,7209.0
22545.0,47,3329.0,49.6865671641791,1.9866838344247084,40886.34259606187,610.2439193442071,763331.0469999999,11393.000701492538,21,6425.0,0.11799649111814275,21,6425.0
22550.0,48,3566.0,52.44117647058823,2.8244142164668338,40970.91294848908,602.513425713075,774698.3009999999,11392.622073529412,23,6302.0,0.07595558069748001,23,6302.0
22555.0,54,3823.0,54.614285714285714,2.3416863273179587,40897.68216705144,584.2526023864493,797164.6609999998,11388.066585714283,28,6409.0,0.02676717945150787,28,6409.0
22560.0,55,4093.0,64.96825396825396,1.1155427982777908,40401.30129095463,641.2904966818197,808386.083,12831.525126984126,30,6529.0,0.013991104166576505,30,6529.0
22565.0,52,4197.0,62.64179104477612,1.4179407008969402,40597.38029142449,605.9310491257386,819619.8219999999,12233.131671641791,26,6503.0,0.06301054871840472,26,6503.0
22570.0,55,4464.0,66.6268656716418,1.8464633966688255,40884.69581873119,610.2193405780773,819619.8219999999,12233.131671641791,27,6588.0,0.09441713086727746,27,6588.0
22575.0,56,4738.0,71.78787878787878,0.9241129032393637,41125.912203590575,623.1198818725846,819619.8219999999,12418.48215151515,29,6704.0,0.014662678192593313,29,6704.0
22580.0,61,5039.0,77.52307692307693,0.4807995608007018,41341.14927454588,636.0176811468599,819615.4299999999,12609.468153846155,34,6845.0,3.2718915196610364e-05,34,6845.0
22585.0,51,3877.0,61.53968253968254,1.1960514853851072,41569.874118228654,659.8392717179153,819615.4299999999,13009.76873015873,27,4418.0,0.03556670868704553,27,4418.0
22590.0,43,2984.0,47.36507936507937,2.3553686211325706,41839.59206829201,664.1205090205084,819615.4299999999,13009.76873015873,27,2962.0,0.03838185511018337,27,2962.0
22595.0,37,1799.0,28.555555555555557,2.788517512123837,38535.76584661093,611.6788229620782,802492.446,12737.975333333334,31,6235.0,0.019632763982135135,31,6235.0
22600.0,38,1431.0,24.25423728813559,2.3622649082006344,25701.09769881162,435.61182540358664,732958.3389999999,12423.022694915255,34,7125.0,0.03805207524946137,34,7125.0
22605.0,32,843.0,13.819672131147541,2.3051162012245228,21165.64413099864,346.97777263932187,716982.42,11753.810163934428,25,6433.0,0.048131147893659985,25,6433.0
22610.0,37,760.0,12.063492063492063,2.479651749875264,20794.460142782573,330.07079591718366,758507.386,12039.799777777778,21,6200.0,0.06047181671381231,21,6200.0
22615.0,40,662.0,10.507936507936508,1.768126232756328,20775.89138630947,329.77605375094396,788233.192,12511.63796825397,21,6287.0,0.06639176852800366,21,6287.0
22620.0,50,839.0,13.317460317460318,1.0325642773575516,20463.444358891837,324.81657712526714,795793.7390000002,12631.646650793651,26,6442.0,0.026445148209960728,26,6442.0
22625.0,45,803.0,11.985074626865671,1.7402480493596155,20614.634515063735,307.68111216513034,827534.3990000001,12351.259686567164,21,6372.0,0.06151340349220488,21,6372.0
22630.0,53,1046.0,15.159420289855072,1.8313627461443949,20762.87938298932,300.9112954056422,838815.831,12156.751173913044,25,6436.0,0.11304112216441567,25,6436.0
22635.0,53,1304.0,18.62857142857143,2.190252635682015,21057.258990489478,300.81798557842103,850100.837,12144.297671428572,27,6549.0,0.07209446717080008,27,6549.0
22640.0,55,1579.0,23.924242424242426,1.3451745188492523,20917.271287647713,316.92835284314697,850301.537,12883.356621212122,29,6679.0,0.08733429475942635,29,6679.0
22645.0,55,1713.0,26.353846153846153,1.0018791580433268,21045.57603481072,323.7780928432416,850301.537,13081.562107692307,27,6415.0,0.016520804575594645,27,6415.0
22650.0,50,1849.0,28.446153846153845,2.135892565465964,21330.90880022654,328.1678276957927,850301.537,13081.562107692307,22,6051.0,0.09754267850042626,22,6051.0
22655.0,48,2008.0,30.892307692307693,1.8449395611073216,21597.78431581227,332.2736048586501,839017.8640000001,12907.96713846154,21,6137.0,0.06819343094608395,21,6137.0
22660.0,51,2243.0,35.6031746031746,1.0325206899475785,20993.996015684053,333.23803199498485,794486.2670000001,12610.893126984129,25,6269.0,0.07603685693947053,25,6269.0
22665.0,51,2387.0,37.296875,1.396147210641264,21101.445084078532,329.7100794387269,805917.6040000002,12592.462562499999,24,6268.0,0.09220373990286773,24,6268.0
22670.0,54,2649.0,40.753846153846155,1.466443446560425,21388.150886611893,329.04847517864437,817219.0540000001,12572.60083076923,28,6385.0,0.04518210143826687,28,6385.0
22675.0,57,2927.0,45.734375,0.8392068578316754,21587.2294213794,337.3004597090529,839820.2080000001,13122.19075,30,6518.0,0.0015312106191166953,30,6518.0
22680.0,59,3217.0,51.88709677419355,0.37386198129973897,21825.606531382295,352.02591179648846,851120.8010000001,13727.75485483871,32,6662.0,0.02563619402322628,32,6662.0
22685.0,54,3369.0,50.28358208955224,1.1971127483030375,22122.993886361048,330.19393860240336,851127.3050000002,12703.392611940299,26,6534.0,0.05280473741324867,26,6534.0
22690.0,49,3516.0,52.47761194029851,2.5853682152771063,22405.520300603865,334.41075075528136,851127.3050000002,12703.392611940299,21,6419.0,0.17424082308251235,21,6419.0
22695.0,48,3667.0,55.56060606060606,1.7301702392984961,22668.092918187456,343.4559533058704,839823.1890000001,12724.593772727272,22,6400.0,0.08421233786767651,22,6400.0
22700.0,55,3926.0,61.34375,0.8764453179737459,22509.785268757663,351.71539482433843,794861.2560000002,12419.707125,29,6528.0,0.05985596749464775,29,6528.0
22705.0,51,4154.0,64.90625,1.3474926127855498,22534.449095039898,352.10076710999823,795039.2720000001,12422.488625000002,25,6624.0,0.09999291169254196,25,6624.0
22710.0,56,4422.0,65.02941176470588,1.3762716981059275,22828.0309373662,335.7063373142087,817670.6170000001,12024.567897058823,29,6747.0,0.0317078379993622,29,6747.0
22715.0,59,4712.0,69.29411764705883,1.3060673682043,23104.747816885305,339.77570318948966,828985.9810000001,12190.970308823527,33,6892.0,0.03402086434324357,33,6892.0
22720.0,62,5011.0,74.7910447761194,0.2563696044463905,23379.688972684857,348.9505816818634,851619.3210000001,12710.736134328357,36,7046.0,0.02596021191889568,36,7046.0
22725.0,58,5175.0,72.88732394366197,1.038591238847463,23708.91653425129,333.92840189086326,862936.7710000001,12154.039028169012,32,6936.0,0.03840235094380887,32,6936.0
22730.0,56,5375.0,75.70422535211267,1.9184892256527109,24021.17176588907,338.32636289984606,862936.7710000001,12154.039028169012,28,6940.0,0.07356240479963663,28,6940.0
22735.0,54,5576.0,76.38356164383562,1.6528748834157754,24334.0080950401,333.3425766443848,862938.419,11821.074232876712,26,7054.0,0.04141867150190502,26,7054.0
22740.0,58,5835.0,83.35714285714286,1.1932278363721562,24290.062833086693,347.000897615524,829192.829,11845.61184285714,31,7196.0,0.03320593244413124,31,7196.0
22745.0,46,4878.0,68.70422535211267,1.883288209400012,24411.306974238203,343.82122498927026,806634.982,11361.056084507041,20,6341.0,0.08074556859154386,20,6341.0
22750.0,50,5121.0,70.15068493150685,3.114050766343577,24697.52332053076,338.32223726754455,829290.11,11360.138493150685,24,6202.0,0.11647152448184324,24,6202.0
22755.0,54,5386.0,74.80555555555556,2.5876699682707263,24627.338263724287,342.04636477394837,840614.9230000001,11675.207263888888,28,6322.0,0.06002551771943865,28,6322.0
22760.0,60,5676.0,87.32307692307693,0.5211996791299945,23992.340130144148,369.11292507914067,851931.247,13106.63456923077,33,6466.0,0.0001300173088363605,33,6466.0
22765.0,54,5811.0,90.796875,1.4275506483169318,24247.590277554467,378.86859808678844,851929.885,13311.404453125,26,6457.0,0.013084745339910851,26,6457.0
22770.0,55,6082.0,95.03125,1.452835025813962,24530.363794079254,383.28693428248823,851929.885,13311.404453125,26,6561.0,0.045953640585771234,26,6561.0
22775.0,56,6353.0,99.265625,1.2672991996152048,24746.44818433759,386.66325288027474,851928.5719999999,13311.3839375,28,6678.0,2.19486764620365e-06,28,6678.0
22780.0,55,6628.0,108.65573770491804,1.224969613781513,24952.482125904535,409.05708403122185,851928.5719999999,13966.042163934426,27,6798.0,0.05813880292464362,27,6798.0
22785.0,49,6613.0,112.08474576271186,0.7909990604546112,25145.380248241174,426.1928855634096,851929.254,14439.478881355932,21,6656.0,0.020905351964148777,21,6656.0
22790.0,45,6646.0,112.64406779661017,2.0491794363556792,25405.688026611628,430.6048818069767,851929.254,14439.478881355932,17,6570.0,0.06516904637079321,17,6570.0
22795.0,42,6711.0,115.70689655172414,2.2061115345597457,25509.887347019972,439.82564391413734,840642.544,14493.836965517241,15,6555.0,0.16152416747455423,15,6555.0
22800.0,46,6889.0,123.01785714285714,1.1808751619304416,25580.921069068805,456.80216194765717,818051.746,14608.066892857143,19,6658.0,0.05773896343403255,19,6658.0
22805.0,47,7099.0,116.37704918032787,1.2391051364415488,25506.762647925163,418.1436499659862,795520.216,13041.31501639344,21,6758.0,0.06318178734939833,21,6758.0
22810.0,51,7341.0,112.93846153846154,1.859615456133262,25774.009324692364,396.52322037988245,818253.4940000001,12588.515292307691,23,6855.0,0.13787398445411433,23,6855.0
22815.0,57,7606.0,115.24242424242425,0.9559569735292804,26057.024365825313,394.80339948220154,840979.377,12742.111772727272,30,6975.0,0.04296020263688139,30,6975.0
22820.0,60,7899.0,119.68181818181819,0.8065621629546661,26340.212792304697,399.09413321673776,852344.382,12914.308818181818,34,7123.0,0.0772317282079108,34,7123.0
22825.0,57,8056.0,122.06060606060606,0.847119220694944,26648.921782258116,403.771542155426,863707.052,13086.470484848483,30,7080.0,0.0473760933655267,30,7080.0
22830.0,53,8225.0,124.62121212121212,1.7583369285198605,26944.457983860477,408.24936339182534,863707.052,13086.470484848483,25,7044.0,0.05632502976832367,25,7044.0
22835.0,49,8415.0,127.5,1.8945740603212817,27114.66862362213,410.8283124791231,852384.9720000001,12914.923818181816,22,7070.0,0.06139330999970268,22,7070.0
22840.0,53,8660.0,133.23076923076923,1.3513431665658018,27159.859889864594,417.843998305609,818389.2030000001,12590.603123076922,26,7189.0,0.06004991435810573,26,7189.0
22845.0,51,8818.0,137.78125,1.401366009227081,27232.485386839737,425.5075841693706,795766.108,12433.8454375,25,7213.0,0.08543735133172066,25,7213.0
22850.0,55,9085.0,137.65151515151516,1.4165781458708133,27521.417793828135,416.9911786943655,818523.274,12401.867787878788,28,7333.0,0.07394879697709447,28,7333.0
22855.0,59,9365.0,139.77611940298507,1.0316933026949833,27759.434484238915,414.31991767520753,841269.869,12556.266701492537,32,7470.0,0.028345019631267836,32,7470.0
22860.0,60,9661.0,146.37878787878788,0.5563592551320745,28026.167993155475,424.638908987204,852643.525,12918.841287878786,34,7621.0,0.03963699149519377,34,7621.0
22865.0,57,9820.0,140.28571428571428,1.0409596894407134,28312.664318511677,404.4666331215953,852644.0329999999,12180.629042857141,29,7570.0,0.015558912666292448,29,7570.0
22870.0,54,10009.0,142.9857142857143,2.341099003602965,28616.13628716237,408.80194695946244,852644.0329999999,12180.629042857141,26,7532.0,0.14096962936737098,26,7532.0
22875.0,53,10194.0,149.91176470588235,1.9579241748283238,28759.830961303764,422.93869060740815,829957.553,12205.25813235294,25,7477.0,0.08034055166985866,25,7477.0
22880.0,55,10433.0,158.07575757575756,1.404731025259115,28813.068295935802,436.561640847512,807314.3009999999,12232.034863636363,28,7609.0,0.07771820387108962,28,7609.0
22885.0,56,10709.0,159.83582089552237,0.8153819692412715,28836.385983822365,430.39382065406517,784692.5669999999,11711.829358208954,30,7753.0,0.041290633910941385,30,7753.0
22890.0,54,10902.0,153.54929577464787,1.7603128425445318,29085.263366097613,409.6515967056001,796109.8119999999,11212.814253521126,28,7801.0,0.12448531090646292,28,7801.0
22895.0,59,11184.0,151.13513513513513,1.5091234331977699,29398.461772754006,397.27651044262166,818884.752,11066.010162162163,31,7937.0,0.028282083205075536,31,7937.0
22900.0,65,11494.0,155.32432432432432,1.0263154022350385,29711.649236691672,401.5087734688063,830270.497,11219.871581081083,39,8103.0,0.04336447903727877,39,8103.0
22905.0,67,11825.0,161.986301369863,0.547390789805052,29997.416746710267,410.92351707822274,853040.959,11685.492589041096,41,8289.0,0.024998401464033714,41,8289.0
22910.0,59,10935.0,147.77027027027026,0.895660131294076,30294.419481310233,409.3840470447327,875808.7860000001,11835.253864864866,32,7831.0,0.05144496407781714,32,7831.0
22915.0,55,10903.0,145.37333333333333,1.3608127376613415,30624.333895143907,408.32445193525183,875810.4380000001,11677.472506666667,25,7555.0,0.04879433715045507,25,7555.0
22920.0,52,11109.0,148.12,1.6689014632151578,30959.218727354284,412.78958303139024,875810.4380000001,11677.472506666667,25,7664.0,0.03622843244111842,25,7664.0
22925.0,57,11371.0,151.61333333333334,1.2551866765490365,30977.73409271536,413.036454569538,841641.7190000002,11221.889586666668,31,7794.0,0.01409287184161522,31,7794.0
22930.0,63,11623.0,154.97333333333333,1.7007362278545528,31007.087985972135,413.4278398129617,853047.8640000002,11373.971520000001,36,7907.0,0.0848442655816807,36,7907.0
22935.0,64,11937.0,161.3108108108108,1.5408344724091585,31021.50858905416,419.2095755277589,841686.1330000001,11374.136932432433,36,8072.0,0.03236551233204492,36,8072.0
22940.0,65,12258.0,165.64864864864865,1.3265352609558632,31104.41158584463,420.32988629519764,841682.5070000001,11374.087932432432,37,8238.0,0.008979503627526364,37,8238.0
22945.0,66,12586.0,182.40579710144928,0.5715156252436677,31380.025616657666,454.7829799515602,841678.6810000001,12198.24175362319,38,8417.0,8.882046650175516e-06,38,8417.0
22950.0,55,12599.0,185.27941176470588,0.8380252670797567,31698.226198228655,466.15038526806836,841678.6810000001,12377.627661764707,27,8109.0,0.0472664260265171,27,8109.0
22955.0,54,12709.0,184.18840579710144,1.251160500143296,32015.766925049338,463.9966221021643,841678.6810000001,12198.24175362319,25,8094.0,0.048150925793285004,25,8094.0
22960.0,53,12859.0,191.92537313432837,1.1183267593242507,32171.185571003498,480.1669488209475,818928.5730000001,12222.814522388062,25,8202.0,0.04790299003078227,25,8202.0
22965.0,57,13095.0,181.875,1.0708520387209752,32347.938311174756,449.2769209885381,830355.4250000002,11532.714236111111,31,8354.0,0.008811941154520069,31,8354.0
22970.0,47,12060.0,172.28571428571428,2.075818456618125,32295.217941490795,461.3602563070114,841777.9150000002,12025.398785714286,21,7491.0,0.1030120501229598,21,7491.0
22975.0,51,12310.0,173.38028169014083,2.93777503252544,32577.0629175595,458.8318720783027,853208.0830000001,12017.015253521127,25,7302.0,0.061192832192095856,25,7302.0
22980.0,54,12576.0,182.2608695652174,2.542384395936484,32559.731736256203,471.88017009066965,841845.4130000001,12200.658159420293,26,7400.0,0.02430173248881506,26,7400.0
22985.0,55,12848.0,200.75,1.4535595644767758,31763.58087181031,496.30595112203616,841837.003,13153.703171875,27,7502.0,3.6448971959423467e-06,27,7502.0
22990.0,51,12948.0,215.8,1.1646392894964692,31852.481073505278,530.8746845584213,841833.495,14030.558250000002,21,7369.0,0.09544048828630866,21,7369.0
22995.0,45,13045.0,217.41666666666666,1.7714434443157394,32117.39340926348,535.2898901543914,841833.495,14030.558250000002,17,7147.0,0.0655782877233702,17,7147.0
23000.0,44,13164.0,226.9655172413793,1.7403800584371512,32215.999715343936,555.4482709542058,819035.2490000001,14121.297396551725,17,7198.0,0.14559878159283082,17,7198.0
23005.0,48,13366.0,226.54237288135593,1.170578569389291,32347.09812828292,548.2559004793715,819123.42,13883.44779661017,22,7310.0,0.06220395774390297,22,7310.0
23010.0,44,13387.0,226.89830508474577,1.4221121186531327,32209.429073849245,545.9225266754108,807909.5340000002,13693.381932203392,17,7189.0,0.09394397558115433,17,7189.0
23015.0,45,13607.0,219.46774193548387,2.0258381430068657,32467.08387950135,523.6626432177637,819364.4120000001,13215.555032258066,19,7231.0,0.08315812984033027,19,7231.0
23020.0,49,13843.0,212.96923076923076,2.117533520472353,32676.051043103394,502.708477586206,842273.6270000001,12958.055800000002,23,7307.0,0.0804597209211328,23,7307.0
23025.0,53,14101.0,231.1639344262295,1.3641653155940827,32799.908744729546,537.7034220447466,853724.8790000002,13995.489819672135,27,7405.0,0.11110672160349946,27,7405.0
23030.0,49,14222.0,241.05084745762713,0.9071341987167049,32996.23222537293,559.2581733114054,865179.3640000002,14664.057016949153,22,7285.0,0.08236227441177213,22,7285.0
23035.0,46,14360.0,243.38983050847457,1.7615082095964143,33259.01898583285,563.7121862005567,865179.3640000002,14664.057016949153,18,7163.0,0.059673803710783464,18,7163.0
23040.0,44,14517.0,246.05084745762713,1.829715926353083,33512.283771834336,568.0048096921074,865179.3640000002,14664.057016949153,17,7216.0,0.06708872520053578,17,7216.0
23045.0,46,14727.0,233.76190476190476,1.4376000268614384,33484.50026303972,531.5000041752337,819504.8810000002,13008.013984126985,19,7287.0,0.05414878523466522,19,7287.0
23050.0,47,14918.0,240.61290322580646,2.134900434810049,33489.89574236179,540.1596087477706,808200.2880000002,13035.488516129033,21,7328.0,0.17416069790425875,21,7328.0
23055.0,51,15164.0,236.9375,1.2600203808168635,33767.868977807746,527.6229527782461,831129.7360000003,12986.402125,25,7414.0,0.05189216377869832,25,7414.0
23060.0,56,15436.0,241.1875,1.274661474198112,34033.66288508102,531.7759825793909,842596.5060000003,13165.57040625,29,7525.0,0.030267156282064788,29,7525.0
23065.0,58,15722.0,253.58064516129033,0.8484370625634415,34316.86576248821,553.497834878842,842593.2500000002,13590.21370967742,30,7641.0,8.738264780296107e-05,30,7641.0
23070.0,52,15862.0,264.3666666666667,0.7553106973662641,34547.17391475863,575.7862319126439,842591.3340000003,14043.188900000001,24,7514.0,0.024968680245050858,24,7514.0
23075.0,47,15989.0,262.11475409836066,1.991921251208105,34817.126363271025,570.7725633323117,842591.3340000003,13812.972688524593,19,7395.0,0.07607404432068787,19,7395.0
23080.0,43,16130.0,264.42622950819674,2.0138093676076916,35073.41603871756,574.9740334215993,842591.3340000003,13812.972688524593,16,7381.0,0.12803790021021055,16,7381.0
23085.0,48,16341.0,276.96610169491527,1.0073405841024416,34877.78259529308,591.1488575473404,808441.7460000002,13702.402474576273,22,7472.0,0.050793564929780745,22,7472.0
23090.0,51,16576.0,276.26666666666665,1.0247671518022907,34913.451269534635,581.8908544922441,808594.9200000002,13476.582,24,7567.0,0.09683422847625783,24,7567.0
23095.0,53,16829.0,267.12698412698415,1.2887810325015043,35193.43719249686,558.6259871824898,820081.7980000001,13017.171396825397,27,7662.0,0.08374690687498015,27,7662.0
23100.0,56,17102.0,267.21875,1.0054081784938078,35471.56814432107,554.243252255017,843045.3780000001,13172.58403125,30,7775.0,0.024229648160902638,30,7775.0
23105.0,59,17390.0,259.55223880597015,0.6405514710423451,35764.34323629875,533.7961677059516,866017.6400000001,12925.636417910448,32,7903.0,0.03649801658970184,32,7903.0
23110.0,51,12075.0,180.22388059701493,1.4360268763036002,36071.0593198586,538.3740196993824,866017.6400000001,12925.636417910448,27,4759.0,0.09108137258124285,27,4759.0
23115.0,48,8787.0,131.1492537313433,2.0421774100925885,36363.62013509347,542.7405990312462,866017.6400000001,12925.636417910448,29,5216.0,0.021277056517398446,29,5216.0
23120.0,39,3955.0,59.02985074626866,2.1142287750098014,35501.72414957137,529.8764798443489,846124.0400000002,12628.717014925374,32,5994.0,0.005807305905900402,32,5994.0
23125.0,38,1646.0,24.205882352941178,2.6319091844449396,33510.41788400163,492.8002630000239,806349.1730000002,11858.076073529413,34,6649.0,0.0004070299591601339,34,6649.0
23130.0,31,949.0,14.6,2.230547933132301,28352.845314879673,436.1976202289181,790461.2720000002,12160.942646153848,22,6204.0,0.09298630009946655,22,6204.0
23135.0,42,963.0,14.373134328358208,1.4456528393398917,24541.137799109583,366.28563879268023,815275.5320000002,12168.29152238806,24,6068.0,0.02490493403746502,24,6068.0
23140.0,47,1006.0,15.242424242424242,1.2718508361701946,24539.657147341575,371.8129870809328,824750.7690000002,12496.223772727273,25,6176.0,0.03648251180840706,25,6176.0
23145.0,55,1223.0,17.72463768115942,1.0113920213347285,24812.39795750224,359.5999703985832,834200.5600000002,12089.863188405798,30,6334.0,0.010662477864392894,30,6334.0
23150.0,56,1436.0,21.432835820895523,1.541718800346001,24775.810058482348,369.78820982809475,834239.351,12451.333597014927,30,6438.0,0.0561939310085232,30,6438.0
23155.0,58,1719.0,25.65671641791045,1.1138858318117422,24957.155451813134,372.49485748974803,845756.31,12623.228507462687,30,6568.0,0.0679933409128418,30,6568.0
23160.0,60,2016.0,31.015384615384615,0.537442604072535,25080.61489449412,385.855613761448,834326.0280000002,12835.785046153846,32,6711.0,0.00036529887064062504,32,6711.0
23165.0,61,2321.0,34.13235294117647,0.8712240659405412,25357.722315154995,372.9076811052205,834329.0280000002,12269.544529411764,33,6861.0,0.0,33,6861.0
23170.0,64,2626.0,37.51428571428571,0.964362861287559,25649.379026767678,366.4197003823953,834334.4880000001,11919.064114285715,34,7011.0,0.061639730849786085,34,7011.0
23175.0,54,2663.0,38.594202898550726,1.0659031926047977,25933.858510695314,375.85302189413494,834334.4880000001,12091.804173913044,26,6892.0,0.068562714524461,26,6892.0
23180.0,57,2804.0,40.63768115942029,0.9860823298905891,26251.42971058478,380.4555030519534,834334.4880000001,12091.804173913044,28,7014.0,0.0691442948085321,28,7014.0
23185.0,57,2916.0,42.26086956521739,0.9459393169104118,26573.794382681263,385.1274548214675,834334.4880000001,12091.804173913044,29,7135.0,0.013423964283832728,29,7135.0
23190.0,59,3158.0,46.44117647058823,0.6728867171504811,26808.743759591656,394.24623175870073,834401.4280000001,12270.60923529412,32,7303.0,0.0042482104679328345,32,7303.0
23195.0,56,3368.0,51.03030303030303,0.9673664612578452,27022.469308724547,409.431353162493,834396.9350000002,12642.377803030304,30,7369.0,0.0006257611272039827,30,7369.0
23200.0,59,3660.0,53.8235294117647,1.4508650669895764,27328.097417175388,401.8837855466968,834398.8790000002,12270.571750000001,31,7509.0,0.02856302446436289,31,7509.0
23205.0,60,3956.0,57.333333333333336,1.1922257576137774,27423.410982780842,397.44073888088167,822946.3030000002,11926.758014492752,32,7650.0,0.05536412173007191,32,7650.0
23210.0,61,4259.0,64.53030303030303,0.6197249854890957,27664.22494577675,419.15492342085975,822943.3030000002,12468.837924242425,33,7798.0,0.05521736768765512,33,7798.0
23215.0,58,4393.0,66.56060606060606,0.45990350893319426,27981.490582142596,423.961978517312,822943.3030000002,12468.837924242425,30,7630.0,0.0158608431384029,30,7630.0
23220.0,55,4530.0,68.63636363636364,1.0861553060191012,28290.62482044089,428.6458306127408,822943.3030000002,12468.837924242425,27,7473.0,0.03919054536852938,27,7473.0
23225.0,52,4683.0,66.9,1.4675632096977298,28403.42618398958,405.7632311998511,811493.5190000001,11592.764557142857,25,7585.0,0.053599889461111196,25,7585.0
23230.0,54,4920.0,71.30434782608695,1.3261335645834986,28507.512420361247,413.152353918279,811634.6680000002,11762.82127536232,28,7763.0,0.06826987409395695,28,7763.0
23235.0,43,3441.0,50.60294117647059,1.7848854301420922,28437.706416226938,418.20156494451373,800321.2730000002,11769.430485294119,17,6660.0,0.10342531205268606,17,6660.0
23240.0,49,3676.0,52.51428571428571,3.3655624776606126,28713.290178955074,410.1898596993582,823505.7930000002,11764.368471428572,23,6286.0,0.1394476063099053,23,6286.0
23245.0,53,3927.0,54.541666666666664,2.759692723391124,28721.21476201579,398.9057605835526,846683.6280000003,11759.494833333334,26,6365.0,0.009829975124939277,26,6365.0
23250.0,55,4194.0,65.53125,1.3846751702294522,27591.821716963077,431.12221432754814,846673.0060000003,13229.26571875,27,6484.0,0.04852205751600873,27,6484.0
23255.0,49,4273.0,68.91935483870968,1.7784420120273785,27675.919059462587,446.3857912816546,846670.9480000003,13655.983032258066,21,6427.0,0.04843253752383673,21,6427.0
23260.0,50,4520.0,75.33333333333333,1.597804200098213,27918.74502664362,465.31241711072704,846670.6900000003,14111.178166666668,22,6500.0,0.052750465677545794,22,6500.0
23265.0,52,4776.0,82.34482758620689,0.9945997322586814,28111.936787868144,484.6885653080716,846669.7180000003,14597.753758620689,24,6601.0,4.662773257699086e-05,24,6601.0
23270.0,52,5036.0,89.92857142857143,0.9019667273046849,28297.47195532845,505.3119992022938,846666.4600000002,15119.043928571427,24,6706.0,0.0,24,6706.0
23275.0,44,4976.0,90.47272727272727,1.1372678298035417,28461.89665199171,517.4890300362127,846667.5760000004,15393.955927272731,16,6368.0,0.02930094485359187,16,6368.0
23280.0,40,5014.0,92.85185185185185,2.118750953675182,28681.575687467914,531.1402905086651,846667.5760000004,15679.029185185187,12,6098.0,0.06456219846938203,12,6098.0
23285.0,36,4999.0,83.31666666666666,2.527931217303392,28915.649403341075,481.9274900556846,846673.5760000004,14111.226266666668,9,6130.0,0.12677484107632417,9,6130.0
23290.0,40,5152.0,90.3859649122807,2.2359342520547343,28640.286317365168,502.4611634625469,812187.2600000002,14248.899298245615,13,6210.0,0.14528248460947182,13,6210.0
23295.0,41,5318.0,94.96428571428571,1.5425978365260786,28637.9351161622,511.39169850289636,812351.5530000002,14506.277732142858,15,6268.0,0.10643334117027728,15,6268.0
23300.0,46,5536.0,93.83050847457628,1.435884735326294,28702.70674864559,486.48655506178966,824124.3269999999,13968.20893220339,20,6342.0,0.03795886059469538,20,6342.0
23305.0,50,5775.0,96.25,1.7044759387737365,28949.205408685128,482.4867568114189,847381.9240000001,14123.032066666667,23,6437.0,0.030440737933364624,23,6437.0
23310.0,52,6025.0,105.70175438596492,0.5363378777247441,29156.06111693163,511.5098441566953,859006.9220000001,15070.296877192983,25,6542.0,0.04975687665667859,25,6542.0
23315.0,48,6139.0,107.70175438596492,1.0297260017955805,29422.115598373453,516.1774666381308,859006.9220000001,15070.296877192983,20,6248.0,0.06000201960816672,20,6248.0
23320.0,44,6283.0,110.2280701754386,2.128739528252558,29670.689941324003,520.538420023228,859006.9220000001,15070.296877192983,16,5998.0,0.11368607414560063,16,5998.0
23325.0,42,6418.0,108.77966101694915,1.6635440466791753,29643.409750393916,502.43067373549,835928.8890000001,14168.28625423729,14,6053.0,0.07478329360086773,14,6053.0
23330.0,44,6598.0,113.75862068965517,1.6842337302339372,29660.207725025833,511.38289181079017,812827.5840000001,14014.268689655173,17,6131.0,0.1264164304914388,17,6131.0
23335.0,44,6784.0,119.01754385964912,1.2306039640389763,29495.90337517871,517.471989038223,801502.5650000001,14061.448508771931,18,6186.0,0.10875876810202,18,6186.0
23340.0,50,7020.0,118.98305084745763,1.0598264160461375,29762.282843006953,504.445471915372,824795.375,13979.582627118642,23,6277.0,0.03616589547539225,23,6277.0
23345.0,54,7283.0,117.46774193548387,1.2746500640162575,30016.432494283577,484.1360079723159,836437.7010000001,13490.930661290322,28,6395.0,0.024270309027585573,28,6395.0
23350.0,57,7555.0,121.85483870967742,0.8211956275700116,30267.09614474061,488.1789700764615,848079.8250000001,13678.706854838709,28,6520.0,0.11074255960741242,28,6520.0
23355.0,52,7689.0,124.01612903225806,1.0383426626127406,30559.70695168654,492.8984992207506,848079.8250000001,13678.706854838709,24,6323.0,0.022108796744427204,24,6323.0
23360.0,48,7831.0,126.30645161290323,1.9237715436319676,30831.80741522469,497.2872163745919,848079.8250000001,13678.706854838709,20,6215.0,0.11528234743903168,20,6215.0
23365.0,47,7989.0,124.828125,1.9635621702938146,31087.280423408833,485.738756615763,836441.7170000001,13069.401828125,20,6214.0,0.08299910569058436,20,6214.0
23370.0,48,8212.0,132.4516129032258,1.4899920823111725,30957.644079840997,499.3168399974354,813411.9000000001,13119.54677419355,22,6323.0,0.09781171269390182,22,6323.0
23375.0,49,8387.0,135.2741935483871,0.9065803466712635,30851.68458886439,497.6078159494257,801995.9750000001,12935.418951612903,22,6368.0,0.01970328743739549,22,6368.0
23380.0,52,8642.0,132.95384615384614,1.7908653086557567,31140.555732698467,479.0854728107456,813656.2580000001,12517.788584615384,26,6478.0,0.07970267977622783,26,6478.0
23385.0,55,8912.0,135.03030303030303,1.3932839951322584,31409.55091705379,475.90228662202713,836973.0640000001,12681.410060606058,29,6603.0,0.07262862075508791,29,6603.0
23390.0,62,9207.0,146.14285714285714,0.002541120458161304,31627.533079346667,502.02433459280434,848631.0400000002,13470.333968253966,35,6752.0,2.308377790092068e-05,35,6752.0
23395.0,56,9366.0,148.66666666666666,0.6510152670821138,31935.47043779003,506.9122291712703,848631.0400000002,13470.333968253966,28,6704.0,0.014585170923174644,28,6704.0
23400.0,52,9550.0,151.5873015873016,1.5949617105350473,32223.72860602804,511.4877556512387,848631.0400000002,13470.333968253966,24,6691.0,0.04613300048405006,24,6691.0
23405.0,49,9708.0,140.69565217391303,1.7197524101448574,32488.442243305366,470.84698903341126,825319.5250000001,11961.152536231883,22,6784.0,0.06523712794069275,22,6784.0
23410.0,52,9940.0,146.1764705882353,2.020081105330653,32534.36953510571,478.4466108103782,813777.6180000001,11967.317911764707,25,6901.0,0.16817713902392642,25,6901.0
23415.0,46,9342.0,139.43283582089552,1.5905353225148695,32638.660396154937,487.1441850172379,802197.1180000001,11973.091313432835,20,6285.0,0.108656776305534,20,6285.0
23420.0,53,9598.0,139.1014492753623,2.2963295278968947,32925.63327393859,477.18309092664623,825546.9620000002,11964.448724637681,27,6284.0,0.03846577876192126,27,6284.0
23425.0,56,9869.0,140.9857142857143,2.1925527442587502,33078.254100297876,472.5464871471125,848896.2560000002,12127.08937142857,29,6410.0,0.03184153706261065,29,6410.0
23430.0,58,10150.0,158.59375,0.7400971334703763,32589.06745365162,509.2041789633065,860561.3980000002,13446.271843749999,31,6545.0,0.01939657749342149,31,6545.0
23435.0,53,10266.0,162.95238095238096,1.3345713452580377,32856.473219827625,521.5313209496449,860561.1380000002,13659.700603174602,25,6534.0,0.0296769269489871,25,6534.0
23440.0,54,10534.0,167.20634920634922,1.3016150984299486,33136.91900285735,525.9828413151962,860561.1380000002,13659.700603174602,26,6645.0,0.03535578381108075,26,6645.0
23445.0,55,10809.0,166.2923076923077,1.3537590762014085,33377.771731353685,513.5041804823644,860563.1640000001,13239.433292307693,27,6780.0,8.423052340029111e-07,27,6780.0
23450.0,55,11084.0,178.7741935483871,1.4033488890843997,33557.91866256238,541.256752621974,860559.9040000001,13879.998451612902,27,6906.0,0.0615534306202364,27,6906.0
23455.0,49,11040.0,180.98360655737704,1.1072470259972658,33771.12264361578,553.6249613707506,860558.0220000001,14107.508557377048,21,6730.0,0.03437499186301858,21,6730.0
23460.0,45,11057.0,184.28333333333333,2.2967656159304606,34026.43650746238,567.1072751243731,860558.0220000001,14342.633699999998,17,6615.0,0.06838054852688738,17,6615.0
23465.0,42,11121.0,179.3709677419355,2.5064775491864726,34136.816863445434,550.5938203781521,848928.2420000001,13692.390999999998,15,6585.0,0.12685747553474006,15,6585.0
23470.0,46,11304.0,191.59322033898306,1.7009449915525967,34156.50172481781,578.9237580477594,813982.224,13796.308881355932,19,6678.0,0.1498885682908042,19,6678.0
23475.0,46,11507.0,201.87719298245614,1.1293827243151804,34051.46261837763,597.3940810241692,790775.954,13873.262350877194,20,6759.0,0.04657215811144015,20,6759.0
23480.0,49,11743.0,189.40322580645162,1.4204555005190347,34314.31741292008,553.4567324664529,814200.248,13132.26206451613,23,6840.0,0.055617892531941895,23,6840.0
23485.0,52,11995.0,184.53846153846155,1.7058705122661888,34583.5825194259,532.0551156834756,837616.409,12886.406292307693,25,6938.0,0.060247606634490254,25,6938.0
23490.0,54,12262.0,197.7741935483871,0.6826178942595288,34823.76636184029,561.6736509974243,849320.3489999999,13698.715306451613,28,7050.0,0.08493144032478805,28,7050.0
23495.0,55,12411.0,197.0,0.8272325606658696,35125.86039712834,557.5533396369577,849320.3489999999,13481.275380952378,27,6959.0,0.022621168918148363,27,6959.0
23500.0,50,12575.0,199.6031746031746,1.828012336079001,35408.230405557435,562.0354032628164,849320.3489999999,13481.275380952378,22,6889.0,0.0833055546259179,22,6889.0
23505.0,47,12741.0,199.078125,1.7116353214488025,35540.20020704089,555.3156282350142,837680.007,13088.750109375,21,6887.0,0.06959589928150879,21,6887.0
23510.0,51,12983.0,212.8360655737705,1.1962510035253837,35561.83559377363,582.9809113733385,802667.8170000002,13158.488803278688,24,6987.0,0.05118402299625474,24,6987.0
23515.0,50,13182.0,216.0983606557377,1.1411795348267946,35725.98079746294,585.6718163518517,802731.4070000001,13159.53126229508,24,7044.0,0.07548125536071708,24,7044.0
23520.0,53,13441.0,216.79032258064515,1.0464145044245474,35900.14376687885,579.034576885143,814523.7210000001,13137.47937096774,27,7148.0,0.07737447978523773,27,7148.0
23525.0,57,13713.0,198.7391304347826,1.1809252792795273,36176.90493851178,524.3029701233593,837970.7350000001,12144.503405797099,30,7265.0,0.007507670061566899,30,7265.0
23530.0,61,14000.0,200.0,1.3280191444116098,36459.96502307776,520.8566431868252,849691.156,12138.445085714284,33,7397.0,0.10315719291592039,33,7397.0
23535.0,56,14143.0,202.04285714285714,1.0396717060103702,36746.032448449965,524.9433206921424,861410.262,12305.860885714284,29,7331.0,0.0471195781247481,29,7331.0
23540.0,55,14318.0,204.54285714285714,1.864981487162518,37054.85168840348,529.35502412005,861410.262,12305.860885714284,27,7291.0,0.08600874737144039,27,7291.0
23545.0,53,14532.0,213.7058823529412,1.54402078196944,37224.67856141288,547.4217435501895,838009.4369999999,12323.66819117647,26,7322.0,0.059408245572595664,26,7322.0
23550.0,55,14789.0,224.07575757575756,1.1434983563719043,37395.23068783446,566.5944043611282,814608.6309999999,12342.555015151514,29,7444.0,0.052023566446761954,29,7444.0
23555.0,48,10743.0,160.34328358208955,1.4105540386189117,37479.05621367273,559.3888987115336,814732.5199999999,12160.18686567164,26,5562.0,0.059672933293266846,26,5562.0
23560.0,44,7554.0,107.91428571428571,2.519595226868758,37659.068706996724,537.986695814239,814812.2099999998,11640.17442857143,29,4764.0,0.0935393640786872,29,4764.0
23565.0,39,3932.0,55.38028169014085,3.2118524042099788,34069.66274158661,479.854404811079,808834.61,11392.03676056338,34,6795.0,0.09872028663120404,34,6795.0
23570.0,43,2008.0,29.529411764705884,2.0693972192615746,25352.386003089046,372.8292059277801,733888.7019999998,10792.480911764706,42,6969.0,0.017170972719633873,42,6969.0
23575.0,42,1228.0,17.797101449275363,1.556898778535233,21207.366696854995,307.35314053413055,749772.8709999999,10866.27349275362,35,7029.0,0.04892963095001231,35,7029.0
23580.0,45,1264.0,17.555555555555557,1.4517362696077454,21520.770278804994,298.89958720562504,813857.333,11303.574069444447,31,7013.0,0.03205165717693918,31,7013.0
23585.0,50,1418.0,18.415584415584416,1.5602960971209603,20904.90137312797,271.4922256250386,824378.968,10706.220363636363,32,7152.0,0.01381301995022368,32,7152.0
23590.0,60,1673.0,21.727272727272727,1.4703372949439122,21228.727794483835,275.6977635647251,843615.3219999999,10956.043142857141,38,7325.0,0.059734563140242704,38,7325.0
23595.0,59,1618.0,21.289473684210527,1.182918272117948,20905.646155717684,275.0742915226011,876709.9429999999,11535.657144736842,35,7223.0,0.028618020797257986,35,7223.0
23600.0,63,1927.0,25.355263157894736,1.6895620650927938,21241.428318124235,279.49247787005584,876709.9429999999,11535.657144736842,35,7323.0,0.01374613056924732,35,7323.0
23605.0,64,2243.0,29.12987012987013,1.6332488995444752,21354.973735786793,277.3373212439844,865003.3629999999,11233.809909090907,36,7498.0,0.013717962232750227,36,7498.0
23610.0,64,2563.0,34.63513513513514,1.3197249246537321,21568.31395784082,291.46370213298405,865000.2209999998,11689.192175675675,36,7664.0,0.046831566687400045,36,7664.0
23615.0,57,2593.0,36.521126760563384,0.9233171506560005,21683.0458186948,305.3950115309126,864997.2209999998,12183.059450704224,28,7416.0,0.02755294095532123,28,7416.0
23620.0,58,2760.0,38.87323943661972,0.825279428993753,22014.81364318544,310.06779779134416,864997.2209999998,12183.059450704224,29,7403.0,0.03652769302347153,29,7403.0
23625.0,59,2897.0,41.385714285714286,0.7561247071680002,22146.684299705645,316.38120428150916,864993.2339999998,12357.046199999997,32,7532.0,0.008028533151073457,32,7532.0
23630.0,61,3172.0,45.971014492753625,0.6316378299973046,22346.292212291184,323.85930742450984,864992.5339999999,12536.123681159419,35,7712.0,0.003995020105679776,35,7712.0
23635.0,51,2059.0,29.414285714285715,1.9039453549703202,22478.100852475716,321.1157264639388,876772.0569999998,12525.315099999998,25,6783.0,0.0676814320415328,25,6783.0
23640.0,53,2319.0,32.208333333333336,3.100231367117738,22622.486523929158,314.20120172123825,876847.9169999998,12178.443291666666,25,6564.0,0.05526430942350207,25,6564.0
23645.0,53,2584.0,35.888888888888886,2.658134404751262,22326.293862578168,310.08741475803004,876849.5389999998,12178.465819444446,25,6659.0,0.07904631436985143,25,6659.0
23650.0,57,2860.0,45.3968253968254,0.9220260810485823,21722.7048352978,344.8048386555206,876837.8029999997,13918.060365079362,29,6765.0,0.07297143795090608,29,6765.0
23655.0,54,2966.0,47.83870967741935,0.6305276447536027,21967.72963506271,354.31821992036623,876837.5409999999,14142.540983870967,26,6587.0,0.024353359909731177,26,6587.0
23660.0,52,3108.0,47.815384615384616,1.5794323288697023,22255.079700673643,342.3858415488252,876838.6249999998,13489.825,24,6368.0,0.04884740343848242,24,6368.0
23665.0,48,3210.0,49.38461538461539,2.2575475378544128,22532.095836005396,346.6476282462368,876838.6249999998,13489.825,21,6445.0,0.09796836070242795,21,6445.0
23670.0,51,3427.0,55.274193548387096,0.9425413540933906,22297.457143496318,359.6364055402631,841763.1539999999,13576.825064516126,25,6583.0,0.06503375507203547,25,6583.0
23675.0,47,3342.0,53.04761904761905,1.3858146471694233,22287.619794687023,353.7717427728097,841960.1309999999,13364.446523809524,20,6427.0,0.053643935323560106,20,6427.0
23680.0,50,3582.0,55.96875,2.1677046472427595,22558.328439679142,352.4738818699864,853770.316,13340.161187500002,24,6434.0,0.10760873021235784,24,6434.0
23685.0,50,3832.0,55.53623188405797,2.0105986080794516,22752.542659228162,329.7469950612776,877394.1780000001,12715.857652173912,24,6505.0,0.028631755638055582,24,6505.0
23690.0,55,4101.0,62.13636363636363,1.5809548965299112,22885.127390018675,346.7443543942223,889202.744,13472.76884848485,29,6614.0,0.056967919427421916,29,6614.0
23695.0,52,4233.0,68.2741935483871,0.9971232476822689,22982.23188833635,370.6811594892959,889199.744,14341.931354838709,24,6462.0,0.07984341390692506,24,6462.0
23700.0,50,4381.0,70.66129032258064,1.7041017112929393,23262.982365358752,375.2093929896572,889199.744,14341.931354838709,22,6230.0,0.040281443127966374,22,6230.0
23705.0,46,4539.0,70.921875,2.109322315680145,23524.095715599567,367.5639955562432,877386.6669999999,13709.166671875,20,6299.0,0.07733746095140231,20,6299.0
23710.0,51,4774.0,75.77777777777777,1.4178285069658005,23320.227822356985,370.16234638661876,842226.4600000001,13368.67396825397,22,6387.0,0.13971540501989052,22,6387.0
23715.0,46,4726.0,75.01587301587301,1.4541810571739264,23302.660706944513,369.8835032848334,830602.3250000001,13184.16388888889,20,6118.0,0.10067757288494746,20,6118.0
23720.0,46,4950.0,76.15384615384616,1.4543862137093153,23585.4693407661,362.8533744733248,854255.7730000002,13142.396507692309,19,6063.0,0.12483375239818041,19,6063.0
23725.0,50,5181.0,77.32835820895522,1.3180366000112207,23776.59688769971,354.87458041342853,877909.2910000002,13103.12374626866,23,6138.0,0.08167138840698668,23,6138.0
23730.0,54,5440.0,81.19402985074628,1.434913766342367,23930.554675467076,357.1724578427922,878000.0670000002,13104.478611940302,28,6237.0,0.06503719772915113,28,6237.0
23735.0,45,3820.0,55.36231884057971,1.9925493454352627,24201.326655750887,350.7438645760998,889832.4730000001,12896.12279710145,22,3858.0,0.04403396499006947,22,3858.0
23740.0,44,2766.0,40.08695652173913,2.4362000519574125,24116.689182559123,349.5172345298425,901747.868,13068.80968115942,26,4359.0,0.0683801093341357,26,4359.0
23745.0,37,1528.0,22.80597014925373,2.4185717030445453,24331.771703634964,363.16077169604455,901747.462,13458.917343283581,31,5064.0,0.05425449710435521,31,5064.0
23750.0,40,942.0,14.952380952380953,2.0252465148205485,21254.26289741369,337.36925233989996,840365.234,13339.130698412699,36,5372.0,0.00025593300934201297,36,5372.0
23755.0,39,940.0,15.40983606557377,1.715964609464962,16639.188234080615,272.77357760787885,801687.5660000001,13142.419114754099,28,5271.0,0.02918769973061317,28,5271.0
23760.0,38,1024.0,16.78688524590164,2.1090754569762638,16260.525158693114,266.5659862080838,823756.811,13504.210016393445,24,5197.0,0.043041441062613976,24,5197.0
23765.0,41,1101.0,15.507042253521126,2.539191290093785,16534.593745366587,232.88160204741672,866754.5590000001,12207.810690140845,21,5289.0,0.07034470687490284,21,5289.0
23770.0,48,1304.0,19.46268656716418,2.005082047053323,16341.209487754733,243.89864907096623,829312.1180000001,12377.79280597015,23,5406.0,0.12844122135930602,23,5406.0
23775.0,49,1223.0,18.53030303030303,1.3315547910783792,16479.486551943304,249.68919018095914,817537.1420000001,12386.926393939393,23,5340.0,0.08752424119062635,23,5340.0
23780.0,52,1473.0,21.66176470588235,1.4750652380133893,16776.518739887775,246.7135108807026,841226.4830000001,12370.977691176473,26,5350.0,0.059389970500826825,26,5350.0
23785.0,58,1746.0,25.304347826086957,1.4307317427008464,17053.39517404344,247.15065469628183,864915.1430000003,12535.002072463769,31,5478.0,0.026323470371451697,31,5478.0
23790.0,60,2039.0,29.12857142857143,1.2949082138576073,17344.236950566035,247.7748135795149,888598.1290000002,12694.258985714287,33,5626.0,0.04841136304306328,33,5626.0
23795.0,56,2194.0,32.26470588235294,1.2418865996910853,17341.873793084276,255.0275557806511,888598.7850000001,13067.629191176473,28,5596.0,0.0423959822760782,28,5596.0
23800.0,52,2380.0,34.492753623188406,2.067727948974619,17639.593439539396,255.64628173245507,888602.4410000003,12878.29624637681,24,5606.0,0.11245942747673791,24,5606.0
23805.0,52,2572.0,37.27536231884058,1.9643654341760444,17886.54152115292,259.2252394369989,876777.0350000004,12706.913550724637,24,5661.0,0.083044350753922,24,5661.0
23810.0,55,2809.0,43.215384615384615,0.8276856697989774,17884.219980514645,275.14184585407156,829494.9820000003,12761.461261538461,28,5790.0,0.05358141666351,28,5790.0
23815.0,47,2128.0,32.24242424242424,1.5021123667539253,18029.040726301824,273.16728373184594,817702.4630000001,12389.431257575758,21,5129.0,0.06897391123783601,21,5129.0
23820.0,51,2375.0,34.9264705882353,2.730776739103664,18303.753475764377,269.1728452318291,841416.9910000002,12373.779279411765,25,5078.0,0.05579761209047433,25,5078.0
23825.0,55,2635.0,37.642857142857146,2.1964276947050485,18221.044721388465,260.30063887697816,865123.1520000002,12358.902171428574,28,5193.0,0.05942998527447374,28,5193.0
23830.0,57,2912.0,44.8,0.9701367754930923,17923.1459861761,275.74070747963236,876971.5560000003,13491.870092307692,31,5325.0,0.08910757948676798,31,5325.0
23835.0,53,3059.0,47.796875,0.8462599108619027,18153.802679489043,283.65316686701647,888822.8440000003,13887.8569375,26,5301.0,0.05034074611441927,26,5301.0
23840.0,52,3241.0,49.10606060606061,1.6698472255698533,18444.16694947181,279.4570749919972,888823.0880000002,13467.016484848486,24,5281.0,0.05134544135867357,24,5281.0
23845.0,49,3406.0,50.088235294117645,2.028834458260495,18631.732951328184,273.99607281364985,876998.5330000002,12897.037250000001,22,5377.0,0.05494753966907773,22,5377.0
23850.0,51,3642.0,56.03076923076923,1.253758978582062,18702.926882487485,287.7373366536537,841501.5170000001,12946.177184615384,24,5490.0,0.08151123723450673,24,5490.0
23855.0,48,3484.0,53.6,1.223906381723361,18900.764750170016,290.7809961564618,829690.3990000003,12764.467676923077,21,5316.0,0.056754191832790825,21,5316.0
23860.0,50,3694.0,55.134328358208954,2.0717487006957462,19186.41087482003,286.3643414152242,853428.4010000002,12737.73732835821,24,5294.0,0.09586364239253611,24,5294.0
23865.0,53,3953.0,58.13235294117647,1.5357640415898792,19393.022530849645,285.19150780661244,865293.2130000002,12724.90019117647,27,5408.0,0.012664739765130502,27,5408.0
23870.0,57,4233.0,66.140625,0.9038098490873809,19347.469191007338,302.30420610948966,877156.1050000001,13705.564140625,31,5543.0,0.02811528032586835,31,5543.0
23875.0,53,4370.0,69.36507936507937,1.055955311279871,19551.508214332418,310.3414002274986,877156.5000000001,13923.119047619048,25,5521.0,0.0693187149688925,25,5521.0
23880.0,51,4536.0,72.0,1.6059708885961639,19834.06245798047,314.82638822191234,877156.5000000001,13923.119047619048,23,5498.0,0.0676999996927194,23,5498.0
23885.0,48,4696.0,70.08955223880596,2.098872896587832,20115.957136049714,300.2381662096972,877159.5000000001,13091.932835820895,20,5531.0,0.0700764111249605,20,5531.0
23890.0,52,4908.0,75.50769230769231,1.4667205396071703,20093.698356800604,309.13382087385554,829772.9610000002,12765.737861538462,23,5642.0,0.12423607577411697,23,5642.0
23895.0,48,5028.0,77.35384615384615,1.4934029796391404,20290.241199019052,312.15755690798545,829815.0900000003,12766.385999999999,22,5617.0,0.047243887439507005,22,5617.0
23900.0,50,5272.0,79.87878787878788,2.049661859109733,20485.63095238004,310.38834776333397,841738.4650000003,12753.613106060604,24,5661.0,0.13665120690200594,24,5661.0
23905.0,54,5530.0,83.78787878787878,1.4769621119164706,20741.154188689183,314.25991194983624,865502.7590000002,13113.678166666667,27,5773.0,0.05696736125794391,27,5773.0
23910.0,58,5813.0,89.43076923076923,0.7167301429952897,20950.46884988441,322.31490538283725,877384.8230000002,13498.228046153847,32,5911.0,0.0007222369494549516,32,5911.0
23915.0,54,5970.0,94.76190476190476,0.9841443913308734,21092.796699396236,334.8062968158134,877384.8230000002,13926.743222222221,26,5886.0,0.013631932773278508,26,5886.0
23920.0,49,6124.0,94.21538461538462,2.146534233037624,21363.074526339937,328.6626850206145,877387.4840000003,13498.268984615386,21,5863.0,0.11226541426064901,21,5863.0
23925.0,45,6296.0,92.58823529411765,2.559694493652785,21637.95356075881,318.2051994229238,877390.4840000003,12902.801235294117,18,5888.0,0.11119141126305439,18,5888.0
23930.0,52,6525.0,101.953125,1.2155725295442394,21591.631684694326,337.369245073349,829966.6400000001,12968.22875,25,5998.0,0.07401233006191534,25,5998.0
23935.0,50,6711.0,106.52380952380952,1.0333794944300614,21705.406198525478,344.530257119452,818156.2140000003,12986.606571428572,24,6052.0,0.06986876313370707,24,6052.0
23940.0,55,6979.0,107.36923076923077,0.964227172174331,22001.686507747174,338.4874847345721,841953.2660000002,12953.12716923077,29,6175.0,0.028561312700441224,29,6175.0
23945.0,59,7265.0,102.32394366197182,1.4903405451070106,22278.24531170288,313.77810298173074,865753.0160000002,12193.704450704225,32,6316.0,0.03308676577553979,32,6316.0
23950.0,59,7559.0,109.55072463768116,1.087143913952463,22498.57020140189,326.0662348029258,877644.0480000001,12719.47895652174,33,6465.0,0.09409340944570488,33,6465.0
23955.0,57,7718.0,108.70422535211267,0.9482416491446504,22823.584981726584,321.4589434045998,889539.42,12528.724225352113,30,6432.0,0.06680315970869338,30,6432.0
23960.0,57,7907.0,111.36619718309859,1.5577130813841598,23142.55647399411,325.95149963371983,889539.42,12528.724225352113,29,6445.0,0.05035842373792535,29,6445.0
23965.0,55,8129.0,114.49295774647888,1.4417640131888478,23421.051955389034,329.8739712026625,877657.356,12361.371211267606,28,6570.0,0.047030737225803726,28,6570.0
23970.0,56,8393.0,119.9,1.1421717259146755,23518.790725824456,335.98272465463504,842037.7970000001,12029.111385714286,30,6710.0,0.06428010532063033,30,6710.0
23975.0,50,7840.0,112.0,1.8618650100040253,23638.477931006106,337.69254187151586,830230.1100000002,11860.430142857142,23,6120.0,0.07932842659706296,23,6120.0
23980.0,53,8092.0,112.38888888888889,2.2631846151258648,23930.028980889776,332.36151362346914,854052.3820000002,11861.838638888888,26,6131.0,0.049077764499963136,26,6131.0
23985.0,58,8373.0,114.6986301369863,2.171391741502496,24230.193727958136,331.92046202682394,865960.1570000002,11862.46790410959,32,6267.0,0.029981327785360334,32,6267.0
23990.0,61,8670.0,135.46875,0.3519477567859124,23655.713958429908,369.6205306004675,877855.8950000001,13716.498359375,33,6416.0,0.0012755126643513096,33,6416.0
23995.0,55,8832.0,138.0,0.7781520900981027,23927.49797992097,373.86715593626525,877857.0190000002,13716.515921875001,27,6387.0,0.020494408400000726,27,6387.0
24000.0,50,8991.0,140.484375,2.0324141139015026,24211.346697063476,378.3022921416168,877857.0190000002,13716.515921875001,22,6323.0,0.03815572226238749,22,6323.0
24005.0,48,9160.0,132.7536231884058,2.0209008117472904,24342.463899821876,352.78933188147647,854103.9310000001,12378.31784057971,21,6410.0,0.11059911772816977,21,6410.0
24010.0,52,9390.0,140.1492537313433,1.7851852884794333,24432.828327868065,364.6690795204188,830352.0710000001,12393.314492537313,25,6527.0,0.1222478027983317,25,6527.0
24015.0,48,9357.0,141.77272727272728,1.1766852952958342,24554.257887769407,372.0342104207485,818516.9490000001,12401.771954545455,22,6436.0,0.07125862705120584,22,6436.0
24020.0,52,9610.0,137.28571428571428,1.9737590500669318,24846.51348067204,354.9501925810292,842371.923,12033.884614285713,26,6473.0,0.09708986753771923,26,6473.0
24025.0,57,9882.0,139.18309859154928,1.9417040878825456,25081.679005158243,353.26308457969367,866215.9810000001,12200.225084507041,30,6600.0,0.01812709679260987,30,6600.0
24030.0,59,10172.0,149.58823529411765,1.000107824834631,25246.97534176377,371.2790491435848,878138.6090000002,12913.80307352941,33,6745.0,0.03501862519601035,33,6745.0
24035.0,50,9292.0,136.64705882352942,1.4707982757455709,25433.42591831521,374.0209693869883,890061.8190000001,13089.144397058823,23,6191.0,0.0736577031484177,23,6191.0
24040.0,48,9269.0,140.43939393939394,1.36424614745155,25675.65406622029,389.02506160939834,890061.8190000001,13485.785136363635,17,6044.0,0.09514338606905873,17,6044.0
24045.0,45,9403.0,140.34328358208955,1.1834086706816114,25867.72916372729,386.0855099063775,866235.026,12928.880985074626,18,6115.0,0.04429984918362881,18,6115.0
24050.0,51,9626.0,145.84848484848484,1.5037902135784629,26145.496338741388,396.143883920324,854322.532,12944.280787878786,24,6215.0,0.03899508894021747,24,6215.0
24055.0,53,9822.0,148.8181818181818,1.4270045719053472,26118.45465509604,395.73416144084916,866258.5470000001,13125.129500000001,26,6275.0,0.054550202561864436,26,6275.0
24060.0,56,10097.0,157.765625,0.8879198666491318,25819.218631387903,403.4252911154359,866295.08,13535.860625000001,30,6405.0,0.028044294316362177,30,6405.0
24065.0,58,10382.0,157.3030303030303,1.2082124336222402,26095.172310908165,395.38139865012374,866294.9560000001,13125.681151515151,30,6540.0,0.01393222845718983,30,6540.0
24070.0,61,10674.0,164.2153846153846,0.7660077347619482,26321.84495242829,404.9514608065892,866292.938,13327.583661538463,31,6677.0,0.08199099153939254,31,6677.0
24075.0,53,10797.0,168.703125,0.8569951572798571,26612.94193869968,415.8272177921826,866292.938,13535.82715625,25,6618.0,0.020309779277676146,25,6618.0
24080.0,51,10922.0,170.65625,1.5670546239258658,26899.780725281442,420.30907383252253,866292.938,13535.82715625,23,6574.0,0.09973409389588239,23,6574.0
24085.0,50,11071.0,167.74242424242425,1.3750573597771119,27176.574184277117,411.7662755193503,854354.016,12944.757818181819,23,6669.0,0.05543061904053819,23,6669.0
24090.0,53,11307.0,173.95384615384614,1.1428738569316486,27225.729755037395,418.8573808467293,842529.7849999999,12961.996692307692,26,6803.0,0.07260871049788034,26,6803.0
24095.0,52,11509.0,177.06153846153848,1.0975149751982276,27300.534828596083,420.00822813224744,830689.9709999999,12779.845707692306,25,6883.0,0.05899520752083224,25,6883.0
24100.0,56,11783.0,170.768115942029,1.5548857817486292,27605.78422077685,400.08382928662115,854619.714,12385.79295652174,30,7013.0,0.05511736599097113,30,7013.0
24105.0,61,12077.0,172.52857142857144,1.4711235178855666,27893.296839771494,398.4756691395929,878552.116,12550.744514285712,34,7162.0,0.06811532598347547,34,7162.0
24110.0,64,12383.0,179.46376811594203,0.504719087692835,28161.038356714147,408.1309906770166,878556.34,12732.700579710145,36,7319.0,0.01665567823061867,36,7319.0
24115.0,58,12543.0,187.2089552238806,0.7526439891488854,28450.03044223934,424.627320033423,878556.34,13112.781194029849,30,7240.0,0.03192001309907766,30,7240.0
24120.0,55,12710.0,189.70149253731344,1.3551056344440715,28757.49904933454,429.2164037214112,878556.34,13112.781194029849,27,7200.0,0.03718760776903459,27,7200.0
24125.0,53,12899.0,179.15277777777777,1.6475393389711797,29020.408833974907,403.06123380520717,866623.5970000001,12036.438847222224,26,7326.0,0.04721925605192961,26,7326.0
24130.0,55,13150.0,187.85714285714286,1.5870080044149233,29058.58515884998,415.12264512642827,842825.0560000001,12040.357942857143,28,7475.0,0.09368992116727212,28,7475.0
24135.0,49,12728.0,184.46376811594203,1.740560856169129,29109.53003821568,421.877246930662,830995.39,12043.411449275362,23,6987.0,0.11593191012533544,23,6987.0
24140.0,55,12989.0,182.94366197183098,2.073113690472369,29409.727661494682,414.2215163590801,854959.375,12041.681338028167,29,7043.0,0.021078255939358574,29,7043.0
24145.0,58,13271.0,192.33333333333334,1.6014298509804397,29428.194038795078,426.4955657796388,866944.019,12564.406072463766,32,7176.0,0.0002798011864646491,32,7176.0
24150.0,59,13566.0,208.7076923076923,0.7628259402796221,29252.49331655326,450.0383587162041,878920.6560000001,13521.856246153846,33,7316.0,0.043271066843622016,33,7316.0
24155.0,54,13707.0,207.6818181818182,1.3288339528631665,29545.930033143926,447.6656065627867,890907.1980000001,13498.593909090909,27,7219.0,0.04105714452139676,27,7219.0
24160.0,50,13863.0,210.04545454545453,1.8629219528584122,29836.39339346888,452.0665665677104,890907.1980000001,13498.593909090909,22,7139.0,0.06829405298942347,22,7139.0
24165.0,51,14050.0,209.70149253731344,1.6388606921399453,29958.377627745995,447.13996459322397,867016.5160000002,12940.545014925372,24,7229.0,0.057049353032092964,24,7229.0
24170.0,54,14297.0,219.95384615384614,1.2591694285276862,30105.124720013246,463.15576492328057,843115.2430000001,12971.003738461539,27,7342.0,0.07334400785005443,27,7342.0
24175.0,50,14323.0,213.77611940298507,1.0666714875178063,30152.039595725706,450.03044172724907,831270.456,12407.021731343284,24,7245.0,0.049307233797145314,24,7245.0
24180.0,55,14587.0,211.40579710144928,1.695961568188577,30452.346027235886,441.33834822080973,855264.4739999999,12395.137304347823,29,7332.0,0.04189696996172718,29,7332.0
24185.0,58,14871.0,200.95945945945945,1.8639521281716995,30690.646546616466,414.7384668461684,879255.5369999999,11881.83158108108,31,7461.0,0.06032495060848558,31,7461.0
24190.0,62,15169.0,216.7,1.1934438165380723,30850.04837917314,440.7149768453304,879251.715,12560.738785714284,34,7599.0,0.06667226127053283,34,7599.0
24195.0,54,14602.0,217.9402985074627,0.6276331987701848,31088.11725850169,464.00175012689084,879248.715,13123.11514925373,26,7055.0,0.035006663835511286,26,7055.0
24200.0,50,14442.0,209.30434782608697,1.3515916830693002,31400.681123619954,455.0823351249267,879248.9670000001,12742.73865217391,21,6707.0,0.06425800077216226,21,6707.0
24205.0,49,14581.0,214.4264705882353,1.5692774937036145,31420.565147940008,462.06713452852955,867249.6579999999,12753.671441176468,21,6786.0,0.04426408425091552,21,6786.0
24210.0,56,14817.0,224.5,0.8527306363809405,31397.021657444235,475.7124493552157,855252.315,12958.368409090908,30,6911.0,0.042954752964562956,30,6911.0
24215.0,55,15016.0,227.5151515151515,1.1561509365632376,31218.67699505403,473.01025750081857,867268.098,13140.425727272726,29,6955.0,0.000542936832613816,29,6955.0
24220.0,57,15300.0,231.8181818181818,1.5091737278206514,31517.110006538704,477.53196979604087,867268.098,13140.425727272726,30,7080.0,0.0322179065770833,30,7080.0
24225.0,59,15591.0,239.86153846153846,0.8194880646693089,31586.810257553196,485.9509270392798,855344.872,13159.151876923075,31,7206.0,0.0001975796614457602,31,7206.0
24230.0,59,15886.0,256.2258064516129,0.5457702873307734,31843.278491018056,513.6012659841621,855344.746,13795.882999999996,31,7336.0,0.0,31,7336.0
24235.0,54,16000.0,262.2950819672131,0.6097588653978284,32108.662268789885,526.3715126031127,855344.746,14022.045016393442,26,7224.0,0.045964971178065986,26,7224.0
24240.0,52,16136.0,264.5245901639344,1.1946996057958539,32392.96339317781,531.0321867734067,855344.746,14022.045016393442,24,7126.0,0.0554115831470487,24,7126.0
24245.0,47,16232.0,242.26865671641792,1.93777179258568,32677.35270325841,487.7216821381852,855350.746,12766.429044776118,20,7113.0,0.0729875550911615,20,7113.0
24250.0,53,16447.0,245.47761194029852,1.840517269375027,32516.33063082021,485.31836762418214,831536.62,12410.994328358209,24,7242.0,0.14575326999865423,24,7242.0
24255.0,50,16654.0,252.33333333333334,1.531658105814593,32540.719341419277,493.04120214271603,819657.02,12419.045757575757,24,7321.0,0.07390928451327305,24,7321.0
24260.0,55,16920.0,248.8235294117647,1.2893894361830338,32839.40061390778,482.932361969232,843756.75,12408.1875,29,7432.0,0.06746127122603682,29,7432.0
24265.0,61,17210.0,242.3943661971831,1.2394404044819065,33128.387832796914,466.5970117295339,867864.1639999999,12223.438929577465,34,7567.0,0.036025649948778694,34,7567.0
24270.0,62,17515.0,253.84057971014494,0.6790639534741718,33402.58297350371,484.0954054130972,879912.0379999998,12752.348376811591,36,7717.0,0.030825973345356507,36,7717.0
24275.0,57,17287.0,250.53623188405797,1.4040338769741627,33705.442215138086,488.4846697846098,891957.6629999998,12926.922652173913,30,7358.0,0.054530290905672935,30,7358.0
24280.0,58,17575.0,247.53521126760563,2.0857602310149295,34010.886154519736,479.0265655566158,891959.6309999999,12562.81170422535,30,7458.0,0.025296869667646264,30,7458.0
24285.0,60,17872.0,259.0144927536232,1.5564482184462975,34077.13072294462,493.87145975282033,891958.2369999998,12926.930971014492,32,7590.0,0.0515163677468628,32,7590.0
24290.0,61,18174.0,288.4761904761905,0.17101648462053004,34016.36668457496,539.9423283265866,891951.0009999998,14157.952396825394,33,7727.0,0.027152825301255675,33,7727.0
24295.0,55,18176.0,288.5079365079365,0.7035693035603469,34321.852506666386,544.791309629625,891951.0009999998,14157.952396825394,27,7531.0,0.026952803110585573,27,7531.0
24300.0,50,18234.0,289.42857142857144,1.8762283781935376,34604.808818852965,549.2826796643327,891951.0009999998,14157.952396825394,22,7389.0,0.06479983822052583,22,7389.0
24305.0,47,18335.0,277.8030303030303,2.1504246085604,34652.04922630562,525.0310488834185,867951.7899999999,13150.784696969698,20,7357.0,0.07450739865972997,20,7357.0
24310.0,48,18544.0,294.3492063492063,1.7482845203652795,34570.12420575583,548.7321302500926,831960.619,13205.724111111109,22,7499.0,0.16818906434293687,22,7499.0
24315.0,48,18665.0,296.26984126984127,1.4489306838394655,34695.03160214304,550.7147873356037,832061.736,13207.32914285714,22,7465.0,0.059696691901847995,22,7465.0
24320.0,52,18916.0,295.5625,1.6033226062641877,34831.93374800509,544.2489648125795,844240.636,13191.2599375,26,7561.0,0.053721350244943816,26,7561.0
24325.0,54,19180.0,286.2686567164179,1.6928461265133095,35027.66747452759,522.8010070825012,868402.312,12961.228537313433,27,7670.0,0.039674979775846116,27,7670.0
24330.0,56,19454.0,294.75757575757575,1.0686451386371778,35269.16598889119,534.3813028619874,880479.5340000002,13340.599,30,7789.0,0.06085287009974053,30,7789.0
24335.0,48,18956.0,291.6307692307692,1.5593109132501193,35526.83099155395,546.5666306392915,880479.5340000002,13545.838984615384,20,7072.0,0.06015240867401393,20,7072.0
24340.0,44,18826.0,289.6307692307692,1.8543756140359577,35810.68113404027,550.9335559083117,880479.5340000002,13545.838984615384,15,6721.0,0.09985245071818459,15,6721.0
24345.0,47,18991.0,301.44444444444446,1.1851531873741947,35598.37596231862,565.05358670347,856402.1620000001,13593.685111111112,19,6780.0,0.05938186841284164,19,6780.0
24350.0,53,19216.0,309.93548387096774,0.7576379485873068,35571.37040453797,573.7317807183541,856413.6520000002,13813.123419354837,26,6887.0,0.019681633560473165,26,6887.0
24355.0,45,13395.0,212.61904761904762,1.4693786544225513,35403.494764632414,561.9602343592444,868509.0860000002,13785.858507936508,23,4819.0,0.0796996683342013,23,4819.0
24360.0,40,8790.0,137.34375,2.8714865593024745,35498.96388872084,554.6713107612629,880705.2620000003,13761.019718749998,25,3205.0,0.07379645143473702,25,3205.0
24365.0,34,2972.0,45.03030303030303,3.1530656719803063,33831.73084623871,512.6019825187684,860314.3900000004,13035.066515151515,28,6015.0,0.05591350119621306,28,6015.0
24370.0,38,752.0,11.936507936507937,2.9890067993369267,27853.752876315724,442.12306152882115,799751.6750000003,12694.471031746032,34,6748.0,0.05194118659098202,34,6748.0
24375.0,32,625.0,10.245901639344263,1.7968997296060427,23104.173456036024,378.7569419022301,760238.1760000002,12462.920918032787,25,6377.0,0.03297930861918297,25,6377.0
24380.0,38,670.0,10.307692307692308,1.6064750646337422,22608.744941888184,347.82684525981836,805136.2300000002,12386.711230769231,25,6308.0,0.026941462048551128,25,6308.0
24385.0,47,782.0,11.671641791044776,1.651007043746903,22704.72747137823,338.8765294235557,871362.7210000001,13005.413746268658,27,6421.0,0.013857203609250683,27,6421.0
24390.0,53,998.0,15.353846153846154,0.7634471974855932,22763.490304788167,350.2075431505873,869254.5160000002,13373.1464,31,6572.0,0.016580457609446198,31,6572.0
24395.0,52,1063.0,16.106060606060606,1.1971191976694873,22850.453295823347,346.2189893306567,903443.2200000002,13688.533636363636,27,6537.0,0.014655394182227166,27,6537.0
24400.0,56,1339.0,20.28787878787879,1.6371019559538915,23140.90867547738,350.619828416324,903443.2200000002,13688.533636363636,28,6626.0,0.02885340443033937,28,6626.0
24405.0,57,1622.0,23.852941176470587,1.3579436838724364,23176.69085525849,340.83368904791905,891447.0920000002,13109.51605882353,29,6754.0,0.01487168737216944,29,6754.0
24410.0,57,1907.0,29.338461538461537,1.3861450674390923,23320.389869065002,358.7752287548463,891447.0920000002,13714.570646153847,29,6884.0,0.06743137875212804,29,6884.0
24415.0,54,2022.0,32.095238095238095,0.5837771363402745,23558.54846570948,373.9452137414204,891444.0920000002,14149.906222222226,26,6711.0,0.046891023101283645,26,6711.0
24420.0,54,2168.0,33.875,1.2351843752373528,23854.570125242444,372.72765820691325,891444.6600000001,13928.822812499999,26,6583.0,0.0599088069693954,26,6583.0
24425.0,51,2279.0,33.51470588235294,1.7157736271392043,24153.234421459052,355.1946238449861,891448.2280000002,13109.532764705884,24,6687.0,0.08351588831645508,24,6687.0
24430.0,57,2509.0,36.36231884057971,1.1937770006420847,23908.303869623844,346.4971575307803,867512.4730000001,12572.644536231885,28,6848.0,0.12409235769210185,28,6848.0
24435.0,50,2068.0,29.971014492753625,1.676556991835828,24065.48811116127,348.77519001683004,867620.2390000002,12574.20636231884,23,6357.0,0.07798368657585535,23,6357.0
24440.0,54,2323.0,32.71830985915493,2.3361576019914656,24352.36359655391,342.99103657118184,891933.9200000002,12562.449577464791,27,6399.0,0.08650448996001328,27,6399.0
24445.0,57,2599.0,36.09722222222222,1.9410029582692472,24527.113658521597,340.6543563683556,904091.5780000001,12556.827472222221,31,6530.0,0.029921968186417066,31,6530.0
24450.0,60,2897.0,43.89393939393939,0.5627131417469734,24255.734874848305,367.51113446739856,916246.0480000001,13882.515878787879,33,6680.0,0.012458056885874784,33,6680.0
24455.0,56,3021.0,47.203125,0.8843453943691016,24473.075212007112,382.3918001876111,916242.92,14316.295625,28,6667.0,0.020479849239598873,28,6667.0
24460.0,56,3301.0,50.015151515151516,1.5225600322725608,24769.850716441044,375.300768430925,916244.8920000001,13882.498363636365,28,6774.0,0.03244096681890218,28,6774.0
24465.0,56,3581.0,55.953125,1.3614283232155067,24990.175857426846,390.47149777229464,916244.4780000001,14316.31996875,28,6899.0,0.05489228784973842,28,6899.0
24470.0,57,3866.0,64.43333333333334,0.1762576156869414,25143.388282666958,419.05647137778277,916243.778,15270.729633333336,29,7029.0,0.0016953224891295053,29,7029.0
24475.0,52,3861.0,64.35,0.8313218695066779,25430.946347845154,423.8491057974194,916243.778,15270.729633333336,24,6781.0,0.0238887906841229,24,6781.0
24480.0,47,3895.0,66.01694915254237,1.6543870383827044,25669.76651522023,435.08078839356335,916243.778,15529.555559322034,19,6596.0,0.06852421720568229,19,6596.0
24485.0,44,3963.0,60.04545454545455,2.183955992547931,25901.016592598357,392.43964534239933,904090.4990000001,13698.340893939396,17,6552.0,0.0819236664147068,17,6552.0
24490.0,46,4147.0,64.796875,2.550649711865147,25734.018856331353,402.0940446301774,880030.0560000001,13750.469625,19,6663.0,0.17488130709658709,19,6663.0
24495.0,49,4332.0,69.87096774193549,1.3074273016992402,25489.61686859597,411.12285271929,856017.3260000001,13806.73106451613,23,6739.0,0.07733917081878303,23,6739.0
24500.0,53,4588.0,70.58461538461539,1.2289513797351752,25775.81655424361,396.5510239114401,880404.7140000002,13544.68790769231,27,6851.0,0.05435317484008304,27,6851.0
24505.0,57,4862.0,73.66666666666667,1.526605273494412,26039.68666558639,394.5407070543392,904793.1210000002,13708.98668181818,30,6980.0,0.04206652668489928,30,6980.0
24510.0,57,5146.0,77.96969696969697,1.1069358779094836,26317.34884602798,398.7477097883028,916983.0590000002,13893.682712121212,31,7119.0,0.0464713816372894,31,7119.0
24515.0,52,5290.0,81.38461538461539,1.1931202816189141,26562.02442796146,408.6465296609455,929171.8750000002,14294.951923076924,26,6924.0,0.03634976566031136,26,6924.0
24520.0,49,5439.0,83.67692307692307,1.9950413591121792,26843.851294981305,412.982327615097,929171.8750000002,14294.951923076924,21,6676.0,0.09788066819613327,21,6676.0
24525.0,46,5609.0,84.98484848484848,2.0576535620581424,27123.457653441357,410.9614795975964,929171.8750000002,14078.361742424244,20,6759.0,0.07544899917031679,20,6759.0
24530.0,50,5855.0,94.43548387096774,1.1770694269421742,26814.748672385536,432.495946328799,880763.7500000002,14205.866935483873,24,6876.0,0.06788853462620502,24,6876.0
24535.0,45,5507.0,87.41269841269842,1.168794207283974,26778.375024841673,425.0535718228838,868787.4030000002,13790.27623809524,18,6510.0,0.07597858553675876,18,6510.0
24540.0,45,5692.0,88.9375,1.9798652250904778,27054.517469650298,422.72683546328585,880993.9410000002,13765.530328125002,17,6375.0,0.1251929113955957,17,6375.0
24545.0,48,5920.0,88.35820895522389,1.3494891123767592,27085.783658567085,404.26542773980725,893273.1260000002,13332.434716417909,20,6361.0,0.07824668103150458,20,6361.0
24550.0,52,6160.0,91.94029850746269,1.268633420677965,27201.260523187484,405.988963032649,905477.892,13514.595402985075,26,6466.0,0.0555725290925173,26,6466.0
24555.0,53,6338.0,93.20588235294117,1.8617601474024514,27495.022835047523,404.33857110364016,917672.0639999999,13495.177411764706,27,6499.0,0.050434809276299127,27,6499.0
24560.0,56,6610.0,93.09859154929578,2.1206715191103487,27668.557324473175,389.6979904855377,942072.75,13268.630281690143,29,6626.0,0.042213831463348415,29,6626.0
24565.0,58,6893.0,98.47142857142858,1.771328987458117,27593.290804104076,394.18986863005824,929913.003,13284.471471428573,30,6768.0,0.010070295812608192,30,6768.0
24570.0,59,7186.0,112.28125,0.6161497828517994,27794.562024450388,434.2900316320374,929912.159,14529.877484375,31,6921.0,0.06202770191856639,31,6921.0
24575.0,56,7279.0,110.28787878787878,0.8302825935021468,28102.34662552852,425.79313068982594,929912.2050000001,14089.578863636363,28,6840.0,0.027389106558002575,28,6840.0
24580.0,52,7437.0,111.0,2.014633102337972,28396.087886553472,423.8222072619921,929915.2510000002,13879.332104477613,24,6842.0,0.10377086239392014,24,6842.0
24585.0,50,7558.0,112.80597014925372,1.7014819127529117,28524.95912424124,425.7456585707649,905553.7180000001,13515.727134328357,23,6937.0,0.10665136609125075,23,6937.0
24590.0,53,7790.0,121.71875,0.8276656196049511,28581.501850678545,446.5859664168523,869025.341,13578.520953125,26,7068.0,0.03499943083300379,26,7068.0
24595.0,47,7305.0,114.140625,1.5453418719288274,28794.003304906426,449.906301639163,869054.1170000001,13578.970578125001,21,6534.0,0.09024010144410202,21,6534.0
24600.0,51,7551.0,114.4090909090909,2.427484739209369,29067.54719286009,440.4173817100015,893499.7400000001,13537.87484848485,25,6538.0,0.0386634204763695,25,6538.0
24605.0,55,7818.0,114.97058823529412,1.8604165740819116,29012.333432419804,426.6519622414678,905722.235,13319.444632352943,28,6643.0,0.0001102447953499029,28,6643.0
24610.0,58,8097.0,128.52380952380952,0.9781702142274494,28813.974715716442,457.36467802724525,905718.1350000001,14376.478333333334,28,6753.0,0.05274538585979582,28,6753.0
24615.0,52,8242.0,132.93548387096774,1.2694188267210291,29091.445828911495,469.21686820825005,905717.7190000002,14608.350306451615,24,6728.0,0.02252136359840092,24,6728.0
24620.0,53,8504.0,137.16129032258064,1.6335762217589833,29364.741044028473,473.6248555488465,905717.7190000002,14608.350306451615,24,6818.0,0.03664943999552958,24,6818.0
24625.0,53,8763.0,146.05,1.1937312745028168,29566.2551593008,492.77091932168,905717.1730000001,15095.286216666665,25,6909.0,0.005972272447421998,25,6909.0
24630.0,54,9032.0,158.4561403508772,0.6543261073764381,29787.197933798758,522.5824198912063,905717.1730000001,15889.77496491228,26,7008.0,7.048049936874296e-07,26,7008.0
24635.0,48,9025.0,164.0909090909091,0.772414685475785,29980.379143272738,545.0978026049588,905714.1730000001,16467.53041818182,20,6882.0,0.026852612251280546,20,6882.0
24640.0,43,9037.0,158.5438596491228,2.0442050024630722,30232.800877627178,530.400015396968,905716.1490000001,15889.757,15,6776.0,0.11548659817191523,15,6776.0
24645.0,40,9078.0,153.864406779661,2.3536102800859364,30439.84224628048,515.9295295979745,893489.1110000001,15143.883237288133,13,6743.0,0.16051830819752352,13,6743.0
24650.0,43,9244.0,159.3793103448276,1.7456462880034784,30433.198728656494,524.7103229078706,881373.6880000001,15196.098068965517,17,6829.0,0.13906425348108176,17,6829.0
24655.0,46,9425.0,165.35087719298247,1.1094726006986106,30347.069056992368,532.4047202981117,857052.3030000001,15036.005315789473,20,6889.0,0.07566291693192104,20,6889.0
24660.0,49,9665.0,163.8135593220339,1.429363593399115,30608.1022526741,518.7813941131204,881583.765,14942.097711864408,23,6969.0,0.08562314406389325,23,6969.0
24665.0,55,9923.0,152.66153846153847,1.2388120434916088,30858.89433913982,474.7522206021512,906115.38,13940.236615384616,28,7067.0,0.002047491748605256,28,7067.0
24670.0,55,10197.0,161.85714285714286,1.3172390874129418,31104.923125340923,493.7289384974751,918378.418,14577.435206349206,29,7181.0,0.13828767534331496,29,7181.0
24675.0,52,10321.0,158.7846153846154,0.9631078327846271,31401.60328754899,483.1015890392153,942902.7679999999,14506.19643076923,26,7033.0,0.06356881712058139,26,7033.0
24680.0,51,10478.0,161.2,1.95075122012924,31690.083418163755,487.53974489482704,942902.7679999999,14506.19643076923,23,6944.0,0.0928871889571599,23,6944.0
24685.0,47,10670.0,161.66666666666666,2.3043940796952427,31964.946082396513,484.3173648847958,942902.7679999999,14286.405575757577,20,6934.0,0.07923591137953989,20,6934.0
24690.0,51,10907.0,170.421875,1.4046146699433075,31772.12686926368,496.4394823322451,881811.198,13778.299968750001,24,7026.0,0.09077136096840474,24,7026.0
24695.0,48,11081.0,175.88888888888889,1.539532532882928,31813.71386123678,504.97958509899684,857423.267,13609.893126984125,22,7047.0,0.043176451814847305,22,7047.0
24700.0,53,11337.0,174.41538461538462,1.6190942212419481,32097.153901793492,493.8023677199,881965.393,13568.698353846154,27,7143.0,0.09215031512229806,27,7143.0
24705.0,57,11610.0,175.9090909090909,1.2919503464399467,32364.60771707541,490.3728441981124,906508.088,13734.97103030303,30,7256.0,0.04107315478339673,30,7256.0
24710.0,59,11899.0,188.87301587301587,0.4088658453363074,32586.613345265905,517.2478308772367,918778.064,14583.778793650794,33,7385.0,0.024122580795825792,33,7385.0
24715.0,56,11881.0,185.640625,0.8468730003491863,32874.06689949037,513.6572953045371,918779.756,14355.9336875,28,7198.0,3.923985851544298e-05,28,7198.0
24720.0,56,12161.0,190.015625,1.5261051578089242,33162.95325968448,518.1711446825701,918779.756,14355.9336875,28,7308.0,0.0,28,7308.0
24725.0,56,12441.0,182.9558823529412,1.2024765740131194,33327.27667734702,490.1070099609858,918781.768,13511.496588235295,28,7418.0,0.016614837703635966,28,7418.0
24730.0,58,12730.0,195.84615384615384,1.2883296428534032,33449.23733017326,514.6036512334348,918780.506,14135.084707692307,30,7537.0,0.10439890856597737,30,7537.0
24735.0,54,12735.0,192.95454545454547,0.7415664402984061,33700.02641322654,510.6064608064628,918784.28,13920.973939393938,26,7354.0,0.0392661883037812,26,7354.0
24740.0,52,12798.0,188.2058823529412,1.618543591989915,34001.29346131198,500.01902148988216,918784.5440000001,13511.537411764706,24,7248.0,0.07272699834361955,24,7248.0
24745.0,51,12908.0,189.8235294117647,1.8280658517121042,34296.403843988504,504.3588800586548,918784.5440000001,13511.537411764706,24,7352.0,0.051841998084447956,24,7352.0
24750.0,54,13133.0,202.04615384615386,0.787665317665023,34230.576865107796,526.6242594631971,882118.8810000002,13571.059707692306,27,7512.0,0.05169680133759572,27,7512.0
24755.0,51,13248.0,203.8153846153846,1.4111472555937916,34264.216497175585,527.1417922642398,869980.6580000002,13384.317815384615,25,7532.0,0.06809758957822588,25,7532.0
24760.0,54,13510.0,201.6417910447761,1.509040464697416,34558.42824788311,515.7974365355691,894590.8350000002,13352.102014925373,28,7630.0,0.058082307899992934,28,7630.0
24765.0,58,13792.0,205.8507462686567,0.9374626970367257,34767.532219317385,518.9183913330955,906899.4030000002,13535.811985074628,32,7754.0,4.0961371990302056e-05,32,7754.0
24770.0,58,14082.0,207.08823529411765,1.6232102032566171,35071.443417981565,515.7565208526705,919206.9880000001,13517.749823529412,32,7880.0,0.06967798066121442,32,7880.0
24775.0,55,14220.0,218.76923076923077,0.9812600240417417,35250.8377081474,542.320580125345,931513.6340000001,14330.978984615382,27,7770.0,0.06026212637731119,27,7770.0
24780.0,53,14403.0,221.58461538461538,1.6223400487104747,35543.00895398246,546.8155223689614,931513.6340000001,14330.978984615382,25,7703.0,0.04565163615303535,25,7703.0
24785.0,49,14563.0,217.3582089552239,1.7471281997966668,35723.799843616216,533.1910424420337,919246.974,13720.104089552238,22,7781.0,0.05658787055781793,22,7781.0
24790.0,53,14801.0,224.25757575757575,1.220677447659139,35822.4776029778,542.7648121663307,882410.107,13369.850106060605,24,7876.0,0.0887338461597953,24,7876.0
24795.0,51,15021.0,231.09230769230768,1.0795689199503322,35906.69111862187,552.4106325941832,870205.366,13387.77486153846,25,7943.0,0.020051551237176304,25,7943.0
24800.0,57,15294.0,228.26865671641792,1.4302225430819757,36204.73990741755,540.3692523495159,894847.1880000001,13355.928179104478,30,8048.0,0.08781909658103167,30,8048.0
24805.0,58,15579.0,219.42253521126761,1.414452949203915,36497.20216696532,514.0451009431739,907171.8600000001,12777.068450704226,32,8171.0,0.03657814744988402,32,8171.0
24810.0,64,15883.0,226.9,1.0311633347321765,36794.352154087086,525.6336022012443,919488.935,13135.556214285714,36,8306.0,0.05770617307112177,36,8306.0
24815.0,53,15066.0,218.34782608695653,1.0767450163450054,37077.262557796304,537.3516312724103,919488.2310000001,13325.916391304347,25,7702.0,0.05627165022080894,25,7702.0
24820.0,50,15081.0,212.40845070422534,1.6241046903581031,37396.63924544513,526.7132288090864,919490.2110000001,12950.566352112675,21,7555.0,0.08695154936246359,21,7555.0
24825.0,50,15228.0,220.69565217391303,1.3921235427549665,37684.825845978026,546.1568963185224,894847.4630000001,12968.803811594204,22,7627.0,0.08934487705330486,22,7627.0
24830.0,57,15470.0,224.20289855072463,0.8127190693258143,37866.05426298381,548.7833951157075,894922.2880000001,12969.888231884057,30,7745.0,0.011209803228367052,30,7745.0
24835.0,59,15734.0,234.83582089552237,0.6140686869462973,37398.31455907035,558.1837993891098,907262.844,13541.23647761194,32,7859.0,0.0024279246719715866,32,7859.0
24840.0,61,16034.0,235.7941176470588,0.8587440956797944,37715.64080460892,554.6417765383667,919603.378,13523.579088235294,35,7995.0,0.020951740467809857,35,7995.0
24845.0,63,16346.0,227.02777777777777,0.9737875020050752,37888.531133218305,526.2295990724765,907349.904,12602.082000000002,35,8135.0,0.022243691090190535,35,8135.0
24850.0,64,16663.0,238.04285714285714,1.0338109829753088,38170.72888863207,545.2961269804584,907349.904,12962.141485714286,36,8277.0,0.08824633301506075,36,8277.0
24855.0,59,16813.0,240.18571428571428,0.7430088830691752,38499.556003895384,549.9936571985057,907349.904,12962.141485714286,31,8169.0,0.0514229837280609,31,8169.0
24860.0,60,17004.0,242.9142857142857,1.2791785931247786,38823.63076566353,554.6232966523363,907349.904,12962.141485714286,32,8081.0,0.05252545313151038,32,8081.0
24865.0,56,17163.0,248.7391304347826,1.333602658069392,38979.763212706246,564.9241045319748,895075.874,12972.114115942028,29,8123.0,0.05798653046825687,29,8123.0
24870.0,58,17422.0,252.4927536231884,0.9312381914188219,38980.85873023463,564.9399815976035,870560.28,12616.815652173913,32,8287.0,0.04696775482886046,32,8287.0
24875.0,51,16795.0,236.54929577464787,1.992237377019348,39146.39386389344,551.3576600548372,883023.1960000001,12436.946422535211,23,7611.0,0.08372941642849782,23,7611.0
24880.0,54,17055.0,240.2112676056338,2.364839315654428,39333.67009828099,553.9953534969156,883085.5760000001,12437.825014084507,28,7590.0,0.04586738553831925,28,7590.0
24885.0,58,17338.0,237.5068493150685,2.0964172979996905,39292.20255193014,538.2493500264405,907814.9010000001,12435.820561643835,32,7708.0,0.03383507036961418,32,7708.0
24890.0,59,17633.0,255.55072463768116,1.0106862856619134,39086.24092379437,566.4672597651361,920167.633,13335.762797101448,33,7838.0,0.04794488812509506,33,7838.0
24895.0,57,17762.0,257.42028985507244,0.9745643929499935,39269.72113110369,569.1263932044017,920171.351,13335.816681159418,29,7816.0,0.05615697088827585,29,7816.0
24900.0,59,18054.0,261.6521739130435,1.2843085978339703,39582.3142144335,573.6567277454134,920171.351,13335.816681159418,31,7909.0,0.0007084288258841471,31,7909.0
24905.0,60,18354.0,254.91666666666666,1.5999274026612413,39901.35882860285,554.1855392861513,920171.351,12780.157652777778,32,8034.0,0.017099626289931728,32,8034.0
24910.0,62,18661.0,278.5223880597015,0.8456470789118706,40031.49560764178,597.4850090692806,920167.513,13733.84347761194,34,8166.0,0.051801115536910115,34,8166.0
24915.0,51,18225.0,276.1363636363636,1.0152602267771684,40291.25749383637,610.4735983914604,920164.513,13941.886560606059,23,7543.0,0.04817700407986119,23,7543.0
24920.0,49,18180.0,271.34328358208955,1.41731920598893,40580.32831995117,605.676542088824,920164.781,13733.802701492537,20,7292.0,0.07143548040905953,20,7292.0
24925.0,46,18218.0,271.910447761194,1.7956024529226515,40838.85322530695,609.5351227657758,907798.387,13549.229656716416,18,7347.0,0.04661808895007658,18,7347.0
24930.0,50,18415.0,287.734375,1.1288719002109104,40727.660921401184,636.369701896894,883121.1329999999,13798.767703124999,24,7455.0,0.048341150992652404,24,7455.0
24935.0,53,18592.0,286.03076923076924,1.3269750606959438,40576.8003680577,624.2584672008882,907931.585,13968.17823076923,26,7503.0,0.005203841049782116,26,7503.0
24940.0,54,18857.0,290.10769230769233,1.72493558151566,40679.91189272641,625.8447983496374,920332.571,14158.96263076923,28,7604.0,0.07538803483329994,28,7604.0
24945.0,55,19129.0,289.8333333333333,1.3306201410806362,40756.00364271422,617.5152067077917,920435.056,13945.985696969698,28,7709.0,0.05094514927282507,28,7709.0
24950.0,58,19413.0,308.14285714285717,0.9430123836704744,40993.47165186592,650.6900262200944,920435.056,14610.080253968252,30,7818.0,0.02974630456090244,30,7818.0
24955.0,52,19524.0,320.0655737704918,0.946039005928557,41246.11031524732,676.1657428729072,920435.056,15089.099278688524,24,7632.0,0.06046863539062594,24,7632.0
24960.0,49,19642.0,322.0,1.7024760197689985,41520.99408721895,680.6720342167047,920435.056,15089.099278688524,21,7355.0,0.04190174388012584,21,7355.0
24965.0,46,19780.0,299.6969696969697,2.1056529056556537,41619.64183827129,630.6006339132015,908133.471,13759.598045454546,19,7415.0,0.07333629048390412,19,7415.0
24970.0,49,19989.0,298.34328358208955,2.046779880726777,41685.46462142408,622.1711137525987,883438.361,13185.647179104477,21,7500.0,0.16253518280141807,21,7500.0
24975.0,49,20217.0,311.03076923076924,1.3273119764215082,41506.38740887771,638.5598062904265,858903.601,13213.901553846154,23,7583.0,0.03885035941074315,23,7583.0
24980.0,55,20484.0,305.7313432835821,1.2962597279222177,41805.49272751145,623.9625780225593,883757.374,13190.408567164179,29,7685.0,0.09482840693529039,29,7685.0
24985.0,60,20768.0,305.4117647058824,0.9885863194148766,42091.03028648937,618.9857395071969,908606.4079999999,13361.858941176471,33,7804.0,0.03181884209650233,33,7804.0
24990.0,62,21073.0,314.5223880597015,0.5685114414767585,42396.56449905661,632.7845447620396,921030.288,13746.720716417909,36,7944.0,0.023928466215670942,36,7944.0
24995.0,58,21251.0,321.9848484848485,0.7489793996659878,42695.50196062396,646.9015448579393,921027.288,13954.958909090908,30,7812.0,0.015852248880440345,30,7812.0
25000.0,53,21424.0,315.05882352941177,1.8349967239291973,42999.14330678962,632.3403427469066,921029.272,13544.548117647057,25,7708.0,0.06800396394575217,25,7708.0
25005.0,50,21615.0,317.86764705882354,2.4178395020360273,43274.433879371565,636.3887335201704,908601.804,13361.791235294115,23,7532.0,0.12338256954189744,23,7532.0
25010.0,52,21849.0,331.04545454545456,1.7262094759989246,43215.70163678584,654.783358133119,883958.87,13393.31621212121,26,7643.0,0.11042406273696374,26,7643.0
25015.0,56,22118.0,335.1212121212121,0.9384469932062018,43242.58100972603,655.1906213594854,884128.9260000001,13395.892818181817,29,7747.0,0.05013126997086259,29,7747.0
25020.0,54,22332.0,348.9375,0.9359714664543637,43190.55450401171,674.852414125183,859472.432,13429.25675,28,7796.0,0.05758802465323461,28,7796.0
25025.0,58,22613.0,318.49295774647885,1.5465806433645903,43501.873974154616,612.7024503402064,884356.3740000001,12455.723577464789,32,7912.0,0.05004812498808905,32,7912.0
25030.0,62,22910.0,322.67605633802816,1.4948789556454223,43758.67925030272,616.3194260606019,909226.68,12806.009577464787,35,8044.0,0.0844416425303837,35,8044.0
25035.0,62,23216.0,331.65714285714284,0.19891487039439318,44053.01252739296,629.3287503913283,921659.1560000001,13166.559371428571,36,8185.0,0.015164106410336343,36,8185.0
25040.0,58,22857.0,321.92957746478874,0.9657299896526661,44392.80855935263,625.2508247796146,934093.9530000001,13156.252859154927,30,7726.0,0.03893421749131844,30,7726.0
25045.0,55,22968.0,306.24,1.7200965128280064,44714.63751926562,596.1951669235418,934097.4330000001,12454.632439999998,25,7505.0,0.06253896411419374,25,7505.0
25050.0,52,23170.0,300.90909090909093,1.9465896194357475,44811.423821947195,581.9665431421714,934102.0410000001,12131.195337662337,25,7591.0,0.1018698654067941,25,7591.0
25055.0,56,23422.0,316.5135135135135,1.5562892263989225,44847.62455121957,606.0489804218861,884465.908,11952.242,29,7702.0,0.06493230997681676,29,7702.0
25060.0,51,22661.0,302.14666666666665,1.936465822253103,45173.06946553629,602.3075928738172,896915.3430000001,11958.871240000002,23,7093.0,0.09615508067121534,23,7093.0
25065.0,59,22939.0,305.85333333333335,1.677965708942788,45110.34905545211,601.4713207393614,921811.1960000001,12290.815946666668,31,7131.0,0.03915597858773547,31,7131.0
25070.0,61,23222.0,318.1095890410959,1.235952984746828,45095.185849822774,617.7422719153806,921851.1660000001,12628.098164383562,35,7260.0,0.0001554856140569054,35,7260.0
25075.0,63,23535.0,331.4788732394366,1.1415420085338377,45074.63501520751,634.8540142986974,921851.454,12983.823295774646,35,7400.0,5.298385262419332e-07,35,7400.0
25080.0,54,23598.0,342.0,2.0744288240678914,45334.05958268903,657.0153562708558,921850.8900000001,13360.157826086956,26,7094.0,0.035115510796792086,26,7094.0
25085.0,54,23868.0,345.9130434782609,1.9237808305847195,45172.09078452315,654.6679823843938,921849.7700000001,13360.141594202898,26,7141.0,0.012202894949814795,26,7141.0
25090.0,55,24141.0,360.3134328358209,2.1053176626292394,45219.375652174866,674.916054510073,921844.4920000001,13758.873014925373,27,7239.0,0.09098482936888493,27,7239.0
25095.0,56,24417.0,387.57142857142856,0.8208041843227899,45275.352594208896,718.6563903842684,921840.9280000001,14632.395682539684,28,7340.0,0.004138995227556636,28,7340.0
25100.0,52,24390.0,399.8360655737705,0.8677994533074818,45467.7305240254,745.3726315414002,921837.3500000001,15112.087704918033,24,7190.0,0.026016528274024068,24,7190.0
25105.0,47,24414.0,400.2295081967213,2.0322520586980626,45736.01693916999,749.7707694945902,921837.3500000001,15112.087704918033,19,7093.0,0.06668865671419874,19,7093.0
25110.0,44,24442.0,407.3666666666667,1.6143044474914063,45941.898042041874,765.6983007006982,909402.5530000001,15156.709216666666,18,7148.0,0.07758344329752379,18,7148.0
25115.0,50,24679.0,418.2881355932203,0.8894933372274411,45935.66277718723,778.5705555455463,884589.5720000002,14993.04359322034,23,7259.0,0.038914401900683494,23,7259.0
25120.0,38,16612.0,286.41379310344826,1.6169502837668888,45975.967643381235,792.6890972996766,872232.2220000002,15038.486586206898,15,5087.0,0.1221788329899071,15,5087.0
25125.0,36,11584.0,175.5151515151515,2.805154769677296,46233.53452589055,700.5080988771293,897215.2910000001,13594.171075757577,20,4181.0,0.10371343721976131,20,4181.0
25130.0,30,4304.0,65.21212121212122,3.434256909505033,44938.38369492488,680.8846014382559,900844.1880000001,13649.154363636364,24,6233.0,0.08737425792206989,24,6233.0
25135.0,35,753.0,12.14516129032258,2.4747306169796275,39591.28672612065,638.5691407438815,837642.6780000001,13510.36577419355,33,7094.0,0.0293313355062439,33,7094.0
25140.0,37,785.0,13.083333333333334,1.7544505472316159,30742.692083349724,512.3782013891622,800612.8100000002,13343.546833333336,29,6966.0,0.018401394308010317,29,6966.0
25145.0,40,861.0,13.453125,2.195364644261772,29610.104313062875,462.6578798916074,847548.1910000001,13242.940484374998,24,6894.0,0.06108889146058881,24,6894.0
25150.0,44,990.0,14.776119402985074,2.1229880294047,29811.07670836047,444.9414434083651,880705.3750000001,13144.856343283582,22,6898.0,0.10948270314252248,22,6898.0
25155.0,50,1210.0,18.615384615384617,1.155311660774686,29710.25875703501,457.0809039543848,866207.462,13326.268646153847,25,7024.0,0.056175888595407446,25,7024.0
25160.0,50,1253.0,19.276923076923076,1.5742356525589944,29768.763305621997,457.9809739326463,866346.1120000001,13328.401723076922,23,6982.0,0.11708903566976775,23,6982.0
25165.0,53,1509.0,22.52238805970149,1.696972686736939,30057.629973608397,448.62134288967746,878852.92,13117.20776119403,27,7014.0,0.04709867306108661,27,7014.0
25170.0,55,1779.0,26.16176470588235,1.7852932257129637,30324.19265936991,445.9440096966165,903865.1540000001,13292.13461764706,29,7129.0,0.04559783571490495,29,7129.0
25175.0,59,2064.0,30.80597014925373,1.0875163650328414,30530.572101588194,455.6801806207192,928868.8730000001,13863.71452238806,32,7259.0,0.02036218595242402,32,7259.0
25180.0,54,2208.0,33.96923076923077,1.1875424421526,30660.29341949396,471.6968218383685,928867.8610000001,14290.274784615385,26,7136.0,0.05988226992556635,26,7136.0
25185.0,50,2358.0,36.276923076923076,2.0869355174226576,30943.46266653283,476.0532717928127,928867.8610000001,14290.274784615385,22,7057.0,0.11115996427675935,22,7057.0
25190.0,47,2539.0,40.301587301587304,2.2124167152260057,31033.421240613116,492.59398794623985,903939.9280000002,14348.252825396828,20,6967.0,0.08424307483513704,20,6967.0
25195.0,49,2765.0,45.32786885245902,1.671325545486623,31156.567167021807,510.7633961806853,878993.4900000001,14409.729344262294,23,7062.0,0.08320604723240456,23,7062.0
25200.0,51,3015.0,51.98275862068966,0.5965411957702618,30994.705127369038,534.3914677132592,841696.064,14512.001103448276,25,7168.0,0.04279629574152092,25,7168.0
25205.0,51,3214.0,46.57971014492754,1.6172762286433788,31227.291521198164,452.56944233620544,854254.2740000002,12380.496724637684,25,7212.0,0.10401398399536085,25,7212.0
25210.0,55,3476.0,47.61643835616438,2.242625440964441,31520.773750537046,431.79142124023355,879298.926,12045.19076712329,28,7319.0,0.12153647310258381,28,7319.0
25215.0,60,3758.0,51.47945205479452,0.827851845109007,31826.995513556987,435.9862399117396,891813.4770000001,12216.622972602741,34,7446.0,0.05612783589631997,34,7446.0
25220.0,69,4092.0,56.054794520547944,0.2550617986879266,32116.91443432692,439.95773197708115,916846.025,12559.534589041095,43,7625.0,0.023688467672382713,43,7625.0
25225.0,59,3496.0,46.61333333333334,0.9412288671617548,32468.500102787504,432.9133347038334,941868.895,12558.251933333333,32,7205.0,0.05395109375745698,32,7205.0
25230.0,55,3632.0,47.16883116883117,1.3389149329157188,32817.00822697276,426.1949120386074,941870.027,12232.078272727273,26,6993.0,0.04485530917134042,26,6993.0
25235.0,53,3855.0,50.723684210526315,1.4835302237006351,32865.9201561054,432.4463178434922,929351.3290000001,12228.306960526317,26,7099.0,0.030005235004423637,26,7099.0
25240.0,60,4134.0,56.63013698630137,0.9322656139290868,33170.44261567896,454.3896248723146,891796.3990000001,12216.38902739726,34,7235.0,0.021954529855700018,34,7235.0
25245.0,60,4299.0,58.0945945945946,1.346697336255972,33253.50778270227,449.3717267932739,904324.113,12220.596121621622,34,7246.0,0.018185283285183974,34,7246.0
25250.0,63,4605.0,63.958333333333336,1.3770054414921298,33293.04345884607,462.4033813728621,891837.2690000001,12386.62873611111,35,7395.0,0.025959461626752535,35,7395.0
25255.0,64,4921.0,70.3,0.8342928846506722,33329.24833736823,476.1321191052605,891832.2130000001,12740.460185714288,36,7546.0,0.00011872630731701758,36,7546.0
25260.0,64,5241.0,77.07352941176471,0.8114828680416936,33605.29592532365,494.19552831358317,891831.6470000001,13115.171279411767,36,7701.0,0.0,36,7701.0
25265.0,54,5251.0,76.10144927536231,1.0962267250541102,33877.5335029791,490.9787464199871,891828.6470000001,12925.052855072465,26,7494.0,0.051114661403970356,26,7494.0
25270.0,55,5405.0,78.33333333333333,1.6374667742646054,34184.114135070515,495.4219439865292,891828.6470000001,12925.052855072465,26,7529.0,0.10925457698944055,26,7529.0
25275.0,52,5526.0,81.26470588235294,1.1659354036025162,34362.94013325634,505.3373549008288,879339.8420000001,12931.468264705883,25,7597.0,0.021833852053922857,25,7597.0
25280.0,58,5777.0,83.72463768115942,0.7908279490276882,34429.00650714922,498.97110879926396,891895.5,12926.021739130436,32,7750.0,0.011782412170752933,32,7750.0
25285.0,48,4753.0,66.94366197183099,2.3115564088967813,34630.18752175285,487.7491200246881,904441.0279999999,12738.606028169015,21,6885.0,0.1035948746672052,21,6885.0
25290.0,50,5002.0,69.47222222222223,3.091006584260656,34794.37639393263,483.25522769350886,917051.441,12736.825569444445,23,6687.0,0.14210848062062825,23,6687.0
25295.0,56,5260.0,74.08450704225352,2.2157871110687286,34807.45596567455,490.2458586714727,917050.591,12916.205507042256,28,6790.0,0.009005029138922333,28,6790.0
25300.0,58,5549.0,86.703125,1.0865681466283112,34152.15592854003,533.627436383438,917045.051,14328.828921875,30,6914.0,0.014051855266436614,30,6914.0
25305.0,51,5652.0,91.16129032258064,1.2230774965841555,34273.13320440591,552.7924710388049,917041.481,14790.99162903226,23,6862.0,0.016066496708244914,23,6862.0
25310.0,51,5907.0,96.8360655737705,1.8508523012207592,34517.31811246577,565.8576739748488,917041.481,15033.466901639347,23,6942.0,0.0,23,6942.0
25315.0,51,6162.0,106.24137931034483,1.3455356439009747,34704.03779588374,598.3454792393749,917037.491,15810.991224137932,23,7032.0,0.03504056824845371,23,7032.0
25320.0,53,6422.0,118.92592592592592,0.2269332735757927,34814.78324618755,644.7182082627326,917037.491,16982.17575925926,25,7127.0,0.00023973625107035813,25,7127.0
25325.0,46,6352.0,111.43859649122807,1.1529312825176654,35069.962466160556,615.2624994063256,917040.491,16088.429666666667,18,6867.0,0.023084780536396336,18,6867.0
25330.0,43,6327.0,107.23728813559322,2.6526159259584827,35310.9538963078,598.490744005217,917041.911,15543.083237288138,13,6682.0,0.2109869664008044,13,6682.0
25335.0,39,6338.0,109.27586206896552,2.2861190796132997,35393.52284843511,610.2331525592258,904534.921,15595.429672413795,12,6603.0,0.10428746801771309,12,6603.0
25340.0,43,6504.0,118.25454545454545,1.4039837457256412,35222.4156259527,640.4075568355036,867045.9090000001,15764.471072727274,17,6700.0,0.11984928251232381,17,6700.0
25345.0,42,6662.0,123.37037037037037,1.3359513364758357,35167.71954286822,651.254065608671,854645.4330000001,15826.767277777779,16,6745.0,0.04859796152970056,16,6745.0
25350.0,46,6883.0,122.91071428571429,1.7258516342604182,35409.94088072888,632.3203728701588,879849.5610000001,15711.59930357143,20,6811.0,0.06111260945531496,20,6811.0
25355.0,51,7119.0,129.43636363636364,0.6936381309585565,35594.39782212953,647.1708694932644,905056.5820000002,16455.57421818182,24,6892.0,0.0004904667452008193,24,6892.0
25360.0,50,7369.0,129.28070175438597,0.9644874720648234,35826.33407623659,628.5321767760804,917657.2950000002,16099.250789473685,24,6992.0,0.10058685884835082,24,6992.0
25365.0,47,7480.0,120.64516129032258,1.9662443389794702,36094.56832508475,582.1704568562056,930266.4810000003,15004.298080645161,19,6842.0,0.17766865794595024,19,6842.0
25370.0,43,7599.0,122.56451612903226,2.5328671006993773,36350.50557995114,586.2984770959858,930266.4810000003,15004.298080645161,15,6693.0,0.15878760414646229,15,6693.0
25375.0,45,7760.0,127.21311475409836,1.981694923355446,36588.84157693649,599.817075031746,917658.5830000002,15043.583327868853,17,6654.0,0.0924049795018765,17,6654.0
25380.0,48,7965.0,139.73684210526315,0.91339224452693,36388.49675573008,638.3946799250891,867509.0210000001,15219.456508771931,21,6748.0,0.04940435199262114,21,6748.0
25385.0,47,8160.0,133.7704918032787,1.209330063136926,36366.17701284259,596.1668362761079,855097.255,14017.987786885245,21,6801.0,0.029389944331658462,21,6801.0
25390.0,51,8408.0,133.46031746031747,1.865585411417287,36637.25544821299,581.5437372732222,880326.8809999999,13973.442555555555,25,6889.0,0.15788272412235554,25,6889.0
25395.0,57,8675.0,135.546875,0.831011041262295,36904.49789674326,576.6327796366136,905549.734,14149.214593749999,30,6996.0,0.049675129731912855,30,6996.0
25400.0,61,8973.0,142.42857142857142,0.10418236617141091,37167.47739062528,589.9599585813536,918161.65,14573.994444444445,34,7132.0,0.012096049017386347,34,7132.0
25405.0,56,9138.0,142.78125,0.7148983779612808,37477.70094965317,585.5890773383308,918161.65,14346.27578125,28,6995.0,0.015459209268196628,28,6995.0
25410.0,51,9299.0,140.8939393939394,1.857496131765942,37771.05184994343,572.288664393082,918162.786,13911.557363636362,23,6912.0,0.08210823743979753,23,6912.0
25415.0,50,9477.0,143.5909090909091,1.9476494064022025,38045.417650079806,576.4457219709062,905548.002,13720.424272727272,23,6993.0,0.05994045046480636,23,6993.0
25420.0,51,9714.0,154.1904761904762,0.6877100543705271,37863.239631560886,601.0038036755695,867983.288,13777.512507936506,25,7114.0,0.06129794444163491,25,7114.0
25425.0,51,9854.0,156.4126984126984,1.0691494343767742,38036.86107794752,603.7596996499606,868053.064,13778.620063492064,25,7095.0,0.052267388675091606,25,7095.0
25430.0,54,10117.0,155.64615384615385,1.4187677970223722,38321.86730195965,589.5671892609176,893308.402,13743.206184615385,28,7197.0,0.04998806789289257,28,7197.0
25435.0,57,10393.0,150.6231884057971,1.5618572286822108,38614.817129870826,559.635030867693,918567.14,13312.567246376811,30,7313.0,0.02847478583499673,30,7313.0
25440.0,60,10684.0,164.36923076923077,0.8992576401538727,38769.670646303704,596.4564714815954,918563.4650000001,14131.745615384614,32,7439.0,0.018438201001844328,32,7439.0
25445.0,50,10524.0,152.52173913043478,1.4962951812829117,39043.896856048705,565.8535776238941,918569.4650000001,13312.600942028985,22,7126.0,0.06416313117019007,22,7126.0
25450.0,49,10655.0,154.42028985507247,2.006601045027476,39341.14227598733,570.1614822606861,918569.4650000001,13312.600942028985,20,7132.0,0.14068216052966087,20,7132.0
25455.0,51,10828.0,156.92753623188406,1.4240241371859184,39642.6711573354,574.5314660483391,918569.4650000001,13312.600942028985,23,7208.0,0.041227971791323904,23,7208.0
25460.0,58,11077.0,160.53623188405797,0.8454226619455933,39620.33549693538,574.2077608251502,893397.6640000001,12947.792231884057,31,7338.0,0.016829600169619173,31,7338.0
25465.0,56,11312.0,166.35294117647058,1.6024998532791785,39757.73840380941,584.6726235854325,906040.8170000002,13324.129661764706,30,7431.0,0.05372263446081907,30,7431.0
25470.0,58,11597.0,168.07246376811594,1.0890957150573262,40065.73497268382,580.6628256910699,918683.6210000002,13314.255376811594,31,7555.0,0.013768798267084301,31,7555.0
25475.0,62,11901.0,175.01470588235293,0.8947529360135872,40260.94256009429,592.072684707269,906080.3150000002,13324.710514705883,34,7690.0,4.647053211592648e-06,34,7690.0
25480.0,62,12211.0,187.86153846153846,0.5909792778693457,40522.63173746049,623.4251036532381,906079.4610000001,13939.684015384615,34,7830.0,0.020275463650301237,34,7830.0
25485.0,55,12297.0,186.3181818181818,0.7639584742348314,40806.73941474156,618.2839305263874,906077.1730000002,13728.442015151515,27,7688.0,0.014433598324948933,27,7688.0
25490.0,50,12422.0,188.21212121212122,1.586594443041267,41106.449005023846,622.8249849246038,906077.1730000002,13728.442015151515,22,7690.0,0.05768361083564486,22,7690.0
25495.0,49,12558.0,199.33333333333334,1.0747652671704717,41205.978446501016,654.0631499444605,880842.5600000002,13981.627936507937,22,7765.0,0.06414315677075771,22,7765.0
25500.0,53,12784.0,202.9206349206349,0.675979531138871,41454.906412021846,658.0143874924102,893518.4980000001,14182.833301587303,26,7880.0,0.019352900410636916,26,7880.0
25505.0,42,11699.0,179.98461538461538,1.7580440799153647,41488.87099359512,638.2903229783866,880998.025,13553.815769230769,16,6995.0,0.06416413245042117,16,6995.0
25510.0,48,11921.0,172.768115942029,3.3053776238547825,41748.30564180201,605.0479078522033,906353.1849999999,13135.5534057971,19,6721.0,0.15897732551461674,19,6721.0
25515.0,51,12159.0,176.2173913043478,2.3875277767819236,41690.07244115453,604.2039484225294,919024.923,13319.201782608696,25,6799.0,0.02828568319963446,25,6799.0
25520.0,55,12426.0,200.41935483870967,1.2064551256549974,40989.27791516445,661.1173857284588,919020.1429999999,14822.905532258063,27,6901.0,0.08530034458373362,27,6901.0
25525.0,49,12571.0,202.75806451612902,1.4517092130136993,41135.414381958064,663.4744255154524,919021.723,14822.931016129032,21,6884.0,0.07266194786583617,21,6884.0
25530.0,51,12823.0,206.82258064516128,1.8729864890340049,41405.436720634374,667.8296245263608,919021.723,14822.931016129032,23,6958.0,0.0631486811435093,23,6958.0
25535.0,54,13088.0,218.13333333333333,1.0362362862606576,41620.66540391105,693.6777567318509,919021.297,15317.021616666667,26,7053.0,0.011355029454490176,26,7053.0
25540.0,55,13361.0,226.45762711864407,0.6584195324040573,41803.80591141443,708.5390832443123,919022.581,15576.653915254237,27,7156.0,0.02445323813618433,27,7156.0
25545.0,49,13341.0,230.01724137931035,1.130102873539508,42057.83367852035,725.1350634227647,919022.581,15845.216913793101,21,6940.0,0.09348666986040483,21,6940.0
25550.0,44,13359.0,230.32758620689654,1.7545364687202245,42315.648840942056,729.5801524300352,919022.581,15845.216913793101,16,6774.0,0.06845478103265006,16,6774.0
25555.0,44,13424.0,235.50877192982455,1.5222339435734593,42531.45975442177,746.1659606038908,906346.468,15900.815228070176,17,6827.0,0.07025178153251611,17,6827.0
25560.0,46,13609.0,252.0185185185185,0.5625662010095664,42264.43502867915,782.6747227533177,868552.4920000001,16084.305407407406,20,6964.0,0.04667944653790567,20,6964.0
25565.0,46,13776.0,222.19354838709677,1.402215417128433,42532.330149477326,686.0053249915699,893992.6370000001,14419.236080645162,19,6971.0,0.03742455469208262,19,6971.0
25570.0,49,14011.0,225.98387096774192,2.147459832042352,42649.32477649433,687.8923351047472,894094.4130000001,14420.877629032257,23,7047.0,0.14569377743946582,23,7047.0
25575.0,52,14263.0,226.3968253968254,0.7962853000155818,42910.980815490955,681.1266796109675,919517.687,14595.518841269843,26,7139.0,0.04085444974803814,26,7139.0
25580.0,61,14559.0,238.672131147541,0.0011194189606892257,43148.53815978325,707.3530845866103,919517.687,15074.06044262295,33,7268.0,0.00012155132025758102,33,7268.0
25585.0,54,14699.0,240.9672131147541,0.5864352489066788,43447.057201220814,712.2468393642753,919517.687,15074.06044262295,26,7101.0,0.01603395572413669,26,7101.0
25590.0,49,14843.0,235.6031746031746,1.6803484023672437,43731.01550657367,694.143103278947,919518.827,14595.536936507935,21,6957.0,0.053380033698820134,21,6957.0
25595.0,47,15019.0,238.3968253968254,1.8370299502736438,43807.00085127522,695.3492198615113,894194.2690000001,14193.559825396826,19,7023.0,0.0673169751699084,19,7023.0
25600.0,50,15217.0,249.45901639344262,0.9496126912300016,43734.63785462332,716.9612763053002,868976.3300000001,14245.513606557379,23,7117.0,0.08854108530497046,23,7117.0
25605.0,47,15321.0,235.7076923076923,1.4488940986738106,43867.71591197388,674.8879371072903,869085.106,13370.54009230769,21,7083.0,0.0793502370615497,21,7083.0
25610.0,51,15572.0,232.4179104477612,1.9861687175576814,44145.84785618165,658.8932515848005,894552.395,13351.528283582089,25,7171.0,0.12864671518347037,25,7171.0
25615.0,57,15841.0,226.3,1.33020231708722,44407.63804496492,634.3948292137844,920019.4010000001,13143.1343,30,7280.0,0.028800157274437927,30,7280.0
25620.0,61,16141.0,248.3230769230769,0.5802368903550987,44567.533543197336,685.6543622030359,920015.8310000001,14154.089707692308,33,7415.0,0.000766966550019945,33,7415.0
25625.0,56,16296.0,243.22388059701493,1.1061169905574388,44868.60126700838,669.6806159254984,920015.8310000001,13731.579567164179,28,7265.0,0.029860396231682046,28,7265.0
25630.0,53,16474.0,245.88059701492537,1.948812111773593,45161.623681534824,674.0540847990272,920015.8310000001,13731.579567164179,25,7138.0,0.10610272259274653,25,7138.0
25635.0,50,16630.0,248.2089552238806,1.7965533196037444,45448.748679830576,678.3395325347848,920015.8310000001,13731.579567164179,23,7141.0,0.07244298933868784,23,7141.0
25640.0,54,16873.0,255.65151515151516,1.119688489459745,45381.640334781434,687.600611133052,882020.0650000002,13363.940378787878,28,7275.0,0.056884501186493,28,7275.0
25645.0,52,17068.0,258.6060606060606,1.5358463055467555,45242.46093709235,685.491832380187,869554.4990000001,13175.068166666666,25,7310.0,0.0490024571181021,25,7310.0
25650.0,55,17335.0,258.7313432835821,1.3995870724838373,45535.88998651745,679.6401490524994,882305.3650000001,13168.736791044776,29,7417.0,0.062426574064908966,29,7417.0
25655.0,59,17627.0,255.46376811594203,1.343995481166908,45820.84467246574,664.0702126444311,907806.5290000001,13156.616362318839,33,7549.0,0.046622879996553276,33,7549.0
25660.0,61,17927.0,267.56716417910445,0.5425674695569145,46048.48336826696,687.290796541298,933300.8550000001,13929.863507462685,34,7689.0,0.041659916151596886,34,7689.0
25665.0,57,18084.0,265.94117647058823,0.7009955218951722,46366.851323095514,681.8654606337577,933301.5690000001,13725.02307352941,29,7573.0,0.022659938575304482,29,7573.0
25670.0,53,18256.0,268.47058823529414,1.9670169447169652,46670.37382903852,686.3290268976255,933301.5690000001,13725.02307352941,25,7547.0,0.04962301627862883,25,7547.0
25675.0,50,18449.0,267.3768115942029,1.7408807690865056,46922.440777519725,680.0353735872424,920569.9110000001,13341.592913043478,23,7635.0,0.0857425711801917,23,7635.0
25680.0,55,18701.0,287.7076923076923,0.727045255004261,46814.461316410605,720.2224817909324,869764.319,13380.989523076923,28,7750.0,0.06372282504860495,28,7750.0
25685.0,47,17947.0,252.77464788732394,1.7672147043926343,47032.42233580472,662.4284836028833,869816.669,12250.938999999998,21,7006.0,0.0692441683247905,21,7006.0
25690.0,53,18195.0,242.6,3.0164200507422345,47318.33748325673,630.911166443423,895346.051,11937.947346666664,25,6935.0,0.15249343684460312,25,6935.0
25695.0,56,18463.0,246.17333333333335,1.939003092297841,47325.54922825695,631.007323043426,920863.026,12278.17368,29,7043.0,0.03600231849609967,29,7043.0
25700.0,63,18766.0,275.97058823529414,0.6862588088995322,46927.697510208585,690.1131986795381,920855.318,13541.989970588233,36,7184.0,0.04383781293245181,36,7184.0
25705.0,59,18928.0,286.7878787878788,0.6626086516028256,47162.25443622466,714.579612670071,920854.034,13952.333848484848,31,7125.0,0.01872473948035962,31,7125.0
25710.0,55,19124.0,289.75757575757575,1.5652518951455927,47461.67121573736,719.1162305414751,920854.034,13952.333848484848,27,7046.0,0.03899406637874604,27,7046.0
25715.0,52,19289.0,283.6617647058824,1.6521450411749226,47626.997170155395,700.3970172081674,908143.454,13355.050794117646,23,7137.0,0.066276270703633,23,7137.0
25720.0,52,19528.0,291.46268656716416,1.3504245147712566,47773.78112646666,713.0415093502488,882686.6969999999,13174.428313432834,26,7247.0,0.06630627094308375,26,7247.0
25725.0,53,19689.0,293.86567164179104,1.293204131932658,47884.58376890063,714.6952801328454,869998.7079999999,12985.055343283582,26,7262.0,0.07687989258226653,26,7262.0
25730.0,58,19966.0,293.61764705882354,1.2192688998807988,48098.560514083045,707.3317722659272,882824.8119999998,12982.71782352941,32,7380.0,0.04750066141784738,32,7380.0
25735.0,62,20263.0,289.4714285714286,1.1929202354798452,48410.753229721915,691.5821889960274,908384.9379999998,12976.927685714283,35,7517.0,0.025930204294441962,35,7517.0
25740.0,63,20574.0,311.72727272727275,0.05331557362183703,48597.53764300163,736.3263279242673,921156.8579999999,13956.922090909091,37,7668.0,0.00038559748545329264,37,7668.0
25745.0,56,20425.0,283.68055555555554,1.351834394320255,48926.1497260002,679.5298573055584,933938.3049999998,12971.365347222223,29,7491.0,0.05077371385341239,29,7491.0
25750.0,57,20693.0,283.4657534246575,2.019387827797904,49236.06917087817,674.4667009709339,933938.4359999999,12793.677205479451,28,7491.0,0.12800839688696602,28,7491.0
25755.0,58,20978.0,295.46478873239437,1.4643980528326055,49434.66819006294,696.2629322544077,933937.2939999999,13154.046394366196,30,7608.0,0.034248166502947874,30,7608.0
25760.0,64,21292.0,313.11764705882354,0.758389357020854,49586.00228297077,729.205915926041,933937.2939999999,13734.371970588236,36,7752.0,4.802228694024536e-05,36,7752.0
25765.0,52,20444.0,305.13432835820896,0.9364873945675979,49672.19620673939,741.3760627871553,933937.2939999999,13939.362597014924,23,7264.0,0.04324696250974642,23,7264.0
25770.0,49,20359.0,295.05797101449275,1.4084864042318366,49980.49887009981,724.3550560884029,933938.4379999998,13535.339681159418,18,7161.0,0.09418469130272468,18,7161.0
25775.0,48,20438.0,291.9714285714286,1.5506217979835077,50293.15303220742,718.4736147458203,933938.4379999998,13341.977685714284,21,7223.0,0.03177825212040351,21,7223.0
25780.0,53,20651.0,303.69117647058823,1.0295826172452602,50536.050410188305,743.1772119145342,908375.1169999999,13358.457602941175,27,7341.0,0.024026852854141852,27,7341.0
25785.0,52,20764.0,309.910447761194,1.2989654072782417,50570.62428654134,754.7854371125574,908403.3449999999,13558.258880597015,26,7296.0,0.026921164691662287,26,7296.0
25790.0,56,21035.0,328.671875,1.3152413286276712,50307.26752889268,786.0510551389482,895647.9199999998,13994.49875,28,7366.0,0.01854551724981699,28,7366.0
25795.0,57,21316.0,333.0625,1.1601337937629874,50529.553616171674,789.5242752526825,895646.3499999999,13994.474218750001,29,7477.0,2.6026231083821652e-05,29,7477.0
25800.0,57,21601.0,354.11475409836066,0.8666468411443329,50680.36596466426,830.8256715518731,895645.7779999998,14682.717672131146,29,7592.0,3.042024586293816e-07,29,7592.0
25805.0,52,21709.0,344.58730158730157,0.8782071823475565,50912.627154382586,808.1369389584538,895648.7779999998,14216.647269841269,24,7455.0,0.02962719669044997,24,7455.0
25810.0,50,21845.0,346.74603174603175,1.9425162164241427,51191.314605208754,812.5605492890278,895648.7779999998,14216.647269841269,22,7324.0,0.14299406363126266,22,7324.0
25815.0,48,21973.0,354.4032258064516,1.3206144276560892,51311.56178185719,827.605835191245,882896.8279999999,14240.271419354838,20,7290.0,0.07623375987149457,20,7290.0
25820.0,53,22168.0,346.375,1.1215236079270248,51450.91447838344,803.9205387247415,882996.8729999999,13796.826140625,26,7434.0,0.0509439212113535,26,7434.0
25825.0,49,22346.0,360.4193548387097,1.5337523232300512,51291.95921385827,827.2896647396494,857605.624,13832.348774193546,23,7484.0,0.05183763533738249,23,7484.0
25830.0,52,22598.0,347.66153846153844,1.7485448363092608,51569.822608595816,793.3818862860899,883300.632,13589.240492307692,26,7571.0,0.1082102393729652,26,7571.0
25835.0,56,22864.0,341.25373134328356,1.437095686387512,51826.47862079829,773.5295316537058,908989.544,13567.008119402984,29,7677.0,0.041672075529156395,29,7677.0
25840.0,59,23150.0,356.15384615384613,0.8188440100245569,52062.43711610445,800.9605710169916,921833.645,14182.056076923076,33,7803.0,0.05013695413608042,33,7803.0
25845.0,55,23298.0,337.6521739130435,1.0180879605292434,52335.22073111638,758.481459871252,934679.7390000001,13546.083173913044,28,7685.0,0.03734228222654403,28,7685.0
25850.0,52,23479.0,340.27536231884056,2.3687306188383124,52632.06089230741,762.7834911928613,934679.7390000001,13546.083173913044,24,7564.0,0.09632979334971596,24,7564.0
25855.0,48,23656.0,342.84057971014494,2.5217449162228442,52912.60263854801,766.8493136021452,934679.7390000001,13546.083173913044,20,7378.0,0.11058548866122658,20,7378.0
25860.0,53,23890.0,373.28125,1.3715643439119214,52712.904921699184,823.6391394015498,870711.0410000001,13604.860015625,26,7483.0,0.07317891588364951,26,7483.0
25865.0,55,24157.0,366.0151515151515,1.2572294777014752,52750.03284999311,799.2429219695927,858025.3130000002,13000.383530303032,29,7603.0,0.0568874363628741,29,7603.0
25870.0,51,23901.0,351.4852941176471,1.8584966435542492,52804.15743200792,776.531726941293,858185.4300000002,12620.373970588238,23,7209.0,0.13579191101064475,23,7209.0
25875.0,55,24162.0,345.1714285714286,2.384472687618794,53093.353192025854,758.476474171798,883893.9720000002,12627.056742857143,28,7288.0,0.030665738121641976,28,7288.0
25880.0,55,24437.0,359.36764705882354,2.0258142718498098,53146.03740036872,781.5593735348344,896747.7290000002,13187.466602941176,29,7403.0,0.08742481636568533,29,7403.0
25885.0,59,24722.0,386.28125,0.3223456692441411,53088.05132235427,829.5008019117857,922449.9710000001,14413.280796875,33,7528.0,0.023328384001708034,33,7528.0
25890.0,54,24858.0,382.4307692307692,0.9712110852796622,53396.815872761515,821.4894749655617,935300.3810000002,14389.236630769232,28,7410.0,0.05509191574231795,28,7410.0
25895.0,55,25032.0,362.7826086956522,1.9678021270413457,53690.34147068322,778.1208908794673,948153.1850000002,13741.35050724638,25,7395.0,0.0830286018966534,25,7395.0
25900.0,49,25220.0,370.88235294117646,2.164876338114478,53937.15547192949,793.1934628224928,935307.9510000001,13754.528691176472,22,7439.0,0.07952297500196959,22,7439.0
25905.0,54,25466.0,397.90625,1.1107295313267387,53858.611860523,841.540810320672,884052.3950000001,13813.318671875,27,7537.0,0.08972456290730019,27,7537.0
25910.0,48,25438.0,397.46875,1.1140451309620931,53992.162937366855,843.6275458963571,871258.4880000001,13613.413875,22,7411.0,0.07004954853591026,22,7411.0
25915.0,53,25691.0,389.25757575757575,1.6622431218734461,54277.29386715524,822.383240411443,896985.9020000001,13590.695484848487,26,7454.0,0.05386036517652838,26,7454.0
25920.0,54,25959.0,393.3181818181818,1.822698777661182,54501.573341741685,825.7814142688135,909848.3260000001,13785.580696969697,28,7556.0,0.060837143343133455,28,7556.0
25925.0,57,26238.0,369.5492957746479,1.14186994620826,54592.39321857467,768.9069467404884,935572.6320000001,13177.079323943663,31,7675.0,0.0018280071974418777,31,7675.0
25930.0,60,26533.0,384.536231884058,1.5870311788543916,54831.27869738149,794.6562130055291,935572.6320000001,13559.023652173915,32,7803.0,0.1284751454489808,32,7803.0
25935.0,51,25851.0,380.1617647058824,1.1742266039163218,55120.19563686243,810.5911123068004,935572.6320000001,13758.421058823531,23,7184.0,0.08334150323696615,23,7184.0
25940.0,50,25756.0,378.7647058823529,1.4393519439868279,55424.48557350952,815.0659643163169,935572.6320000001,13758.421058823531,20,6828.0,0.07383862061391673,20,6828.0
25945.0,49,25920.0,381.1764705882353,1.3983581345897989,55729.52236182774,819.5517994386436,935572.6320000001,13758.421058823531,21,6902.0,0.04057956123874892,21,6902.0
25950.0,53,26144.0,390.2089552238806,1.0968782537275263,55554.50671638704,829.1717420356275,909894.2460000002,13580.511134328359,27,7029.0,0.02508360531963972,27,7029.0
25955.0,55,26324.0,387.11764705882354,1.5657790441273118,55571.33639220658,817.2255351795087,922791.9830000001,13570.470338235296,28,7081.0,0.03311072574972387,28,7081.0
25960.0,55,26588.0,391.0,1.6197286863114344,55642.448987660355,818.271308642064,935667.638,13759.818205882353,29,7154.0,0.0574413787353007,29,7154.0
25965.0,58,26874.0,401.1044776119403,1.366176973502644,55577.91406207272,829.5211054040705,922820.001,13773.432850746267,30,7273.0,0.008140682447917078,30,7273.0
25970.0,60,27173.0,431.3174603174603,0.616241516906913,55801.309142204285,885.7350657492742,922816.1390000001,14647.875222222223,32,7402.0,0.02688231204821424,32,7402.0
25975.0,54,27279.0,426.234375,0.8402917805794987,56041.17507502227,875.643360547223,922815.4160000001,14418.990875,26,7311.0,0.026546896010547452,26,7311.0
25980.0,50,27421.0,428.453125,2.2466919614437013,56323.703817900525,880.0578721546958,922815.4160000001,14418.990875,22,7245.0,0.08173668579986673,22,7245.0
25985.0,48,27530.0,417.1212121212121,1.6962929194380465,56460.53684752638,855.4626795079757,897102.462,13592.461545454546,21,7315.0,0.06926646415935893,21,7315.0
25990.0,51,27757.0,420.56060606060606,1.434456813570502,56627.71216786262,857.9956389070096,884270.0480000001,13398.031030303031,25,7450.0,0.12595441353092376,25,7450.0
25995.0,47,19406.0,298.55384615384617,0.877543507110423,56724.682975818185,872.6874303972031,871468.153,13407.202353846153,25,5568.0,0.04691232869694253,25,5568.0
26000.0,44,12790.0,185.36231884057972,2.18273338612251,57018.2734905732,826.3517897184523,897276.789,13004.011434782611,30,3734.0,0.06138480919545439,30,3734.0
26005.0,39,5304.0,72.65753424657534,3.1186165836618343,53927.148210905405,738.7280576836356,889714.986,12187.876520547945,34,6821.0,0.06305019866644115,34,6821.0
26010.0,42,1231.0,17.585714285714285,2.4947669196411226,44038.53328108802,629.1219040155434,817698.9310000001,11681.413300000002,39,6975.0,0.04995558921963687,39,6975.0
26015.0,39,1018.0,14.542857142857143,1.7575519501940948,35445.84201874985,506.3691716964263,802584.147,11465.487814285716,34,7406.0,0.03108376835975877,34,7406.0
26020.0,41,1055.0,14.452054794520548,1.8045715389203876,35755.950045370584,489.8075348680901,873502.9260000001,11965.793506849315,28,7370.0,0.05606428068217455,28,7370.0
26025.0,51,1209.0,16.33783783783784,1.1434770486155696,34329.04769583164,463.9060499436708,872937.8580000001,11796.457540540541,32,7492.0,0.023530557767336098,32,7492.0
26030.0,57,1456.0,19.413333333333334,1.0031763477711144,34401.45472295825,458.6860629727766,920226.4260000002,12269.68568,36,7655.0,0.007984927134056814,36,7655.0
26035.0,55,1400.0,18.91891891891892,1.1723685583925485,34371.98109325037,464.48623098986974,943852.7020000002,12754.766243243244,31,7542.0,0.03327629668225177,31,7542.0
26040.0,61,1697.0,22.626666666666665,1.7028010525447952,34705.68034123322,462.7424045497761,956777.8880000002,12757.038506666668,35,7621.0,0.027089560796763827,35,7621.0
26045.0,65,2016.0,25.846153846153847,1.8628549590428394,34850.56338650451,446.80209469877565,956855.0650000002,12267.372628205128,37,7775.0,0.024822640518902248,37,7775.0
26050.0,68,2343.0,31.66216216216216,0.9665202295837624,34909.46867706049,471.74957671703345,956855.9230000002,12930.485445945948,38,7932.0,0.04055533300529431,38,7932.0
26055.0,57,2356.0,32.72222222222222,0.7599541430617494,35166.01796465705,488.4169161757921,956855.9230000002,13289.665597222222,28,7770.0,0.030330949888104575,28,7770.0
26060.0,58,2523.0,35.041666666666664,1.101987213419949,35499.23431239542,493.0449210054915,956855.9230000002,13289.665597222222,29,7790.0,0.06365950212981157,29,7790.0
26065.0,58,2702.0,38.056338028169016,0.6885357999801694,35743.47752971883,503.42926098195517,943927.6950000001,13294.756267605633,31,7907.0,0.020884406621200446,31,7907.0
26070.0,61,2988.0,42.08450704225352,0.9320232491999102,36077.63709582863,508.13573374406496,943927.6950000001,13294.756267605633,35,8066.0,0.029647801249631872,35,8066.0
26075.0,61,3178.0,44.138888888888886,0.9205706531374686,36123.12323617006,501.7100449468063,956876.3420000001,13289.949194444443,33,8099.0,0.00985548459709439,33,8099.0
26080.0,62,3483.0,48.375,1.4281456258014424,36446.962177942965,506.2078080269855,956876.3420000001,13289.949194444443,34,8224.0,0.02786948706807672,34,8224.0
26085.0,62,3793.0,51.95890410958904,1.4648856129049719,36573.37370788773,501.0051192861332,944028.932,12931.90317808219,34,8364.0,0.033991647380970075,34,8364.0
26090.0,64,4107.0,60.39705882352941,0.6616282052299594,36740.95200863156,540.3081177739934,944025.214,13882.723735294117,36,8508.0,0.03696602271250329,36,8508.0
26095.0,52,3484.0,52.0,0.8540977233949639,37053.359891372325,553.0352222592883,944025.214,14089.92856716418,28,6642.0,0.029112961891271258,28,6642.0
26100.0,47,3103.0,46.3134328358209,2.211147273687075,37345.24304311852,557.3916872107238,944025.214,14089.92856716418,31,4887.0,0.03092619255004679,31,4887.0
26105.0,40,2628.0,37.014084507042256,2.8296440558334925,37619.376180458916,529.8503687388576,944028.79,13296.180140845072,33,7893.0,0.004149142018698915,33,7893.0
26110.0,40,2456.0,37.21212121212121,2.591003525689642,27758.64154057441,420.58547788749115,835065.4810000001,12652.507287878789,37,8134.0,0.0377263948676267,37,8134.0
26115.0,34,919.0,14.138461538461538,2.439708023838403,20317.043611146877,312.5699017099521,818580.9760000001,12593.553476923076,23,7040.0,0.06752072511709056,23,7040.0
26120.0,39,1099.0,16.402985074626866,3.2008707919839643,19625.868007707,292.9234031001046,866873.4950000001,12938.410373134328,25,6680.0,0.01936507844706299,25,6680.0
26125.0,46,1315.0,19.924242424242426,2.501791397824158,19236.089887474303,291.4559073859743,914237.9230000001,13852.089742424243,26,6792.0,4.641668686619487e-05,26,6792.0
26130.0,52,1565.0,25.65573770491803,1.198910778623337,18432.086541270946,302.1653531355892,937919.4470000002,15375.728639344261,26,6913.0,0.033018654344229265,26,6913.0
26135.0,50,1736.0,29.93103448275862,1.1928501083646792,18587.236214328408,320.46958990221395,937915.4390000001,16170.95584482759,22,6945.0,0.013287584693878387,22,6945.0
26140.0,51,1987.0,34.258620689655174,1.0721106412561054,18850.45334537239,325.0078162995238,937915.4390000001,16170.95584482759,22,7055.0,0.04588829430806394,22,7055.0
26145.0,52,2240.0,37.96610169491525,1.172776219388377,19093.931852246726,323.6259635974021,937916.8010000001,15896.894932203391,24,7165.0,0.0333392891087433,24,7165.0
26150.0,52,2500.0,44.642857142857146,0.7705987628942795,19300.72678834458,344.6558355061532,937916.2250000001,16748.504017857143,24,7270.0,0.056339959466436614,24,7270.0
26155.0,48,2283.0,40.767857142857146,0.564345168934984,19502.40170242329,348.2571732575586,937917.9490000001,16748.53480357143,20,6949.0,0.02538220274927963,20,6949.0
26160.0,44,2065.0,36.875,1.7735060689691156,19757.210171641178,352.8073244935925,937917.9490000001,16748.53480357143,16,6631.0,0.07528386745118866,16,6631.0
26165.0,40,1922.0,31.508196721311474,2.586698533264699,19749.817341451428,323.767497400843,925071.1490000001,15165.100803278689,13,6165.0,0.13659121644417538,13,6165.0
26170.0,42,2038.0,33.96666666666667,2.6707583196453633,19511.499124560814,325.1916520760136,912398.9400000002,15206.649000000001,16,6322.0,0.226622000218383,16,6322.0
26175.0,48,2261.0,38.98275862068966,0.813714183892561,19097.819370726727,329.2727477711504,886850.5410000001,15290.526568965519,22,6478.0,0.07569949340253605,22,6478.0
26180.0,48,2449.0,40.14754098360656,1.2626723949585772,19168.58498100787,314.23909804930935,900068.0790000001,14755.214409836066,22,6512.0,0.06731773370060871,22,6512.0
26185.0,51,2697.0,42.80952380952381,1.737777823112119,19436.355210411704,308.5135747684397,926157.0750000001,14700.905952380954,24,6604.0,0.032470360163947186,24,6604.0
26190.0,53,2955.0,47.66129032258065,1.127190785757591,19686.017719285293,317.51641482718196,939202.3080000001,15148.424322580644,27,6707.0,0.04707396025520996,27,6707.0
26195.0,56,3228.0,52.064516129032256,0.5853393921416526,19913.95088666578,321.1927562365447,965295.6680000001,15569.284967741936,30,6825.0,0.04112897045685642,30,6825.0
26200.0,51,3345.0,53.095238095238095,1.1458582820632675,20190.097611784422,320.4777398695939,991375.7440000001,15736.122920634922,24,6482.0,0.09302146698072912,24,6482.0
26205.0,49,3493.0,52.92424242424242,2.0360007341186113,20472.04447341518,310.18249202144204,991376.6120000001,15020.857757575757,21,6259.0,0.06668802483850654,21,6259.0
26210.0,48,3691.0,57.671875,2.032893921674747,20393.914610110547,318.65491578297724,965547.3130000001,15086.676765625,21,6337.0,0.07689502996911643,21,6337.0
26215.0,50,3926.0,64.36065573770492,0.8839320789964099,20244.38308692846,331.87513257259764,926694.995,15191.721229508197,24,6432.0,0.05754444859432307,24,6432.0
26220.0,51,4134.0,67.77049180327869,0.836005696321211,20323.661672974802,333.1747815241771,913796.05,14980.2631147541,25,6492.0,0.03183591383841404,25,6492.0
26225.0,54,4398.0,66.63636363636364,1.6702133012838203,20616.172470282218,312.3662495497305,939901.143,14240.92640909091,28,6602.0,0.071855629609124,28,6602.0
26230.0,61,4674.0,67.73913043478261,1.1959555557762704,20867.891259526525,302.4332066598046,966007.1850000002,14000.104130434782,32,6723.0,0.09626903647910257,32,6723.0
26235.0,61,4969.0,74.16417910447761,0.4444651366581956,21153.627949727736,315.72579029444387,966007.1850000002,14418.017686567166,33,6859.0,0.020519408420816884,33,6859.0
26240.0,58,5123.0,76.46268656716418,0.8459731197423628,21471.03253944655,320.4631722305456,966007.1850000002,14418.017686567166,30,6647.0,0.04518032184376487,30,6647.0
26245.0,55,5287.0,75.52857142857142,1.5992785483645655,21783.70237757775,311.1957482511107,966010.1850000002,13800.145499999999,27,6552.0,0.03909669442064289,27,6552.0
26250.0,52,5475.0,79.34782608695652,1.7242431015211537,22068.97300816137,319.84018852407786,952954.0980000001,13810.928956521739,25,6651.0,0.08663638894201438,25,6651.0
26255.0,59,5729.0,83.02898550724638,0.6256270407910727,21753.33955128294,315.2657905983035,914213.0690000001,13249.464768115944,30,6783.0,0.03952336783462264,30,6783.0
26260.0,55,5920.0,85.79710144927536,1.5088135037372805,22000.13513749896,318.8425382246225,914235.8110000001,13249.79436231884,29,6835.0,0.07458407064024486,29,6835.0
26265.0,58,6205.0,87.3943661971831,1.50279643215328,22309.982836709554,314.22511037619097,940373.4650000001,13244.696690140847,32,6965.0,0.06761025107833861,32,6965.0
26270.0,63,6510.0,90.41666666666667,1.3429757248119558,22606.977232395824,313.98579489438646,966513.5530000001,13423.799347222222,36,7115.0,0.025946210571826642,36,7115.0
26275.0,64,6824.0,100.3529411764706,0.3651603349138379,22823.575495808076,335.64081611482464,979584.959,14405.661161764707,37,7274.0,0.015654453464194057,37,7274.0
26280.0,54,6261.0,93.44776119402985,1.2760951624735521,23135.619589568665,345.3077550681889,979584.953,14620.670940298507,26,6793.0,0.07272990291282923,26,6793.0
26285.0,51,6367.0,87.21917808219177,1.6550712383123058,23448.162584537222,321.2077066374962,979591.537,13419.062150684931,21,6632.0,0.04859276656842632,21,6632.0
26290.0,50,6544.0,90.88888888888889,1.9862226566678598,23488.698733725796,326.2319268573027,979591.537,13605.438013888888,22,6714.0,0.12953443349458968,22,6714.0
26295.0,56,6784.0,98.31884057971014,0.8592308102433789,23650.222708044985,342.7568508412317,940430.282,13629.424376811592,29,6821.0,0.04038427399819559,29,6821.0
26300.0,51,5971.0,84.09859154929578,1.0265697769791595,23751.053728153576,334.52188349512085,953520.2189999999,13429.862239436621,23,6190.0,0.041326479442727306,23,6190.0
26305.0,51,6222.0,90.17391304347827,2.1133280192026924,23777.865193733196,344.60674193816226,953515.5669999999,13819.066188405795,25,5984.0,0.06977272828862813,25,5984.0
26310.0,56,6492.0,91.43661971830986,2.3584200536137243,24071.269049180755,339.03195843916563,953516.7229999999,13429.813,28,6091.0,0.005342508753645213,28,6091.0
26315.0,57,6776.0,102.66666666666667,1.6613918831476302,23545.37695383696,356.7481356641964,940463.5129999999,14249.447166666667,29,6210.0,5.672400623541988e-06,29,6210.0
26320.0,52,6897.0,114.95,0.5832612090593103,23338.45327034999,388.9742211724998,940458.3489999998,15674.305816666667,24,6126.0,0.0449019567083879,24,6126.0
26325.0,51,7049.0,111.88888888888889,1.4788122859537511,23624.310712589755,374.9890589299961,940461.3489999998,14927.957920634919,23,6052.0,0.06202763520980079,23,6052.0
26330.0,47,7161.0,115.5,1.778750076558484,23767.933910290598,383.3537727466225,927415.2539999998,14958.310548387097,20,6050.0,0.1306799698571586,20,6050.0
26335.0,50,7376.0,115.25,1.1834174204732448,23916.719177071445,373.6987371417413,927492.65,14492.072656249999,23,6158.0,0.061757396660729116,23,6158.0
26340.0,47,7415.0,117.6984126984127,1.7135101786347529,23961.245795821385,380.33723485430767,914525.6079999999,14516.27949206349,21,6104.0,0.08843799713927472,21,6104.0
26345.0,50,7659.0,114.31343283582089,1.956227511139234,24126.31773317227,360.0942945249592,927714.867,13846.490552238805,23,6156.0,0.062060673567889225,23,6156.0
26350.0,55,7919.0,114.76811594202898,2.029551632500217,24415.025490496715,353.8409491376335,953948.298,13825.337652173912,28,6262.0,0.09479075804039008,28,6262.0
26355.0,57,8197.0,126.1076923076923,0.6679061183050279,24532.938697015947,377.42982610793763,967055.858,14877.782430769232,31,6385.0,0.018690365724640157,31,6385.0
26360.0,54,8344.0,126.42424242424242,1.1176933574287402,24758.653931026256,375.1311201670644,980167.8119999999,14851.027454545456,27,6285.0,0.05262371531195121,27,6285.0
26365.0,50,8505.0,128.86363636363637,2.277587060065224,25025.405373870137,379.17280869500195,980167.8119999999,14851.027454545456,22,6223.0,0.067654445112371,22,6223.0
26370.0,46,8678.0,133.5076923076923,1.9813215966375044,25247.33004838869,388.42046228290286,967081.396,14878.17532307692,20,6227.0,0.09427803708878556,20,6227.0
26375.0,53,8924.0,137.2923076923077,1.2346322788922064,25253.681571641388,388.51817802525204,940987.534,14476.731292307692,26,6328.0,0.04680526547952209,26,6328.0
26380.0,49,9100.0,146.7741935483871,1.517866817170724,25204.85294748057,406.5298862496865,901804.8389999999,14545.239338709676,23,6357.0,0.11196908557261406,23,6357.0
26385.0,52,9355.0,141.74242424242425,1.3912651074943492,25487.3578568733,386.1720887405045,928060.7509999999,14061.52653030303,26,6457.0,0.02404370474624499,26,6457.0
26390.0,57,9632.0,145.93939393939394,1.5170390993877088,25718.712894006287,389.6774680910043,954310.3219999999,14459.247303030303,30,6579.0,0.03750740664054279,30,6579.0
26395.0,58,9916.0,154.9375,0.5381723485149633,25961.412482310356,405.6470700360993,967434.6319999999,15116.166125,32,6708.0,0.04003026218152971,32,6708.0
26400.0,55,10065.0,157.265625,0.8198126034488686,26262.196796117198,410.3468249393311,980562.3769999999,15321.287140625,28,6639.0,0.04399075877945761,28,6639.0
26405.0,52,10248.0,144.33802816901408,2.1409787968344336,26564.436697948568,374.1469957457545,980568.3769999999,13810.822211267605,24,6589.0,0.07294124664697568,24,6589.0
26410.0,50,10415.0,144.65277777777777,3.0199429360509416,26807.847323163798,372.3312128217193,967455.1669999999,13436.877319444444,21,6556.0,0.1605202420170292,21,6556.0
26415.0,50,10643.0,154.2463768115942,1.8581239905129512,26710.144257819426,387.1035399683974,928254.7,13452.966666666665,23,6651.0,0.09743083040839072,23,6651.0
26420.0,57,10915.0,162.91044776119404,1.0765022918990488,26840.376264785617,400.6026308176958,902071.7379999999,13463.757283582088,31,6779.0,0.08415882034520401,31,6779.0
26425.0,51,10505.0,156.7910447761194,1.3693581935019108,27029.005571016263,403.41799359725763,902109.7749999999,13464.324999999999,24,6260.0,0.06697495380350482,24,6260.0
26430.0,54,10766.0,156.02898550724638,2.2438624414872304,27317.804512890245,395.91021033174275,928385.0579999998,13454.855913043477,27,6284.0,0.028834596598269556,27,6284.0
26435.0,56,11036.0,155.43661971830986,2.09458292859633,27308.78281299161,384.63074384495224,941521.4019999999,13260.864816901409,28,6399.0,0.03140558319725574,28,6399.0
26440.0,56,11313.0,171.4090909090909,1.2337067235129007,27156.723310664744,411.4655047070416,967778.0019999999,14663.303060606058,30,6521.0,0.04489152597393904,30,6521.0
26445.0,55,11444.0,176.06153846153848,1.16755214413205,27354.806947126584,420.8431838019475,980912.7609999999,15090.965553846154,28,6496.0,0.06141107804185444,28,6496.0
26450.0,57,11725.0,180.3846153846154,1.1058372862025911,27648.68256248142,425.3643471150988,980912.7609999999,15090.965553846154,29,6612.0,0.030930013322474845,29,6612.0
26455.0,58,12013.0,187.703125,0.8367829879813984,27868.560417545792,435.4462565241529,980912.385,15326.756015625,30,6735.0,0.003959430743829802,30,6735.0
26460.0,58,12303.0,195.28571428571428,0.8036354749142878,28093.86045510774,445.9342929382181,980916.167,15570.097888888888,30,6860.0,0.04323801418123699,30,6860.0
26465.0,58,12579.0,190.5909090909091,0.8176617366195122,28387.355662489033,430.1114494316519,980919.747,14862.420409090908,30,6971.0,0.0019731410339934577,30,6971.0
26470.0,59,12873.0,198.04615384615386,1.2705454047540634,28642.61625900442,440.65563475391406,980916.747,15091.026876923077,31,7100.0,0.10846643735458629,31,7100.0
26475.0,61,13171.0,205.796875,0.11627124948452827,28931.178627745532,452.0496660585238,980916.739,15326.824046875,33,7233.0,0.015738739580473546,33,7233.0
26480.0,64,13488.0,210.75,0.0002665162990787472,29250.896651283358,457.0452601763024,980916.739,15326.824046875,36,7385.0,3.640097894940749e-05,36,7385.0
26485.0,52,12486.0,186.3582089552239,0.8716143814810148,29568.108085232132,441.3150460482406,980919.739,14640.593119402984,23,6820.0,0.041904871207109944,23,6820.0
26490.0,47,12358.0,176.54285714285714,1.8740501461802719,29872.538221158604,426.7505460165514,980921.1699999999,14013.15957142857,18,6507.0,0.125445133954777,18,6507.0
26495.0,49,12378.0,174.33802816901408,1.9497078456042276,30178.453444156774,425.0486400585461,980921.1699999999,13815.791126760563,20,6573.0,0.049029717691122195,20,6573.0
26500.0,55,12517.0,186.82089552238807,0.8510333734239122,30056.10129901533,448.598526850975,941518.485,14052.514701492537,29,6720.0,0.022170178289723935,29,6720.0
26505.0,53,12615.0,191.13636363636363,1.0941207531723716,29912.10988414789,453.2137861234528,954704.686,14465.222515151516,27,6756.0,0.0328712948125641,27,6756.0
26510.0,55,12886.0,195.24242424242425,1.6387660785273743,30017.485761986718,454.810390333132,967891.062,14665.01609090909,28,6831.0,0.04515966175491324,28,6831.0
26515.0,57,13167.0,199.5,1.3147551934989887,30243.469407733253,458.2343849656554,967889.5,14664.992424242424,29,6949.0,0.0034080926997343366,29,6949.0
26520.0,58,13457.0,217.0483870967742,0.8556904422501125,30278.047677321316,488.35560769873086,954773.348,15399.570129032254,30,7074.0,2.386362514908261e-07,30,7074.0
26525.0,52,13561.0,211.890625,1.030762174967967,30513.58210175063,476.7747203398536,954776.348,14918.3804375,24,6877.0,0.034490226919608805,24,6877.0
26530.0,49,13672.0,213.625,2.2763556623799364,30792.938423079646,481.1396628606193,954776.348,14918.3804375,21,6632.0,0.13321251675184734,21,6632.0
26535.0,46,13800.0,212.30769230769232,1.717748266787997,31069.816082729234,477.9971705035266,954776.869,14688.874907692309,19,6704.0,0.0805850357380872,19,6704.0
26540.0,52,14027.0,219.171875,0.9615538727985538,30835.307341431188,481.8016772098622,915491.1569999999,14304.549328125,26,6848.0,0.06583177097038616,26,6848.0
26545.0,51,14204.0,221.9375,1.5058858733988747,30850.845160588182,482.04445563419034,915677.71,14307.46421875,24,6876.0,0.06204216254142248,24,6876.0
26550.0,53,14461.0,222.47692307692307,1.4161392591672064,31137.031625353342,479.0312557746666,928892.2239999999,14290.649599999999,27,6971.0,0.03903620600252147,27,6971.0
26555.0,56,14737.0,226.72307692307692,1.1513721428284471,31377.799778556866,482.735381208567,955320.88,14697.244307692308,30,7092.0,0.04224448071137273,30,7092.0
26560.0,58,15022.0,231.1076923076923,0.9694431359537048,31630.79132461084,486.6275588401667,968535.116,14900.540246153845,32,7222.0,0.041375026977208594,32,7222.0
26565.0,55,15168.0,223.05882352941177,1.1254280404030264,31891.386147095367,468.9909727514023,981753.357,14437.549367647056,27,7060.0,0.047310530641318876,27,7060.0
26570.0,51,15342.0,225.61764705882354,2.568450353638805,32180.085141215197,473.2365461943409,981753.357,14437.549367647056,23,6931.0,0.11455992481985243,23,6931.0
26575.0,47,15500.0,231.34328358208955,2.420438900471583,32406.347525850157,483.67682874403204,968563.6769999999,14456.174283582088,20,6700.0,0.11498685966487802,20,6700.0
26580.0,52,15735.0,245.859375,1.6524347397338957,32360.842408018794,505.6381626252936,929097.046,14517.141343750001,25,6804.0,0.0841761384047764,25,6804.0
26585.0,53,15996.0,246.09230769230768,1.2647795552898178,32234.198615150006,495.9107479253846,902916.973,13891.030353846156,27,6922.0,0.05390692724779933,27,6922.0
26590.0,50,15736.0,234.86567164179104,1.79081326545907,32255.915479433792,481.43157431990716,903102.3049999999,13479.138880597015,22,6529.0,0.12533184611009276,22,6529.0
26595.0,53,15987.0,231.69565217391303,2.321023290624542,32539.77990698191,471.5910131446653,929559.5389999999,13471.877376811593,26,6603.0,0.024992330751950655,26,6603.0
26600.0,55,16257.0,239.0735294117647,2.0534365261942487,32609.59319131704,479.55284104878,942786.0669999999,13864.500985294117,29,6718.0,0.0818826009938303,29,6718.0
26605.0,58,16537.0,258.390625,0.5813524415411219,32536.879727709704,508.3887457454641,969224.7899999999,15144.13734375,32,6843.0,0.033932309354337296,32,6843.0
26610.0,55,16673.0,256.5076923076923,0.849983680330212,32836.04109051235,505.16986293095937,982451.453,15114.63773846154,28,6734.0,0.04359131920802867,28,6734.0
26615.0,53,16833.0,243.95652173913044,2.017570196508822,33128.54618366177,480.1238577342285,982454.733,14238.47439130435,23,6705.0,0.07424894296058396,23,6705.0
26620.0,48,17029.0,250.4264705882353,2.114734109170022,33371.90998799273,490.76338217636345,969237.216,14253.488470588238,21,6785.0,0.08708772067137456,21,6785.0
26625.0,54,17274.0,265.75384615384615,1.305879198460148,33410.19025515097,514.0029270023223,929664.0750000002,14302.524230769232,27,6895.0,0.09519618312801595,27,6895.0
26630.0,48,17248.0,269.5,1.4218455677227955,33536.66794962743,524.0104367129283,916496.9190000002,14320.264359375,22,6782.0,0.07839663049527544,22,6782.0
26635.0,52,17500.0,269.2307692307692,1.7419709046976157,33760.440400900945,519.3913907830914,929755.2130000002,14303.926353846153,26,6830.0,0.07217982678571778,26,6830.0
26640.0,55,17765.0,277.578125,1.3019495371425396,33912.60875138717,529.8845117404242,956224.1870000003,14941.002921874999,28,6931.0,0.012001856685947908,28,6931.0
26645.0,56,18044.0,254.14084507042253,1.6230615242694115,34134.76785690885,480.7713782663217,969468.1940000003,13654.481605633804,30,7055.0,0.03429110435123158,30,7055.0
26650.0,46,17403.0,255.9264705882353,2.4038816448940277,34268.57404354451,503.94961828741907,982700.2420000002,14451.474147058825,19,6520.0,0.1966363295309701,19,6520.0
26655.0,48,17373.0,255.48529411764707,1.626899269778125,34557.95819460831,508.2052675677694,982700.2420000002,14451.474147058825,18,6234.0,0.10399114901769835,18,6234.0
26660.0,49,17543.0,265.8030303030303,1.2116150809631128,34810.75225169461,527.4356401771912,956236.1330000001,14488.426257575757,21,6309.0,0.04216983124812022,21,6309.0
26665.0,54,17771.0,277.671875,0.9032831392010549,34768.285596414855,543.2544624439819,943029.7990000001,14734.840609375,27,6414.0,0.015589712360747313,27,6414.0
26670.0,52,17971.0,272.2878787878788,1.6795018289421988,34787.77483213146,527.0874974565373,956281.2090000001,14489.109227272727,26,6470.0,0.0403598204480677,26,6470.0
26675.0,54,18237.0,272.1940298507463,1.9270573214957678,34782.557840653375,519.1426543381101,969561.5350000001,14471.067686567165,28,6581.0,0.043461862336238805,28,6581.0
26680.0,57,18515.0,284.84615384615387,1.1270118650729086,34855.02024857543,536.2310807473142,969557.7530000001,14916.273123076922,29,6700.0,0.04538268482754936,29,6700.0
26685.0,61,18813.0,303.43548387096774,0.1353804217010667,35081.05621675543,565.8234873670231,969551.4570000002,15637.926725806452,33,6833.0,0.00016421198471799068,33,6833.0
26690.0,54,18927.0,300.42857142857144,0.8080447340674652,35380.91546229523,561.6018327348446,969552.4560000001,15389.721523809527,26,6774.0,0.043585533796518854,26,6774.0
26695.0,51,19075.0,293.46153846153845,1.764006941152716,35668.829834233795,548.7512282189816,969554.1920000002,14916.218338461536,23,6728.0,0.07451535967399954,23,6728.0
26700.0,48,19193.0,304.6507936507937,1.608135339757441,35812.647686815224,568.454725187543,943091.4590000001,14969.705698412701,21,6809.0,0.05698830076262115,21,6809.0
26705.0,52,19420.0,298.7692307692308,1.065679244362869,35988.48070197071,553.6689338764722,929879.6680000002,14305.841046153846,25,6924.0,0.04181457174145645,25,6924.0
26710.0,48,19300.0,301.5625,1.5138798647348124,36082.50059137051,563.789071740164,916698.8500000001,14323.419531250001,22,6671.0,0.05361146562036067,22,6671.0
26715.0,53,19553.0,296.25757575757575,1.8016662356992763,36366.007890650995,551.0001195553183,943246.0350000001,14291.606590909092,27,6769.0,0.04689621437853523,27,6769.0
26720.0,57,19829.0,295.95522388059703,1.2807984476148269,36425.34299172561,543.6618356973971,969781.7770000001,14474.354880597015,30,6890.0,0.03284577258332382,30,6890.0
26725.0,59,20118.0,304.8181818181818,0.882939045305891,36537.665206048754,553.6009879704357,969783.0210000001,14693.682136363637,31,7019.0,0.008809540112998815,31,7019.0
26730.0,54,20226.0,306.45454545454544,1.56887939065761,36833.13521322558,558.0778062609938,969783.0210000001,14693.682136363637,26,6976.0,0.08973329552142129,26,6976.0
26735.0,56,20501.0,310.6212121212121,1.467659905285893,37121.108351059214,562.4410356221094,969783.0210000001,14693.682136363637,28,7072.0,0.005542948821495343,28,7072.0
26740.0,57,20784.0,324.75,1.3447087285416939,37326.04241214806,583.2194126898135,969781.5710000001,15152.837046875,29,7190.0,0.027974384872843712,29,7190.0
26745.0,58,21071.0,334.46031746031747,0.4648365847802851,37496.494721653704,595.1824558992653,969782.425,15393.371825396825,30,7312.0,0.004158905107575905,30,7312.0
26750.0,51,21062.0,345.27868852459017,1.2478994962054717,37756.72372573894,618.9626840285072,969782.425,15898.072540983607,23,7151.0,0.05035524649965103,23,7151.0
26755.0,48,21135.0,346.4754098360656,1.874329583997227,38025.2854814036,623.3653357607149,969782.425,15898.072540983607,20,7027.0,0.08384969409510942,20,7027.0
26760.0,46,21163.0,352.71666666666664,1.4545117573980901,38258.5122061998,637.6418701033302,956510.6930000001,15941.844883333333,19,7093.0,0.0677490964299751,19,7093.0
26765.0,48,21361.0,344.53225806451616,1.0984309329383826,38220.222499914555,616.455201611525,930099.746,15001.608806451613,22,7248.0,0.048093052945102764,22,7248.0
26770.0,45,14983.0,227.0151515151515,1.7027697247532732,38233.381798627226,579.2936636155642,930264.5010000002,14094.91668181818,20,5133.0,0.11151627251081402,20,5133.0
26775.0,37,9271.0,138.37313432835822,2.7882778863696918,38507.26690494854,574.7353269395304,943573.2330000001,14083.182582089552,24,4496.0,0.11163755600001889,24,4496.0
26780.0,38,4226.0,63.07462686567164,2.8835363335814663,34147.18741286192,509.65951362480484,925877.5110000003,13819.06732835821,32,6316.0,0.0814356173095701,32,6316.0
26785.0,43,1154.0,17.753846153846155,2.0769850428320624,27259.59401461655,419.3783694556392,883907.2050000002,13598.572384615385,38,6478.0,0.024207921013479433,38,6478.0
26790.0,36,631.0,10.015873015873016,1.9506920245901913,22887.716533653933,363.2970878357767,839553.8900000001,13326.252222222225,30,6544.0,0.032159887207976565,30,6544.0
26795.0,40,642.0,9.304347826086957,2.0708061610027726,23163.32239430348,335.70032455512285,912536.0320000002,13225.159884057974,23,6348.0,0.06754327524326732,23,6348.0
26800.0,43,765.0,11.25,1.695206290821949,22262.417471600744,327.3884922294228,924314.4670000002,13592.859808823529,24,6448.0,0.05255706412978589,24,6448.0
26805.0,53,979.0,13.41095890410959,1.4112625178302165,22551.723337131898,308.92771694701236,959666.2560000002,13146.113095890412,30,6590.0,0.06005581820678259,30,6590.0
26810.0,53,968.0,13.26027397260274,1.5519850475268513,22438.11830616114,307.37148364604303,997303.2260000001,13661.68802739726,27,6498.0,0.06100448581734547,27,6498.0
26815.0,58,1244.0,17.041095890410958,1.7358654310107886,22576.4161073036,309.26597407265206,1010632.3160000001,13844.278301369863,31,6594.0,0.04518102236727941,31,6594.0
26820.0,61,1542.0,22.347826086956523,1.4240831641668534,22596.91357319382,327.49150106077997,997395.5820000002,14455.008434782609,33,6742.0,0.028778155994207258,33,6742.0
26825.0,62,1848.0,26.4,0.9929473227630843,22754.334423312168,325.06192033303074,997396.1660000002,14248.516657142858,34,6893.0,4.255587620112636e-05,34,6893.0
26830.0,56,1989.0,29.686567164179106,1.4592466945471256,22995.554175864243,343.21722650543626,997396.1660000002,14886.509940298507,28,6756.0,0.10032051688458413,28,6756.0
26835.0,55,2132.0,31.82089552238806,1.4380421086457753,23294.96007046032,347.68597120090016,997396.1660000002,14886.509940298507,27,6638.0,0.07765883691490842,27,6638.0
26840.0,54,2328.0,34.74626865671642,1.3227843942752298,23597.26596093139,352.19799941688626,997396.1660000002,14886.509940298507,26,6754.0,0.05525755319166305,26,6754.0
26845.0,58,2553.0,38.1044776119403,0.7713427394960916,23525.223036527408,351.12273188846865,970954.3840000001,14491.85647761194,31,6903.0,0.03247271389960394,31,6903.0
26850.0,55,2779.0,40.86764705882353,1.1850344022055364,23523.005868431042,345.9265568886917,957816.7180000001,14085.539970588237,29,7006.0,0.06782178849414698,29,7006.0
26855.0,57,3062.0,43.12676056338028,1.5976015065280544,23833.610523115247,335.6846552551442,984532.3140000001,13866.652309859157,31,7145.0,0.04067512999161324,31,7145.0
26860.0,63,3364.0,47.38028169014085,1.0362804165811004,24109.327214318477,339.56798893406284,1011239.0560000001,14242.803605633802,36,7302.0,0.05565133449063679,36,7302.0
26865.0,68,3691.0,53.492753623188406,0.17503017103576052,24406.502638582795,353.7174295446781,1011235.7580000001,14655.590695652174,40,7478.0,0.0001893662028471042,40,7478.0
26870.0,61,3870.0,56.911764705882355,0.5371353354850384,24732.535750601735,363.71376103826066,1011235.7580000001,14871.114088235294,33,7372.0,0.013860606784082411,33,7372.0
26875.0,57,4067.0,58.1,1.4202328965820528,25048.626072792867,357.8375153256123,1011237.4980000001,14446.249971428573,29,7288.0,0.05658338385694778,29,7288.0
26880.0,53,4235.0,60.5,1.8462362905100476,25349.58454237907,362.1369220339865,1011237.4980000001,14446.249971428573,26,7295.0,0.06680046727685182,26,7295.0
26885.0,54,4482.0,60.567567567567565,1.3139146816443863,25485.132471162742,344.39368204273944,984629.072,13305.79827027027,28,7432.0,0.048228626235057276,28,7432.0
26890.0,48,3743.0,50.58108108108108,2.441715522822401,25650.57491121804,346.62939069213553,984737.812,13307.26772972973,22,6717.0,0.14586213291611597,22,6717.0
26895.0,52,3994.0,54.71232876712329,2.5500770803505497,25443.850398066425,348.5458958639235,971700.814,13310.970054794521,26,6671.0,0.061719393625311564,26,6671.0
26900.0,58,4269.0,56.92,2.284062827686885,25441.97204703379,339.22629396045045,998442.1129999999,13312.561506666667,31,6802.0,0.034576679129104386,31,6802.0
26905.0,59,4561.0,66.10144927536231,1.19856821628053,25064.083859643513,363.2475921687465,1011809.3220000002,14663.903217391306,33,6949.0,0.00050777954759548,33,6949.0
26910.0,55,4721.0,73.765625,0.7602959824001035,25242.168485405033,394.4088825844535,1011804.5700000001,15809.44640625,27,6883.0,0.03278169465979733,27,6883.0
26915.0,52,4890.0,75.23076923076923,1.5468601844312504,25536.39175829365,392.8675655122099,1011804.5700000001,15566.224153846155,24,6819.0,0.051405869086637065,24,6819.0
26920.0,49,5076.0,78.0923076923077,1.5995510194141451,25820.87692926729,397.2442604502659,1011804.5700000001,15566.224153846155,22,6914.0,0.0737488924480533,22,6914.0
26925.0,52,5312.0,81.72307692307692,0.7395776438580027,25690.097656573198,395.2322716395876,958517.4610000001,14746.422476923075,25,7032.0,0.04314083568284726,25,7032.0
26930.0,47,5267.0,79.8030303030303,1.9542145560145385,25855.638880782783,391.7521042542844,958603.091,14524.289257575758,21,6907.0,0.1307847560569774,21,6907.0
26935.0,52,5517.0,81.13235294117646,1.9871632596612467,26138.79812830788,384.39409012217453,985379.301,14490.872073529412,26,6960.0,0.1131642806909258,26,6960.0
26940.0,58,5792.0,83.94202898550725,1.3621776700365487,26364.213868960378,382.09005607188925,1012151.3820000001,14668.860608695653,31,7090.0,0.002670392294153823,31,7090.0
26945.0,59,6086.0,88.20289855072464,1.277136697229261,26490.8092531813,383.9247717852359,1025537.198,14862.857942028984,33,7239.0,0.028387558819716878,33,7239.0
26950.0,53,4574.0,67.26470588235294,1.5318275893217324,26725.52826045371,393.0224744184367,1025538.2120000002,15081.444294117648,27,5272.0,0.10641710830212892,27,5272.0
26955.0,46,3533.0,52.73134328358209,2.4136545440705146,26962.99757791748,402.43279967040996,1025535.2120000002,15306.495701492539,30,3586.0,0.035574386402411784,30,3586.0
26960.0,40,2317.0,34.582089552238806,2.8462213929298237,27228.65956375989,406.39790393671467,1025535.2120000002,15306.495701492539,33,6341.0,0.05053495629940383,33,6341.0
26965.0,42,1738.0,27.58730158730159,1.9109607096109793,17753.10158553341,281.79526326243507,863213.5610000001,13701.802555555556,38,6673.0,0.00026417587656977446,38,6673.0
26970.0,35,804.0,12.5625,2.1874441454259244,14552.574844124178,227.38398193944022,890902.9180000002,13920.358093750001,25,6178.0,0.07617065822377526,25,6178.0
26975.0,40,582.0,8.314285714285715,1.8036478549502066,14002.943299755658,200.04204713936664,965048.2710000001,13786.40387142857,21,5912.0,0.06239910421579906,21,5912.0
26980.0,43,629.0,8.985714285714286,1.7139389816159794,14249.962554260506,203.57089363229306,976131.3240000001,13944.7332,23,6021.0,0.0399869304807952,23,6021.0
26985.0,54,845.0,12.426470588235293,1.0272011589510257,14106.892458166018,207.4543008553827,973929.2059999999,14322.488323529411,31,6196.0,0.05006333641798177,31,6196.0
26990.0,54,903.0,13.279411764705882,1.0150987493696215,14141.708258181008,207.9662979144266,987352.3069999999,14519.88686764706,28,6202.0,0.020649888059566985,28,6202.0
26995.0,57,1185.0,17.954545454545453,1.2770857842922343,14032.898177484976,212.61966935583294,987347.8309999999,14959.815621212121,29,6299.0,0.012205998902379861,29,6299.0
27000.0,58,1473.0,22.661538461538463,1.3239511085574622,14295.556805421384,219.93164316032897,987347.103,15189.95543076923,30,6447.0,6.733147661866031e-07,30,6447.0
27005.0,59,1763.0,25.185714285714287,1.2934536432837456,14382.304438099494,205.46149197284993,974030.563,13914.72232857143,31,6597.0,0.0140311596515422,31,6597.0
27010.0,53,1876.0,28.424242424242426,1.5764919894683196,14500.000180639792,219.69697243393628,974030.563,14758.038833333334,25,6467.0,0.14491151284943035,25,6467.0
27015.0,52,1985.0,30.075757575757574,1.2534078311098236,14794.595542110012,224.16053851681832,974030.563,14758.038833333334,24,6361.0,0.0743150282777047,24,6361.0
27020.0,54,2141.0,32.93846153846154,1.0176863317533205,14911.218719607037,229.40336491703135,960698.213,14779.97250769231,27,6491.0,0.05446087140226692,27,6491.0
27025.0,55,2383.0,37.234375,0.5352252281081941,14908.23485787579,232.94116965430922,947443.4539999999,14803.803968749999,29,6692.0,0.03305138001964467,29,6692.0
27030.0,53,2564.0,38.84848484848485,1.2976135648571103,15060.391842246767,228.18775518555705,947549.9489999999,14356.817409090909,27,6765.0,0.061190531963440556,27,6765.0
27035.0,55,2835.0,41.08695652173913,1.8524840096320783,15356.764976795228,222.5618112579018,974468.6949999998,14122.734710144929,29,6880.0,0.07742457378418265,29,6880.0
27040.0,59,3121.0,44.58571428571429,1.1301237224024405,15645.16924084286,223.50241772632657,1001373.6789999998,14305.33827142857,32,7021.0,0.03014558494845066,32,7021.0
27045.0,64,3434.0,49.05714285714286,0.5439846589951662,15884.83942321237,226.92627747446238,1001376.6789999998,14305.381128571427,37,7186.0,2.8061786756742058e-06,37,7186.0
27050.0,58,3593.0,52.838235294117645,1.05990670429637,16164.476163890433,237.7128847630946,1001373.6789999998,14726.083514705882,30,7034.0,0.06098354740306906,30,7034.0
27055.0,55,3778.0,53.97142857142857,1.4985121824556695,16474.493917939843,235.34991311342637,1001375.4229999998,14305.363185714285,27,6930.0,0.04677566820286435,27,6930.0
27060.0,53,3950.0,56.42857142857143,1.7936013202449397,16780.659161667376,239.723702309534,1001375.4229999998,14305.363185714285,26,7046.0,0.0511666096984081,26,7046.0
27065.0,56,4205.0,61.838235294117645,0.7356718296662288,16391.857548662247,241.0567286567977,934497.3239999999,13742.60770588235,29,7188.0,0.045080000207256866,29,7188.0
27070.0,49,3713.0,53.81159420289855,1.9422867685906784,16698.111150585217,242.00161087804668,947977.766,13738.80820289855,23,6663.0,0.14542944576623362,23,6663.0
27075.0,53,3970.0,55.91549295774648,2.5699766166396723,16989.063056031307,239.28257825396213,974927.3259999999,13731.370788732393,27,6682.0,0.061290060926946034,27,6682.0
27080.0,58,4249.0,57.41891891891892,1.8828297806897658,17051.634483989288,230.42749302688227,1001874.0650000001,13538.838716216214,32,6816.0,0.0063281996506407475,32,6816.0
27085.0,61,4550.0,66.91176470588235,1.0496753773471468,16762.28447239767,246.50418341761286,1001872.975,14733.426102941174,33,6966.0,0.025755009558497785,33,6966.0
27090.0,51,3579.0,54.22727272727273,0.9968222604774881,17049.086409294847,258.3194910499219,1001872.103,15179.880348484849,27,4538.0,0.05898296999055565,27,4538.0
27095.0,48,2862.0,42.71641791044776,1.9307878482190768,17344.446957555392,258.87234265008044,1001872.103,14953.314970149251,32,4376.0,0.039315262207650005,32,4376.0
27100.0,42,2010.0,30.454545454545453,2.2288714358439328,16554.869631095782,250.8313580469058,978213.9839999999,14821.424,35,6024.0,0.029356539775335755,35,6024.0
27105.0,43,1633.0,25.123076923076923,1.4911536984945597,12776.986090590392,196.5690167783137,908106.1129999999,13970.863276923077,39,6213.0,3.245592297958657e-05,39,6213.0
27110.0,42,1557.0,23.953846153846154,1.7004698042351776,11394.292981449778,175.29681509922736,909490.8679999999,13992.167199999998,32,6014.0,0.017770920989341108,32,6014.0
27115.0,46,1564.0,23.0,1.7434800219267441,11385.311011832875,167.4310442916599,983377.5719999999,14461.43488235294,27,5890.0,0.07569880241365738,27,5890.0
27120.0,48,1605.0,23.26086956521739,1.751157646333735,11680.570904475175,169.28363629674166,1007937.2119999999,14607.78568115942,26,5889.0,0.06556345041614181,26,5889.0
27125.0,56,1866.0,25.916666666666668,1.2839414115158965,11526.762704187217,160.09392644704468,967758.902,13441.095861111111,29,6063.0,0.04175051888650723,29,6063.0
27130.0,50,1605.0,22.291666666666668,1.9809760477488783,11316.652595872392,157.17573049822767,941118.353,13071.08823611111,22,5861.0,0.14230872419878926,22,5861.0
27135.0,54,1858.0,25.10810810810811,2.0996419022190667,11624.350688488781,157.08582011471327,968146.264,13083.057621621621,27,5832.0,0.11106445199068325,27,5832.0
27140.0,59,2134.0,28.453333333333333,1.6046148758567094,11850.174584412509,158.00232779216682,995170.0399999999,13268.933866666666,31,5935.0,0.06113013341815286,31,5935.0
27145.0,62,2437.0,33.38356164383562,1.6397959659310073,12001.338651128468,164.40189933052687,1008681.6279999999,13817.556547945205,36,6094.0,0.026779299627264507,36,6094.0
27150.0,53,1786.0,25.514285714285716,1.6940093578879933,12186.569369732364,174.09384813903378,1022190.3099999999,14602.718714285713,25,5333.0,0.0435527956504316,25,5333.0
27155.0,51,1695.0,24.214285714285715,1.6485335650250283,12261.722346467817,175.16746209239741,1022190.342,14602.719171428571,19,5016.0,0.0713018731966046,19,5016.0
27160.0,46,1851.0,26.82608695652174,1.6416812560060638,12507.014902355155,181.26108554137906,1008674.9909999999,14618.478130434782,18,5091.0,0.06649939549563363,18,5091.0
27165.0,53,2081.0,31.059701492537314,1.3369432020921919,12201.25291940447,182.10825252842497,981822.6079999999,14654.068776119404,25,5193.0,0.08497498195527453,25,5193.0
27170.0,52,2241.0,33.44776119402985,1.4578792522337845,12195.51009310733,182.0225387030945,995349.7359999999,14855.966208955222,26,5235.0,0.05425065074017524,26,5235.0
27175.0,57,2516.0,37.0,1.6021104922142557,12261.7591883623,180.31998806415152,1022401.967,15035.323044117646,30,5362.0,0.033275275887135025,30,5362.0
27180.0,59,2804.0,43.13846153846154,1.1383107182977268,12295.862339986466,189.16711292286877,1022398.005,15729.200076923078,31,5500.0,0.012768662668182352,31,5500.0
27185.0,60,3102.0,47.0,0.7327309428598688,12382.818742855856,187.6184658008463,1008940.0449999999,15286.970378787879,32,5643.0,7.01851706910315e-06,32,5643.0
27190.0,53,3217.0,49.49230769230769,1.4612670413948308,12665.129776329377,194.8481504050674,1008940.0449999999,15522.154538461538,25,5512.0,0.09685733409475708,25,5512.0
27195.0,52,3341.0,51.4,1.6201203214388094,12953.955213768777,199.29161867336583,1008940.0449999999,15522.154538461538,24,5409.0,0.06571864842886747,24,5409.0
27200.0,49,3495.0,55.476190476190474,1.4994406190674985,13048.427663651693,207.1178994230428,981971.4589999999,15586.848555555556,22,5421.0,0.07646613907004615,22,5421.0
27205.0,52,3723.0,56.40909090909091,1.2680109508552224,13199.262241886689,199.98882184676805,968514.9929999999,14674.469590909091,25,5548.0,0.0613276407158392,25,5548.0
27210.0,50,3925.0,58.582089552238806,1.6634406992064839,13196.009941044453,196.9553722543949,955152.9229999998,14256.013776119404,24,5627.0,0.08194004303902824,24,5627.0
27215.0,55,4189.0,60.710144927536234,1.7472277153926439,13379.476217569512,193.90545242854373,968778.2309999998,14040.264217391303,29,5746.0,0.043816241016510944,29,5746.0
27220.0,61,4480.0,64.92753623188406,1.1042981122063604,13650.235805984961,197.82950443456477,995869.19,14432.886811594202,34,5892.0,0.05156548155846001,34,5892.0
27225.0,64,4790.0,70.44117647058823,0.2767808651934051,13933.638615493757,204.90645022784943,1009415.418,14844.34438235294,38,6057.0,0.008708175769324141,38,6057.0
27230.0,55,4648.0,69.3731343283582,0.7664926771865312,14252.031521552262,212.71688838137712,1009415.418,15065.901761194027,27,5575.0,0.029135301549568615,27,5575.0
27235.0,52,4808.0,69.68115942028986,1.609375487759312,14559.607960114214,211.00881101614806,1009417.1659999999,14629.23428985507,23,5432.0,0.06204863222281965,23,5432.0
27240.0,50,4967.0,70.95714285714286,1.9618723778652565,14714.956362676166,210.2136623239453,995948.6799999999,14227.838285714284,23,5528.0,0.05240048484929762,23,5528.0
27245.0,54,5214.0,73.43661971830986,1.3015148889239936,14558.706838674458,205.05220899541496,982411.7150000001,13836.784718309858,28,5657.0,0.05006501477086908,28,5657.0
27250.0,57,5441.0,77.72857142857143,1.2362882723998303,14578.895579847556,208.26993685496515,995971.277,14228.161099999998,30,5752.0,0.07883965451228814,30,5752.0
27255.0,60,5736.0,80.78873239436619,1.282345090127569,14895.508462503292,209.7958938380746,1009539.087,14218.860380281687,34,5902.0,0.020248388971518864,34,5902.0
27260.0,62,6044.0,83.94444444444444,1.3193044219774963,15024.157824987722,208.668858680385,996066.209,13834.252902777776,34,6057.0,0.02806940550342131,34,6057.0
27265.0,63,6357.0,89.53521126760563,1.429207563280338,15335.068642000588,215.98688228169846,996065.335,14029.08922535211,35,6215.0,0.023266395683383238,35,6215.0
27270.0,53,6397.0,96.92424242424242,0.778548016745023,15593.31449576719,236.2623408449575,996062.335,15091.85356060606,25,6011.0,0.04643510832612374,25,6011.0
27275.0,53,6548.0,97.73134328358209,1.1633903066748779,15901.648015521023,237.33803008240338,996062.335,14866.602014925373,24,6079.0,0.03862147144039564,24,6079.0
27280.0,52,6686.0,101.3030303030303,1.261662914164968,16139.471025282846,244.53743977701285,996062.335,15091.85356060606,24,6184.0,0.051074970935759155,24,6184.0
27285.0,55,6918.0,98.82857142857142,1.0362047519324438,16293.193280515943,232.75990400737064,982582.5019999999,14036.892885714284,28,6325.0,0.013336001909479138,28,6325.0
27290.0,46,5872.0,85.10144927536231,2.4294558735437373,16448.665608272826,238.3864580909105,996174.5689999999,14437.312594202896,20,5452.0,0.13557732890249458,20,5452.0
27295.0,50,6112.0,88.57971014492753,2.9318454500884616,16686.90455515797,241.83919645156482,1009766.3309999999,14634.294652173912,23,5252.0,0.07142639612418432,23,5252.0
27300.0,54,6374.0,96.57575757575758,2.2819556526110985,16436.74937000663,249.04165712131257,996250.7139999999,15094.707787878786,26,5359.0,1.5525120326141542e-05,26,5359.0
27305.0,54,6644.0,107.16129032258064,1.296672621808561,15877.007325148927,256.08076330885365,996243.3799999999,16068.441612903223,26,5474.0,0.0,26,5474.0
27310.0,52,6822.0,115.62711864406779,1.2481385596328998,15944.459055045581,270.2450687295862,996240.5079999999,16885.43233898305,22,5497.0,0.10931016022448346,22,5497.0
27315.0,52,7073.0,117.88333333333334,1.269073589598215,16212.325101778131,270.2054183629689,996241.4189999999,16604.02365,23,5592.0,0.0,23,5592.0
27320.0,50,7322.0,124.10169491525424,1.7501613567954681,16433.17903584665,278.528458234689,996241.259,16885.44506779661,22,5687.0,0.07131856668728104,22,5687.0
27325.0,52,7576.0,130.6206896551724,1.1802497983306988,16675.80103428078,287.51381093587554,996240.813,17176.56574137931,24,5786.0,0.023129651991119556,24,5786.0
27330.0,47,7538.0,139.59259259259258,0.8276390740712346,16857.28118599725,312.17187381476396,996240.813,18448.903944444442,19,5535.0,0.06289345565817916,19,5535.0
27335.0,44,7520.0,131.9298245614035,1.5580405042686662,17104.146983538914,300.072754097174,996240.8489999999,17477.909631578947,14,5340.0,0.07431172505252778,14,5340.0
27340.0,41,7543.0,132.33333333333334,2.0481356950848193,17348.594610672833,304.3613089591726,996240.8489999999,17477.909631578947,14,5394.0,0.11481326267290846,14,5394.0
27345.0,45,7707.0,140.12727272727273,1.1712842724215187,17158.679327794805,311.9759877780874,969291.068,17623.47396363636,18,5504.0,0.0979638169283263,18,5504.0
27350.0,41,7793.0,144.3148148148148,1.1487193099793078,17065.629948808975,316.0301842372033,955896.504,17701.78711111111,15,5271.0,0.08903561117388258,15,5271.0
27355.0,41,7985.0,142.58928571428572,1.3482223858447588,17315.41851133851,309.2039019881877,983175.772,17556.71021428571,14,5177.0,0.08189232156716474,14,5177.0
27360.0,42,8183.0,143.56140350877192,1.435977918518028,17479.675623098872,306.6609758438398,1010457.617,17727.32661403509,15,5232.0,0.09706699342175386,15,5232.0
27365.0,45,8397.0,129.1846153846154,1.840323333172477,17582.209836229296,270.4955359419891,1010580.678,15547.395046153848,19,5301.0,0.07215605555961566,19,5301.0
27370.0,45,8503.0,128.83333333333334,2.572440918520301,17796.763467036235,269.647931318731,1024255.124,15519.017030303032,19,5262.0,0.16230554356233667,19,5262.0
27375.0,52,8746.0,136.65625,1.4297775803193036,17717.093116689073,276.8295799482669,1010820.862,15794.07596875,25,5359.0,0.04797490862622723,25,5359.0
27380.0,55,9010.0,140.78125,1.3997662870746685,17952.128545186923,280.5020085185457,1024462.624,16007.228500000003,28,5478.0,0.026858662417435477,28,5478.0
27385.0,56,9289.0,149.82258064516128,1.0522219703458824,18176.610479851497,293.1711367717983,1024462.6059999999,16523.590419354838,28,5603.0,0.002214927851549901,28,5603.0
27390.0,49,9375.0,158.89830508474577,0.9594422956558478,18385.424719741073,311.6173681312045,1024460.786,17363.74213559322,21,5423.0,0.030582864157963713,21,5423.0
27395.0,44,9484.0,155.47540983606558,2.5394291213871982,18643.940397012542,305.63836716413994,1024461.4359999999,16794.449770491807,16,5269.0,0.09391595219934369,16,5269.0
27400.0,42,9605.0,160.08333333333334,2.296643182068897,18690.64837317577,311.510806219596,997274.364,16621.2394,15,5231.0,0.17132150393909656,15,5231.0
27405.0,47,9803.0,166.15254237288136,1.4068547619281981,18738.533869169147,317.60226896896853,970114.694,16442.62193220339,20,5323.0,0.09958489889277342,20,5323.0
27410.0,47,9994.0,172.31034482758622,1.2867714254666163,18672.55704184643,321.9406386525246,956677.64,16494.44206896552,21,5388.0,0.0988568268933858,21,5388.0
27415.0,51,10242.0,167.9016393442623,1.0197368249943914,18801.008372525543,308.2132520086154,970437.709,15908.814901639347,25,5491.0,0.03319514781098927,25,5491.0
27420.0,55,10507.0,169.46774193548387,1.3481621385591087,19045.192948133412,307.1805314215066,997750.9670000001,16092.757532258065,28,5611.0,0.030735001090805784,28,5611.0
27425.0,55,10781.0,168.453125,0.9644899661243977,19311.900275764438,301.7484418088193,1011409.2420000001,15803.269406250001,29,5740.0,0.044978811324341124,29,5740.0
27430.0,53,10920.0,170.625,1.3789480587952925,19599.363805842935,306.24005946629586,1025065.6900000001,16016.651406250001,25,5633.0,0.12173470650029351,25,5633.0
27435.0,50,11088.0,173.25,1.6590565720453383,19882.810644125784,310.6689163144655,1025065.6900000001,16016.651406250001,22,5636.0,0.050130034674612155,22,5636.0
27440.0,49,11246.0,173.01538461538462,1.689743761688711,20120.927232455182,309.55272665315664,1011423.5200000001,15560.361846153846,22,5730.0,0.06501962030373476,22,5730.0
27445.0,51,11480.0,179.375,1.2206742679399811,20046.206003602696,313.22196880629195,956951.3900000001,14952.36546875,24,5844.0,0.04237324245085448,24,5844.0
27450.0,49,11671.0,182.359375,1.5273690847117676,20249.847100387535,316.4038609435551,956977.0460000002,14952.766343750001,23,5903.0,0.08279671025746096,23,5903.0
27455.0,54,11931.0,178.07462686567163,1.5090099221877566,20539.118707631842,306.5540105616692,984319.3940000002,14691.334238805972,27,6018.0,0.038770796287102595,27,6018.0
27460.0,58,12214.0,185.06060606060606,1.0984414785240904,20806.834272204083,315.2550647303649,997988.2480000001,15121.03406060606,32,6156.0,0.04039809603595974,32,6156.0
27465.0,62,12513.0,192.5076923076923,0.24174944913337298,21048.839343681604,323.82829759510156,1011661.2930000002,15564.019892307693,34,6307.0,0.026537437009602167,34,6307.0
27470.0,54,12543.0,192.96923076923076,0.8830698411117313,21357.904411863376,328.58314479789806,1011661.2930000002,15564.019892307693,26,6239.0,0.01466246654106614,26,6239.0
27475.0,53,12720.0,192.72727272727272,0.9735710046275351,21664.569832610898,328.2510580698622,1011661.6820000001,15328.207303030304,24,6349.0,0.06542613064581555,24,6349.0
27480.0,52,12878.0,195.12121212121212,1.0755078113300307,21969.373692067875,332.8692983646649,1011661.6820000001,15328.207303030304,25,6456.0,0.041769438544958966,25,6456.0
27485.0,56,13131.0,193.10294117647058,0.9780384166186441,22259.42530329274,327.3444897543051,984319.7980000002,14475.291147058824,30,6596.0,0.007834434781655472,30,6596.0
27490.0,50,12299.0,175.7,2.162730621827094,22412.217129598524,320.17453042283614,1011701.8150000002,14452.883071428574,21,5866.0,0.14530239088612415,21,5866.0
27495.0,51,12544.0,179.2,2.9718807307434014,22693.824367395202,324.19749096278855,1011701.8150000002,14452.883071428574,23,5732.0,0.041851995395504424,23,5732.0
27500.0,54,12810.0,191.19402985074626,2.4717089416236737,22482.03013771925,335.5526886226753,998061.5210000001,14896.4406119403,26,5843.0,0.05154996155110958,26,5843.0
27505.0,56,13085.0,221.77966101694915,0.6344439282209935,22018.93513454656,373.20229041604335,998056.2850000001,16916.208220338984,28,5963.0,1.5020601119733754e-05,28,5963.0
27510.0,50,13235.0,236.33928571428572,0.7665621164297696,22187.859887298164,396.211783701753,998053.1230000001,17822.377196428573,22,5969.0,0.012452191476658268,22,5969.0
27515.0,52,13485.0,228.5593220338983,0.948696717505678,22449.564997239435,380.50110164812605,998053.1630000001,16916.155305084747,22,6053.0,0.0,22,6053.0
27520.0,50,13735.0,232.79661016949152,1.6876854949077622,22677.38810920434,384.3625103254974,998053.4140000001,16916.159559322034,22,6148.0,0.06485385972597926,22,6148.0
27525.0,51,13986.0,233.1,1.4071435898255837,22907.742619959205,381.7957103326534,998055.68,16634.261333333336,23,6244.0,0.08857496822220033,23,6244.0
27530.0,48,13938.0,244.52631578947367,1.1391740895872222,23071.086395154838,404.75590166938304,998052.68,17509.69614035088,20,6034.0,0.08479601997691337,20,6034.0
27535.0,46,13968.0,245.05263157894737,1.522200682999613,23326.820019442497,409.24245648144733,998052.68,17509.69614035088,18,5868.0,0.08129630859595684,18,5868.0
27540.0,44,13949.0,253.61818181818182,1.139393040392772,23359.00594058144,424.70919891966247,970740.221,17649.822200000002,17,5936.0,0.07103092094790918,17,5936.0
27545.0,47,14126.0,235.43333333333334,1.3123463762620609,23463.989792153072,391.0664965358845,970842.3310000001,16180.705516666667,20,6062.0,0.04972232463272902,20,6062.0
27550.0,45,14298.0,238.3,1.6486173898638505,23412.211103973645,390.2035183995606,957309.9959999999,15955.1666,19,6135.0,0.1449745776624555,19,6135.0
27555.0,50,14538.0,230.76190476190476,1.6146836323550497,23683.228071572386,375.92425510432355,984800.064,15631.74704761905,24,6230.0,0.0732843822361753,24,6230.0
27560.0,52,14796.0,234.85714285714286,1.6354077611327213,23934.557217618218,379.9136066288605,998541.102,15849.858761904763,26,6343.0,0.06087046487894897,26,6343.0
27565.0,56,15067.0,243.01612903225808,0.9579966784834443,24184.722673262713,390.07617214939853,1012275.401,16327.022596774195,29,6466.0,0.030595813056778953,29,6466.0
27570.0,51,15198.0,249.14754098360655,1.104877269245691,24428.18800630575,400.46209846402854,1012276.585,16594.698114754097,23,6330.0,0.05841695451579845,23,6330.0
27575.0,47,15325.0,247.17741935483872,1.9110907749009962,24698.387942603007,398.36109584843547,1012276.585,16327.041693548388,19,6183.0,0.05335425258941547,19,6183.0
27580.0,43,15468.0,253.5737704918033,2.3903186172407054,24940.09095745613,408.85395012223154,998535.993,16369.442508196722,16,5943.0,0.15042898216950884,16,5943.0
27585.0,45,15672.0,265.6271186440678,1.7051491661581413,24877.316492332855,421.6494320734381,971228.291,16461.49645762712,19,6034.0,0.07892803758962717,19,6034.0
27590.0,48,15909.0,279.10526315789474,0.9164724918777334,24691.222595777377,433.1793437855679,944014.731,16561.66194736842,22,6141.0,0.05718426700749082,22,6141.0
27595.0,48,16113.0,273.10169491525426,0.9277424851834069,24691.210413310197,418.4950917510202,944207.353,16003.51445762712,22,6200.0,0.05847477629672359,22,6200.0
27600.0,52,16362.0,268.2295081967213,1.2924312468523766,24963.25418845389,409.2336752205555,971722.3670000001,15929.874868852461,25,6305.0,0.04056930561376297,25,6305.0
27605.0,54,16625.0,244.48529411764707,1.195873368232303,25240.86871969756,371.18924587790525,985486.253,14492.444897058824,28,6423.0,0.04270840866368219,28,6423.0
27610.0,58,16910.0,245.07246376811594,1.483638557592714,25517.43090242477,369.81783916557623,1012995.174,14681.08947826087,32,6563.0,0.12707285864091927,32,6563.0
27615.0,56,17054.0,247.15942028985506,0.7953044160978299,25814.917203786692,374.1292348374881,1026748.378,14880.41127536232,29,6455.0,0.046261337569752085,29,6455.0
27620.0,56,17235.0,242.74647887323943,1.5645063055992983,26131.56978982203,368.0502787298878,1026748.706,14461.24938028169,28,6398.0,0.04177155823602218,28,6398.0
27625.0,53,17456.0,249.37142857142857,1.9934833493727608,26417.03516139431,377.38621659134725,1012986.671,14471.238157142856,26,6469.0,0.06128738239837404,26,6469.0
27630.0,55,17716.0,253.0857142857143,1.2913492337130135,26584.797084076927,379.7828154868132,999302.109,14275.744414285715,29,6611.0,0.06539980171345242,29,6611.0
27635.0,48,12608.0,182.7246376811594,1.7992839043210331,26457.012703977092,383.4349667243057,972045.0360000001,14087.609217391306,24,4888.0,0.11038847565262834,24,4888.0
27640.0,43,8608.0,124.7536231884058,2.5715461922969642,26670.497511013557,386.52894943497904,972073.0900000001,14088.015797101449,28,3909.0,0.079976674992793,28,3909.0
27645.0,37,3535.0,48.42465753424658,2.7894672661109174,26918.30146230086,368.74385564795705,999595.588,13693.090246575344,33,5513.0,0.02198572584190278,33,5513.0
27650.0,39,1628.0,23.257142857142856,2.779571176986801,23981.164284659284,342.58806120941847,966075.8099999999,13801.083,38,7142.0,0.02641132280342727,38,7142.0
27655.0,38,1159.0,17.044117647058822,2.25056583035415,18066.961066618394,265.6906039208588,910251.6839999999,13386.054176470589,30,6861.0,0.08383736437437708,30,6861.0
27660.0,43,1251.0,18.130434782608695,1.7015371405319233,17655.693581040465,255.87961711652844,960986.7229999999,13927.343811594203,27,6811.0,0.04665421778383661,27,6811.0
27665.0,45,1382.0,18.931506849315067,1.5350720591392129,17845.478502305275,244.45860962062025,1008678.2339999998,13817.51005479452,26,6938.0,0.02805821829540299,26,6938.0
27670.0,58,1617.0,21.85135135135135,1.1488382098316259,18013.84754934989,243.4303722885121,1019994.806,13783.713594594594,31,7092.0,0.06286794143227854,31,7092.0
27675.0,51,842.0,11.378378378378379,1.899068542440255,18159.58790500623,245.39983655413832,1033769.9469999999,13969.864148648649,25,6380.0,0.05527060814442867,25,6380.0
27680.0,56,1113.0,15.246575342465754,2.4542306373197156,18247.65467155535,249.96787221308716,1047543.247,14349.907493150684,29,6334.0,0.054447087237393374,29,6334.0
27685.0,59,1404.0,18.972972972972972,2.107613870892616,18269.31409836029,246.88262295081483,1033804.455,13970.330472972972,31,6480.0,0.00035790668050991595,31,6480.0
27690.0,60,1704.0,26.215384615384615,0.827868673917937,17646.379308018313,271.48275858489717,1033796.495,15904.561461538464,32,6635.0,0.031683938797247534,32,6635.0
27695.0,56,1665.0,25.227272727272727,0.8075952642562003,17910.282874149616,271.36792233560027,1033796.089,15663.577106060606,26,6564.0,0.018306390302166856,26,6564.0
27700.0,54,1931.0,29.257575757575758,1.6061977683642286,18207.41048758654,275.8698558725235,1033796.089,15663.577106060606,26,6597.0,0.038924813040274994,26,6597.0
27705.0,55,2202.0,33.36363636363637,1.5821362555724983,18495.6655292675,280.23735650405314,1033796.089,15663.577106060606,27,6723.0,0.053275739132644856,27,6723.0
27710.0,59,2491.0,39.53968253968254,0.5508784615449515,18535.877507128156,294.22027789092317,1033796.115,16409.46214285714,31,6867.0,0.020985564384428338,31,6867.0
27715.0,53,2491.0,40.83606557377049,0.8875544585827464,18715.183942239873,306.8062941350799,1033796.115,16947.477295081968,25,6749.0,0.07240202657165444,25,6749.0
27720.0,50,2561.0,41.98360655737705,1.3100337165335694,18994.047094599704,311.377821222946,1033796.115,16947.477295081968,22,6681.0,0.049537107472437995,22,6681.0
27725.0,47,2574.0,39.0,1.6585694647951648,19225.02686085795,291.28828577057504,1020035.185,15455.078560606062,20,6778.0,0.05644007919786649,20,6778.0
27730.0,50,2768.0,43.25,1.4851824658116324,19122.725144372565,298.7925803808213,992609.817,15509.528390625,23,6927.0,0.10265388793610572,23,6927.0
27735.0,49,2909.0,45.453125,1.1888128682813883,19292.5822572114,301.446597768928,992677.5930000001,15510.587390624998,23,6980.0,0.07327636937791639,23,6980.0
27740.0,52,3166.0,47.96969696969697,1.5270001417319596,19581.334672161858,296.6868889721491,1020332.1960000001,15459.578727272727,26,7075.0,0.06909213916805329,26,7075.0
27745.0,57,3437.0,51.298507462686565,1.7476107847955347,19840.204575469394,296.1224563502892,1047982.4240000001,15641.52871641791,30,7211.0,0.03243915083109053,30,7211.0
27750.0,58,3725.0,56.43939393939394,1.1661126278498006,20061.80974273765,303.9668142839037,1047980.3040000001,15878.489454545455,30,7356.0,0.000551394773401629,30,7356.0
27755.0,52,3862.0,62.29032258064516,1.190812721258724,20227.262326978445,326.2461665641683,1047977.3040000001,16902.859741935485,24,7262.0,0.01694646874641929,24,7262.0
27760.0,48,4014.0,64.74193548387096,1.9254159515115874,20498.572634361593,330.62213926389666,1047977.3040000001,16902.859741935485,20,7174.0,0.09838317078908594,20,7174.0
27765.0,49,4171.0,66.2063492063492,1.509181254261759,20616.84402767025,327.2514925027024,1020397.5220000001,16196.786063492065,21,7271.0,0.05808757474261841,21,7271.0
27770.0,51,4377.0,71.75409836065573,0.9752245441438886,20595.17882012761,337.62588229717386,992900.3640000001,16277.055147540983,24,7400.0,0.0759837895997185,24,7400.0
27775.0,52,4610.0,72.03125,0.9798735480421276,20760.87865911852,324.3887290487268,992981.734,15515.339593749999,26,7517.0,0.055419197229684,26,7517.0
27780.0,55,4882.0,73.96969696969697,1.3356154376609242,21056.9108480657,319.04410375857117,1020667.408,15464.657696969698,29,7655.0,0.04496759791574256,29,7655.0
27785.0,60,5171.0,72.83098591549296,1.0747500871652005,21351.855033156924,300.730352579675,1048354.9369999999,14765.562492957746,33,7813.0,0.050680029047128386,33,7813.0
27790.0,63,5481.0,78.3,0.9142747347670233,21653.79433863571,309.3399191233672,1062197.103,15174.24432857143,36,7991.0,0.10696679930841732,36,7991.0
27795.0,61,5642.0,80.6,0.6402852077060792,21988.076987872348,314.1153855410335,1062197.103,15174.24432857143,33,7894.0,0.02386271006047475,33,7894.0
27800.0,58,5847.0,81.20833333333333,1.6386580108234878,22310.44538473167,309.867297010162,1062197.435,14752.742152777779,30,7824.0,0.03736496268616499,30,7824.0
27805.0,54,6025.0,84.85915492957747,1.6953593483675382,22432.96895155016,315.9573091767629,1034604.0249999999,14571.887676056338,27,7946.0,0.04681272888234858,27,7946.0
27810.0,56,6284.0,92.41176470588235,0.955284069905061,22434.569991433225,329.92014693284153,993230.0599999999,14606.324411764706,30,8086.0,0.08759757872032278,30,8086.0
27815.0,56,6488.0,94.02898550724638,1.000856488822335,22598.271027845916,327.51117431660737,993339.2790000001,14396.22143478261,30,8155.0,0.023269247141174565,30,8155.0
27820.0,60,6778.0,95.46478873239437,1.5103708761654882,22913.509791902612,322.72549002679733,1021062.1210000002,14381.156633802817,33,8295.0,0.05225809753851245,33,8295.0
27825.0,62,7081.0,99.73239436619718,0.8669714593273526,23150.156913935345,326.05854808359646,1034920.7550000001,14576.348661971831,36,8448.0,0.03395777486064352,36,8448.0
27830.0,65,7399.0,107.23188405797102,0.5131644973260625,23439.46370801303,339.702372579899,1048775.0440000002,15199.63831884058,38,8615.0,0.025212609691952558,38,8615.0
27835.0,55,6961.0,100.8840579710145,1.0832428408168762,23761.991415250202,344.3766871775392,1048775.0440000002,15199.63831884058,27,8122.0,0.06576007131809972,27,8122.0
27840.0,54,7095.0,102.82608695652173,1.393511848347118,24072.486454087633,348.87661527663244,1048775.0440000002,15199.63831884058,25,7999.0,0.053855294722262706,25,7999.0
27845.0,53,7264.0,96.85333333333334,1.799744301331932,24390.824435421036,325.21099247228057,1048781.0440000002,13983.747253333333,25,8100.0,0.03020668709726795,25,8100.0
27850.0,59,7511.0,102.89041095890411,1.5332886966993067,24101.174942982656,330.15308141072137,1021157.443,13988.458123287672,30,8235.0,0.10297537208385728,30,8235.0
27855.0,52,5526.0,75.6986301369863,1.5184876777606473,24292.8965192161,332.77940437282336,1035037.416,14178.594739726026,28,5466.0,0.03569599835196736,28,5466.0
27860.0,50,4183.0,58.91549295774648,1.9095933913907948,24311.913400604903,342.4213155014776,1021258.28,14383.919436619719,32,5622.0,0.04847943499994026,32,5622.0
27865.0,43,2601.0,36.125,2.038351203084291,24596.51644054813,341.61828389650196,1021260.996,14184.180499999999,36,7232.0,0.02618343633279392,36,7232.0
27870.0,43,1824.0,26.823529411764707,2.2760412357757125,21201.579526699337,311.78793421616683,948808.284,13953.063,38,7413.0,0.037528097318919304,38,7413.0
27875.0,38,638.0,9.114285714285714,2.5799286085991184,18990.083456855893,271.28690652651284,951063.96,13586.627999999999,26,6496.0,0.05710084347453301,26,6496.0
27880.0,45,839.0,12.159420289855072,3.0252343449732932,16552.69955960542,239.89419651602057,953466.4549999998,13818.354420289854,27,6316.0,0.020058951208329717,27,6316.0
27885.0,50,1079.0,15.63768115942029,2.7347870123559574,16457.49160275147,238.51437105436912,978711.649,14184.226797101448,28,6449.0,0.0641187837884767,28,6449.0
27890.0,54,1340.0,21.26984126984127,0.8823999792519106,15794.233660324651,250.70212159245477,1029179.8539999999,16336.18815873016,29,6585.0,0.012273631483305585,29,6585.0
27895.0,54,1366.0,23.152542372881356,0.44429327216815123,15894.481015785486,269.397983318398,1029174.7839999999,17443.640406779657,26,6436.0,0.02506068481333096,26,6436.0
27900.0,49,1382.0,23.423728813559322,1.3310022707587374,16166.80773767118,274.013690469003,1029174.7839999999,17443.640406779657,21,6221.0,0.06675360384463673,21,6221.0
27905.0,46,1429.0,22.328125,1.963919106499609,16437.83819011845,256.8412217206008,1029178.404,16080.9125625,19,6311.0,0.0826048227248919,19,6311.0
27910.0,48,1617.0,26.080645161290324,1.6525356919829355,16193.84854128634,261.19110550461824,1001676.909,16156.079177419355,22,6500.0,0.14342380535721874,22,6500.0
27915.0,47,1573.0,25.370967741935484,1.4855299541623266,16195.583869314132,261.2190946663569,1001868.563,16159.170370967742,20,6432.0,0.09610532581363557,20,6432.0
27920.0,48,1803.0,28.61904761904762,1.7682255377996487,16470.190089425298,261.4315887210365,1015794.3389999999,16123.719666666666,22,6444.0,0.08060608173578107,22,6444.0
27925.0,53,2058.0,30.71641791044776,1.7227128344803462,16724.856432438624,249.62472287221817,1043648.1619999998,15576.83823880597,27,6564.0,0.020987448215985926,27,6564.0
27930.0,57,2334.0,35.36363636363637,1.3502042057311225,16834.319620986647,255.0654488028279,1071491.7979999997,16234.724212121211,30,6705.0,0.08596248297531278,30,6705.0
27935.0,53,2462.0,37.87692307692308,1.3097296065744914,17020.980103337406,261.8612323590369,1071491.7979999997,16484.4892,25,6538.0,0.06851793432341477,25,6538.0
27940.0,50,2632.0,40.49230769230769,1.7027591142395262,17305.722619317647,266.24188645104067,1071491.7979999997,16484.4892,22,6430.0,0.07197544839727964,22,6430.0
27945.0,50,2812.0,43.261538461538464,1.5128006582297295,17521.130244186228,269.5558499105573,1057612.042,16270.95449230769,22,6536.0,0.07237609635280877,22,6536.0
27950.0,52,3037.0,48.983870967741936,0.6501866668920925,17489.229935158917,282.0843537928858,1016004.519,16387.16966129032,25,6666.0,0.044101938923496065,25,6666.0
27955.0,51,3195.0,49.921875,1.160148565852281,17635.88416897253,275.5606901401958,1016105.3039999999,15876.645375,25,6704.0,0.06282136231784516,25,6704.0
27960.0,53,3454.0,53.13846153846154,1.5622233177889555,17777.381817660123,273.49818181015587,1030142.09,15848.339846153847,27,6798.0,0.05895271910661791,27,6798.0
27965.0,57,3729.0,53.27142857142857,1.2795100657229639,18060.776033248432,258.01108618926344,1058011.353,15114.4479,30,6942.0,0.0319521869216668,30,6942.0
27970.0,61,4026.0,59.205882352941174,1.165704951301314,18258.44195312814,268.50649931070797,1058011.353,15558.99048529412,34,7107.0,0.07865186949653123,34,7107.0
27975.0,57,4173.0,63.22727272727273,0.6836140456164232,18520.11065568228,280.60773720730737,1058011.353,16030.475045454543,29,6999.0,0.02173865696702779,29,6999.0
27980.0,54,4340.0,63.8235294117647,1.5936901109609267,18824.53060663403,276.83133245050044,1058011.689,15558.995426470588,26,6906.0,0.05102306780180526,26,6906.0
27985.0,50,4526.0,67.55223880597015,1.9652655662102436,19079.26271151902,284.7651150972989,1044088.4329999998,15583.409447761192,23,6922.0,0.0689095146829325,23,6922.0
27990.0,52,4766.0,74.46875,0.91409671186672,18904.24276413153,295.37879318955527,1002535.2629999999,15664.613484375002,26,7063.0,0.06847738683438401,26,7063.0
27995.0,52,4928.0,74.66666666666667,1.3901094088924708,19053.483404620973,288.6891424942573,1016593.637,15402.933893939393,25,7075.0,0.04047296583948509,25,7075.0
28000.0,54,5191.0,78.65151515151516,1.7378609074708546,19220.49058261953,291.2195542821142,1016670.6849999999,15404.101287878788,28,7189.0,0.10001036392852525,28,7189.0
28005.0,58,5467.0,75.93055555555556,1.3394460078238435,19468.277601610363,270.3927444668105,1044584.1699999999,14508.113472222221,31,7315.0,0.0288528478577533,31,7315.0
28010.0,61,5767.0,83.57971014492753,0.8342163178023825,19697.20413569779,285.4667266043158,1058532.9419999998,15341.05713043478,35,7465.0,0.03920379900367465,35,7465.0
28015.0,57,5926.0,83.46478873239437,1.2728007021728363,20017.347122125666,281.9344665088123,1086442.3369999998,15302.004746478871,30,7455.0,0.09998865494641242,30,7455.0
28020.0,57,6112.0,84.88888888888889,1.7984262946279692,20334.636470968762,282.42550654123283,1086442.8989999997,15089.484708333333,29,7463.0,0.07684346970868339,29,7463.0
28025.0,55,6336.0,83.36842105263158,2.3299983087328022,20652.129517692763,271.7385462854312,1086446.4609999997,14295.34817105263,28,7524.0,0.08731007980822257,28,7524.0
28030.0,60,6608.0,86.94736842105263,1.4817939320436977,20745.188212871995,272.9630028009473,1044636.7059999998,13745.21981578947,32,7664.0,0.1043574337847393,32,7664.0
28035.0,53,6180.0,83.51351351351352,1.576114620890025,20805.161082076334,281.15082543346387,1016830.7999999998,13740.956756756756,26,7159.0,0.07287442559762002,26,7159.0
28040.0,57,6457.0,86.09333333333333,2.3335697603457373,21117.444376545915,281.56592502061216,1030793.0739999998,13743.907653333332,31,7214.0,0.07970849936099378,31,7214.0
28045.0,63,6760.0,90.13333333333334,1.5121308654186114,21061.393715556616,280.81858287408824,1058709.0179999997,14116.120239999998,37,7367.0,0.012154244119111658,37,7367.0
28050.0,65,7081.0,101.15714285714286,0.622719655501864,21034.460698190618,300.4922956884374,1072665.3229999999,15323.790328571427,38,7537.0,0.03680757484460676,38,7537.0
28055.0,62,7236.0,101.91549295774648,0.7518811989993932,21307.03167931504,300.0990377368316,1072665.207,15107.96066197183,32,7521.0,0.02503520284152748,32,7521.0
28060.0,56,7439.0,104.77464788732394,1.9351106972438792,21622.80753495753,304.5465849994018,1072665.207,15107.96066197183,28,7526.0,0.04841448375478962,28,7526.0
28065.0,54,7617.0,108.81428571428572,1.7689506492801907,21890.582288433077,312.72260412047245,1058713.267,15124.475242857143,27,7640.0,0.08730531555442858,27,7640.0
28070.0,57,7875.0,117.53731343283582,0.6841799218870752,21987.110692061895,328.1658312248044,1016888.896,15177.446208955223,30,7777.0,0.03425694063433672,30,7777.0
28075.0,51,7822.0,118.51515151515152,1.1580182833391695,22113.710939477765,335.05622635572365,1002996.0079999999,15196.909212121214,25,7666.0,0.07335845951484261,25,7666.0
28080.0,54,8089.0,118.95588235294117,1.2293682568707607,22412.54401609546,329.5962355308155,1030942.5679999999,15160.92011764706,28,7717.0,0.033466465632387664,28,7717.0
28085.0,59,8374.0,110.1842105263158,1.655865664009154,22676.878820913524,298.3799844857042,1044929.418,13749.071289473684,33,7852.0,0.0001681173691648882,33,7852.0
28090.0,61,8678.0,118.87671232876713,1.9485862311664697,22897.74461256673,313.6677344187222,1044928.6519999999,14314.09112328767,33,7997.0,0.11492963034497788,33,7997.0
28095.0,53,6481.0,93.92753623188406,1.097694277344177,22982.631263736694,333.0816125179231,1044928.6519999999,15143.893507246377,28,5444.0,0.061855634929943254,28,5444.0
28100.0,48,4951.0,70.72857142857143,1.9055326077820383,23292.710695815862,332.7530099402265,1044928.9529999999,14927.55647142857,31,5589.0,0.030088846382171144,31,5589.0
28105.0,41,3182.0,46.11594202898551,2.31259569744286,22483.243126660942,325.8441032849412,1020477.2029999999,14789.52468115942,34,6165.0,0.004663104903103962,34,6165.0
28110.0,42,2297.0,35.33846153846154,1.7941087137734497,18528.486155680574,285.05363316431647,922470.3379999999,14191.851353846152,37,6763.0,0.000576412788668686,37,6763.0
28115.0,37,1060.0,16.060606060606062,2.35760661286316,16803.76911912141,254.60256241093057,924204.9819999998,14003.105787878789,27,6055.0,0.029428539207913006,27,6055.0
28120.0,35,663.0,10.045454545454545,2.095242473638956,16625.432606141443,251.90049403244612,950051.3579999999,14394.717545454547,19,5671.0,0.10056757344089971,19,5671.0
28125.0,40,676.0,10.242424242424242,1.8979973894120357,16374.245983363777,248.0946361115725,973045.478,14743.113303030303,22,5596.0,0.08459884961122191,22,5596.0
28130.0,47,840.0,12.537313432835822,1.0120483223148409,16109.146407202366,240.43502100302032,1012718.6619999999,15115.203910447763,27,5743.0,0.027590154539886277,27,5743.0
28135.0,53,947.0,14.134328358208956,1.186293886847673,15742.691791296473,234.96554912382794,1026736.6009999999,15324.426880597015,28,5795.0,0.06192184725207254,28,5795.0
28140.0,56,1220.0,17.681159420289855,1.6580593833158375,16043.125046558474,232.50905864577496,1054769.7899999998,15286.518695652174,30,5877.0,0.04823029838602757,30,5877.0
28145.0,61,1514.0,21.62857142857143,1.1810562756511316,16215.72586614715,231.65322665924498,1040812.8059999999,14868.754371428571,33,6020.0,0.010770411393625407,33,6020.0
28150.0,63,1828.0,27.28358208955224,0.7502778491538044,16359.01998883695,244.16447744532755,1040809.8059999999,15534.474716417912,35,6179.0,0.07077724186519643,35,6179.0
28155.0,58,1959.0,29.681818181818183,0.5971421244095938,16657.821407570544,252.39123344803855,1040809.8059999999,15769.845545454547,30,6044.0,0.01447737615974403,30,6044.0
28160.0,54,2105.0,30.955882352941178,1.6296102846616543,16963.64120759181,249.46531187635017,1040810.146,15306.031558823532,26,5970.0,0.05354898058299759,26,5970.0
28165.0,51,2268.0,32.869565217391305,2.0030317782163887,17047.993240515767,247.07236580457638,1012882.0859999999,14679.450521739132,24,5984.0,0.06796292385532599,24,5984.0
28170.0,53,2504.0,37.37313432835821,1.4051848217892156,17038.93434496647,254.31245290994727,984995.912,14701.431522388062,27,6120.0,0.1131013216503743,27,6120.0
28175.0,53,2657.0,39.0735294117647,1.0813054879892308,17081.116048867574,251.19288307158186,971121.536,14281.199058823531,27,6149.0,0.03635345026954487,27,6149.0
28180.0,57,2935.0,41.33802816901409,1.7807317320984315,17388.389936893927,244.90690051963267,999213.672,14073.432,31,6281.0,0.11223633853111382,31,6281.0
28185.0,60,3222.0,43.54054054054054,1.2649014247165125,17672.972600053985,238.82395405478363,1027298.594,13882.413432432433,33,6423.0,0.018280267924939027,33,6423.0
28190.0,65,3538.0,49.83098591549296,0.8212566704412705,17898.408061544964,252.09025438795717,1041337.099,14666.719704225354,39,6594.0,0.012889651720693424,39,6594.0
28195.0,54,3373.0,48.18571428571428,1.153130458030438,18180.993188091168,259.72847411558814,1055378.149,15076.830700000002,27,6172.0,0.06526620270778166,27,6172.0
28200.0,55,3534.0,50.48571428571429,1.441766590349992,18495.84963116725,264.22642330238915,1055378.149,15076.830700000002,25,5987.0,0.07335703610856915,25,5987.0
28205.0,54,3727.0,51.763888888888886,1.4446571121042258,18650.48382030113,259.0344975041823,1027375.2760000001,14269.101055555555,25,6091.0,0.03755179885197126,25,6091.0
28210.0,57,3965.0,55.06944444444444,1.3712021072696396,18759.72209388845,260.5516957484506,1013344.5360000001,14074.229666666668,29,6224.0,0.0704961085730912,29,6224.0
28215.0,49,3271.0,45.43055555555556,1.985975964754545,18895.247741640913,262.43399641167935,1027398.746,14269.427027777778,23,5561.0,0.04067769935038857,23,5561.0
28220.0,54,3534.0,49.774647887323944,2.6662289970054704,18842.61707050469,265.3889728240097,1041451.78,14668.334929577466,27,5515.0,0.09513493368216878,27,5515.0
28225.0,56,3809.0,55.20289855072464,1.9517477978671822,18832.03383862774,272.92802664677885,1041451.04,15093.493333333336,28,5637.0,0.006333275983236367,28,5637.0
28230.0,58,4099.0,69.47457627118644,0.20599687286039847,18209.776655836256,308.64028230230946,1027480.32,17414.920677966104,30,5772.0,0.0,30,5772.0
28235.0,54,4232.0,69.37704918032787,0.9146799112509022,18480.663524784024,302.961697127607,1027480.376,16843.940590163937,24,5766.0,0.010451996574301969,24,5766.0
28240.0,52,4492.0,73.63934426229508,1.588506210570977,18754.701392282648,307.4541211849615,1027480.376,16843.940590163937,24,5855.0,0.03881345002361132,24,5855.0
28245.0,52,4752.0,76.64516129032258,1.5798292896848227,18958.06407105573,305.77522695251173,1027482.92,16572.305161290325,24,5960.0,0.06892690707725888,24,5960.0
28250.0,53,5015.0,86.46551724137932,0.8693806784673527,19099.610303679114,329.30362592550193,1027479.178,17715.15824137931,25,6068.0,0.06948514933978947,25,6068.0
28255.0,49,4985.0,84.49152542372882,0.9346243802492453,19372.09271759634,328.3405545355311,1027479.957,17414.91452542373,21,5835.0,0.04014513029654926,21,5835.0
28260.0,46,4987.0,85.98275862068965,1.6897173539706325,19628.295367752187,338.41888565089977,1027479.957,17715.171672413795,18,5640.0,0.10861227491721127,18,5640.0
28265.0,42,5022.0,81.0,1.980508318789094,19853.0583060931,320.21061784021134,1013429.277,16345.633500000002,15,5572.0,0.0801153035734988,15,5572.0
28270.0,46,5198.0,86.63333333333334,1.7734446115543037,19554.564956828533,325.9094159471421,985616.4879999999,16426.941466666667,20,5691.0,0.14040865489935608,20,5691.0
28275.0,47,5383.0,89.71666666666667,1.5449356380096753,19645.32136910593,327.4220228184321,985748.5419999999,16429.14236666667,21,5776.0,0.08948038139279928,21,5776.0
28280.0,50,5628.0,92.26229508196721,1.2490257095054653,19744.038057341953,323.67275503839267,999972.683,16392.99480327869,24,5878.0,0.02715465053049453,24,5878.0
28285.0,54,5892.0,96.59016393442623,1.0085672403569856,19988.97141206636,327.68805593551394,1014076.1070000001,16624.198475409838,28,5997.0,0.0015232049012063797,28,5997.0
28290.0,56,6166.0,97.87301587301587,0.9345700393520116,20259.730896012534,321.5830300954371,1042283.851,16544.18811111111,29,6126.0,0.06440838651709377,29,6126.0
28295.0,50,6297.0,98.390625,1.5672407936854322,20513.192519200384,320.5186331125061,1056383.081,16505.985640625,23,5948.0,0.12433140697307518,23,5948.0
28300.0,49,6443.0,100.671875,2.12818835159201,20788.18752922528,324.8154301441449,1056383.081,16505.985640625,21,5839.0,0.11278087307542443,21,5839.0
28305.0,48,6619.0,105.06349206349206,1.9297881450848944,20989.59483708851,333.1681720172781,1042326.072,16544.858285714286,21,5840.0,0.0815228658532617,21,5840.0
28310.0,50,6853.0,114.21666666666667,1.0688580215427985,20945.87997815827,349.0979996359713,1000192.163,16669.869383333335,24,5949.0,0.054902350978205186,24,5949.0
28315.0,51,7072.0,117.86666666666666,0.7073753677074436,20844.312534234694,347.40520890391167,972203.85,16203.397500000001,25,6033.0,0.027823538167491668,25,6033.0
28320.0,54,7336.0,118.3225806451613,1.1769620037078625,21126.648719679564,340.75239870450923,1000429.2239999999,16135.955225806452,28,6152.0,0.047494790099073064,28,6152.0
28325.0,55,7606.0,110.23188405797102,1.325602465415629,21404.189699305123,310.2056478160164,1028658.143,14908.089028985507,28,6277.0,0.06651403172647477,28,6277.0
28330.0,59,7889.0,114.33333333333333,1.1853327500542257,21688.510884232903,314.32624469902765,1042770.481,15112.615666666668,33,6415.0,0.07113744992907149,33,6415.0
28335.0,57,8043.0,114.9,0.8517486221638577,21988.002533394327,314.11432190563323,1042774.517,14896.778814285715,29,6329.0,0.04904767812493021,29,6329.0
28340.0,56,8213.0,114.06944444444444,1.7501420080322987,22306.625923581978,309.8142489386385,1042774.861,14482.984180555555,28,6268.0,0.07748401649608837,28,6268.0
28345.0,55,8425.0,120.35714285714286,1.7226596879738025,22462.334338637396,320.8904905519628,1014620.291,14494.575585714287,28,6345.0,0.06279563964975578,28,6345.0
28350.0,57,8688.0,125.91304347826087,1.022137258610397,22616.492661761724,327.77525596756124,1000593.571,14501.356101449277,30,6488.0,0.05711500973233666,30,6488.0
28355.0,55,8874.0,130.5,1.3194359387674386,22607.847365236452,332.4683436064185,972521.715,14301.78992647059,29,6542.0,0.054962436442449206,29,6542.0
28360.0,58,9158.0,130.82857142857142,1.2768642752193629,22919.737269594636,327.4248181370662,1000774.597,14296.779957142857,32,6681.0,0.04154067868188104,32,6681.0
28365.0,63,9463.0,127.87837837837837,1.2753977769492928,23207.743072924568,313.6181496341158,1029029.193,13905.799905405407,36,6841.0,0.026360963481849978,36,6841.0
28370.0,63,9777.0,139.67142857142858,0.7075581384543952,23426.472695565113,334.6638956509302,1043151.291,14902.161300000002,37,7010.0,0.042028721971180794,37,7010.0
28375.0,55,9257.0,130.38028169014083,0.9421232903616991,23759.00460469397,334.63386767174615,1057270.2829999998,14891.130746478873,28,6575.0,0.058963970493880906,28,6575.0
28380.0,56,9365.0,131.90140845070422,1.081554981366897,24085.676193444204,339.2348759640028,1057270.2829999998,14891.130746478873,25,6512.0,0.055272651372520964,25,6512.0
28385.0,53,9561.0,130.97260273972603,1.2937022927957327,24379.769219843158,333.9694413677145,1043157.945,14289.834863013697,26,6620.0,0.028602573176931826,26,6620.0
28390.0,60,9816.0,134.46575342465752,1.2577875442921393,24587.62621460383,336.8167974603265,1014937.0480000001,13903.247232876713,31,6754.0,0.030609085584708415,31,6754.0
28395.0,51,9051.0,123.98630136986301,1.867457167476021,24628.559316937997,337.3775248895615,1029077.7170000001,14096.95502739726,25,6033.0,0.044575983071231416,25,6033.0
28400.0,54,9318.0,129.41666666666666,2.5658680410174117,24619.135164769446,341.93243284402,1029124.137,14293.390791666669,28,5976.0,0.08879942993956709,28,5976.0
28405.0,58,9597.0,129.6891891891892,2.252011695094684,24543.311909189382,331.6663771512079,1029123.355,13907.072364864865,30,6104.0,0.037726905147455275,30,6104.0
28410.0,60,9888.0,147.5820895522388,0.947715179295554,23983.638861996486,357.96475913427577,1029118.612,15359.97928358209,32,6240.0,0.04688373114727975,32,6240.0
28415.0,56,10003.0,149.29850746268656,0.9839666016805418,24182.551603569704,360.93360602342835,1029115.2139999999,15359.928567164177,26,6220.0,0.0429523497714208,26,6220.0
28420.0,56,10280.0,153.43283582089552,1.5490700004383982,24483.4812493025,365.4250932731716,1029115.2139999999,15359.928567164177,28,6322.0,0.03236144734776688,28,6322.0
28425.0,57,10565.0,160.07575757575756,1.4497582935370457,24734.95555608822,374.77205388012453,1029114.7559999999,15592.647818181817,29,6452.0,0.04341421293106591,29,6452.0
28430.0,59,10852.0,172.25396825396825,0.8371988459264541,24942.87233950466,395.9186085635661,1029114.012,16335.143047619049,31,6584.0,0.00015284052623283444,31,6584.0
28435.0,53,10852.0,180.86666666666667,0.82459039111833,25130.261788119846,418.8376964686642,1029114.012,17151.9002,25,6460.0,0.01488074500670941,25,6460.0
28440.0,49,10908.0,184.88135593220338,1.3602768767423785,25394.627788305013,430.41742014076294,1029114.012,17442.610372881354,21,6362.0,0.06001921187812012,21,6362.0
28445.0,46,10955.0,171.171875,1.6454889356906623,25523.660663572315,398.8071978683175,1015020.5989999999,15859.696859374999,18,6441.0,0.05962701145780574,18,6441.0
28450.0,48,11100.0,176.1904761904762,1.8686093476567573,25621.043425818472,406.6832289812457,1000972.8589999999,15888.45807936508,21,6571.0,0.1597987736260607,21,6571.0
28455.0,43,7870.0,126.93548387096774,1.3389303778893462,25639.0575587848,413.5331864320128,986942.416,15918.42606451613,21,4763.0,0.09640060477164229,21,4763.0
28460.0,40,5013.0,78.328125,2.257252878781732,25910.351548616254,404.8492429471289,1015315.519,15864.304984375,27,4667.0,0.07742335478480007,27,4667.0
28465.0,40,2509.0,39.82539682539682,2.4452773060565822,23907.776805379253,379.48852072030564,979950.197,15554.765031746032,35,7077.0,0.045308467429127856,35,7077.0
28470.0,40,1034.0,16.15625,2.167604422133961,20435.160158718485,319.29937747997644,934338.636,14599.041187499999,38,7245.0,0.04264532968492955,38,7245.0
28475.0,43,1113.0,17.123076923076923,1.9725419797134096,17417.49348494434,267.96143822991297,937326.596,14420.40916923077,32,7278.0,0.012969898214061934,32,7278.0
28480.0,50,1343.0,19.75,1.5011544429642243,17704.461267002953,260.35972451474936,1014645.431,14921.256338235295,34,7429.0,0.03195477111161614,34,7429.0
28485.0,57,1612.0,22.38888888888889,1.0487522253854475,17948.57768257728,249.28580114690664,1091929.466,15165.687027777778,36,7589.0,6.0690536977162087e-05,36,7589.0
28490.0,64,1920.0,27.428571428571427,0.8526308849420828,18200.65950546512,260.0094215066445,1091927.1460000002,15598.959228571432,36,7754.0,0.037688875822503236,36,7754.0
28495.0,54,1430.0,20.140845070422536,1.0031009411859042,18491.569496292792,260.44464079285615,1091929.316,15379.286140845072,25,7266.0,0.07437248016239684,25,7266.0
28500.0,53,1450.0,20.422535211267604,1.5437385205586094,18810.29773052128,264.93377085241247,1091929.316,15379.286140845072,24,7088.0,0.06417291049169008,24,7088.0
28505.0,52,1515.0,21.041666666666668,1.2482978597666126,18846.89491096296,261.76242931893006,1077784.3700000003,14969.227361111112,24,7190.0,0.03301498007842112,24,7190.0
28510.0,58,1746.0,24.942857142857143,1.167550505068743,19112.126787792757,273.0303826827537,1049412.685,14991.609785714287,32,7353.0,0.04854279077442368,32,7353.0
28515.0,58,1984.0,28.753623188405797,1.0211563907636463,19030.9191789025,275.8104228826451,1063633.2680000002,15414.974898550727,32,7446.0,0.011454813281256047,32,7446.0
28520.0,61,2284.0,32.628571428571426,0.9866564633932859,19186.98948713647,274.0998498162354,1063630.098,15194.715685714285,33,7596.0,5.495315403698797e-06,33,7596.0
28525.0,61,2589.0,36.98571428571429,1.5180438730601058,19490.633434891137,278.43762049844497,1063629.2100000002,15194.703,33,7746.0,0.0,33,7746.0
28530.0,61,2894.0,43.84848484848485,0.6887112818108394,19571.62284836721,296.539740126776,1049515.8280000002,15901.754969696969,33,7896.0,0.04457927385569875,33,7896.0
28535.0,59,3024.0,46.52307692307692,0.5215769537884376,19837.523357245445,305.19266703454554,1049515.8280000002,16146.397353846154,31,7713.0,0.01725430316408212,31,7713.0
28540.0,54,3154.0,48.52307692307692,1.2329243194291892,20138.816249036852,309.8279422928746,1049515.8280000002,16146.397353846154,26,7547.0,0.06840376196082848,26,7547.0
28545.0,53,3309.0,48.661764705882355,1.1808706040338952,20438.414510275514,300.5649192687576,1049516.875,15434.07169117647,26,7659.0,0.05411480434826704,26,7659.0
28550.0,55,3547.0,53.74242424242424,1.0353850178390571,20156.839383543807,305.4066573264214,1021426.8659999999,15476.164636363636,28,7839.0,0.06020373052866374,28,7839.0
28555.0,48,2907.0,44.04545454545455,1.4407717190826668,20276.763485259842,307.22368917060356,1021553.565,15478.084318181818,22,7206.0,0.07888359005655025,22,7206.0
28560.0,53,3163.0,46.51470588235294,2.282173691292005,20560.259592553433,302.35675871402117,1050067.5269999998,15442.169514705882,27,7193.0,0.04326022478817151,27,7193.0
28565.0,56,3436.0,47.06849315068493,1.9706136446786553,20516.47938049787,281.0476627465462,1078581.3739999998,14775.087315068491,29,7321.0,0.026839355194553296,29,7321.0
28570.0,60,3721.0,53.15714285714286,1.4882036348471317,20236.31140822314,289.0901629746163,1078578.765,15408.268071428573,30,7456.0,0.09336141356083683,30,7456.0
28575.0,50,2825.0,41.544117647058826,1.2558847139211426,20478.885519230276,301.16008116515127,1078577.417,15861.432602941179,26,5011.0,0.05149031857988148,26,5011.0
28580.0,48,2358.0,34.6764705882353,2.346412031965781,20770.600127302903,305.45000187210155,1078577.417,15861.432602941179,31,4215.0,0.07586835137886071,31,4215.0
28585.0,44,1675.0,25.0,2.3557959651985616,19591.185001115166,292.4057462853011,1054018.383,15731.617656716417,36,7017.0,0.024190522275758207,36,7017.0
28590.0,43,1288.0,20.444444444444443,2.0608640307367785,15432.73057613856,244.9639773990247,954527.3979999998,15151.22853968254,40,6979.0,0.005290568185112846,40,6979.0
28595.0,41,1208.0,18.584615384615386,2.0573456733034843,12176.529052623155,187.33121619420234,931807.4269999999,14335.498876923077,32,6921.0,0.02343100361974895,32,6921.0
28600.0,47,1420.0,20.88235294117647,2.1559597647291673,11988.884540743087,176.30712559916307,1009766.3859999998,14849.505676470588,32,7037.0,0.029800596146723177,32,7037.0
28605.0,52,1664.0,23.771428571428572,1.9683369524011136,12215.202814541832,174.5028973505976,1061453.8829999997,15163.6269,33,7199.0,0.04793207960491349,33,7199.0
28610.0,58,1942.0,28.98507462686567,0.7857060333535607,12350.989744843186,184.34313052004754,1113155.3469999998,16614.258910447763,35,7367.0,0.020588997375877202,35,7367.0
28615.0,57,1814.0,28.34375,0.654192598741557,12528.235096291935,195.75367337956146,1113152.3469999998,17393.005421875,29,7032.0,0.02072045378615608,29,7032.0
28620.0,52,1772.0,27.6875,1.5282567627808663,12819.693245688286,200.30770696387947,1113152.3469999998,17393.005421875,24,6773.0,0.04981669026802941,24,6773.0
28625.0,50,1784.0,26.235294117647058,1.8003996480937632,13057.23172627836,192.01811362174053,1098895.873,16160.23342647059,23,6885.0,0.05487956418322923,23,6885.0
28630.0,52,1976.0,30.4,1.357789681314492,12567.506978479165,193.34626120737175,1056579.6199999999,16255.071076923079,25,7061.0,0.12926478056174315,25,7061.0
28635.0,53,2161.0,33.246153846153845,1.2538723116099968,12620.251335064831,194.1577128471512,1056776.6739999999,16258.10267692308,27,7175.0,0.08700240191473346,27,7175.0
28640.0,55,2432.0,36.298507462686565,1.1100518676203373,12918.462548029454,192.81287385118586,1085398.3369999998,16199.975179104478,29,7316.0,0.026903348279057365,29,7316.0
28645.0,61,2722.0,38.33802816901409,1.3505741332635888,13202.532424580773,185.95116090958837,1099717.775,15488.982746478876,34,7475.0,2.6769481772857235e-05,34,7475.0
28650.0,61,3025.0,43.214285714285715,1.120787334331389,13473.773352582215,192.4824764654602,1099719.139,15710.273414285713,33,7640.0,0.06460336535984147,33,7640.0
28655.0,56,3176.0,46.028985507246375,1.2237555202709658,13741.20123734699,199.14784401952156,1099719.139,15937.958536231883,28,7352.0,0.04880152698735752,28,7352.0
28660.0,55,3345.0,48.47826086956522,1.587178892148335,14048.646872752523,203.60357786597854,1099719.139,15937.958536231883,27,7036.0,0.07621162932273227,27,7036.0
28665.0,55,3542.0,52.088235294117645,1.305062423392641,14102.272493973309,207.38636020548986,1085578.169,15964.384838235294,28,7173.0,0.05638054541133704,28,7173.0
28670.0,56,3801.0,57.59090909090909,0.7559530032831551,13939.611821874145,211.2062397253658,1057289.449,16019.537106060607,30,7349.0,0.04465375194121792,30,7349.0
28675.0,57,4046.0,59.5,0.9143060732598648,13868.668430323689,203.95100632828954,1057589.2049999998,15552.782426470589,30,7449.0,0.05344479429324719,30,7449.0
28680.0,59,4338.0,62.869565217391305,1.161914962706767,14182.625140479218,205.54529189100316,1071922.417,15535.107492753621,33,7596.0,0.03206610648507986,33,7596.0
28685.0,63,4646.0,62.78378378378378,0.8662980800470544,14500.396625709942,195.95130575283702,1100592.296,14872.868864864866,37,7759.0,0.020198305402509994,37,7759.0
28690.0,67,4972.0,67.1891891891892,1.0790346028965645,14793.20856540594,199.908223856837,1129258.4949999999,15260.24993243243,40,7940.0,0.08442705481380247,40,7940.0
28695.0,57,4247.0,56.626666666666665,1.0669354594610458,15135.807851844662,201.81077135792881,1143588.151,15247.842013333331,31,7220.0,0.05813341958153234,31,7220.0
28700.0,56,4223.0,54.84415584415584,1.5593807994733684,15476.267429394677,200.99048609603474,1143588.503,14851.798740259737,26,6974.0,0.06325800488941691,26,6974.0
28705.0,54,4443.0,60.04054054054054,1.334031729265603,15268.644292852056,206.3330309844872,1115086.167,15068.731986486486,26,7087.0,0.03226519285646512,26,7087.0
28710.0,59,4719.0,64.64383561643835,0.8411192263718027,15576.667910415697,213.37901247144788,1100757.3029999998,15078.867164383562,32,7230.0,0.020600728095249127,32,7230.0
28715.0,58,4907.0,67.21917808219177,1.1224719825047784,15623.392122607887,214.01907017271083,1100764.0569999998,15078.959684931504,32,7293.0,0.0014292003912049181,32,7293.0
28720.0,62,5211.0,72.375,1.332063718289056,15535.38504775585,215.76923677438683,1115103.4429999997,15487.547819444444,35,7450.0,0.04697799018301618,35,7450.0
28725.0,64,5524.0,71.74025974025975,1.2500628739740538,15837.487216046862,205.6816521564528,1115106.6899999997,14481.905064935065,36,7611.0,0.008983537342550913,36,7611.0
28730.0,65,5848.0,80.10958904109589,1.2001352173483217,15914.357444131943,218.0048964949582,1100881.6339999998,15080.57032876712,37,7780.0,0.051477100803896246,37,7780.0
28735.0,55,4418.0,62.225352112676056,0.9875804514793214,16186.153606575323,227.97399445880737,1100881.6339999998,15505.37512676056,31,4923.0,0.06062482251067392,31,4923.0
28740.0,50,3563.0,50.183098591549296,1.8000096091494568,16504.790274246596,232.4618348485436,1100881.6339999998,15505.37512676056,34,4764.0,0.020854263453468757,34,4764.0
28745.0,43,2551.0,34.945205479452056,2.5933467756033832,16192.993192424366,221.82182455375843,1075426.6339999998,14731.871698630135,36,5176.0,0.024292764433113262,36,5176.0
28750.0,47,2088.0,29.82857142857143,2.309538425396316,12874.958805801018,183.92798294001454,974617.5629999998,13923.108042857142,39,5364.0,0.06342641832480121,39,5364.0
28755.0,44,2261.0,33.25,2.027714630122304,10365.556554983412,152.4346552203443,925043.0719999999,13603.574588235293,37,4510.0,0.028093955226649762,37,4510.0
28760.0,42,2442.0,34.394366197183096,2.9619344737236526,10639.053103579741,149.84581836027806,1002960.9599999997,14126.210704225354,37,3882.0,0.062165749944324035,37,3882.0
28765.0,43,2638.0,37.15492957746479,2.9336103331243497,10492.598393783088,147.78307596877593,977282.8029999998,13764.54652112676,39,4314.0,0.015095056039302479,39,4314.0
28770.0,48,2859.0,42.67164179104478,1.8782625316242196,7792.9502729012065,116.31269064031653,875718.2819999999,13070.422119402983,44,4529.0,0.012055193649854041,44,4529.0
28775.0,42,1559.0,22.594202898550726,2.213066809594986,6996.657462623328,101.40083279164244,850569.0549999999,12327.087753623186,31,3547.0,0.041299842293756724,31,3547.0
28780.0,45,1768.0,24.901408450704224,3.221390562330622,7262.788923039118,102.29280173294532,902433.2559999998,12710.327549295775,31,3355.0,0.008128374328203711,31,3355.0
28785.0,50,2007.0,28.267605633802816,2.579315718595663,7048.013775717687,99.26779965799561,980270.6859999998,13806.62938028169,32,3512.0,0.03915330726930042,32,3512.0
28790.0,59,2282.0,35.10769230769231,0.9404634730720628,6327.497878053486,97.34612120082285,1032139.0079999999,15879.06166153846,34,3676.0,0.00011121412048226431,34,3676.0
28795.0,54,2041.0,32.91935483870968,0.5411204458469425,6475.722157290398,104.44713156919998,1058069.2979999997,17065.633838709677,28,3365.0,0.014704571295126017,28,3365.0
28800.0,51,1867.0,30.112903225806452,1.414555475175869,6763.382855299116,109.08682024675996,1058069.2979999997,17065.633838709677,23,3167.0,0.05424146711463578,23,3167.0
28805.0,48,1771.0,25.3,2.006869274546308,6744.026037091295,96.3432291013042,1029481.4829999999,14706.878328571429,21,3144.0,0.0921733647144172,21,3144.0
28810.0,50,1927.0,27.140845070422536,2.3267764176252266,6638.646405498749,93.50206204927814,1015353.4929999999,14300.75342253521,24,3338.0,0.16413889758491884,24,3338.0
28815.0,49,1745.0,24.928571428571427,1.240328721472834,6559.600353259716,93.70857647513878,1001214.223,14303.060328571426,23,3267.0,0.09401837636759428,23,3267.0
28820.0,55,2001.0,27.791666666666668,1.8175731307372027,6871.601151936466,95.43890488800643,1030080.183,14306.669208333333,28,3272.0,0.08298186094048969,28,3272.0
28825.0,58,2281.0,31.246575342465754,1.681286538303109,7129.2143208620855,97.66047014879568,1058934.8009999997,14505.956178082191,31,3392.0,0.026346839176820833,31,3392.0
28830.0,62,2580.0,36.33802816901409,1.0867619040443917,7328.145383776556,103.2133152644585,1073359.4789999998,15117.739140845071,36,3561.0,7.029337035913179e-05,36,3561.0
28835.0,53,2136.0,30.956521739130434,1.500601566502275,7392.672700657762,107.1401840675038,1073359.4789999998,15555.934478260868,24,3030.0,0.03191252611467915,24,3030.0
28840.0,49,2211.0,33.0,1.3077348145049523,7573.848301277698,113.04251195936867,1073359.4789999998,16020.29073134328,20,2804.0,0.08731247298494388,20,2804.0
28845.0,48,2366.0,35.84848484848485,1.1589625642676198,7579.655490894874,114.84326501355865,1058926.9659999998,16044.34796969697,20,2900.0,0.0485259060803352,20,2900.0
28850.0,54,2600.0,40.0,0.7874133778928722,7869.954217267833,121.07621872719741,1044493.6409999998,16069.132938461538,28,3042.0,0.015392973089237394,28,3042.0
28855.0,55,2804.0,42.484848484848484,0.9496453934209943,7719.639833667439,116.9642399040521,1058943.984,16044.605818181817,29,3118.0,0.01770763384316826,29,3118.0
28860.0,57,3086.0,47.47692307692308,1.3461342867081871,7827.866493742552,120.42871528834695,1058940.51,16291.392461538462,29,3255.0,6.141518962794312e-06,29,3255.0
28865.0,57,3371.0,50.3134328358209,1.4396097848997988,8109.4327281358255,121.03630937516155,1058939.9039999999,15805.073194029852,29,3400.0,0.028166700028408206,29,3400.0
28870.0,59,3659.0,58.07936507936508,0.8134457763161735,8094.354834748811,128.48182277379064,1044627.1359999999,16581.383111111107,31,3548.0,0.05454640677998898,31,3548.0
28875.0,55,3779.0,60.95161290322581,0.43596424501712955,8376.476525527263,135.10446008914937,1044627.1359999999,16848.82477419355,27,3341.0,0.024116141562928118,27,3341.0
28880.0,53,3900.0,60.0,1.3111371884584273,8669.605676004641,133.37854886160983,1044628.183,16071.202815384617,25,3155.0,0.06156036341534362,25,3155.0
28885.0,49,4036.0,60.23880597014925,1.9790017653509167,8729.703615542741,130.29408381407077,1030319.288,15377.89982089552,22,3121.0,0.10277221154077777,22,3121.0
28890.0,51,4258.0,64.51515151515152,1.311052635424635,8623.392546287043,130.65746282253096,1016137.4459999999,15396.021909090907,25,3311.0,0.10619220608720546,25,3311.0
28895.0,53,4443.0,65.33823529411765,1.3887887609471914,8729.195775002907,128.37052610298392,1030765.5049999999,15158.316249999998,26,3366.0,0.060819068234830916,26,3366.0
28900.0,56,4719.0,69.3970588235294,1.4014415866007375,8845.626303960911,130.08273976413105,1030911.5589999999,15160.464102941174,30,3512.0,0.058447202700230794,30,3512.0
28905.0,61,5013.0,70.6056338028169,1.1233315974116862,9129.023821882636,128.57780030820612,1059870.8759999997,14927.758816901407,35,3676.0,0.022185705175353128,35,3676.0
28910.0,63,5323.0,78.27941176470588,0.7536961942136455,9349.269448656793,137.48925659789393,1088828.5979999998,16012.185264705882,36,3856.0,0.04558454070764212,36,3856.0
28915.0,56,5468.0,79.2463768115942,1.0563524569976537,9668.210724790839,140.1189960114614,1103304.0299999998,15989.913478260867,30,3625.0,0.06553117022895805,30,3625.0
28920.0,55,5641.0,81.7536231884058,1.8446281154240465,9974.984324909457,144.56499021607908,1103304.0299999998,15989.913478260867,27,3447.0,0.058719041159091774,27,3447.0
28925.0,52,5856.0,82.47887323943662,2.0149575284833046,10005.740963290878,140.92592906043487,1074523.9969999997,15134.140802816897,25,3503.0,0.06304428885130259,25,3503.0
28930.0,55,6111.0,87.3,1.6166666942005143,9868.045951112845,140.97208501589776,1031378.2469999999,14733.974957142855,27,3643.0,0.10891857559889674,27,3643.0
28935.0,50,5581.0,80.8840579710145,1.6778922263249962,9870.963033339398,143.0574352657884,1017096.0869999998,14740.522999999997,22,3080.0,0.06813807591426994,22,3080.0
28940.0,53,5836.0,83.37142857142857,2.5546231675760924,10156.637078137164,145.0948154019595,1031583.4989999998,14736.907128571427,27,3115.0,0.10000766792227957,27,3115.0
28945.0,57,6110.0,87.28571428571429,2.0379793941147093,10197.157761626733,145.67368230895332,1060552.4719999998,15150.749600000001,31,3259.0,0.03573503176874156,31,3259.0
28950.0,59,6399.0,99.984375,0.58294016188616,9878.629141991361,154.35358034361502,1089518.136,17023.720875,32,3418.0,0.02429846552505004,32,3418.0
28955.0,56,6544.0,100.67692307692307,0.8394326906783215,10166.942384380469,156.414498221238,1089517.4579999999,16761.80704615385,26,3365.0,0.04315745449884488,26,3365.0
28960.0,50,6716.0,101.75757575757575,2.008958054614834,10455.039204621766,158.40968491851154,1089517.888,16507.84678787879,22,3307.0,0.07279128745311274,22,3307.0
28965.0,47,6867.0,98.1,2.3267051629250677,10740.73612150616,153.43908745008798,1089524.318,15564.633114285714,20,3408.0,0.12721564528245763,20,3408.0
28970.0,54,7104.0,109.29230769230769,0.9404197962393611,10627.269222449308,163.49644957614314,1017264.1979999999,15650.218430769231,27,3538.0,0.07206392005560905,27,3538.0
28975.0,48,7072.0,108.8,1.0916119719135793,10803.383789410638,166.20590445247137,1017337.3989999999,15651.344600000002,22,3443.0,0.05356508390252867,22,3443.0
28980.0,55,7331.0,109.41791044776119,1.2976446934419419,11102.006648861328,165.70159177404972,1046342.6929999999,15617.055119402987,28,3519.0,0.02314365166036057,28,3519.0
28985.0,57,7611.0,108.72857142857143,1.652220400527852,11306.731085807905,161.5247297972558,1046345.8729999999,14947.798185714286,31,3669.0,0.01377349379212493,31,3669.0
28990.0,57,7896.0,116.11764705882354,1.686086687451401,11423.597484719045,167.994080657633,1075343.059,15813.868514705884,31,3824.0,0.1485303774926879,31,3824.0
28995.0,54,8045.0,121.89393939393939,0.8753542323332504,11651.127970703892,176.53224198036202,1075343.059,16293.076651515154,26,3834.0,0.03420157375935473,26,3834.0
29000.0,54,8210.0,124.39393939393939,1.540533844244063,11953.096366374424,181.10752070264283,1075343.059,16293.076651515154,26,3850.0,0.04934593676799247,26,3850.0
29005.0,50,8392.0,125.25373134328358,2.0020302601129822,12242.920415003959,182.73015544782035,1075343.059,16049.896402985076,23,3916.0,0.06567135866305933,23,3916.0
29010.0,54,8639.0,132.90769230769232,1.1381334566379897,12246.585175796541,188.4090027045621,1017415.284,15652.542830769233,27,4058.0,0.06349426810517175,27,4058.0
29015.0,51,8805.0,135.46153846153845,1.4196851431799502,12362.539194729361,190.192910688144,1002976.569,15430.408753846154,25,4103.0,0.059100047366288086,25,4103.0
29020.0,55,9074.0,135.43283582089552,1.3875882441575909,12655.210145793879,188.88373351931153,1032009.1510000001,15403.12165671642,28,4240.0,0.07629898389855169,28,4240.0
29025.0,58,9353.0,135.55072463768116,1.3740992708160022,12956.674406825112,187.77788995398708,1061039.4740000002,15377.383681159423,31,4391.0,0.04704763714586326,31,4391.0
29030.0,61,9651.0,146.22727272727272,0.5191809166969851,13190.226118297329,199.85191088329285,1075550.97,16296.226818181818,34,4557.0,0.00041392660327315155,34,4557.0
29035.0,51,8871.0,134.4090909090909,0.9943524411416981,13429.450167396835,203.4765176878308,1075552.758,16296.253909090909,23,4048.0,0.03179745311418203,23,4048.0
29040.0,44,8731.0,132.28787878787878,2.210431267470693,13690.883688603899,207.43763164551356,1075552.927,16296.256469696968,16,3659.0,0.1244396328791512,16,3659.0
29045.0,44,8858.0,123.02777777777777,2.488784154468798,13978.09466350864,194.14020365984217,1075558.927,14938.318430555555,16,3735.0,0.10199788444710521,16,3735.0
29050.0,52,9073.0,135.4179104477612,1.7532059810474552,13496.376805831705,201.4384597885329,1032092.128,15404.360119402987,25,3855.0,0.1174184096222165,25,3855.0
29055.0,53,9297.0,138.76119402985074,1.4303298640830089,13562.486098079356,202.42516564297537,1046618.1060000001,15621.165761194032,27,3963.0,0.05546254147636191,27,3963.0
29060.0,58,9575.0,134.85915492957747,1.2557882429384826,13642.727173593847,192.15108695202593,1075677.445,15150.38654929578,31,4111.0,0.0059755697132662195,31,4111.0
29065.0,59,9868.0,140.97142857142856,1.6493510114718508,13837.823075852508,197.68318679789292,1075720.266,15367.432371428577,33,4274.0,0.045899504234751795,33,4274.0
29070.0,62,10174.0,154.15151515151516,0.44120376182394455,14093.399821646603,213.53636093403935,1075717.266,16298.746454545455,34,4441.0,0.03645195519477186,34,4441.0
29075.0,58,10322.0,156.3939393939394,0.7522362454362785,14402.600273431208,218.2212162641092,1075717.266,16298.746454545455,30,4397.0,0.017874165156139127,30,4397.0
29080.0,54,10499.0,159.07575757575756,1.7808014654150703,14700.174384135009,222.7299149111364,1075717.266,16298.746454545455,26,4381.0,0.07864178135833735,26,4381.0
29085.0,52,10663.0,156.80882352941177,1.7500041323705418,14951.48524160659,219.8747829648027,1061202.7719999999,15605.92311764706,24,4430.0,0.06722984715491685,24,4430.0
29090.0,54,10881.0,167.4,1.2641769563210936,14866.187593085064,228.71057835515475,1017770.7849999999,15658.012076923078,27,4577.0,0.06010231405814126,27,4577.0
29095.0,54,11122.0,173.78125,1.029246130948397,14958.51755056823,233.72683672762852,1003331.0939999999,15677.04834375,28,4709.0,0.08385533478159626,28,4709.0
29100.0,58,11401.0,172.74242424242425,0.8367064210264888,15260.975255837613,231.22689781572134,1032427.86,15642.846363636365,32,4858.0,0.024567352572206193,32,4858.0
29105.0,62,11700.0,164.7887323943662,1.0092577909094167,15581.728482042616,219.46096453581143,1061535.952,14951.210591549296,35,5027.0,0.0008172906039676496,35,5027.0
29110.0,64,12010.0,171.57142857142858,0.832562391914981,15842.78852662996,226.32555038042793,1076086.628,15372.666114285714,36,5207.0,0.08112607636889739,36,5207.0
29115.0,55,11830.0,164.30555555555554,1.1449259411535653,16167.604134277673,224.5500574205232,1090634.391,15147.699875,27,4755.0,0.05901330802579525,27,4755.0
29120.0,54,11947.0,163.65753424657535,1.4497493232472989,16489.901028099746,225.88905517944852,1090638.2989999999,14940.250671232878,25,4615.0,0.09727822860388168,25,4615.0
29125.0,55,12153.0,162.04,1.402511683854305,16780.202076798294,223.73602769064382,1076109.43,14348.125733333332,27,4744.0,0.04901922193338125,27,4744.0
29130.0,60,12418.0,170.1095890410959,0.9994418623876214,16806.55125296874,230.22672949272243,1061554.894,14541.8478630137,33,4911.0,0.037651617410943417,33,4911.0
29135.0,63,12660.0,168.8,1.1626273507048466,16908.305296890005,225.44407062520003,1061554.279,14154.057053333334,34,5022.0,0.0024202035641109573,34,5022.0
29140.0,64,12974.0,177.72602739726028,1.475841445908736,16927.937700963987,231.88955754745177,1061550.4190000002,14541.786561643836,36,5200.0,0.02643144853836759,36,5200.0
29145.0,64,13294.0,187.2394366197183,0.9766578603487761,17099.471955089208,240.83763317027044,1047047.6250000001,14747.149647887327,36,5380.0,0.032847494409798304,36,5380.0
29150.0,67,13621.0,200.30882352941177,0.15298654069440987,17373.4502871556,255.4919159875822,1047047.6250000001,15397.759191176472,39,5567.0,9.760577636547877e-05,39,5567.0
29155.0,62,13776.0,205.61194029850745,0.3606543965963429,17681.726868272075,263.9063711682398,1047047.6250000001,15627.576492537313,34,5525.0,0.01397605702001078,34,5525.0
29160.0,57,13918.0,207.73134328358208,1.1130794500838694,17998.146379116362,268.62905043457255,1047047.6250000001,15627.576492537313,29,5484.0,0.04464915245279935,29,5484.0
29165.0,54,14077.0,195.51388888888889,1.5853188357182384,18153.57396354595,252.13297171591591,1032555.343,14341.046430555558,27,5525.0,0.057386985011924935,27,5525.0
29170.0,57,14322.0,201.71830985915494,1.6453528503038526,18195.943400300155,256.280892961974,1018123.219,14339.763647887326,30,5707.0,0.12216672888844965,30,5707.0
29175.0,57,14555.0,205.0,1.2910516603192432,18382.847998279984,258.9133520884504,1018205.855,14340.927535211269,31,5840.0,0.06472560173417782,31,5840.0
29180.0,60,14850.0,206.25,1.3670383018943433,18576.226807341583,258.00315010196636,1032891.949,14345.72151388889,34,6005.0,0.06452091123425126,34,6005.0
29185.0,63,15156.0,207.6164383561644,1.202966647406895,18871.216170354735,258.5098105528044,1062086.093,14549.124561643837,36,6181.0,0.006521174695886143,36,6181.0
29190.0,66,15481.0,215.01388888888889,0.6885687960062958,19185.915436595755,266.4710477304965,1076675.2140000002,14953.822416666666,40,6376.0,0.015810403536230255,40,6376.0
29195.0,52,13865.0,189.93150684931507,1.8398350673693167,19462.231659894944,266.60591314924574,1091271.5670000003,14948.92557534247,25,5174.0,0.07575415523611542,25,5174.0
29200.0,54,14132.0,193.58904109589042,3.0412210969952422,19754.151115526034,270.60480980172633,1091271.5670000003,14948.92557534247,26,4756.0,0.09546395542296002,26,4756.0
29205.0,57,14408.0,192.10666666666665,2.661668270588573,19617.418808577488,261.56558411436646,1091274.2090000003,14550.322786666668,29,4892.0,0.014832072366700722,29,4892.0
29210.0,57,14693.0,222.62121212121212,1.5684925662689277,18530.882202962046,280.7709424691218,1091266.0610000002,16534.33425757576,29,5037.0,0.0661722447336772,29,5037.0
29215.0,52,14671.0,232.87301587301587,0.9004374627665644,18579.07468044401,294.905947308635,1091263.1290000002,17321.63696825397,24,4869.0,0.038905551655005734,24,4869.0
29220.0,49,14759.0,234.26984126984127,2.0804470025569453,18856.73363306334,299.3132322708467,1091263.1290000002,17321.63696825397,21,4755.0,0.05462832007148989,21,4755.0
29225.0,45,14813.0,231.453125,1.9033249005043926,18937.249065859585,295.89451665405596,1062133.7070000002,16595.839171875,18,4849.0,0.08762768773244092,18,4849.0
29230.0,50,15019.0,242.24193548387098,1.306880024132734,19000.01219905326,306.45180966214923,1033033.2880000001,16661.827225806453,23,4985.0,0.12183248033125212,23,4985.0
29235.0,49,15181.0,248.86885245901638,1.1609638494974364,19005.452673146607,311.56479792043615,1018577.579,16697.993098360657,23,5047.0,0.03438314078380033,23,5047.0
29240.0,52,15434.0,241.15625,1.4554797700824422,19286.622876292866,301.3534824420759,1033209.5839999999,16143.89975,26,5170.0,0.03903271836147641,26,5170.0
29245.0,53,15698.0,237.84848484848484,1.8346437853848527,19534.53153790392,295.97775057430164,1062471.534,16098.053545454546,27,5304.0,0.04357153579401158,27,5304.0
29250.0,56,15972.0,253.52380952380952,0.8218244096529976,19771.077405126205,313.82662547819365,1077094.233,17096.73385714286,29,5447.0,0.056649505181196304,29,5447.0
29255.0,54,16114.0,259.9032258064516,0.8055648031590956,20014.44019192264,322.8135514826232,1077094.233,17372.487629032257,26,5341.0,0.014573920189154533,26,5341.0
29260.0,50,16278.0,262.5483870967742,1.6978229039689325,20293.240283303534,327.310327150057,1077094.233,17372.487629032257,22,5240.0,0.07604136441150233,22,5240.0
29265.0,47,16434.0,260.85714285714283,2.111275255296809,20541.88381868996,326.0616479157134,1062463.705,16864.503253968254,19,5143.0,0.11371844496226642,19,5143.0
29270.0,47,16630.0,272.62295081967216,2.0231615530278666,20485.555486597776,335.8287784688158,1033375.892,16940.588393442624,20,5195.0,0.09718357445537668,20,5195.0
29275.0,49,16867.0,276.5081967213115,1.2142960527876927,20311.56333021851,332.9764480363689,1004384.979,16465.327524590164,23,5318.0,0.11228478477291448,23,5318.0
29280.0,51,17052.0,275.03225806451616,1.1611800344076006,20464.405575212928,330.07105766472466,1019121.839,16437.449016129034,25,5373.0,0.07330742129119903,25,5373.0
29285.0,54,17317.0,254.66176470588235,1.5610389469625363,20677.587020025778,304.0821620592025,1019172.3570000001,14987.828779411766,28,5508.0,0.06502569186844946,28,5508.0
29290.0,58,17592.0,247.77464788732394,1.6517941858728364,20943.20307447765,294.9746911898258,1048464.5260000001,14767.106000000002,30,5653.0,0.10529116819736564,30,5653.0
29295.0,62,17887.0,255.52857142857144,0.6111091798480066,21199.5500638535,302.8507151979071,1077752.2440000002,15396.460628571427,35,5818.0,0.03493223267813002,35,5818.0
29300.0,53,17260.0,243.09859154929578,1.4050630206130115,21520.897573709335,303.11123343252564,1092397.2090000003,15385.876183098591,27,5333.0,0.12099233875510673,27,5333.0
29305.0,52,17288.0,240.11111111111111,1.476009735829483,21839.18629178098,303.3220318302913,1107037.9690000003,15375.527347222223,22,5114.0,0.06720614683050716,22,5114.0
29310.0,49,17484.0,249.77142857142857,1.2216450600129385,22027.012338472367,314.67160483531956,1077788.8450000002,15396.983500000002,23,5228.0,0.042286087872651736,23,5228.0
29315.0,57,17746.0,246.47222222222223,1.2033999935171762,22092.086302170897,306.83453197459573,1077788.2480000001,14969.281222222224,29,5367.0,0.009870017581106078,29,5367.0
29320.0,55,17920.0,248.88888888888889,1.8204033343443733,22399.042463467733,311.0978119926073,1063148.421,14765.950291666668,29,5418.0,0.04453262473363726,29,5418.0
29325.0,57,18201.0,252.79166666666666,1.7889706737291762,22254.901194419213,309.09584992248915,1077800.826,14969.455916666666,31,5569.0,0.06808452913499498,31,5569.0
29330.0,61,18498.0,268.0869565217391,1.2050169328327907,22241.118028194815,322.33504388688124,1063200.1799999997,15408.698260869563,33,5730.0,0.03311899893108429,33,5730.0
29335.0,62,18806.0,284.93939393939394,0.5758578098927255,22466.404875316348,340.4000738684295,1063200.1799999997,16109.093636363636,34,5898.0,0.00022852284229362096,34,5898.0
29340.0,57,18947.0,296.046875,0.7542933005071816,22765.429308482453,355.7098329450382,1063200.1399999997,16612.502187500002,29,5834.0,0.01789651529213071,29,5834.0
29345.0,52,19082.0,280.61764705882354,1.7522818785163976,23029.502045889647,338.66914773367114,1063200.7919999997,15635.305764705881,24,5821.0,0.050781342901979463,24,5821.0
29350.0,49,19233.0,287.05970149253733,1.8326839865319475,23159.193350862566,345.65960225168016,1033953.7219999998,15432.145104477613,22,5934.0,0.15095008766198054,22,5934.0
29355.0,55,19466.0,290.53731343283584,0.9330426736812512,23317.91280775503,348.028549369478,1034040.5059999998,15433.440388059702,28,6082.0,0.06601476458411168,28,6082.0
29360.0,50,18911.0,286.530303030303,1.3341533147199403,23429.007495948335,354.9849620598232,1019457.872,15446.331393939394,23,5512.0,0.05357889495994258,23,5512.0
29365.0,54,19173.0,270.0422535211268,2.337455362338275,23721.964648460984,334.1121781473378,1048823.6199999999,14772.16366197183,27,5546.0,0.05222636690285419,27,5546.0
29370.0,56,19437.0,269.9583333333333,2.1605722684328543,23614.992895678875,327.9860124399842,1078175.2119999998,14974.655722222224,29,5686.0,0.07714980451536382,29,5686.0
29375.0,60,19727.0,290.1029411764706,1.057161455050662,23488.261942147434,345.41561679628586,1078167.9899999998,15855.411617647056,32,5840.0,0.03175906718480052,32,5840.0
29380.0,55,19878.0,305.81538461538463,0.760184335650614,23716.8353249919,364.87438961526016,1078167.6239999998,16587.194215384618,27,5794.0,0.03442779452703207,27,5794.0
29385.0,54,20062.0,308.6461538461538,1.5212734046987701,24013.451282409387,369.43771203706746,1078167.6239999998,16587.194215384618,26,5786.0,0.05340839735648105,26,5786.0
29390.0,51,20220.0,311.0769230769231,1.5470530727939507,24301.859111567737,373.87475556258045,1078167.6239999998,16587.194215384618,24,5907.0,0.05257339722914035,24,5907.0
29395.0,54,20461.0,324.77777777777777,0.6649064156273456,24209.15167073501,384.27224874182554,1019602.548,16184.167428571427,27,6053.0,0.035300856259242355,27,6053.0
29400.0,48,20468.0,324.8888888888889,1.2796506232465823,24403.311323838923,387.35414799744325,1019656.7860000001,16185.02834920635,22,6003.0,0.04585268926252114,22,6003.0
29405.0,52,20721.0,300.30434782608694,1.7604205768644043,24696.0418634493,357.91365019491724,1049060.0119999999,15203.76828985507,25,6067.0,0.059481700375719336,25,6067.0
29410.0,55,20984.0,304.1159420289855,1.7998619046656295,24892.288425730112,360.75780327145094,1078445.4830000002,15629.64468115942,28,6203.0,0.08146850775648058,28,6203.0
29415.0,60,21269.0,322.25757575757575,0.6899531825497639,25116.10053089295,380.54697774080216,1078443.9730000002,16340.0601969697,32,6354.0,0.017530632097624673,32,6354.0
29420.0,58,21433.0,324.74242424242425,0.9056282727199643,25320.021727547304,383.63669284162575,1078444.3410000002,16340.065772727274,30,6378.0,6.2116692241429626e-06,30,6378.0
29425.0,58,21723.0,334.2,1.3451762815922468,25576.988143728337,393.49212528812814,1078444.3410000002,16591.4514,30,6528.0,0.0,30,6528.0
29430.0,58,22013.0,349.41269841269843,0.5587961343240568,25761.94075213477,408.9196944783297,1078440.695,17118.10626984127,30,6678.0,0.018390388682996812,30,6678.0
29435.0,60,22311.0,348.609375,0.5907080045119257,26018.62885887007,406.54107591984473,1078444.5590000001,16850.696234375,32,6836.0,0.035397715166161206,32,6836.0
29440.0,54,22311.0,354.14285714285717,0.8522144494161443,26302.49335825369,417.49989457545547,1078444.5590000001,17118.167603174606,26,6705.0,0.04207676534254423,26,6705.0
29445.0,51,22360.0,328.8235294117647,1.8215052630652395,26596.345686858313,391.12273068909286,1078448.499,15859.536750000001,23,6624.0,0.0582229042423972,23,6624.0
29450.0,48,22450.0,335.07462686567163,2.3483904534368967,26844.467197396047,400.6636895133738,1063747.667,15876.83085074627,21,6631.0,0.10866778691315836,21,6631.0
29455.0,52,22661.0,354.078125,1.1295585903760412,26660.864151576352,416.57600236838044,1019850.0489999998,15935.157015624998,25,6785.0,0.09244278127963285,25,6785.0
29460.0,50,22741.0,360.968253968254,0.885984153846459,26681.147563862985,423.51027879147597,1005301.4249999998,15957.165476190476,24,6792.0,0.05417803863870477,24,6792.0
29465.0,53,22999.0,338.22058823529414,1.8301966680605313,26975.9239619345,396.70476414609556,1034774.1289999998,15217.266602941176,27,6899.0,0.08006191830710872,27,6899.0
29470.0,58,23271.0,327.76056338028167,1.6838813793765357,27233.71779824115,383.5734901160726,1064242.7349999999,14989.334295774646,29,7041.0,0.08450347379454562,29,7041.0
29475.0,59,23560.0,341.4492753623188,0.9670924592927413,27440.7847351496,397.6925323934725,1078973.3399999996,15637.294782608693,33,7200.0,0.012632144705732349,33,7200.0
29480.0,52,22896.0,341.7313432835821,1.324650186920524,27652.05580327741,412.71725079518535,1093703.5979999998,16323.93429850746,24,6587.0,0.09945917883775059,24,6587.0
29485.0,50,22859.0,336.1617647058824,1.6473114320967892,27954.88956546211,411.10131713914876,1093703.5979999998,16083.876441176468,20,6315.0,0.07884823806392831,20,6315.0
29490.0,46,23009.0,348.6212121212121,1.3256105504918039,28084.134039852004,425.51718242200013,1064317.2739999997,16126.0193030303,18,6392.0,0.0707614257749909,18,6392.0
29495.0,55,23245.0,346.94029850746267,0.7714995064571462,28090.141322952662,419.25584064108443,1049592.8329999999,15665.564671641789,25,6501.0,0.010428880934915565,25,6501.0
29500.0,52,23407.0,349.35820895522386,1.5413435710862142,28104.144492330495,419.4648431691119,1064339.1659999997,15885.65919402985,25,6544.0,0.03767085149145663,25,6544.0
29505.0,55,23671.0,358.6515151515151,1.7013762647192843,27973.20085761986,423.836376630604,1079086.5789999997,16349.79665151515,28,6663.0,0.0713269238285952,28,6663.0
29510.0,56,23945.0,374.140625,1.0678773123184384,28045.192674863458,438.2061355447414,1064432.9439999997,16631.764750000002,29,6789.0,0.050470152099944814,29,6789.0
29515.0,59,24237.0,390.9193548387097,0.42003154023889183,28278.3387191975,456.1022374064113,1064432.9439999997,17168.27329032258,31,6926.0,0.008202787553530487,31,6926.0
29520.0,54,24368.0,406.1333333333333,0.5822268898804933,28552.139244955983,475.868987415933,1064432.9439999997,17740.549066666666,26,6817.0,0.021454162740456344,26,6817.0
29525.0,49,24492.0,360.1764705882353,1.9282250434198356,28844.407162808144,424.18245827659035,1064442.5999999999,15653.567647058822,21,6701.0,0.055004166387016086,21,6701.0
29530.0,46,24632.0,373.2121212121212,2.3393799782410447,28959.243696420035,438.77641964272794,1035012.749,15682.011348484848,19,6784.0,0.1674137780459378,19,6784.0
29535.0,52,24853.0,376.56060606060606,0.8489001288196847,29098.154875141332,440.8811344718385,1035110.8049999999,15683.497045454544,26,6903.0,0.05286592124448816,26,6903.0
29540.0,53,25084.0,385.9076923076923,1.2061445642266504,29106.96311412673,447.79943252502676,1020535.061,15700.5394,27,7011.0,0.04527450478544142,27,7011.0
29545.0,57,25362.0,378.53731343283584,1.1961061552221697,29408.604179349764,438.93439073656367,1050076.93,15672.789999999999,31,7144.0,0.010189379630754183,31,7144.0
29550.0,60,25655.0,388.7121212121212,0.5744445029878283,29655.36875910904,449.3237690774097,1064850.646,16134.100696969695,34,7292.0,0.0001459373433453971,34,7292.0
29555.0,62,25964.0,399.44615384615383,0.5540776318390621,29948.287350911505,460.7428823217155,1064847.646,16382.271476923077,34,7447.0,0.028252119858727696,34,7447.0
29560.0,56,26119.0,401.83076923076925,0.7824551357780384,30258.387425447083,465.51365269918614,1064847.646,16382.271476923077,28,7325.0,0.04611240197855664,28,7325.0
29565.0,54,26281.0,398.1969696969697,1.43967251723277,30561.041181965702,463.04607851463186,1064847.646,16134.055242424241,26,7229.0,0.048956527156872244,26,7229.0
29570.0,51,26462.0,407.10769230769233,1.2515662185528997,30810.29003179337,474.0044620275904,1050096.461,16155.330169230767,24,7335.0,0.06158996808159966,24,7335.0
29575.0,55,26708.0,398.6268656716418,0.839015420793339,30811.58357110123,459.87438165822743,1035509.0909999999,15455.359567164178,28,7474.0,0.03996814091856978,28,7474.0
29580.0,47,26143.0,396.1060606060606,2.12336482711212,30808.228178348352,466.79133603558114,1020914.7749999999,15468.40568181818,21,6884.0,0.11914142630905687,21,6884.0
29585.0,51,26391.0,366.5416666666667,2.7305074017579942,31089.884724897165,431.8039545124606,1050503.6149999998,14590.327986111115,25,6891.0,0.09440236286619168,25,6891.0
29590.0,58,26664.0,375.5492957746479,1.991285662773865,30921.766242166956,435.5178343967179,1080093.5739999998,15212.585549295773,31,7034.0,0.07846907519448731,31,7034.0
29595.0,59,26953.0,408.3787878787879,0.6471043947575346,30783.144886403188,466.4112861576241,1094882.4239999999,16589.127636363635,33,7192.0,0.05356021103106326,33,7192.0
29600.0,57,27096.0,398.47058823529414,0.908444631536209,31097.147206001227,457.31098832354746,1109676.711,16318.775161764705,29,7116.0,0.04407293441698355,29,7116.0
29605.0,53,27279.0,378.875,2.4231109841356977,31404.41819119542,436.1724748777142,1109679.711,15412.218208333332,25,7060.0,0.06322933631828848,25,7060.0
29610.0,48,27435.0,386.40845070422534,2.8323427627025723,31648.07993565857,445.74760472758567,1094903.8529999997,15421.181028169012,21,6964.0,0.13365177528599778,21,6964.0
29615.0,53,27677.0,407.0147058823529,1.7706858080499777,31526.855712591154,463.63023106751706,1035906.2259999998,15233.915088235291,26,7081.0,0.07492745741536878,26,7081.0
29620.0,57,27951.0,430.0153846153846,0.6500149680108191,31509.773997634467,484.76575380976107,991678.9469999998,15256.599184615383,31,7216.0,0.046513805916882964,31,7216.0
29625.0,51,27909.0,410.4264705882353,1.2570021877222795,31714.732956048323,466.393131706593,1006543.9449999998,14802.116838235292,25,7076.0,0.07187050025928553,25,7076.0
29630.0,55,28172.0,402.45714285714286,1.9603879932792252,32009.260792262303,457.27515417517577,1036153.2429999999,14802.189185714285,28,7138.0,0.048729810239455155,28,7138.0
29635.0,56,28448.0,406.4,2.050897156166616,32234.81500526505,460.4973572180721,1050957.586,15013.679800000002,30,7263.0,0.06690102671416417,30,7263.0
29640.0,60,28738.0,435.42424242424244,0.874840840558727,32273.807872082787,488.9970889709513,1080564.163,16372.184287878783,34,7403.0,0.02891886601284673,34,7403.0
29645.0,50,28149.0,413.95588235294116,1.1525106372368752,32510.1692685772,478.09072453790003,1095363.533,16108.287249999998,23,6868.0,0.04918900002386043,23,6868.0
29650.0,49,28079.0,401.12857142857143,1.8478820928161606,32806.51479002497,468.66449700035685,1095365.049,15648.072128571426,17,6564.0,0.15512348473418364,17,6564.0
29655.0,47,28245.0,409.3478260869565,1.4113381955670496,32791.72632850992,475.24241055811467,1095364.351,15874.845666666666,20,6631.0,0.043920076060332255,20,6631.0
29660.0,54,28505.0,431.8939393939394,0.9680594740487709,33063.82334050683,500.9670203107097,1050944.338,15923.39906060606,27,6744.0,0.0546271596993362,27,6744.0
29665.0,56,28708.0,428.4776119402985,1.159672210138697,33077.167252766834,493.68906347413173,1065759.494,15906.858119402985,29,6813.0,0.012906120560465837,29,6813.0
29670.0,58,28994.0,446.0615384615385,1.036332916240433,32942.41825289396,506.80643465990715,1065754.7659999998,16396.22716923077,29,6938.0,0.011706327663800285,29,6938.0
29675.0,60,29280.0,443.6363636363636,0.9599207484419686,33203.096025923944,503.07721251399926,1065753.6239999998,16147.78218181818,30,7066.0,1.7547141262801264e-05,30,7066.0
29680.0,58,29570.0,469.36507936507934,0.8987660018398156,33347.79749423072,529.3301189560432,1050977.922,16682.189238095238,30,7196.0,0.029409993699749764,30,7196.0
29685.0,54,29679.0,463.734375,0.976094621001754,33605.075869882465,525.0793104669137,1050977.922,16421.53003125,26,7109.0,0.06031521292412236,26,7109.0
29690.0,51,29785.0,465.390625,1.6573476454365843,33894.284831702455,529.5982004953514,1050977.922,16421.53003125,23,7054.0,0.09371166144693417,23,7054.0
29695.0,48,29913.0,474.8095238095238,1.307456012784865,34041.50479331245,540.3413459255945,1036208.477,16447.753603174602,21,7068.0,0.0669500903308897,21,7068.0
29700.0,53,30136.0,486.06451612903226,0.8204785835716758,34094.66936990617,549.914022095261,1021496.3069999999,16475.74688709677,26,7207.0,0.04462881528041886,26,7207.0
29705.0,52,30354.0,459.90909090909093,1.1850500436151594,34190.80472877743,518.0424958905672,1006765.3529999999,15254.0205,26,7304.0,0.031854877443027965,26,7304.0
29710.0,56,30624.0,450.3529411764706,1.9571903640045847,34484.86682684005,507.1303945123538,1036464.83,15242.129852941178,30,7424.0,0.15927435164060008,30,7424.0
29715.0,62,30912.0,448.0,0.5757421682836292,34775.94057631901,503.9991387872323,1066162.2729999998,15451.627144927537,35,7562.0,0.013233174334492545,35,7562.0
29720.0,66,31235.0,459.3382352941176,0.11175730297101821,35066.63422630797,515.6857974457057,1081010.4989999998,15897.213220588237,40,7735.0,0.008909915897678986,40,7735.0
29725.0,60,31413.0,442.4366197183099,1.049630062351219,35398.26263090232,498.56707930848336,1110708.605,15643.783169014085,33,7702.0,0.056352419182774276,33,7702.0
29730.0,57,31618.0,433.1232876712329,1.998401534633673,35718.134352317706,489.2895116755849,1110709.837,15215.203246575344,29,7687.0,0.07733162191016486,29,7687.0
29735.0,55,31823.0,435.93150684931504,2.125747416126185,36013.30533326339,493.33294977073143,1095854.953,15011.711684931506,27,7803.0,0.07537364556464449,27,7803.0
29740.0,57,32080.0,451.83098591549293,1.1651420266749388,36068.961320969785,508.013539731969,1066267.236,15017.848394366198,30,7945.0,0.053049760432672614,30,7945.0
29745.0,54,32238.0,460.54285714285714,1.0611543663040115,36174.546466755884,516.7792352393701,1021822.781,14597.4683,28,7979.0,0.05557206109509533,28,7979.0
29750.0,60,32523.0,451.7083333333333,1.432851568468799,36491.00307476569,506.8194871495237,1051537.516,14604.68772222222,33,8123.0,0.04380128243743403,33,8123.0
29755.0,63,32830.0,443.64864864864865,1.271643812217518,36784.20754083892,497.0838856870125,1066394.5580000002,14410.737270270272,37,8287.0,0.01633458315028434,37,8287.0
29760.0,66,33152.0,480.463768115942,0.537016842955009,36980.36102849817,535.9472612825822,1066393.942,15454.98466666667,38,8472.0,5.088487432670651e-05,38,8472.0
29765.0,56,32805.0,443.31081081081084,0.9701109021748475,37310.66159672486,504.19812968547114,1066399.942,14410.810027027028,27,8128.0,0.03277081026462841,27,8128.0
29770.0,52,32838.0,443.7567567567568,1.772013318956113,37640.02122652936,508.64893549364007,1066399.942,14410.810027027028,23,7916.0,0.12689996133686118,23,7916.0
29775.0,56,33027.0,446.31081081081084,1.0741122957076137,37970.08653946684,513.109277560363,1066399.942,14410.810027027028,28,8011.0,0.027065437803752757,28,8011.0
29780.0,62,33297.0,449.9594594594595,0.7733261519927717,38116.856789820384,515.0926593218974,1051539.477,14209.992932432431,36,8167.0,0.004557624972030376,36,8167.0
29785.0,52,32402.0,443.86301369863014,1.9464011096758003,38010.71490858215,520.6947247750983,1066419.0640000002,14608.480328767124,26,7353.0,0.04536740843941866,26,7353.0
29790.0,54,32669.0,447.52054794520546,2.8145469717693694,38129.683528977905,522.3244319038071,1081299.4510000001,14812.321246575344,27,7234.0,0.06396771433336199,27,7234.0
29795.0,57,32948.0,484.52941176470586,1.7646395964850188,37660.474791108616,553.8305116339504,1066489.7590000003,15683.67292647059,29,7343.0,0.0037545355294403846,29,7343.0
29800.0,58,33237.0,536.0806451612904,0.7575126946852871,37317.18872816276,601.8901407768188,1066485.0110000002,17201.371145161294,30,7462.0,0.01745595961389018,30,7462.0
29805.0,53,33386.0,538.483870967742,0.929523057645919,37535.050965881266,605.4040478367948,1066482.0570000003,17201.323500000006,25,7441.0,0.008135607818947638,25,7441.0
29810.0,53,33651.0,542.758064516129,1.6373925480506057,37813.39360691809,609.8934452728728,1066482.0570000003,17201.323500000006,25,7536.0,0.0377864034352304,25,7536.0
29815.0,53,33916.0,565.2666666666667,1.282765070958518,38020.59685031038,633.6766141718399,1066480.9670000002,17774.682783333337,25,7631.0,0.0373131239298766,25,7631.0
29820.0,55,34185.0,589.3965517241379,0.46324645169453216,38185.588040923896,658.3722076021363,1066478.5260000003,18387.56079310345,27,7730.0,0.007163021682669471,27,7730.0
29825.0,49,34156.0,578.9152542372881,1.2189330030257415,38448.43383154576,651.6683700261992,1066478.5260000003,18075.907220338988,21,7491.0,0.06069711268705254,21,7491.0
29830.0,48,34138.0,550.6129032258065,2.0993329431110443,38702.75482108113,624.2379809851798,1066480.4580000003,17201.29770967742,18,7161.0,0.15780759899707905,18,7161.0
29835.0,44,34164.0,560.0655737704918,2.019754304560787,38778.974430596696,635.720892304864,1051675.273,17240.57824590164,17,7207.0,0.09593246945547663,17,7207.0
29840.0,46,34345.0,592.1551724137931,0.9318278857282778,38432.435252498915,662.6281940086022,1007349.2110000001,17368.089844827588,20,7365.0,0.09316288908565128,20,7365.0
29845.0,49,34535.0,557.016129032258,1.340832704545533,38543.68125493256,621.6722783053641,1022393.5600000002,16490.21870967742,22,7395.0,0.05749460059912756,22,7395.0
29850.0,53,34786.0,552.1587301587301,1.7149597936832028,38816.98685523441,616.1426484957844,1037322.4700000002,16465.43603174603,27,7486.0,0.07207071262321234,27,7486.0
29855.0,57,35054.0,531.1212121212121,1.0034948344667585,39064.15690494635,591.88116522646,1067185.4760000003,16169.47690909091,29,7595.0,0.0420670918633102,29,7595.0
29860.0,58,35341.0,543.7076923076924,0.8033950081772837,39339.687497855695,605.2259615054722,1082113.174,16647.894984615385,32,7722.0,0.0391230196837761,32,7722.0
29865.0,55,35485.0,545.9230769230769,1.1078343198458984,39628.24910386635,609.6653708287137,1097039.654,16877.53313846154,27,7547.0,0.08016208968718441,27,7547.0
29870.0,52,35640.0,548.3076923076923,1.6910889967620024,39919.56103459944,614.1470928399918,1097039.654,16877.53313846154,24,7427.0,0.04804776610642134,24,7427.0
29875.0,49,35826.0,559.78125,1.5753244561588216,40053.76040350006,625.8400063046884,1082191.0990000002,16909.235921875,22,7508.0,0.057973110048819915,22,7508.0
29880.0,51,36066.0,591.2459016393443,0.7486730993789275,40103.73922243584,657.4383479087845,1037534.7860000001,17008.766983606558,25,7621.0,0.04254202026023237,25,7621.0
29885.0,53,36265.0,541.2686567164179,1.0169046606884011,40114.873283297384,598.7294519895134,1037730.307,15488.51204477612,26,7660.0,0.011633896540747694,26,7660.0
29890.0,54,36531.0,537.2205882352941,1.9294328138058507,40410.81563379218,594.2767004969439,1052670.449,15480.447779411765,28,7766.0,0.14658785186970055,28,7766.0
29895.0,60,36814.0,533.536231884058,0.7562545109051133,40697.64970283628,589.8210101860334,1082548.932,15689.11495652174,34,7889.0,0.04575675580855564,34,7889.0
29900.0,68,37131.0,538.1304347826087,0.08160172185454519,40967.50248256404,593.7319200371603,1082552.528,15689.167072463768,40,8041.0,0.009825483893247017,40,8041.0
29905.0,60,37310.0,540.7246376811594,0.7726130894703068,41300.122395466526,598.5524984850222,1082552.528,15689.167072463768,32,7934.0,0.042819952229159665,32,7934.0
29910.0,56,37485.0,527.9577464788732,1.5389950842631828,41622.09877530274,586.2267433141233,1082553.764,15247.236112676055,28,7826.0,0.039890765901171334,28,7826.0
29915.0,52,37665.0,538.0714285714286,1.5835746336987364,41750.3832684928,596.4340466927542,1052760.409,15039.434414285714,26,7929.0,0.04845476916001037,26,7929.0
29920.0,58,37938.0,557.9117647058823,0.5613337678908938,41740.31403769636,613.8281476131817,1023067.2019999999,15045.105911764707,31,8058.0,0.040134227808138453,31,8058.0
29925.0,55,38083.0,536.3802816901408,1.2741595603140292,41912.704919166936,590.3197875939006,1023171.2419999999,14410.862563380282,29,8063.0,0.04595565027122772,29,8063.0
29930.0,58,38368.0,525.5890410958904,1.6547174452013966,42226.53370423871,578.4456671813521,1053091.422,14425.90989041096,32,8184.0,0.07140345160784238,32,8184.0
29935.0,62,38669.0,529.7123287671233,0.9982813531391517,42452.784495918706,581.5449930947769,1068046.206,14630.769945205482,36,8325.0,0.008943966986978745,36,8325.0
29940.0,65,38991.0,541.5416666666666,1.0014062276943665,42739.50381372989,593.6042196351374,1083006.0890000002,15041.751236111113,38,8484.0,0.0236745198711451,38,8484.0
29945.0,55,38383.0,533.0972222222222,1.2306688946861764,43020.891459185055,597.5123813775701,1083003.0890000002,15041.709569444447,27,7852.0,0.04288003313406623,27,7852.0
29950.0,52,38355.0,532.7083333333334,1.9648033390383663,43334.42980045909,601.8670805619317,1083003.0890000002,15041.709569444447,23,7580.0,0.1448733809049899,23,7580.0
29955.0,52,38538.0,542.7887323943662,1.3783061122502909,43315.44396839991,610.0766756112664,1083003.0890000002,15253.564633802818,24,7665.0,0.03738305768855924,24,7665.0
29960.0,59,38797.0,554.2428571428571,0.7268583739714227,43179.865680848714,616.8552240121246,1053181.2389999998,15045.446271428573,32,7804.0,0.007934446706580884,32,7804.0
29965.0,51,38138.0,544.8285714285714,1.9429586648212442,43088.68622559322,615.5526603656176,1068154.629,15259.351842857142,24,7151.0,0.06325955908744473,24,7151.0
29970.0,53,38394.0,548.4857142857143,2.3370497039168683,43267.79203677477,618.1113148110683,1068192.7389999998,15259.896271428572,26,7095.0,0.058712785157108364,26,7095.0
29975.0,58,38674.0,560.4927536231884,1.828824616978768,43297.36109249972,627.4979868478222,1068189.7759999998,15481.011246376813,30,7205.0,2.0009168194487002e-05,30,7205.0
29980.0,57,38959.0,618.3968253968254,1.0156606449461798,42935.849605722506,681.521422313056,1068184.69,16955.312539682538,29,7320.0,0.04148910936253175,29,7320.0
29985.0,52,39118.0,630.9354838709677,1.0342012865800467,43088.68185012933,694.9787395182153,1068184.406,17228.780741935483,24,7309.0,0.017307904851276697,24,7309.0
29990.0,53,39383.0,645.6229508196722,1.3562713332749476,43360.42374898227,710.8266188357752,1068184.216,17511.216655737706,25,7404.0,0.0,25,7404.0
29995.0,53,39648.0,660.8,1.2281835271813648,43589.89599938717,726.4982666564531,1068183.312,17803.0552,25,7499.0,0.0312284840496118,25,7499.0
30000.0,55,39919.0,712.8392857142857,0.2144158896155599,43753.87369723162,781.3191731648506,1068183.122,19074.69860714286,27,7600.0,3.385211766503967e-05,27,7600.0
30005.0,49,39892.0,643.4193548387096,1.2813519197611738,44027.46780450732,710.120448459796,1068189.122,17228.85680645161,21,7405.0,0.04900370354513908,21,7405.0
30010.0,46,39883.0,623.171875,2.573297884002348,44287.170272287985,691.9870355045,1068190.646,16690.478843750003,16,7147.0,0.18676700024670784,16,7147.0
30015.0,43,39915.0,633.5714285714286,1.9950660904613218,44491.673093162346,706.2170332247993,1053230.145,16717.938809523814,16,7193.0,0.10374826676663085,16,7193.0
30020.0,49,40106.0,657.4754098360655,1.1477096106204487,44311.05029364274,726.4106605515201,1023468.5559999999,16778.17304918033,23,7359.0,0.09168428610049693,23,7359.0
30025.0,50,40298.0,660.6229508196722,1.1821594771631785,44301.384739638015,726.2522088465251,1023672.0739999999,16781.509409836068,23,7391.0,0.04493230816734738,23,7391.0
30030.0,52,40550.0,654.0322580645161,1.5169096702696245,44577.68207897678,718.9948722415611,1038696.548,16753.17012903226,26,7483.0,0.050931437202911066,26,7483.0
30035.0,56,40815.0,637.734375,0.96384428778142,44802.20541624361,700.0344596288065,1068739.007,16699.046984375,28,7588.0,0.03653151354200682,28,7588.0
30040.0,58,41094.0,662.8064516129032,0.5348043926340363,45053.25592624947,726.6654181653141,1083759.3939999999,17479.990225806454,31,7706.0,0.029554808020170572,31,7706.0
30045.0,52,41236.0,654.5396825396825,1.111366367628125,45347.603408739844,719.8032287101564,1083759.3939999999,17202.530063492064,24,7568.0,0.06376567327186122,24,7568.0
30050.0,50,41386.0,656.9206349206349,1.8680628170248967,45627.346963019976,724.2436025876189,1083759.3939999999,17202.530063492064,22,7352.0,0.06842960082914526,22,7352.0
30055.0,48,41562.0,659.7142857142857,1.7319983898449511,45883.43773789742,728.3085355221815,1068734.234,16964.035460317464,21,7424.0,0.0816520355680697,21,7424.0
30060.0,50,41790.0,685.0819672131148,1.0276171292705871,45691.09129808812,749.0342835752153,1023928.117,16785.706836065576,23,7520.0,0.08354930820068236,23,7520.0
30065.0,51,42000.0,646.1538461538462,1.347199033413212,45716.021986927066,703.3234151834936,1009076.989,15524.26136923077,25,7584.0,0.057784928186567594,25,7584.0
30070.0,54,42267.0,630.8507462686567,1.8337468979217986,46002.949673285584,686.6111891535164,1039157.2189999999,15509.809238805969,28,7691.0,0.1464830307059165,28,7691.0
30075.0,60,42547.0,625.6911764705883,0.6350428807882872,46290.84740654928,680.7477559786661,1069233.7759999998,15724.02611764706,33,7811.0,0.020919785123690898,33,7811.0
30080.0,64,42860.0,639.7014925373135,0.2833777674604887,46572.96217885711,695.1188384904049,1084271.1379999998,16183.151313432836,38,7964.0,0.02481806874847833,38,7964.0
30085.0,56,42409.0,597.3098591549295,0.9110950558997606,46905.838033048974,660.6456060992814,1099312.758,15483.27828169014,27,7471.0,0.03852540790792866,27,7471.0
30090.0,52,42453.0,573.6891891891892,1.7593623426366656,47231.10874321876,638.2582262597131,1099314.267,14855.598202702702,22,7232.0,0.1016070574867091,22,7232.0
30095.0,52,42650.0,576.3513513513514,1.57906589260045,47518.393139348744,642.140447829037,1084290.88,14652.57945945946,24,7313.0,0.040191428329960005,24,7313.0
30100.0,58,42914.0,604.4225352112676,0.7037722531303847,47574.274128480945,670.0601989926895,1054208.3599999999,14848.005070422534,31,7434.0,0.0224559289727835,31,7434.0
30105.0,60,43080.0,590.1369863013699,1.4013936999682288,47904.8496492748,656.2308171133537,1084313.717,14853.612561643835,33,7469.0,0.033682463837326974,33,7469.0
30110.0,60,43377.0,619.6714285714286,1.202386434568006,47578.448872696,679.6921267528,1084309.562,15490.136599999998,33,7603.0,0.027984080051551282,33,7603.0
30115.0,62,43683.0,606.7083333333334,1.4380637510265604,47896.80966851389,665.2334676182484,1084311.3739999998,15059.880194444442,34,7739.0,0.00013090833981362502,34,7739.0
30120.0,62,43993.0,656.6119402985074,0.8553780931854953,47902.47055416177,714.9622470770414,1069348.454,15960.424686567163,34,7879.0,0.0,34,7879.0
30125.0,56,44109.0,648.6617647058823,1.059694091305881,48171.839088373585,708.4093983584349,1069350.834,15725.74755882353,28,7712.0,0.04333038019647163,28,7712.0
30130.0,53,44230.0,650.4411764705883,2.086784619419412,48470.164737597996,712.796540258794,1069350.834,15725.74755882353,25,7572.0,0.13468390254907164,25,7572.0
30135.0,51,44373.0,652.5441176470588,1.4785776221519045,48731.838531105874,716.6446842809687,1054312.7289999998,15504.598955882353,24,7583.0,0.06976426758958122,24,7583.0
30140.0,56,44618.0,656.1470588235294,0.9319980912172764,48540.955718770645,713.8375840995686,1024483.7,15065.936764705883,29,7717.0,0.0589690813916293,29,7717.0
30145.0,49,44034.0,647.5588235294117,2.069324258879048,48689.94601681241,716.0286178943005,1024595.286,15067.577735294117,22,7106.0,0.09112777108445053,22,7106.0
30150.0,51,44283.0,641.7826086956521,2.401345670811363,48872.89547598336,708.3028329852661,1039727.6410000001,15068.516536231886,25,7091.0,0.025709087303943206,25,7091.0
30155.0,57,44557.0,645.7536231884058,2.1928903717118713,48748.52703660396,706.5003918348403,1069895.647,15505.734014492755,30,7205.0,0.03009413639873175,30,7205.0
30160.0,57,44840.0,723.2258064516129,0.7782275058919381,48525.978571796,782.6770737386455,1084967.797,17499.480596774192,31,7328.0,0.07057082693652725,31,7328.0
30165.0,54,44987.0,671.4477611940298,1.110210868744096,48803.916475602775,728.416663814967,1100050.083,16418.657955223884,27,7313.0,0.03185506426329301,27,7313.0
30170.0,56,45265.0,675.5970149253732,1.8027922609111782,49101.05029835281,732.8514969903407,1100050.083,16418.657955223884,28,7421.0,0.06457089343116289,28,7421.0
30175.0,56,45545.0,690.0757575757576,1.4599682359207005,49351.541549998,747.7506295454244,1100049.177,16667.411772727275,28,7531.0,0.026695323724601032,28,7531.0
30180.0,59,45837.0,739.3064516129032,0.582113924910679,49519.98171480276,798.7093824968189,1100045.985,17742.677177419355,31,7653.0,2.296340700686831e-05,31,7653.0
30185.0,59,46132.0,732.2539682539683,0.5661807422828112,49807.34245332465,790.5927373543598,1100045.507,17461.039793650794,31,7778.0,0.0,31,7778.0
30190.0,48,45626.0,712.90625,1.5783725801575967,50082.27755287336,782.5355867636465,1100047.035,17188.234921875,18,7191.0,0.1520899444496458,18,7191.0
30195.0,45,45615.0,712.734375,1.7097541330490729,50360.050242600984,786.8757850406404,1100047.035,17188.234921875,15,6996.0,0.06945969830972507,15,6996.0
30200.0,44,45623.0,724.1746031746031,1.6653917217258032,50561.72670030906,802.5670904810964,1084992.762,17222.107333333333,16,7045.0,0.08238697650987226,16,7045.0
30205.0,49,45815.0,751.0655737704918,1.0131201638763925,50448.27517196215,827.020904458396,1054917.582,17293.730852459015,23,7189.0,0.02219907226413874,23,7189.0
30210.0,52,46025.0,742.3387096774194,1.256124213487024,50510.42465476198,814.6842686251935,1070038.9579999999,17258.692870967745,26,7248.0,0.02464832481657767,26,7248.0
30215.0,54,46277.0,723.078125,1.3185171524265777,50516.39026992101,789.3185979675158,1070037.7599999998,16719.340000000004,25,7330.0,0.04186532852702541,25,7330.0
30220.0,54,46547.0,750.758064516129,1.4200136419442182,50616.352208157085,816.3927775509208,1055014.5909999998,17016.36437096774,26,7430.0,0.08139618468694323,26,7430.0
30225.0,57,46824.0,780.4,0.5927737277103096,50859.267272322635,847.6544545387108,1055014.5909999998,17583.576516666668,29,7537.0,0.059446590405068625,29,7537.0
30230.0,53,46946.0,795.6949152542373,0.5033468725322715,51123.03312629872,866.4920868864192,1055014.5909999998,17881.603237288135,25,7369.0,0.027246525399266554,25,7369.0
30235.0,49,47058.0,797.5932203389831,1.4280450590269131,51396.36039979067,871.124752538825,1055014.5909999998,17881.603237288135,21,7095.0,0.05764600991466802,21,7095.0
30240.0,46,47188.0,813.5862068965517,1.4727387324472263,51468.38700780589,887.3859828932051,1039993.3949999998,17930.920603448274,19,7160.0,0.0821139303415186,19,7160.0
30245.0,48,47395.0,729.1538461538462,1.4830569170130687,51427.43353612526,791.1912851711579,1025071.8629999999,15770.336353846154,22,7284.0,0.054236100445596125,22,7284.0
30250.0,48,47559.0,731.6769230769231,2.325466089143544,51391.25244597049,790.6346530149306,1025300.6569999999,15773.856261538462,21,7288.0,0.19457684905082465,21,7288.0
30255.0,53,47808.0,724.3636363636364,1.4895053106916936,51671.20887289901,782.8971041348334,1040448.0729999999,15764.364742424243,25,7373.0,0.079414804203953,25,7373.0
30260.0,57,48077.0,717.5671641791045,1.0418274200468576,51953.2844442112,775.4221558837492,1070744.3249999997,15981.258582089551,31,7486.0,0.017429310069427408,31,7486.0
30265.0,59,48366.0,721.8805970149253,1.1709730299098995,52220.89840521963,779.4163941077555,1101040.1089999997,16433.434462686568,32,7615.0,0.02935849367673712,32,7615.0
30270.0,62,48668.0,748.7384615384616,0.40235081823343777,52459.76661983806,807.0733326128933,1101038.0169999998,16939.04641538461,34,7751.0,0.00015160676964776976,34,7751.0
30275.0,54,48774.0,750.3692307692307,1.2526996181693841,52755.61255747011,811.6248085764632,1101035.0169999998,16939.00026153846,26,7536.0,0.034391934902522334,26,7536.0
30280.0,51,48907.0,752.4153846153846,1.8996192020641633,53038.59702411271,815.9784157555805,1101035.0169999998,16939.00026153846,23,7414.0,0.09241314556614987,23,7414.0
30285.0,49,49077.0,755.0307692307692,1.8448903300901227,53259.1699101578,819.3718447716584,1085913.8579999998,16706.367046153842,22,7393.0,0.07119035011632889,22,7393.0
30290.0,51,49308.0,782.6666666666666,1.154157886147917,53184.948690503574,844.2055347698981,1040654.4829999999,16518.325126984124,25,7516.0,0.08514206556784264,25,7516.0
30295.0,53,49543.0,774.109375,1.2003567537097426,53051.959545776976,828.9368679027655,1025778.1939999999,16027.78428125,26,7591.0,0.0790334782803955,26,7591.0
30300.0,55,49809.0,766.2923076923076,1.3408338333524037,53346.11929860141,820.709527670791,1040942.776,16014.504246153845,29,7697.0,0.04608127575026748,29,7697.0
30305.0,58,50097.0,726.0434782608696,0.9384119377523261,53638.77927388341,777.373612664977,1071264.212,15525.56828985507,32,7825.0,0.02605721419284651,32,7825.0
30310.0,63,50404.0,741.2352941176471,0.6979874387492471,53938.30084680203,793.2103065706185,1086428.516,15976.889941176472,37,7972.0,0.07601126228218998,37,7972.0
30315.0,60,50560.0,732.7536231884058,0.8182075786720954,54266.31895096979,786.4683905937653,1101596.004,15965.159478260868,32,7837.0,0.04460902856703289,32,7837.0
30320.0,57,50765.0,715.0,1.6274624220080267,54583.11061877281,768.7762058982084,1101596.392,15515.44214084507,29,7773.0,0.043432643643379766,29,7773.0
30325.0,52,50955.0,698.013698630137,2.467374210801851,54845.49164130262,751.3081046753786,1086450.746,14882.88693150685,25,7743.0,0.066180561460721,25,7743.0
30330.0,52,51201.0,721.1408450704225,2.0949288541717053,54964.2902464428,774.14493304849,1056214.211,14876.256492957746,26,7851.0,0.10553014748361508,26,7851.0
30335.0,58,51476.0,746.0289855072464,0.9676711397115747,54804.05418591804,794.2616548683774,1010962.3989999999,14651.62897101449,32,7977.0,0.0545777615608835,32,7977.0
30340.0,48,50645.0,733.9855072463768,1.7393024636367964,54978.779894760024,796.7939115182613,1011015.9679999999,14652.405333333332,22,7167.0,0.10482042268792259,22,7167.0
30345.0,55,50901.0,687.8513513513514,2.4815841929193425,55271.10926425439,746.9068819493838,1041367.8539999998,14072.538567567566,28,7082.0,0.03323510314774693,28,7082.0
30350.0,54,51171.0,710.7083333333334,2.720882515819247,55241.08854291186,767.2373408737761,1056543.052,14674.209055555557,28,7192.0,0.08184242698615676,28,7192.0
30355.0,57,51446.0,767.8507462686567,1.0131542282284323,54789.05662240988,817.7471137673117,1086882.7019999998,16222.129880597013,31,7307.0,0.0445094710896588,31,7307.0
30360.0,55,51528.0,805.125,0.8409679878040122,54934.46224727587,858.3509726136858,1102047.1329999997,17219.486453125002,29,7243.0,0.027460677552282903,29,7243.0
30365.0,57,51807.0,750.8260869565217,1.429369769947338,55240.29813976154,800.5840310110369,1117222.0469999998,16191.623869565214,29,7344.0,0.03000951918269974,29,7344.0
30370.0,61,52093.0,723.5138888888889,1.8651703241565951,55485.32848645142,770.6295623118256,1117227.1349999998,15517.043541666666,31,7460.0,0.09515052364822303,31,7460.0
30375.0,60,52385.0,770.3676470588235,1.007084436304274,55661.914163828136,818.557561232767,1117226.4609999997,16429.800897058823,32,7582.0,0.040387683314466495,32,7582.0
30380.0,49,51606.0,781.9090909090909,1.438283091708994,55886.286379114186,846.7619148350637,1117226.4609999997,16927.673651515153,21,6960.0,0.11160507537166366,21,6960.0
30385.0,46,51605.0,781.8939393939394,1.5924118639500295,56177.45829598318,851.1736105451997,1117226.4609999997,16927.673651515153,16,6675.0,0.08320853181477517,16,6675.0
30390.0,44,51703.0,795.4307692307692,1.4070405031874667,56184.63429042118,864.3789890834025,1117226.1919999998,17188.09526153846,17,6729.0,0.04306687837848685,17,6729.0
30395.0,48,51898.0,798.4307692307692,1.063781800403452,56237.16685355946,865.1871823624533,1071762.5189999999,16488.654138461538,20,6819.0,0.009729386147842052,20,6819.0
30400.0,49,52035.0,800.5384615384615,1.8524924929648383,56497.8693325956,869.1979897322403,1071790.781,16489.088938461537,22,6823.0,0.040489943407823414,22,6823.0
30405.0,51,52286.0,768.9117647058823,2.276844821795597,56354.64507988169,828.7447805864957,1086997.829,15985.262191176469,25,6914.0,0.12046756294771553,25,6914.0
30410.0,54,52549.0,796.1969696969697,2.1040390669002593,56332.44088987562,853.5218316647823,1071847.4370000002,16240.11268181818,26,7011.0,0.10569908051927014,26,7011.0
30415.0,57,52824.0,880.4,0.3040185777974414,56471.564719027265,941.1927453171213,1071843.671,17864.06118333333,29,7116.0,0.009816162076573797,29,7116.0
30420.0,53,52950.0,897.457627118644,0.5835725215114785,56755.307547471966,961.9543652113895,1071843.619,18166.841,25,7032.0,0.023409881152918362,25,7032.0
30425.0,49,53097.0,829.640625,1.8979080691293952,57037.339208191996,891.208425128,1071847.2950000002,16747.613984375,21,6943.0,0.06406465312102275,21,6943.0
30430.0,44,53201.0,844.4603174603175,2.96020319496251,57176.87362846145,907.5694226739914,1056679.4100000001,16772.689047619046,17,6793.0,0.22172134638641136,17,6793.0
30435.0,45,53397.0,861.241935483871,1.7383517209632497,57298.43217521946,924.1682608906366,1041543.6880000001,16799.091741935485,19,6898.0,0.10149511187165453,19,6898.0
30440.0,52,53640.0,879.344262295082,0.946906522440704,57232.65275743569,938.2402091382901,1026510.104,16828.03449180328,25,6981.0,0.06335962459965272,25,6981.0
30445.0,50,53837.0,868.3387096774194,1.0560456019168207,57334.389614553016,924.7482195895649,1011384.289,16312.649822580644,24,7018.0,0.032907236584517496,24,7018.0
30450.0,53,54096.0,819.6363636363636,1.780494025226912,57620.87771881614,873.0436018002448,1041845.877,15785.54359090909,27,7117.0,0.10084589855821664,27,7117.0
30455.0,57,54366.0,811.4328358208955,1.6195027934579311,57881.75284090821,863.9067588195259,1072292.521,16004.365985074626,30,7227.0,0.031757958825636534,30,7227.0
30460.0,58,54653.0,840.8153846153846,0.5265261162345783,58111.59216709639,894.0244948784061,1087515.045,16731.00069230769,32,7354.0,0.02946917528201217,32,7354.0
30465.0,56,54795.0,843.0,0.6410620450409793,58423.33558440086,898.8205474523212,1102739.748,16965.22689230769,29,7256.0,0.021274563999869187,29,7256.0
30470.0,53,54984.0,845.9076923076923,1.7154251914082932,58718.14473588195,903.3560728597222,1102739.748,16965.22689230769,25,7198.0,0.05027981443888193,25,7198.0
30475.0,49,55165.0,835.8333333333334,1.7617529861029786,58952.064838357706,893.2131036114806,1087536.751,16477.829560606064,22,7281.0,0.05558302833422532,22,7281.0
30480.0,51,55405.0,893.6290322580645,1.0061832564400104,58864.01608721937,949.4196143099902,1026794.1750000002,16561.196370967744,25,7391.0,0.04541958676553014,25,7391.0
30485.0,45,55198.0,799.9710144927536,1.6210058254079351,59049.57233488478,855.7909034041276,1042105.5940000002,15102.979623188407,18,7025.0,0.12163491790728556,18,7025.0
30490.0,46,55380.0,791.1428571428571,2.3124195018630087,59342.64092347329,847.7520131924757,1057339.5620000002,15104.850885714288,18,6895.0,0.18728661759849785,18,6895.0
30495.0,48,55600.0,783.0985915492957,1.1914849910647796,59537.11736452232,838.5509487960893,1072638.6330000001,15107.586380281695,22,6964.0,0.04056876168665237,22,6964.0
30500.0,58,55875.0,776.0416666666666,1.2658991216827975,59704.23110675105,829.2254320382094,1072648.8860000002,14897.901194444443,32,7079.0,0.03534666070462724,32,7079.0
30505.0,56,56035.0,778.2638888888889,1.7288624019472962,59819.868861950374,830.8315119715331,1087877.6469999999,15109.411763888887,29,7084.0,0.013468283771706923,29,7084.0
30510.0,58,56319.0,804.5571428571428,1.338232041411581,59766.08150122255,853.8011643031792,1087936.858,15541.955114285714,32,7203.0,0.02081671309384983,32,7203.0
30515.0,61,56620.0,832.6470588235294,1.1275902524015944,59993.55362009824,882.258141472033,1087935.324,15999.048882352941,33,7338.0,0.011617266046949458,33,7338.0
30520.0,62,56927.0,875.8,0.6408411746880356,60236.97884004741,926.722751385345,1087935.128,16737.463507692308,34,7475.0,0.026835557017088795,34,7475.0
30525.0,53,56993.0,850.6417910447761,1.0241025147290725,60500.81953944474,902.9973065588771,1087933.302,16237.810477611942,25,7280.0,0.024642957778541252,25,7280.0
30530.0,50,57140.0,840.2941176470588,2.383141079036366,60790.288917288,893.974837018941,1087936.512,15999.066352941174,22,7266.0,0.1259052297257474,22,7266.0
30535.0,48,57276.0,854.8656716417911,2.007743982518828,61044.84191277067,911.117043474189,1072700.3660000002,16010.453223880599,20,7336.0,0.10687019766696473,20,7336.0
30540.0,53,57477.0,912.3333333333334,0.732252557280035,60936.80591618854,967.2508875585484,1042293.486,16544.341047619047,26,7448.0,0.03256188605511204,26,7448.0
30545.0,44,56614.0,870.9846153846154,1.8426254641431052,61064.49356442181,939.4537471449511,1027098.267,15801.511799999998,18,6670.0,0.0903823406478259,18,6670.0
30550.0,50,56840.0,823.768115942029,2.7968189845648417,61325.04455219426,888.7687616260039,1057617.763,15327.793666666666,21,6517.0,0.14018692921101047,21,6517.0
30555.0,51,57086.0,827.3333333333334,2.3615058665986406,61547.59756076135,891.9941675472662,1072879.619,15548.979985507245,25,6604.0,0.03696877210915134,25,6604.0
30560.0,56,57358.0,910.4444444444445,1.1982871090168408,60893.60383830646,966.5651402905787,1088136.0150000001,17272.00023809524,29,6713.0,0.06201147674095582,29,6713.0
30565.0,52,57513.0,927.6290322580645,1.1826363616984057,60950.70376635058,983.0758671992028,1088136.803,17550.593596774193,24,6707.0,0.012913320036456842,24,6707.0
30570.0,52,57773.0,931.8225806451613,1.838014853552338,61220.04527757927,987.4200851222462,1088136.803,17550.593596774193,24,6788.0,0.07120102244671477,24,6788.0
30575.0,56,58036.0,921.2063492063492,1.1842390585162303,61455.54033660804,975.4847672477467,1088135.661,17271.994619047622,26,6881.0,0.008237649198653349,26,6881.0
30580.0,55,58310.0,988.3050847457627,0.7270003664236026,61626.0518835895,1044.509353959144,1088135.661,18442.977305084747,27,6985.0,0.02978896692880175,27,6985.0
30585.0,49,58292.0,1005.0344827586207,1.1145167872520694,61879.941737404515,1066.8955471966296,1088135.661,18760.959672413795,21,6807.0,0.08650865845855764,21,6807.0
30590.0,45,58319.0,1005.5,1.7970600461238129,62137.92619306791,1071.343555052895,1088135.661,18760.959672413795,17,6631.0,0.04827196608454079,17,6631.0
30595.0,42,58387.0,1024.3333333333333,1.7736071868042567,62318.62345618364,1093.3091834418183,1072900.072,18822.808280701753,15,6680.0,0.0720779165721647,15,6680.0
30600.0,45,58568.0,1084.5925925925926,0.9484031425406967,62156.381155259995,1151.0440954677774,1027262.548,19023.38051851852,18,6773.0,0.07043706505985274,18,6773.0
30605.0,44,58725.0,962.7049180327868,1.5160647747182212,62190.77727441839,1019.5209389248917,1012113.4949999999,16592.024508196722,18,6805.0,0.08092305010821293,18,6805.0
30610.0,48,58954.0,935.7777777777778,2.301974508830178,62450.74289232291,991.2816332114749,1042710.2699999999,16550.95666666667,21,6874.0,0.1887903025797715,21,6874.0
30615.0,52,59201.0,939.6984126984127,1.0424502926335604,62707.384851934556,995.3553151100722,1058009.598,16793.803142857145,26,6961.0,0.05785786978229283,26,6961.0
30620.0,58,59485.0,944.2063492063492,0.6252293593822631,62939.176805416624,999.0345524669307,1088605.91,17279.458888888887,32,7085.0,0.0543179997453171,32,7085.0
30625.0,54,59636.0,946.6031746031746,0.8427677503033458,63234.17879935541,1003.7171237992924,1103899.6539999999,17522.216730158732,27,6968.0,0.042334816054657144,27,6968.0
30630.0,50,59797.0,919.9538461538461,1.8945934699263427,63519.964774069005,977.2302272933691,1103900.906,16983.09086153846,22,6883.0,0.0653246481981379,22,6883.0
30635.0,47,59982.0,937.21875,2.285145978532975,63601.65842509099,993.7759128920466,1073397.509,16771.836078125,20,6867.0,0.07993230484137175,20,6867.0
30640.0,49,60212.0,971.1612903225806,1.2254180363259803,63613.6808280177,1026.0271101293176,1042940.4339999999,16821.61990322581,23,6967.0,0.08190760622446958,23,6967.0
30645.0,49,60352.0,943.0,1.3286858676554658,63652.59111129008,994.5717361139076,1027791.891,16059.248296875001,22,6949.0,0.06352509635461107,22,6949.0
30650.0,52,60607.0,932.4153846153846,1.7305386041404178,63933.70045219494,983.5953915722301,1043101.615,16047.717153846153,26,7042.0,0.08071350764926638,26,7042.0
30655.0,55,60877.0,895.25,1.3554692536800124,64196.37758506381,944.0643762509386,1073710.648,15789.862470588236,29,7152.0,0.03922153382205521,29,7152.0
30660.0,60,61169.0,926.8030303030303,0.8395064455305338,64411.72223364576,975.9351853582692,1104321.592,16732.145333333334,33,7284.0,0.023914436224882107,33,7284.0
30665.0,55,61316.0,901.7058823529412,1.1499663488801322,64689.195484639204,951.3116983035179,1104318.592,16239.97929411765,27,7221.0,0.04177188634327968,27,7221.0
30670.0,53,61496.0,904.3529411764706,2.2254149426024172,64984.01444917263,955.6472713113626,1104318.592,16239.97929411765,25,7153.0,0.11868666870493659,25,7153.0
30675.0,51,61659.0,934.2272727272727,1.6283359331577008,65138.83669786161,986.9520711797214,1073743.939,16268.84756060606,24,7196.0,0.07137753687521588,24,7196.0
30680.0,55,61907.0,937.9848484848485,0.8799284339150312,65193.73546472166,987.7838706776013,1027924.95,15574.620454545455,28,7308.0,0.049347534777223104,28,7308.0
30685.0,52,62109.0,913.3676470588235,1.8232529900965715,65386.869224593385,961.5716062440206,1027985.627,15117.435691176472,26,7362.0,0.06223387650772648,26,7362.0
30690.0,56,62382.0,904.0869565217391,1.6581117996636223,65616.35803570032,950.9617106623238,1043329.485,15120.717173913044,29,7474.0,0.092025218950423,29,7474.0
30695.0,62,62674.0,895.3428571428572,1.1487559312552538,65892.41618534844,941.3202312192634,1073961.9570000002,15342.31367142857,35,7607.0,0.02571717781520515,35,7607.0
30700.0,62,62980.0,926.1764705882352,0.5874503528416719,66173.69436431059,973.1425641810386,1089275.835,16018.762279411763,36,7753.0,0.03608311098422412,36,7753.0
30705.0,59,63151.0,915.231884057971,0.7693019369692959,66454.99379268211,963.115852067857,1089276.8029999998,15786.620333333334,31,7751.0,0.01401343437766432,31,7751.0
30710.0,54,63319.0,931.1617647058823,1.6946747800654212,66755.11436567859,981.6928583188029,1089276.8029999998,16018.776514705884,26,7749.0,0.04848680160154152,26,7749.0
30715.0,52,63529.0,948.1940298507462,1.4800365292283058,67034.33422855257,1000.5124511724268,1073959.737,16029.249805970152,24,7842.0,0.07923983038875794,24,7842.0
30720.0,56,63768.0,966.1818181818181,0.8357030608541915,67235.79247488086,1018.7241284072863,1058673.075,16040.501136363635,29,7964.0,0.029837100831417558,29,7964.0
30725.0,48,63019.0,900.2714285714286,1.8196941899855126,67288.77507951732,961.268215421676,1028120.8709999999,14687.441014285714,22,7229.0,0.0663436122418038,22,7229.0
30730.0,53,63269.0,854.9864864864865,3.3230341845563527,67564.75298732347,913.0372025313985,1058790.4239999999,14307.978702702705,25,7160.0,0.18947488398345197,25,7160.0
30735.0,57,63531.0,882.375,1.6764741438103963,67321.11108607514,935.0154317510436,1089447.8120000002,15131.21961111111,30,7262.0,0.028865493417745774,30,7262.0
30740.0,63,63835.0,967.1969696969697,0.5492773998897831,67092.79675524251,1016.5575265945839,1089442.736,16506.708121212123,35,7402.0,0.04032484914102283,35,7402.0
30745.0,58,63991.0,984.4769230769231,0.6287077696290062,67391.05505601219,1036.7854624001873,1089442.252,16760.650030769233,30,7363.0,0.01957174687554747,30,7363.0
30750.0,53,64152.0,986.9538461538461,1.5717688342276095,67686.54822699171,1041.331511184488,1089442.252,16760.650030769233,25,7336.0,0.05825119907366436,25,7336.0
30755.0,51,64316.0,959.9402985074627,1.6740870237957557,67954.42592632133,1014.245163079423,1074107.1169999999,16031.449507462688,23,7364.0,0.07023843531340185,23,7364.0
30760.0,53,64568.0,978.3030303030303,1.466053844701028,68020.79708477836,1030.6181376481572,1043522.3169999999,15810.944196969696,26,7472.0,0.07583558032572661,26,7472.0
30765.0,47,64585.0,993.6153846153846,1.8790774725440782,68033.8749909545,1046.6749998608389,1012954.2449999999,15583.91146153846,21,7370.0,0.1444290658683227,21,7370.0
30770.0,52,64833.0,967.6567164179105,1.6266645347590485,68317.79140059986,1019.6685283671624,1043655.9589999999,15576.954611940298,26,7434.0,0.05229273348951253,26,7434.0
30775.0,57,65108.0,971.7611940298508,1.4668949463410987,68528.16101205657,1022.8083733142772,1074356.423,16035.170492537312,30,7549.0,0.032657444506613134,30,7549.0
30780.0,58,65394.0,1006.0615384615385,0.8630148606839014,68689.96864755136,1056.7687484238675,1089704.109,16764.678600000003,32,7675.0,0.028866386413127804,32,7675.0
30785.0,53,65530.0,963.6764705882352,1.2866641667775518,68926.73309794029,1013.628427910887,1105048.8289999997,16250.71807352941,26,7605.0,0.02995217762083814,26,7605.0
30790.0,49,65683.0,980.3432835820895,2.6713111393303137,69194.86321863123,1032.7591525168846,1105048.8289999997,16493.26610447761,21,7563.0,0.1748293747220593,21,7563.0
30795.0,49,65864.0,997.939393939394,1.9571059198452598,69430.76282157388,1051.9812548723316,1089717.1389999997,16510.86574242424,22,7573.0,0.0916115116984777,22,7573.0
30800.0,52,66107.0,1032.921875,1.272438537000628,69494.02730456277,1085.8441766337928,1059101.4039999999,16548.4594375,26,7686.0,0.05762336089081992,26,7686.0
30805.0,51,66303.0,1004.5909090909091,1.4349561236756314,69507.74926799683,1053.14771618177,1028527.2389999998,15583.746045454547,24,7722.0,0.06534388420831452,24,7722.0
30810.0,54,66563.0,964.6811594202899,1.6865910401301698,69806.68139040764,1011.6910346435888,1043887.6249999999,15128.806159420288,28,7823.0,0.0718864178504596,28,7823.0
30815.0,58,66845.0,954.9285714285714,1.316457693601,70083.39149801977,1001.1913071145677,1074601.4319999998,15351.44902857143,32,7945.0,0.03012800463453621,32,7945.0
30820.0,65,67159.0,987.6323529411765,0.19207636146998258,70340.2701075974,1034.4157368764324,1089956.109,16028.766308823531,38,8097.0,0.025996183410239924,38,8097.0
30825.0,56,66208.0,973.6470588235294,0.582717438532872,70670.13865642763,1039.2667449474654,1089956.109,16028.766308823531,28,7550.0,0.02540050871462136,28,7550.0
30830.0,54,66170.0,973.0882352941177,0.7629321487531315,70993.45205087915,1044.0213536893991,1089956.109,16028.766308823531,23,7434.0,0.04500060671703255,23,7434.0
30835.0,50,66348.0,961.5652173913044,0.8249735884637199,71279.44815130101,1033.0354804536382,1074613.845,15574.113695652173,23,7519.0,0.01541836704346912,23,7519.0
30840.0,56,66600.0,951.4285714285714,1.2226360530048213,71583.27705034001,1022.6182435762861,1059252.6009999998,15132.180014285716,30,7640.0,0.023635975280879202,30,7640.0
30845.0,58,66818.0,902.9459459459459,1.717681103312809,71604.63804359038,967.6302438323029,1074634.825,14522.09222972973,32,7712.0,0.07472150708524308,32,7712.0
30850.0,62,67117.0,919.4109589041096,1.475001828279009,71268.90927694658,976.2864284513234,1090076.3039999998,14932.552109589038,35,7848.0,0.11924640581630319,35,7848.0
30855.0,64,67429.0,936.5138888888889,0.6271515639567846,71573.65106590935,994.0784870265189,1090075.6759999997,15139.939944444444,36,7994.0,0.023935048518587774,36,7994.0
30860.0,69,67769.0,915.7972972972973,0.4632696830015905,71918.6768887113,971.8740120096126,1090076.0019999999,14730.756783783785,41,8164.0,0.004241055011427095,41,8164.0
30865.0,57,67776.0,941.3333333333334,1.3056503817617016,72186.50147995273,1002.590298332677,1090076.0019999999,15139.94447222222,29,7692.0,0.04463913409315629,29,7692.0
30870.0,52,67857.0,942.4583333333334,1.462620137118272,72505.71396928142,1007.0238051289089,1090076.0019999999,15139.94447222222,23,7544.0,0.07293857147490626,23,7544.0
30875.0,53,68006.0,944.5277777777778,1.3535432461135362,72575.00071548134,1007.9861210483529,1090072.0189999999,15139.88915277778,26,7637.0,0.03241774561564266,26,7637.0
30880.0,60,68264.0,975.2,0.960311896890812,72714.27588665133,1038.7753698093056,1059405.6469999999,15134.366385714284,33,7783.0,0.025615209834013063,33,7783.0
30885.0,58,68437.0,937.4931506849315,1.1527740868769716,72577.65102780891,994.2143976412187,1074811.2779999997,14723.442164383558,32,7821.0,0.010547033347834,32,7821.0
30890.0,60,68731.0,954.5972222222222,1.7382412801680753,72759.1552452891,1010.5438228512386,1059475.4799999997,14714.937222222223,33,7954.0,0.04327630147753268,33,7954.0
30895.0,62,69037.0,986.2428571428571,0.9510595261122382,73023.26198403715,1043.189456914817,1059475.2799999998,15135.36114285714,34,8091.0,0.025826631715136786,34,8091.0
30900.0,66,69362.0,1035.2537313432836,0.21790587706723114,73247.3486096085,1093.244009098635,1059472.2799999998,15813.01910447761,38,8246.0,3.4752844046151032e-06,38,8246.0
30905.0,57,69410.0,1005.9420289855072,0.9084022767694538,73566.04176995766,1066.174518405184,1059472.2799999998,15354.670724637679,29,8037.0,0.028142196581982092,29,8037.0
30910.0,57,69572.0,979.887323943662,1.505868644395966,73876.77549412263,1040.5179647059526,1059473.8239999998,14922.166535211269,26,8075.0,0.08318447130176417,26,8075.0
30915.0,53,69698.0,981.6619718309859,1.2938083821291726,74097.68546177259,1043.629372701023,1059474.7289999998,14922.179281690142,26,8170.0,0.03061883118669334,26,8170.0
30920.0,57,69953.0,999.3285714285714,1.017327607560812,74190.54037642865,1059.864862520409,1059581.368,15136.876685714285,31,8315.0,0.05092679399599904,31,8315.0
30925.0,49,68859.0,983.7,1.9546005225372052,74394.67866854674,1062.7811238363822,1075014.38,15357.348285714284,23,7373.0,0.099848474901466,23,7373.0
30930.0,52,69113.0,987.3285714285714,2.6595690959222034,74530.64299467305,1064.7234713524722,1075102.7559999998,15358.610799999997,25,7179.0,0.03880696680319948,25,7179.0
30935.0,57,69383.0,991.1857142857143,2.1541979882138733,74432.63719740351,1063.3233885343357,1075102.0459999999,15358.600657142855,27,7279.0,6.110620194030895e-05,27,7279.0
30940.0,55,69658.0,1088.40625,1.437466977266788,73849.158873421,1153.8931073972028,1075095.076,16798.3605625,27,7384.0,0.014019667050634356,27,7384.0
30945.0,49,69743.0,1202.4655172413793,1.3003175362401127,73860.77595562,1273.4616544072412,1075089.704,18536.029379310345,21,7308.0,0.09414409476765463,21,7308.0
30950.0,51,69991.0,1206.7413793103449,1.1634293351600733,74122.09359606923,1277.9671309667108,1075089.704,18536.029379310345,22,7375.0,0.00021640595843189423,22,7375.0
30955.0,50,70239.0,1232.2631578947369,1.372113384962525,74329.4099821078,1304.0247365282075,1075089.2179999999,18861.21435087719,22,7455.0,3.351519625054729e-06,22,7455.0
30960.0,50,70489.0,1329.9811320754718,0.6794644595184894,74478.34159151652,1405.251728141821,1075088.3879999998,20284.686566037737,22,7535.0,0.0,22,7535.0
30965.0,44,70438.0,1214.448275862069,1.3570465157719593,74639.49702931373,1286.8878798157539,1075098.076,18536.17372413793,16,7232.0,0.026216186909878106,16,7232.0
30970.0,39,70403.0,1213.844827586207,3.1687519993880753,74874.34005688064,1290.9368975324244,1075098.076,18536.17372413793,11,6988.0,0.29553822427190407,11,6988.0
30975.0,39,70404.0,1235.157894736842,1.9133159030803568,75033.70491699586,1316.380788017471,1059691.6139999998,18591.080947368417,12,6883.0,0.13391275520059528,12,6883.0
30980.0,46,70574.0,1260.25,1.072866320109658,74909.38307269578,1337.6675548695673,1044472.5269999999,18651.295124999997,20,7031.0,0.06241741589652054,20,7031.0
30985.0,44,70762.0,1286.581818181818,1.3052461177618355,74622.57680158474,1356.7741236651768,1029389.5219999999,18716.173127272727,17,7059.0,0.06757446071330787,17,7059.0
30990.0,47,70989.0,1223.948275862069,1.7379457045199282,74874.34285584044,1290.9369457903524,1044874.244,18015.07317241379,21,7126.0,0.06618817950976605,21,7126.0
30995.0,50,71231.0,1207.3050847457628,1.3153559539510715,75093.84876082336,1272.7770976410739,1075833.357,18234.4636779661,24,7208.0,0.028861993535577894,24,7208.0
31000.0,52,71486.0,1191.4333333333334,0.7159520639818054,75333.22232901922,1255.5537054836539,1106802.5329999998,18446.708883333333,25,7303.0,0.08811962854825328,25,7303.0
31005.0,50,71600.0,1173.7704918032787,1.0751789957748592,75618.62859944232,1239.6496491711857,1106802.5329999998,18144.30381967213,22,7028.0,0.057952452663596235,22,7028.0
31010.0,46,71735.0,1175.983606557377,2.0266388523109304,75886.93016587802,1244.0480355061973,1106802.5329999998,18144.30381967213,18,6811.0,0.10706580262748461,18,6811.0
31015.0,44,71900.0,1159.6774193548388,2.506875455017373,76071.5074792756,1226.9597980528324,1091364.5890000002,17602.654661290322,17,6528.0,0.10874633840611495,17,6528.0
31020.0,45,72106.0,1222.135593220339,2.1066458287718257,75912.47615695093,1286.6521382534056,1045175.1089999998,17714.8323559322,18,6599.0,0.10679030323527096,18,6599.0
31025.0,46,72331.0,1225.949152542373,1.236666713740204,75481.35874743128,1279.3450635157847,999195.293,16935.513440677965,20,6676.0,0.09694958688316525,20,6676.0
31030.0,43,72393.0,1206.55,1.6170932637300661,75620.36776749347,1260.3394627915584,1014781.4159999999,16913.0236,17,6457.0,0.1513135686859954,17,6457.0
31035.0,46,72607.0,1171.0806451612902,0.9994105120367496,75898.57565875947,1224.1705751412821,1045770.9409999998,16867.273241935483,18,6494.0,0.07109106675105423,18,6494.0
31040.0,50,72849.0,1138.265625,1.3978617914040952,76081.31305273507,1188.7705164489857,1045832.3699999999,16341.13078125,23,6571.0,0.0902256648184671,23,6571.0
31045.0,55,73100.0,1075.0,1.5242892245709498,76356.18264247329,1122.8850388599014,1061334.328,15607.857764705883,28,6669.0,0.01965142375044912,28,6669.0
31050.0,51,73176.0,1092.1791044776119,1.9491535006217582,76497.18545556729,1141.7490366502584,1076824.029,16072.000432835823,25,6598.0,0.08620259741238957,25,6598.0
31055.0,53,73435.0,1064.2753623188405,1.8033489534577731,76750.4757817117,1112.325735966837,1107804.9809999997,16055.144652173913,27,6684.0,0.0259934441975511,27,6684.0
31060.0,58,73715.0,1100.2238805970148,1.449779932647924,76828.1950941479,1146.6894790171334,1123343.6099999999,16766.32253731343,31,6804.0,0.054061941784566525,31,6804.0
31065.0,60,74006.0,1121.3030303030303,0.6860523915177706,77057.47854384339,1167.5375536945976,1123344.3839999998,17020.369454545453,32,6930.0,0.007428998610402351,32,6930.0
31070.0,52,74080.0,1175.873015873016,1.097157515630573,77268.99958171064,1226.4920568525497,1123344.3839999998,17830.863238095237,24,6891.0,0.03090697432826727,24,6891.0
31075.0,47,74190.0,1159.21875,2.2377902983443843,77543.92261752556,1211.6237908988367,1123344.7669999998,17552.261984375,19,6863.0,0.11451138021226796,19,6863.0
31080.0,45,74333.0,1179.888888888889,2.321135313013585,77772.99341700315,1234.4919590000497,1107848.9759999998,17584.90438095238,18,6877.0,0.11837964494256349,18,6877.0
31085.0,48,74548.0,1183.3015873015872,1.433961948969067,77760.08831983691,1234.2871161878872,1045920.0049999999,16601.904841269843,22,6984.0,0.07317536324778308,22,6984.0
31090.0,53,74762.0,1150.1846153846154,1.6328847950925685,77947.70053376886,1199.195392827213,1045959.438,16091.68366153846,24,7038.0,0.1103816988441182,24,7038.0
31095.0,52,75017.0,1154.1076923076923,1.3457004541639654,78167.1590108059,1202.571677089321,1045982.874,16092.044215384614,26,7133.0,0.05502532533876146,26,7133.0
31100.0,56,75292.0,1140.7878787878788,1.4861173379852883,78440.11318657959,1188.4865634330238,1077000.466,16318.18887878788,30,7248.0,0.07218378346711737,30,7248.0
31105.0,60,75584.0,1145.2121212121212,0.8638177273862434,78740.27995045096,1193.0345447038017,1092506.148,16553.123454545454,34,7380.0,0.012963760754352755,34,7380.0
31110.0,54,75731.0,1202.079365079365,0.8492107518882425,78992.0199645204,1253.8415867384188,1108007.953,17587.427825396826,27,7360.0,0.05163162040548614,27,7360.0
31115.0,53,75908.0,1150.121212121212,1.7931006758426071,79275.38361010315,1201.142175910654,1108008.073,16788.00110606061,23,7352.0,0.06221919724450447,23,7352.0
31120.0,47,76065.0,1170.2307692307693,2.158355313262895,79430.0095418546,1222.000146797763,1077024.2129999998,16569.603276923077,20,7376.0,0.1100040964871092,20,7376.0
31125.0,51,76292.0,1138.686567164179,1.7463850419669984,79619.10805415001,1188.344896330597,1061543.5669999998,15843.933835820897,24,7464.0,0.10910554355685127,24,7464.0
31130.0,43,75359.0,1177.484375,2.0305179812295293,79678.96934442312,1244.9838960066118,1015069.967,15860.468234375,17,6609.0,0.12403205784685303,17,6609.0
31135.0,48,75586.0,1145.2424242424242,2.8692438567957543,79942.1148858516,1211.244164937146,1046110.579,15850.160287878789,21,6450.0,0.040618423183108474,21,6450.0
31140.0,49,75830.0,1166.6153846153845,2.8329649638303156,79932.49731494483,1229.7307279222289,1061632.5110000002,16332.807861538464,23,6534.0,0.0725474709946816,23,6534.0
31145.0,53,76083.0,1207.6666666666667,1.189493165721042,79222.85468612838,1257.5056299385462,1092660.703,17343.82068253968,27,6627.0,0.0002722998169628415,27,6627.0
31150.0,51,76245.0,1249.9180327868853,1.6193750040212203,79472.36163283455,1302.8256005382714,1092657.7650000001,17912.42237704918,23,6621.0,0.14204803081021936,23,6621.0
31155.0,52,76501.0,1233.8870967741937,1.493196081128868,79746.96495681853,1286.2413702712663,1092660.887,17623.56269354839,23,6706.0,0.07488002221453087,23,6706.0
31160.0,52,76759.0,1279.3166666666666,1.2308182541320676,79941.82786374807,1332.3637977291348,1092660.053,18211.000883333334,24,6795.0,0.02347831708754839,24,6795.0
31165.0,54,77027.0,1262.7377049180327,1.5124442839751873,80217.40190581082,1315.0393755050957,1092660.053,17912.459885245902,26,6893.0,0.0,26,6893.0
31170.0,47,77011.0,1351.0701754385964,1.1734205655273677,80394.1240318597,1410.423228629118,1092657.9710000001,19169.4380877193,19,6747.0,0.06618893207739095,19,6747.0
31175.0,44,77070.0,1328.7931034482758,2.299745903236251,80642.8871764409,1390.3946064903605,1092657.9710000001,18838.930534482755,16,6570.0,0.053343721079779985,16,6570.0
31180.0,40,77092.0,1329.1724137931035,2.2437411156108245,80881.1402987007,1394.5024189431156,1092657.9710000001,18838.930534482755,13,6607.0,0.13348401139470137,13,6607.0
31185.0,44,77270.0,1404.909090909091,1.1533022278262788,80831.61875296607,1469.6657955084747,1046186.7750000001,19021.57772727273,18,6725.0,0.07985431063260555,18,6725.0
31190.0,44,77469.0,1461.6792452830189,0.9627455917159055,80770.71663222955,1523.975785513766,1015249.6000000001,19155.65283018868,18,6764.0,0.07610590702215272,18,6764.0
31195.0,48,77701.0,1363.1754385964912,0.9741759962133716,81024.99920423534,1421.4912141093928,1046358.5560000001,18357.16764912281,22,6836.0,0.025939782485035923,22,6836.0
31200.0,51,77948.0,1343.9310344827586,1.2365643512526525,81270.8458677116,1401.2214804777866,1077464.733,18576.97815517242,24,6923.0,0.04601805340389179,24,6923.0
31205.0,51,78202.0,1221.90625,1.1645953533252391,81516.85702497512,1273.7008910152365,1093020.7470000002,17078.449171875,25,7017.0,0.08042844875036427,25,7017.0
31210.0,49,78318.0,1204.8923076923077,1.7906905232552666,81804.10464233026,1258.5246868050813,1108567.9170000001,17054.89103076923,22,6888.0,0.14605522397005327,22,6888.0
31215.0,48,78454.0,1206.9846153846154,1.856557030351897,82084.17570516189,1262.8334723871064,1108567.9170000001,17054.89103076923,20,6805.0,0.06541458279566693,20,6805.0
31220.0,49,78644.0,1173.7910447761194,1.868065928621257,82369.8930748082,1229.4013891762424,1108568.3250000002,16545.79589552239,22,6883.0,0.06210939699945106,22,6883.0
31225.0,52,78886.0,1252.1587301587301,1.1974910059001307,82356.01927951873,1307.2384012622026,1046489.729,16610.94807936508,26,6986.0,0.04150512827361478,26,6986.0
31230.0,50,79075.0,1255.1587301587301,1.3225844646148632,82423.94969874765,1308.3166618848832,1031042.6840000001,16365.75688888889,24,7025.0,0.0742666139135462,24,7025.0
31235.0,54,79338.0,1202.090909090909,1.486489936575664,82712.52380900885,1253.2200577122555,1062173.034,16093.530818181818,28,7128.0,0.041292746376102994,28,7128.0
31240.0,58,79618.0,1206.3333333333333,1.1276642381932989,82958.50493361257,1256.9470444486758,1093293.026,16565.04584848485,31,7248.0,0.05541968680504383,31,7248.0
31245.0,60,79914.0,1210.8181818181818,0.3200819325909296,83222.80634694362,1260.951611317328,1093290.8020000001,16565.01215151515,32,7378.0,0.0018141942756919925,32,7378.0
31250.0,55,80059.0,1231.676923076923,1.1281292812237202,83512.28300597309,1284.8043539380478,1093290.8020000001,16819.858492307692,27,7282.0,0.040917128774931956,27,7282.0
31255.0,52,80228.0,1234.2769230769231,1.7598484587918646,83800.21809214419,1289.2341244945267,1093290.8020000001,16819.858492307692,24,7214.0,0.08898779400928448,24,7214.0
31260.0,49,80373.0,1275.7619047619048,1.807269474267689,83910.47640994091,1331.9123239673163,1062238.827,16860.933761904762,22,7127.0,0.06908261863792695,22,7127.0
31265.0,49,80596.0,1259.3125,1.7153496064023792,83947.03612056223,1311.6724393837846,1031216.74,16112.7615625,22,7225.0,0.08626441827020612,22,7225.0
31270.0,53,80847.0,1243.8,1.3424523100563603,84052.49629366265,1293.1153275948097,1015727.6389999999,15626.579061538461,25,7334.0,0.12084601270257063,25,7334.0
31275.0,51,81044.0,1246.8307692307692,1.6694928374918379,84171.84399105202,1294.9514460161854,1015823.038,15628.046738461539,25,7371.0,0.08533149024027989,25,7371.0
31280.0,55,81308.0,1213.55223880597,1.3232457297246447,84460.95384979449,1260.6112514894708,1046980.44,15626.573731343284,28,7475.0,0.07719635925693868,28,7475.0
31285.0,58,81587.0,1182.4202898550725,1.2097316434000254,84744.8258107927,1228.1858813158367,1062561.05,15399.435507246377,32,7594.0,0.02528742287085859,32,7594.0
31290.0,59,81881.0,1169.7285714285715,1.3558274828915475,85050.51523047603,1215.0073604353722,1093719.2500000002,15624.560714285717,33,7728.0,0.060427177994231876,33,7728.0
31295.0,53,81291.0,1161.3,0.8982943083906421,85277.37833692296,1218.248261956043,1109292.666,15847.038085714285,24,7377.0,0.047056023701447715,24,7377.0
31300.0,55,81418.0,1146.7323943661972,1.593084912561244,85593.74099018514,1205.5456477490864,1124869.887,15843.237845070424,24,7204.0,0.08488867038012478,24,7204.0
31305.0,49,81588.0,1165.5428571428572,1.4542759315636262,85887.82687274307,1226.9689553249016,1109286.5520000001,15846.950742857145,22,7221.0,0.05830214302184011,22,7221.0
31310.0,51,81802.0,1185.536231884058,1.3941303549714164,85998.2099284961,1246.350868528929,1078125.7650000001,15625.011086956523,25,7311.0,0.03367912477596581,25,7311.0
31315.0,54,82057.0,1172.2428571428572,1.4190766793448073,86302.79675406209,1232.8970964866014,1093722.986,15624.614085714285,28,7422.0,0.05594185352724769,28,7422.0
31320.0,47,81452.0,1253.1076923076923,1.444929704644677,85878.55023188889,1321.2084651059831,1062614.707,16347.918569230771,21,6787.0,0.07487453242300728,21,6787.0
31325.0,51,81697.0,1134.6805555555557,2.2470091900004268,86168.88264910421,1196.7900367931147,1078212.599,14975.17498611111,25,6747.0,0.001237780400428031,25,6747.0
31330.0,54,81960.0,1154.3661971830986,2.661209109148034,86311.40326553101,1215.6535671201557,1078211.967,15186.08404225352,27,6849.0,0.08588359402158742,27,6849.0
31335.0,56,82237.0,1305.3492063492063,0.49015461686469347,85901.31353202119,1363.5129132066859,1078203.723,17114.34480952381,28,6956.0,0.020577833887673945,28,6956.0
31340.0,55,82375.0,1350.4098360655737,0.47271712471210586,86107.5137084735,1411.5985853848117,1078203.171,17675.46181967213,27,6876.0,0.009902962851841054,27,6876.0
31345.0,50,82521.0,1352.8032786885246,1.2971507209174276,86392.0970034978,1416.2638853032431,1078203.171,17675.46181967213,22,6822.0,0.04362220751639456,22,6822.0
31350.0,47,82659.0,1333.2096774193549,1.442586190727495,86633.30420556731,1397.3113581543118,1062627.2179999999,17139.148677419358,20,6891.0,0.05947780465011453,20,6891.0
31355.0,50,82898.0,1337.0645161290322,1.2620066270712804,86676.68393997317,1398.01103128989,1047134.129,16889.26014516129,23,6991.0,0.03636431539404006,23,6991.0
31360.0,46,82857.0,1336.4032258064517,1.551720756253709,86732.06036077494,1398.904199367338,1047250.1109999999,16891.130822580642,19,6856.0,0.11272394182902246,19,6856.0
31365.0,49,83089.0,1258.9242424242425,1.8934109756535669,87009.55633475845,1318.326611132704,1062871.345,16104.111287878788,23,6883.0,0.05746906133144422,23,6883.0
31370.0,53,83346.0,1262.8181818181818,2.053852576370247,87203.39226187703,1321.2635191193494,1094103.894,16577.331727272725,26,6980.0,0.09124668149775245,26,6980.0
31375.0,57,83617.0,1286.4153846153847,0.8399235622849466,87365.8973055366,1344.0907277774866,1094102.306,16832.34316923077,29,7087.0,0.01934967063257289,29,7087.0
31380.0,52,83751.0,1350.8225806451612,1.2132365956258422,87509.41714358662,1411.442211993333,1094099.306,17646.763,24,6973.0,0.049751285697005966,24,6973.0
31385.0,49,83911.0,1271.378787878788,1.9390181824556334,87792.21228890133,1330.1850346803233,1094099.645,16577.26734848485,21,6919.0,0.07790227807226302,21,6919.0
31390.0,48,84070.0,1293.3846153846155,2.010714444141142,87935.86904760389,1352.8595238092907,1078537.915,16592.890999999996,20,6991.0,0.10003265488692636,20,6991.0
31395.0,50,84278.0,1359.3225806451612,0.7470251198676685,87939.68919264564,1418.3820837523501,1031806.624,16642.042322580648,24,7091.0,0.04376624945028107,24,7091.0
31400.0,51,84460.0,1319.6875,1.14547166948339,88117.03968438276,1376.8287450684809,1031882.115,16123.158046875,25,7135.0,0.0353013311010183,25,7135.0
31405.0,55,84723.0,1264.5223880597016,2.007254953583978,88404.42971416486,1319.4691002114162,1063160.633,15868.06914925373,28,7233.0,0.05678928020331865,28,7233.0
31410.0,56,84997.0,1268.6119402985075,1.3999689197012253,88676.34282643323,1323.5275048721383,1078794.113,16101.404671641789,30,7347.0,0.05617577023715275,30,7347.0
31415.0,63,85297.0,1312.2615384615385,0.3437881209558084,88897.84397335531,1367.6591380516206,1094430.663,16837.394815384618,35,7484.0,7.741726731690359e-05,35,7484.0
31420.0,56,85450.0,1335.15625,0.8168115656853729,89191.2802551241,1393.6137539863148,1094430.663,17100.479109375,28,7417.0,0.041955060378864185,28,7417.0
31425.0,53,85627.0,1297.378787878788,1.6202258727817482,89485.92021850949,1355.847276038024,1094431.647,16582.297681818185,25,7360.0,0.04615212637180847,25,7360.0
31430.0,51,85802.0,1320.0307692307692,1.847153127740714,89756.53863545983,1380.869825160921,1078791.54,16596.792923076922,23,7446.0,0.05711378871488835,23,7446.0
31435.0,53,86025.0,1365.4761904761904,0.9538329082842087,89760.6012262069,1424.7714480350303,1047650.3030000001,16629.369888888887,26,7559.0,0.06890989611548037,26,7559.0
31440.0,53,86225.0,1390.725806451613,0.8450689914415246,89797.53934044992,1448.347408716935,1032154.011,16647.645338709677,27,7616.0,0.05633685314108664,27,7616.0
31445.0,57,86500.0,1235.7142857142858,1.2073213295338263,90102.13569477815,1287.17336706826,1063472.735,15192.46764285714,30,7731.0,0.012642947010436044,30,7731.0
31450.0,60,86786.0,1205.361111111111,1.8241693326170239,90375.3307353886,1255.2129268803976,1079128.295,14987.89298611111,32,7857.0,0.12030063481174114,32,7857.0
31455.0,61,87083.0,1244.0428571428572,0.38353315713008573,90641.44300556894,1294.8777572224137,1094785.796,15639.797085714285,34,7992.0,0.011678437833164643,34,7992.0
31460.0,56,86584.0,1236.9142857142858,1.085077108730707,90971.61952726069,1299.5945646751532,1094785.796,15639.797085714285,28,7469.0,0.06696172004222231,28,7469.0
31465.0,55,86668.0,1203.7222222222222,1.4594754192777233,91291.15789381079,1267.9327485251501,1094788.952,15205.402111111112,26,7286.0,0.05771686633209293,26,7286.0
31470.0,54,86864.0,1258.8985507246377,1.1966628838808926,91178.53712163934,1321.4280742266578,1063561.117,15413.92923188406,26,7379.0,0.06859742944605259,26,7379.0
31475.0,58,87116.0,1226.9859154929577,0.8081293788715496,91259.2092922502,1285.3409759471865,1063573.07,14979.902394366198,30,7508.0,0.014395859797912304,30,7508.0
31480.0,51,60302.0,861.4571428571429,1.3996637599039978,91275.3407387829,1303.9334391254704,1079240.092,15417.715599999996,29,6651.0,0.06422530720436317,29,6651.0
31485.0,52,47030.0,644.2465753424658,2.1939384011029164,91582.69631319783,1254.5574837424356,1110585.775,15213.503767123286,34,3814.0,0.06553002728447122,34,3814.0
31490.0,47,20225.0,280.90277777777777,2.188864635510777,91727.91377573025,1273.9988024406982,1094998.9849999999,15208.319236111109,38,7953.0,0.0324147078931104,38,7953.0
31495.0,47,1542.0,22.347826086956523,2.096689331635227,80439.82851941028,1165.794616223338,1020224.3929999999,14785.860768115943,44,9118.0,0.0010449041699777313,44,9118.0
31500.0,40,792.0,12.0,2.17979613480981,66573.17534451971,1008.6844749169658,948053.061,14364.440318181818,34,8456.0,0.030958319061811235,34,8456.0
31505.0,44,998.0,13.306666666666667,2.991794750714068,66855.25933565506,891.4034578087344,1062570.906,14167.612079999999,34,8441.0,0.0,34,8441.0
31510.0,50,1234.0,16.453333333333333,2.613845828684046,64236.801759170245,856.4906901222699,1122446.599,14965.954653333332,34,8571.0,0.07296289433221884,34,8571.0
31515.0,58,1508.0,21.855072463768117,0.6874409310048916,61099.78595177941,885.5041442286874,1153731.081,16720.740304347826,36,8707.0,0.008518157862956992,36,8707.0
31520.0,54,1446.0,21.582089552238806,1.007019818259114,61266.39398007972,914.4237907474587,1182344.025,17646.925746268655,28,8585.0,0.03176552008007314,28,8585.0
31525.0,56,1720.0,24.571428571428573,1.7400333897512157,61571.43390612518,879.5919129446455,1182347.025,16890.671785714283,28,8591.0,0.02217280112698506,28,8591.0
31530.0,56,2000.0,28.985507246376812,1.9587698717533395,61781.177351162034,895.3793819008989,1182348.297,17135.482565217393,28,8682.0,0.06093631911007597,28,8682.0
31535.0,58,2282.0,34.57575757575758,1.444799741711818,61889.568280054606,937.7207315159791,1182344.105,17914.304621212123,30,8784.0,0.006409738782921254,30,8784.0
31540.0,52,2106.0,33.96774193548387,0.9383073994425174,62001.61192636349,1000.0259988123142,1182341.105,19070.017822580645,24,8476.0,0.06263767685228823,24,8476.0
31545.0,50,2025.0,32.142857142857146,1.7742280013626015,62285.61485098698,988.6605531902694,1182341.922,18767.332095238093,22,8278.0,0.07744618728300932,22,8278.0
31550.0,46,2003.0,32.83606557377049,1.5662240190485959,62419.06436234171,1023.2633502023232,1151012.707,18869.060770491804,19,8207.0,0.07530111783581854,19,8207.0
31555.0,50,2179.0,35.721311475409834,0.9754825771110633,62175.55798912853,1019.2714424447299,1119898.35,18358.989344262292,23,8341.0,0.05458717324031964,23,8341.0
31560.0,49,2370.0,39.5,1.162201684029651,62109.34744068059,1035.15579067801,1104403.17,18406.7195,23,8425.0,0.04489556321116671,23,8425.0
31565.0,53,2623.0,39.74242424242424,1.225270258063927,62397.42587208516,945.4155435164415,1135878.482,17210.28003030303,26,8508.0,0.05431312835830405,26,8508.0
31570.0,58,2896.0,43.223880597014926,1.1923703242621608,62670.18961439754,935.3759643939931,1167353.289,17423.183417910448,31,8613.0,0.08154795043364713,31,8613.0
31575.0,59,3188.0,46.88235294117647,0.9799108628113082,62978.54108019039,926.1550158851527,1183089.054,17398.36844117647,33,8735.0,0.04871625295203476,33,8735.0
31580.0,58,3357.0,49.36764705882353,0.9480987181280286,63228.71578974767,929.8340557315834,1198827.0019999999,17629.808852941176,30,8579.0,0.04510158305882336,30,8579.0
31585.0,54,3555.0,52.279411764705884,1.9858172901070348,63528.37165181585,934.2407595855271,1198827.0019999999,17629.808852941176,26,8436.0,0.05893293600974371,26,8436.0
31590.0,49,3722.0,54.73529411764706,1.9269380128988387,63815.824586497176,938.4680086249583,1198827.0019999999,17629.808852941176,22,8406.0,0.08034588509710092,22,8406.0
31595.0,52,3968.0,61.04615384615385,1.0608448643195385,63748.24448990363,980.7422229215939,1136075.781,17478.088938461537,26,8516.0,0.05469664397865864,26,8516.0
31600.0,52,4132.0,64.5625,1.084941831608414,63592.77244776272,993.6370694962924,1120625.506,17509.77353125,25,8510.0,0.03822133920506286,25,8510.0
31605.0,54,4397.0,61.929577464788736,1.655656159262512,63894.17342930845,899.9179356240626,1136376.4,16005.301408450703,28,8605.0,0.05561497247229102,28,8605.0
31610.0,57,4676.0,65.85915492957747,1.8500401632461017,64156.13228855781,903.607497021941,1167867.7100000002,16448.840985915493,31,8714.0,0.08215914939244634,31,8714.0
31615.0,63,4978.0,72.14492753623189,0.41060004216418866,64389.024939034774,933.1742744787647,1183608.8450000002,17153.751376811593,35,8843.0,0.02237987463709843,35,8843.0
31620.0,61,5168.0,74.89855072463769,0.6980159188527948,64714.03295537314,937.8845355851178,1183609.401,17153.759434782605,33,8716.0,0.02003490561331963,33,8716.0
31625.0,56,5357.0,73.38356164383562,1.8668320334905997,65038.863202090164,890.9433315354815,1183611.9570000002,16213.862424657533,28,8611.0,0.07517804620846244,28,8611.0
31630.0,57,5560.0,74.13333333333334,1.6905985637871448,65336.635055164814,871.1551340688642,1167865.6060000001,15571.541413333332,28,8702.0,0.09501505828470694,28,8702.0
31635.0,60,5827.0,80.93055555555556,0.8960280160072716,65187.379482936834,905.3802705963449,1120905.845,15568.136736111112,34,8832.0,0.04867688810638375,34,8832.0
31640.0,56,5507.0,76.48611111111111,1.4665145592088014,65378.53359956959,908.035188882911,1120995.7920000001,15569.385999999999,29,8400.0,0.0737633563180503,29,8400.0
31645.0,59,5795.0,77.26666666666667,2.2156014313889263,65694.04824205903,875.9206432274541,1152517.36,15366.898133333332,33,8476.0,0.04185474650943845,33,8476.0
31650.0,62,6095.0,83.4931506849315,1.5948445026116684,65556.57328616927,898.0352504954694,1184039.6460000002,16219.72117808219,35,8606.0,0.03801927400463795,35,8606.0
31655.0,68,6411.0,91.58571428571429,0.26748151272189613,65657.13015640846,937.9590022344065,1184034.374,16914.776771428573,38,8748.0,2.1058933479033106e-05,38,8748.0
31660.0,59,6580.0,95.3623188405797,0.9277399836056675,65972.02197259085,956.116260472331,1184034.374,17159.918463768117,31,8665.0,0.02751784186229749,31,8665.0
31665.0,55,6744.0,97.73913043478261,1.8469510817336399,66279.75469988902,960.5761550708555,1184034.374,17159.918463768117,27,8639.0,0.10103741501802556,27,8639.0
31670.0,53,6934.0,100.4927536231884,1.8223640132631764,66580.34675937494,964.9325617300716,1184034.374,17159.918463768117,26,8672.0,0.06042959193611662,26,8672.0
31675.0,57,7190.0,110.61538461538461,0.8038762499513249,66493.57783405446,1022.9781205239151,1121139.2689999999,17248.296446153847,30,8791.0,0.043210165438986196,30,8791.0
31680.0,50,7165.0,111.953125,1.3584449358474247,66613.77938689032,1040.8403029201609,1105449.277,17272.644953125004,24,8660.0,0.08674005954103071,24,8660.0
31685.0,55,7432.0,100.43243243243244,1.7148727375516692,66920.6168148453,904.3326596600716,1137016.14,15365.082972972972,28,8706.0,0.020628026740989805,28,8706.0
31690.0,58,7708.0,104.16216216216216,2.4788981047885144,67117.755861976,906.9967008375132,1168574.1459999997,15791.54251351351,31,8815.0,0.12360015424946053,31,8815.0
31695.0,59,7996.0,111.05555555555556,1.1732402352955367,67311.6620619897,934.884195305413,1184354.3099999998,16449.365416666667,33,8933.0,0.0749719766482827,33,8933.0
31700.0,57,7108.0,100.11267605633803,0.7639619969939994,67507.28599827956,950.806845046191,1200128.5569999998,16903.21911267605,29,8351.0,0.042562368457230236,29,8351.0
31705.0,51,6972.0,98.19718309859155,1.177439269292269,67834.49799146474,955.4154646685173,1200128.5569999998,16903.21911267605,22,7989.0,0.04899077913377557,22,7989.0
31710.0,51,7169.0,100.97183098591549,1.24256157439277,67798.59217780578,954.9097489831796,1184365.0709999998,16681.19818309859,23,8059.0,0.044659400720650035,23,8059.0
31715.0,55,7409.0,105.84285714285714,1.2008443368328723,68103.2937767406,972.9041968105797,1152803.83,16468.62614285714,29,8160.0,0.008129923384220021,29,8160.0
31720.0,57,7581.0,109.8695652173913,1.162843598266897,67867.32555122666,983.5844282786469,1168596.507,16936.181260869565,31,8162.0,0.02994635403897986,31,8162.0
31725.0,60,7875.0,114.1304347826087,1.3323609063752313,67941.18370931305,984.6548363668558,1168593.429,16936.13665217391,32,8282.0,1.4260534382953946e-05,32,8282.0
31730.0,60,8175.0,122.01492537313433,1.2196734901723252,68187.08087498519,1017.7176249997786,1168590.0769999998,17441.642940298505,32,8402.0,0.029916343685405685,32,8402.0
31735.0,61,8477.0,130.41538461538462,0.4374141971309282,68304.40308069227,1050.8369704721886,1152849.833,17736.151276923076,33,8524.0,4.3205484122510144e-05,33,8524.0
31740.0,56,8605.0,136.5873015873016,0.794680717175962,68565.88635549245,1088.3474024681339,1152849.833,18299.203698412697,28,8434.0,0.014961447975794375,28,8434.0
31745.0,52,8755.0,132.65151515151516,1.5955279517100898,68863.04710225484,1043.3795015493156,1152849.833,17467.42171212121,24,8334.0,0.076045876231488,24,8334.0
31750.0,51,8870.0,134.3939393939394,1.6934137227098527,69152.56913356931,1047.7661989934743,1152849.833,17467.42171212121,24,8410.0,0.10238186053907697,24,8410.0
31755.0,53,9101.0,140.01538461538462,0.7067643219460135,69181.82853041327,1064.3358235448195,1137183.582,17495.13203076923,27,8534.0,0.03388673064797369,27,8534.0
31760.0,54,9332.0,141.3939393939394,1.1631385447873879,69226.64096005533,1048.8884993947775,1121520.416,16992.733575757575,28,8624.0,0.04717965182336067,28,8624.0
31765.0,57,9610.0,135.35211267605635,1.8556299358343018,69531.4171277989,979.3157341943504,1153176.486,16241.92233802817,31,8732.0,0.047035699206765015,31,8732.0
31770.0,61,9904.0,137.55555555555554,1.2705749655486134,69826.90835455856,969.818171591091,1184829.159,16455.960541666667,34,8856.0,0.04679404814875939,34,8856.0
31775.0,67,10223.0,146.04285714285714,0.13350023132119082,70100.38256377127,1001.4340366253036,1184829.193,16926.131328571428,39,9000.0,0.0020283637148711194,39,9000.0
31780.0,56,10055.0,141.61971830985917,1.1270232850706345,70434.25250792711,992.0317254637617,1184832.227,16687.77784507042,28,8484.0,0.07666308720018378,28,8484.0
31785.0,52,10140.0,138.9041095890411,1.4678711224363512,70755.17352666403,969.248952420055,1184833.219,16230.592041095892,23,8294.0,0.0790597907806296,23,8294.0
31790.0,52,10327.0,143.43055555555554,1.6599289807004294,71021.08940309133,986.4040194873796,1169040.125,16236.668402777777,24,8372.0,0.0394308035993415,24,8372.0
31795.0,57,10573.0,153.231884057971,0.7907244674101408,70757.89583919749,1025.4767512927167,1153311.359,16714.657376811592,31,8506.0,0.03910077693223901,31,8506.0
31800.0,57,10798.0,156.4927536231884,1.0884140405511036,70918.51718386353,1027.804596867587,1169153.077,16944.247492753624,31,8561.0,0.02719808172850811,31,8561.0
31805.0,61,11096.0,149.94594594594594,1.4293565478476886,71085.89790642692,960.620241978742,1200842.6060000001,16227.602783783786,35,8690.0,0.031278151154240194,35,8690.0
31810.0,66,11411.0,156.31506849315068,1.1081539620687093,71221.84097241474,975.641657156366,1185081.1220000002,16233.98797260274,36,8830.0,0.07136769679288485,36,8830.0
31815.0,67,11737.0,165.30985915492957,0.37206960102392617,71505.43169289248,1007.1187562379221,1185081.1220000002,16691.283408450705,39,8976.0,0.011686190737392334,39,8976.0
31820.0,62,11897.0,167.56338028169014,0.8444504849880633,71843.59508829904,1011.881620961958,1185081.1220000002,16691.283408450705,34,8838.0,0.051413740250926716,34,8838.0
31825.0,59,12070.0,170.0,1.3872711655741459,72169.11807442261,1016.466451752431,1185081.1220000002,16691.283408450705,31,8757.0,0.04673110745634494,31,8757.0
31830.0,57,12283.0,175.47142857142856,1.5167944619702973,72313.81729677165,1033.0545328110234,1169319.8020000001,16704.5686,29,8769.0,0.0567325741797797,29,8769.0
31835.0,60,12518.0,178.82857142857142,0.75705868485174,72266.23402962637,1032.374771851805,1121981.5380000002,16028.307685714288,31,8903.0,0.039344092792105184,31,8903.0
31840.0,50,11715.0,167.35714285714286,1.9036021726801013,72440.24424891437,1034.8606321273478,1122070.314,16029.575914285715,23,8137.0,0.0883330498666246,23,8137.0
31845.0,53,11969.0,161.74324324324326,2.7173227078025044,72598.55203483242,981.0615139842217,1138031.52,15378.804324324325,27,8036.0,0.0784001233397127,27,8036.0
31850.0,59,12245.0,165.47297297297297,2.280181250767879,72574.90899570311,980.7420134554472,1169770.141,15807.70460810811,32,8142.0,0.04271689028177037,32,8142.0
31855.0,61,12544.0,184.47058823529412,0.7834648738407897,72092.70915005832,1060.1868992655632,1185629.261,17435.724426470588,35,8271.0,0.049194120973127226,35,8271.0
31860.0,58,12710.0,189.70149253731344,1.0051610819478707,72345.43308865407,1079.782583412748,1201497.485,17932.79828358209,30,8155.0,0.06421879420725639,30,8155.0
31865.0,54,12897.0,179.125,1.916137715087392,72657.12258361433,1009.1267025501996,1201501.193,16687.516569444444,26,8076.0,0.04479346334822014,26,8076.0
31870.0,51,13069.0,186.7,1.9992807362546785,72779.36933791779,1039.7052762559683,1169848.523,16712.121757142857,24,8159.0,0.091288373531642,24,8159.0
31875.0,55,13321.0,198.82089552238807,0.6481311516579189,72758.64241171125,1085.949886741959,1122434.0300000003,16752.74671641791,28,8264.0,0.05141053857336602,28,8264.0
31880.0,50,13247.0,197.71641791044777,1.1158316087264841,72968.82171939738,1089.0868913342895,1122488.0210000002,16753.55255223881,24,8127.0,0.03749739075494934,24,8127.0
31885.0,53,13508.0,192.97142857142856,1.8682369210229386,73267.16863203498,1046.6738376004996,1154247.779,16489.253985714287,27,8130.0,0.05672604785978022,27,8130.0
31890.0,57,13785.0,188.83561643835617,1.848466620572726,73505.94433585495,1006.9307443267807,1170130.777,16029.188726027398,31,8237.0,0.06134757843187501,31,8237.0
31895.0,60,14076.0,201.0857142857143,1.4305612716295943,73626.70623018092,1051.810089002585,1186007.099,16942.958557142858,33,8357.0,0.03948310326628336,33,8357.0
31900.0,56,14238.0,212.50746268656715,1.03041742130645,73804.14141140571,1101.5543494239662,1186000.745,17701.50365671642,28,8279.0,0.05196549880695813,28,8279.0
31905.0,55,14424.0,218.54545454545453,1.5054741438969699,74060.15314489628,1122.1235324984289,1186000.745,17969.70825757576,27,8212.0,0.060814960222218155,27,8212.0
31910.0,51,14586.0,221.0,1.7277818875840223,74347.23992330983,1126.473332171361,1186000.745,17969.70825757576,24,8226.0,0.062301045345244235,24,8226.0
31915.0,53,14827.0,231.671875,0.8877776528812467,74233.42000149246,1159.8971875233192,1122662.952,17541.608625,26,8327.0,0.04706002933362513,26,8327.0
31920.0,51,15003.0,238.14285714285714,1.0738026046974751,74325.88479717963,1179.775949161582,1106876.5740000003,17569.46942857143,25,8354.0,0.045326631362996014,25,8354.0
31925.0,55,15268.0,215.04225352112675,1.5166895933382918,74626.9019672024,1051.0831262986258,1138674.7680000002,16037.672788732394,29,8435.0,0.08203604315149585,29,8435.0
31930.0,59,15551.0,215.98611111111111,1.6788039756251232,74915.47312400881,1040.4926822779005,1170466.914,16256.484916666665,32,8548.0,0.10902710693043186,32,8548.0
31935.0,64,15854.0,214.24324324324326,0.7495554745539268,75194.17769002193,1016.1375363516477,1186369.6900000002,16032.02283783784,38,8681.0,0.03455290482003653,38,8681.0
31940.0,62,16044.0,216.8108108108108,0.988381287838382,75511.75730473122,1020.4291527666385,1186369.188,16032.016054054053,34,8655.0,0.03992892017911375,34,8655.0
31945.0,59,16241.0,222.4794520547945,1.6606588726398723,75798.8364065899,1038.3402247478068,1186369.188,16251.632712328765,31,8590.0,0.02593403394672004,31,8590.0
31950.0,55,16458.0,225.45205479452054,1.6493132939722037,76114.94592782264,1042.6704921619541,1186369.188,16251.632712328765,28,8696.0,0.06799282733413664,28,8696.0
31955.0,60,16733.0,239.04285714285714,0.8601788046370805,76100.39522075024,1087.1485031535751,1122903.0850000002,16041.472642857143,33,8827.0,0.04119205632718818,33,8827.0
31960.0,52,16453.0,238.44927536231884,1.637001650067171,76239.48294750182,1104.9200427174176,1107082.541,16044.674507246376,26,8417.0,0.0985822237698678,26,8417.0
31965.0,57,16725.0,226.01351351351352,1.9540484686141864,76545.37890269054,1034.3970121985208,1138903.7920000001,15390.591783783782,31,8492.0,0.02173509747700118,31,8492.0
31970.0,61,17019.0,229.98648648648648,1.9716766068214915,76629.37197943157,1035.5320537761022,1170726.906,15820.633864864863,34,8616.0,0.04454117499026296,34,8616.0
31975.0,61,17323.0,251.05797101449275,0.9346605617050385,76577.57372910346,1109.8199091174415,1186630.768,17197.547362318845,35,8750.0,0.07141359524884891,35,8750.0
31980.0,59,17495.0,257.27941176470586,0.6491959921173523,76854.88276788457,1130.218864233597,1202536.0599999998,17684.35382352941,32,8708.0,0.023701050764441362,32,8708.0
31985.0,56,17699.0,249.28169014084506,1.925173383640639,77171.8987375515,1086.9281512331195,1202536.0599999998,16937.127605633803,28,8695.0,0.05244354227632911,28,8695.0
31990.0,54,17895.0,248.54166666666666,2.0939151545232435,77428.12159966593,1075.3905777731384,1186638.8760000002,16481.0955,24,8725.0,0.09335860558214794,24,8725.0
31995.0,55,18135.0,266.69117647058823,1.037177307251917,77409.61308449283,1138.3766630072473,1123110.1430000002,16516.32563235294,28,8829.0,0.04961501664379836,28,8829.0
32000.0,49,18069.0,265.72058823529414,1.594271175983036,77624.07914072131,1141.5305755988425,1123151.4180000003,16516.93261764706,23,8692.0,0.09061515559206011,23,8692.0
32005.0,55,18327.0,251.05479452054794,2.095845086958166,77839.25135042338,1066.2911143893616,1139124.4560000002,15604.444602739726,28,8699.0,0.08140151906215327,28,8699.0
32010.0,59,18600.0,248.0,2.1788849203788536,78087.09696969064,1041.1612929292082,1170962.5240000004,15612.833653333337,32,8796.0,0.07127421315530684,32,8796.0
32015.0,63,18894.0,258.82191780821915,1.0003312356283223,78213.38417298702,1071.4162215477677,1186884.2920000004,16258.688931506851,35,8920.0,0.020002509834493885,35,8920.0
32020.0,53,17992.0,253.40845070422534,1.4978990787221789,78400.31229021036,1104.2297505663432,1202800.9620000003,16940.85861971831,26,8248.0,0.05778940309234257,26,8248.0
32025.0,50,17865.0,255.21428571428572,1.8082137720652842,78665.60202521125,1123.7943146458747,1202800.9620000003,17182.87088571429,20,7864.0,0.12298810825853418,20,7864.0
32030.0,49,18008.0,264.8235294117647,1.1777599108440366,78500.4553682035,1154.4184612971103,1186898.566,17454.39067647059,21,7916.0,0.0697607060922835,21,7916.0
32035.0,53,18240.0,272.23880597014926,1.0388105593657944,78778.8231241297,1175.8033302108913,1170984.27,17477.37716417911,26,8008.0,0.017334572442914236,26,8008.0
32040.0,55,18456.0,275.46268656716416,1.0943377239663523,79073.91825162199,1180.2077350988354,1170999.284,17477.601253731344,28,8066.0,0.0034090529822140394,28,8066.0
32045.0,58,18741.0,263.9577464788732,1.273529323197868,78714.04109000743,1108.6484660564424,1171044.165,16493.579788732393,32,8181.0,0.023889894892571612,32,8181.0
32050.0,60,19039.0,275.92753623188406,1.5986270357694796,78760.89441258987,1141.4622378636216,1171041.061,16971.609579710144,32,8301.0,0.10533959292105055,32,8301.0
32055.0,62,19343.0,288.7014925373134,0.24261403293241626,79025.15006768102,1179.4798517564332,1171041.061,17478.22479104478,34,8425.0,0.03469794868064182,34,8425.0
32060.0,61,19500.0,291.04477611940297,0.5020213953759117,79353.64322580466,1184.3827347135023,1171041.061,17478.22479104478,33,8373.0,0.013113956278916523,33,8373.0
32065.0,57,19677.0,293.6865671641791,1.2815989613109287,79665.163276736,1189.032287712478,1171041.061,17478.22479104478,29,8343.0,0.05780995225222471,29,8343.0
32070.0,53,19817.0,295.7761194029851,1.3615480418360286,79825.95001478487,1191.4320897729083,1139213.8490000002,17003.1917761194,26,8368.0,0.06096814490747684,26,8368.0
32075.0,56,20061.0,299.4179104477612,1.2385828607666085,79904.99498508188,1192.611865448983,1123371.4020000002,16766.737343283578,29,8489.0,0.041326422497002635,29,8489.0
32080.0,53,20226.0,301.8805970149254,1.2693752721573757,80103.65740164393,1195.5769761439385,1123420.178,16767.46534328358,27,8507.0,0.06127715715444031,27,8507.0
32085.0,58,20505.0,288.80281690140845,1.6335514183942215,80312.65441479912,1131.1641466873116,1139435.234,16048.383577464789,31,8616.0,0.03354283743181499,31,8616.0
32090.0,60,20795.0,284.86301369863014,1.7844351060862804,80624.50382441381,1104.4452578686821,1155397.1909999999,15827.358780821916,34,8736.0,0.048286416450610326,34,8736.0
32095.0,62,21101.0,289.05479452054794,0.9688998644599195,80823.42188012008,1107.1701627413709,1187322.172,16264.687287671233,36,8872.0,0.06534518644094643,36,8872.0
32100.0,55,20961.0,291.125,1.4164943745955307,81116.4832314246,1126.617822658675,1203280.73,16712.23236111111,28,8402.0,0.059728790346432144,28,8402.0
32105.0,51,21051.0,280.68,1.7424607057091195,81442.9357892472,1085.9058105232957,1203280.73,16043.74306666667,22,8201.0,0.07703192370842181,22,8201.0
32110.0,53,21245.0,287.0945945945946,1.7195497864794398,81747.13532154496,1104.6910178587154,1187314.206,16044.786567567568,25,8277.0,0.07665744354315959,25,8277.0
32115.0,59,21503.0,307.1857142857143,0.8074734833490004,81742.14949040244,1167.7449927200348,1139479.763,16278.282328571433,33,8395.0,0.035804931430668034,33,8395.0
32120.0,59,21757.0,302.18055555555554,0.945216107767206,81656.58533838346,1134.1192408108811,1171424.5960000001,16269.786055555554,32,8490.0,0.0027487757364067105,32,8490.0
32125.0,62,22059.0,306.375,1.37807168854349,81817.80016390826,1136.358335609837,1171421.084,16269.737277777778,35,8622.0,3.555684948851403e-05,35,8622.0
32130.0,64,22372.0,315.09859154929575,1.084960722087393,82123.14083650893,1156.663955443788,1171420.156,16498.875436619717,36,8758.0,0.028793141601882503,36,8758.0
32135.0,66,22699.0,333.80882352941177,0.22190459093144302,82259.25449985793,1209.694919115557,1155508.374,16992.770205882352,38,8905.0,1.52809562979299e-05,38,8905.0
32140.0,61,22865.0,341.2686567164179,0.47595051829421675,82581.32120758742,1232.5570329490654,1155508.374,17246.393641791045,33,8823.0,0.03588077521671768,33,8823.0
32145.0,57,23047.0,329.24285714285713,0.9991162024251322,82900.43985376351,1184.291997910907,1155509.499,16507.278557142858,29,8744.0,0.03867111720913497,29,8744.0
32150.0,55,23222.0,331.74285714285713,1.5504034387586934,83215.38463093854,1188.7912090134075,1155509.499,16507.278557142858,27,8842.0,0.07462017518623706,27,8842.0
32155.0,58,23451.0,339.8695652173913,0.9344434933313666,83239.63136870123,1206.371469111612,1139686.92,16517.201739130433,31,8975.0,0.06053287267310919,31,8975.0
32160.0,50,22590.0,332.20588235294116,1.5205283152170668,83290.67215750879,1224.8628258457168,1123850.756,16527.217,24,8186.0,0.08813110037918345,24,8186.0
32165.0,54,22852.0,300.6842105263158,2.8847492332782196,83591.01032986392,1099.88171486663,1155864.4819999998,15208.743184210527,28,8061.0,0.07285638803082266,28,8061.0
32170.0,59,23127.0,296.5,2.5153151403751535,83462.43279078351,1070.031189625429,1187874.331,15229.158089743587,30,8166.0,0.11365768464792406,30,8166.0
32175.0,61,23423.0,329.90140845070425,0.7805893097170131,83025.95424595078,1169.379637266912,1187866.193,16730.50976056338,33,8287.0,0.02376883349653882,33,8287.0
32180.0,59,23578.0,341.71014492753625,1.2861185519690033,83298.76902934625,1207.2285366571914,1187865.4789999998,17215.441724637683,31,8269.0,0.07196495000982091,31,8269.0
32185.0,61,23877.0,346.04347826086956,1.293203766543514,83609.57757195688,1211.7330082892297,1187865.4789999998,17215.441724637683,32,8379.0,8.047833026008858e-06,32,8379.0
32190.0,60,24175.0,366.2878787878788,0.948156046679719,83845.69719741013,1270.3893514759109,1187865.265,17997.958560606057,32,8499.0,0.0,32,8499.0
32195.0,62,24475.0,365.2985074626866,0.8295264475577022,84117.83052916154,1255.490007897933,1187864.123,17729.315268656715,32,8619.0,0.0,32,8619.0
32200.0,53,24470.0,388.41269841269843,1.131283323043466,84286.94768142208,1337.888058435271,1187861.123,18854.93846031746,25,8370.0,0.04577811397201463,25,8370.0
32205.0,49,24511.0,382.984375,2.06156428183324,84568.31833753047,1321.3799740239133,1187861.123,18560.330046875002,21,8206.0,0.10975256294023902,21,8206.0
32210.0,47,24592.0,390.3492063492063,2.023208049473308,84661.19966457273,1343.828566104329,1171938.213,18602.193857142858,20,8174.0,0.10459367088979238,20,8174.0
32215.0,51,24799.0,413.31666666666666,0.9069468889906898,84501.13753894129,1408.352292315688,1124145.474,18735.7579,24,8285.0,0.04760838292397621,24,8285.0
32220.0,50,25026.0,424.1694915254237,0.921083729234947,84504.29034590357,1432.276107557688,1108289.3199999998,18784.564745762713,24,8378.0,0.06490692156080145,24,8378.0
32225.0,53,25288.0,383.1515151515151,1.4321203277748802,84796.8756217399,1284.801145783938,1140377.224,17278.442787878786,27,8470.0,0.04965504550869437,27,8470.0
32230.0,57,25564.0,381.55223880597015,1.524135368586285,85073.20232055713,1269.7492883665243,1172460.338,17499.408029850747,30,8576.0,0.10784246781869251,30,8576.0
32235.0,60,25855.0,391.74242424242425,0.39080543372508464,85346.95509658466,1293.1356832815854,1188499.543,18007.568833333335,34,8697.0,0.03620609475344499,34,8697.0
32240.0,59,26010.0,388.2089552238806,0.6444311992003333,85671.70796204232,1278.6822083886914,1204535.155,17978.136641791047,31,8539.0,0.019369298941128113,31,8539.0
32245.0,56,26206.0,369.09859154929575,1.760563347830003,85983.31543538207,1211.0326117659447,1204538.6230000001,16965.33271830986,28,8435.0,0.03580723024602098,28,8435.0
32250.0,51,26394.0,366.5833333333333,2.0510430001332485,86079.03402452856,1195.5421392295632,1172575.2459999998,16285.767305555557,24,8518.0,0.1137216060020035,24,8518.0
32255.0,56,26645.0,380.64285714285717,1.03675206373043,86077.542499057,1229.679178557957,1124626.0359999998,16066.08622857143,29,8620.0,0.04793908349561717,29,8620.0
32260.0,57,26834.0,377.943661971831,1.1778538328949035,86400.83787803004,1216.9132095497189,1140682.7299999997,16065.95394366197,31,8651.0,0.05158360431022289,31,8651.0
32265.0,61,27129.0,376.7916666666667,1.49740375779026,86580.27608693646,1202.5038345407847,1156827.896,16067.05411111111,35,8777.0,0.06394825530178322,35,8777.0
32270.0,63,27437.0,375.8493150684931,1.1562871153098309,86875.61424382825,1190.0769074497023,1188926.1339999998,16286.659369863011,36,8915.0,0.005335001037990078,36,8915.0
32275.0,67,27766.0,402.40579710144925,0.10829769756784927,87095.12599754361,1262.2482028629508,1188923.9919999999,17230.78249275362,39,9069.0,1.5796612255111547e-06,39,9069.0
32280.0,55,27139.0,393.3188405797101,1.231838794607991,87421.89391757321,1266.9839698199014,1188923.9919999999,17230.78249275362,27,8501.0,0.0262137569801655,27,8501.0
32285.0,48,27124.0,371.56164383561645,2.1538344465337045,87730.18846514903,1201.7834036321785,1188926.9919999999,16286.67112328767,19,8150.0,0.09283459092343976,19,8150.0
32290.0,50,27297.0,373.93150684931504,2.4931882181043363,88030.65278247402,1205.8993531845754,1188926.9919999999,16286.67112328767,22,8217.0,0.13732587132288904,22,8217.0
32295.0,56,27534.0,404.9117647058824,0.8666386134357866,87503.4943082759,1286.8160927687634,1140909.953,16778.087544117643,30,8340.0,0.041729216773634295,30,8340.0
32300.0,56,27795.0,397.07142857142856,1.2288437002121737,87440.67787889915,1249.1525411271305,1173048.2189999998,16757.8317,29,8431.0,0.0333845156044066,29,8431.0
32305.0,58,28081.0,395.50704225352115,1.7052616560812965,87753.19339291977,1235.9604703228133,1189113.7189999998,16748.080549295773,32,8548.0,0.029067215505061885,32,8548.0
32310.0,62,28385.0,411.3768115942029,0.682315281826166,87921.29002425575,1274.2215945544315,1189173.547,17234.399231884057,35,8681.0,0.016930791449538206,35,8681.0
32315.0,66,28712.0,428.53731343283584,0.11661403570182591,88222.96594923401,1316.760685809463,1189170.547,17748.814134328353,38,8828.0,1.8861198783575203e-05,38,8828.0
32320.0,59,28861.0,430.76119402985074,0.8499586607509533,88545.53767509556,1321.5751891805307,1189170.547,17748.814134328353,31,8698.0,0.044725801634181404,31,8698.0
32325.0,56,29044.0,397.86301369863014,1.7251303634901904,88858.89849758505,1217.2451848984254,1189174.758,16290.065178082194,28,8663.0,0.053479591773608746,28,8663.0
32330.0,51,29199.0,405.5416666666667,2.313856774248263,89121.24360720493,1237.7950501000685,1173124.576,16293.39688888889,24,8686.0,0.10269062551179652,24,8686.0
32335.0,57,29443.0,426.71014492753625,0.79719512958196,89027.45211058088,1290.2529291388532,1125104.586,16305.863565217389,30,8800.0,0.05479085030837316,30,8800.0
32340.0,49,28676.0,415.59420289855075,1.6247586823586704,89245.05914606649,1293.4066542908188,1125153.362,16306.570463768116,23,8047.0,0.062350249892256585,23,8047.0
32345.0,52,28931.0,396.3150684931507,2.840226749994981,89444.28091659935,1225.2641221451968,1141292.5170000002,15634.144068493151,26,7968.0,0.044428988013127536,26,7968.0
32350.0,58,29201.0,394.6081081081081,2.455418895913943,89493.76079278596,1209.3751458484587,1173478.033,15857.811256756757,29,8068.0,0.09604294191286877,29,8068.0
32355.0,58,29484.0,440.05970149253733,0.8176289073761256,88914.80368628744,1327.0866221833949,1189556.7650000001,17754.57858208955,32,8181.0,0.017168671008007893,32,8181.0
32360.0,55,29643.0,449.1363636363636,1.093778077172896,89196.63603603066,1351.4641823641007,1205642.393,18267.308984848485,28,8120.0,0.08432699806367878,28,8120.0
32365.0,53,29810.0,444.92537313432837,1.868173211208761,89495.2325113362,1335.7497389751672,1205642.393,17994.66258208955,25,8061.0,0.053289500721155854,25,8061.0
32370.0,51,30017.0,454.8030303030303,1.9052369190559884,89762.42090269469,1360.0366803438585,1189545.768,18023.420727272725,23,8072.0,0.07563343597481295,23,8072.0
32375.0,55,30247.0,458.2878787878788,1.0689855635121184,89678.43466126318,1358.7641615342905,1141442.2189999998,17294.579075757574,26,8166.0,0.04855644551333434,26,8166.0
32380.0,46,30200.0,471.875,1.6353673616473086,89772.90942337188,1402.7017097401854,1109344.938,17333.51465625,20,8004.0,0.07463831629369319,20,8004.0
32385.0,51,30441.0,461.22727272727275,2.086187950788485,90049.43793193798,1364.3854232111808,1141551.9729999998,17296.24201515151,24,8030.0,0.1319669400758592,24,8030.0
32390.0,54,30696.0,465.09090909090907,1.7954963934338715,90226.44533565173,1367.0673535704805,1173751.699,17784.11665151515,27,8116.0,0.056983375392632624,27,8116.0
32395.0,56,30970.0,491.58730158730157,0.8339789245261787,90351.69563733028,1434.1538990052422,1189849.3630000001,18886.497825396822,30,8220.0,0.0009566740538016148,30,8220.0
32400.0,52,31116.0,527.3898305084746,0.7651667298304097,90517.11819104229,1534.188443915971,1189849.3630000001,20166.9383559322,24,8151.0,0.022432070502476944,24,8151.0
32405.0,47,31260.0,453.04347826086956,2.3267456172259573,90801.18282880484,1315.959171431954,1189862.029,17244.377231884057,19,8027.0,0.07483410257740364,19,8027.0
32410.0,44,31419.0,442.5211267605634,3.313514167044003,91070.31682922356,1282.6805187214584,1189876.957,16758.830380281688,17,8071.0,0.23969051949370737,17,8071.0
32415.0,49,31634.0,472.14925373134326,1.2171995330985017,91018.18211578793,1358.480330086387,1125594.8169999998,16799.922641791043,23,8154.0,0.10613138924142398,23,8154.0
32420.0,54,31858.0,482.6969696969697,1.1710720047313183,91138.853673113,1380.8917223198941,1109578.619,16811.797257575756,28,8208.0,0.05089994336954774,28,8208.0
32425.0,58,32138.0,472.61764705882354,1.321667298068158,91443.23832248682,1344.7535047424537,1141809.449,16791.315426470588,32,8318.0,0.04193163781901777,32,8318.0
32430.0,60,32433.0,463.3285714285714,1.1692193690049513,91720.6827817842,1310.2954683112027,1157926.3520000002,16541.805028571427,34,8443.0,0.00827233194203727,34,8443.0
32435.0,63,32743.0,481.5147058823529,0.6336019300694762,91991.99538463776,1352.8234615387908,1190151.3869999999,17502.226279411763,37,8583.0,0.014781369538379453,37,8583.0
32440.0,54,32203.0,466.71014492753625,1.1549039139225137,92309.61516146721,1337.8205095864812,1206263.791,17482.08392753623,25,8077.0,0.091454090292072,25,8077.0
32445.0,52,32259.0,460.84285714285716,1.2991196953670336,92627.76162849268,1323.253737549896,1206263.791,17232.33987142857,22,7810.0,0.06002587107468115,22,7810.0
32450.0,49,32450.0,477.20588235294116,0.916269838934618,92619.39796936515,1362.0499701377228,1190164.7119999998,17502.422235294114,21,7874.0,0.04904668290190704,21,7874.0
32455.0,55,32698.0,480.8529411764706,0.7544592019594377,92919.05718339534,1366.456723285226,1157931.1169999999,17028.398779411764,28,7968.0,0.008759867509132548,28,7968.0
32460.0,57,32926.0,484.20588235294116,1.3991306957223368,92956.77734865942,1367.0114315979329,1174060.258,17265.592029411768,31,8053.0,0.014755275294824299,31,8053.0
32465.0,60,33220.0,467.88732394366195,1.2020487898778989,93075.98770118169,1310.929404241996,1190190.51,16763.24661971831,32,8173.0,0.02856932375064039,32,8173.0
32470.0,62,33526.0,485.8840579710145,1.1987320093573126,93176.27187361191,1350.3807517914772,1190186.396,17249.078202898552,34,8299.0,0.04666051028070026,34,8299.0
32475.0,63,33838.0,505.04477611940297,0.4238582776812976,93375.72002134087,1393.6674630050877,1174094.242,17523.794656716418,35,8431.0,0.0033471277354119628,35,8431.0
32480.0,60,33970.0,499.55882352941177,0.5970687164295536,93652.19408672526,1377.2381483341946,1174095.3630000001,17266.10827941177,32,8353.0,0.011240822730449854,32,8353.0
32485.0,55,34134.0,480.76056338028167,1.937580915834691,93966.70722108161,1323.4747495926981,1174098.3630000001,16536.59666197183,27,8301.0,0.06307552680852349,27,8301.0
32490.0,50,34254.0,496.4347826086956,1.8116845111303117,94102.26467423966,1363.8009373078212,1141895.0140000002,16549.203101449275,23,8348.0,0.11803572461104353,23,8348.0
32495.0,56,34496.0,507.29411764705884,0.6840349693085849,94046.60452862523,1383.0383018915475,1109791.1140000003,16320.457558823531,29,8493.0,0.04449166984723144,29,8493.0
32500.0,55,34697.0,510.25,1.0493087866140762,94259.44903538199,1386.1683681673826,1109849.1680000003,16321.311294117648,29,8552.0,0.05099762982883685,29,8552.0
32505.0,59,34984.0,485.8888888888889,1.3519038072022238,94573.26427012446,1313.5175593072845,1142164.395,15863.394375,33,8669.0,0.041591228565078596,33,8669.0
32510.0,63,35289.0,483.4109589041096,1.1839697784330374,94867.40560983343,1299.553501504568,1174482.4240000003,16088.800328767122,36,8804.0,0.0011554732206189894,36,8804.0
32515.0,65,35606.0,508.65714285714284,0.5518998891885726,95110.03980459995,1358.7148543514281,1190640.4460000002,17009.14922857143,38,8951.0,0.03946511019549623,38,8951.0
32520.0,55,35469.0,506.7,0.9890114712569259,95433.69169920745,1363.3384528458212,1206800.3320000002,17240.00474285714,29,8627.0,0.07156798809344513,29,8627.0
32525.0,53,35611.0,481.22972972972974,1.8701292896172643,95753.81168210204,1293.9704281365148,1206803.3320000002,16308.153135135135,23,8452.0,0.06392526768611742,23,8452.0
32530.0,53,35803.0,483.8243243243243,1.817581197886696,95925.71985809652,1296.2935115958994,1174539.7570000002,15872.158878378375,23,8529.0,0.11601428419830516,23,8529.0
32535.0,58,36060.0,500.8333333333333,1.2367129781610406,96001.91635654499,1333.3599493964584,1158443.5090000003,16089.493180555557,30,8629.0,0.0194777296747519,30,8629.0
32540.0,49,35310.0,497.32394366197184,1.4539310639669683,96115.08340852824,1353.733569134201,1158455.745,16316.27809859155,23,8029.0,0.06298273825827481,23,8029.0
32545.0,54,35567.0,508.1,2.1959893955185374,96180.85853950877,1374.0122648501258,1174617.2780000002,16780.24682857143,28,7836.0,0.01962454171905197,28,7836.0
32550.0,54,35837.0,511.95714285714286,2.504670167178174,96333.64537177722,1376.1949338825325,1190788.3660000002,17011.262371428573,28,7914.0,0.03141280802983849,28,7914.0
32555.0,58,36113.0,555.5846153846154,1.1733699563991111,95665.92855917069,1471.7835162949339,1174686.8180000002,18072.104892307692,28,8014.0,0.023249751136676437,28,8014.0
32560.0,52,36262.0,594.4590163934427,1.2900938474089787,95747.22912536055,1569.6267069731243,1174684.7980000002,19257.127836065578,24,7983.0,0.046201390497361244,24,7983.0
32565.0,52,36522.0,561.876923076923,1.940382436926244,96026.35465747648,1477.3285331919462,1174691.222,18072.172646153846,24,8063.0,0.11693825489711118,24,8063.0
32570.0,54,36786.0,583.9047619047619,1.510001642963688,96237.00200843424,1527.5714604513375,1174689.928,18645.871873015873,26,8147.0,0.0797340762098356,26,8147.0
32575.0,58,37064.0,617.7333333333333,0.26257497269129615,96430.9599284598,1607.1826654743304,1174686.928,19578.115466666666,30,8245.0,0.009022885915736599,30,8245.0
32580.0,53,37077.0,628.4237288135594,0.49799603160491374,96714.80625936312,1639.2340043959855,1174686.928,19909.947932203388,25,8086.0,0.014185816501700777,25,8086.0
32585.0,49,37148.0,580.4375,1.7199112267687966,96999.23110841539,1515.6129860689912,1174690.6520000002,18354.541437499996,21,7938.0,0.05957207021343699,21,7938.0
32590.0,44,37163.0,580.671875,2.6165130162478483,97263.60679679179,1519.743856199872,1174690.6520000002,18354.541437499996,17,7884.0,0.1921216966133143,17,7884.0
32595.0,49,37354.0,602.483870967742,1.060342810170124,97199.61004842998,1567.735645942419,1142507.0710000002,18427.533403225807,22,7980.0,0.0681663194480407,22,7980.0
32600.0,48,37536.0,625.6,1.3241925643147672,97024.1854689597,1617.0697578159954,1110375.2950000002,18506.254916666665,22,8029.0,0.06741568360409944,22,8029.0
32605.0,52,37789.0,599.8253968253969,1.3915285046341075,97302.14148749395,1544.4784363094282,1142807.0740000003,18139.794825396824,26,8112.0,0.026116942150197765,26,8112.0
32610.0,56,38057.0,585.4923076923077,1.3128410700988444,97570.50419890926,1501.0846799832195,1175231.5740000003,18080.48575384616,29,8210.0,0.056550230662388845,29,8210.0
32615.0,57,38337.0,608.5238095238095,0.7796625659930915,97771.14917243797,1551.9230027371111,1191439.931,18911.744936507937,31,8320.0,0.03021750160601147,31,8320.0
32620.0,53,38480.0,601.25,1.1349850480163854,98066.82453729195,1532.2941333951867,1207651.4270000001,18869.553546875002,25,8138.0,0.08077833012716988,25,8138.0
32625.0,50,38632.0,603.625,1.8136788141300264,98352.003198403,1536.7500499750474,1207651.4270000001,18869.553546875002,22,7958.0,0.03251486751854137,22,7958.0
32630.0,47,38812.0,626.0,1.7744661446232115,98409.46109061042,1587.2493724292008,1175347.469,18957.217241935487,20,8024.0,0.07851263844182972,20,8024.0
32635.0,49,39038.0,639.9672131147541,0.9521730258683466,98403.09734536937,1613.1655302519578,1126859.5750000002,18473.107786885244,23,8102.0,0.055470857705558776,23,8102.0
32640.0,49,39234.0,643.1803278688525,1.2550358494755127,98452.29095016714,1613.9719827896256,1110770.35,18209.350000000002,23,8140.0,0.05894291301928799,23,8140.0
32645.0,53,39490.0,572.3188405797101,1.450102938134468,98746.21393867576,1431.1045498358815,1143222.27,16568.438695652174,26,8225.0,0.06680887925470941,26,8225.0
32650.0,59,39764.0,568.0571428571428,1.5332346777528396,99028.92973694588,1414.6989962420848,1175671.4490000003,16795.30641428571,32,8330.0,0.07417175306024422,32,8330.0
32655.0,61,40062.0,580.6086956521739,0.560167825386042,99320.42805972812,1439.426493619249,1191893.6800000002,17273.82144927536,35,8459.0,0.04464169197020138,35,8459.0
32660.0,59,40240.0,558.8888888888889,1.0273337523146677,99613.06414121971,1383.514779739163,1208120.6210000003,16779.45306944444,33,8387.0,0.048951726403954,33,8387.0
32665.0,57,40447.0,561.7638888888889,2.1435609692097493,99928.60118859688,1387.8972387305123,1208120.6210000003,16779.45306944444,29,8285.0,0.06391285255508458,29,8285.0
32670.0,53,40635.0,572.3239436619718,1.70528570014842,100097.2408319631,1409.8202934079313,1191962.3810000003,16788.202549295776,26,8377.0,0.0671049971064863,26,8377.0
32675.0,58,40908.0,592.8695652173913,0.9865248355935715,100246.67488989222,1452.8503607230762,1143356.4400000002,16570.383188405798,32,8507.0,0.040570988210286846,32,8507.0
32680.0,57,41097.0,604.3676470588235,0.9989785934129001,100265.43027977705,1474.4916217614273,1127268.925,16577.48419117647,30,8526.0,0.03951525444756786,30,8526.0
32685.0,60,41389.0,574.8472222222222,1.4977640039673732,100580.4864961935,1396.9512013360209,1143505.0510000002,15882.014597222222,34,8648.0,0.04080029875732401,34,8648.0
32690.0,61,41691.0,571.1095890410959,1.6299012127957428,100868.97290543802,1381.766752129288,1175968.692,16109.160164383562,35,8780.0,0.04954082875894015,35,8780.0
32695.0,65,42006.0,600.0857142857143,0.46853489931922565,101096.7781874651,1444.2396883923586,1192197.3,17031.389999999996,38,8924.0,0.03461871486461669,38,8924.0
32700.0,62,42194.0,611.5072463768116,0.5805480824691336,101428.94033667057,1469.984642560443,1192197.3,17278.221739130437,34,8925.0,0.014120827606671438,34,8925.0
32705.0,57,42378.0,588.5833333333334,1.7581596489863829,101753.38649918132,1413.2414791552967,1192197.3,16558.295833333334,29,8923.0,0.04423582934661754,29,8923.0
32710.0,57,42585.0,591.4583333333334,1.5263670947723147,102039.19499647673,1417.2110416177322,1159729.272,16107.351000000002,28,9023.0,0.09132392251139905,28,9023.0
32715.0,60,42850.0,595.1388888888889,0.9372564891047426,102174.02586242749,1419.083692533715,1143557.453,15882.742402777782,33,9147.0,0.03609249283096411,33,9147.0
32720.0,53,42217.0,586.3472222222222,1.671461835442446,102327.9072357146,1421.2209338293696,1127386.336,15658.143555555558,26,8482.0,0.1120883604633725,26,8482.0
32725.0,57,42493.0,551.8571428571429,2.332636561423545,102641.61027902224,1333.0079257015873,1159886.512,15063.461194805197,30,8459.0,0.05102986812016111,30,8459.0
32730.0,61,42780.0,555.5844155844156,2.190664537622858,102671.58606631485,1333.3972216404525,1192384.73,15485.515974025973,34,8582.0,0.06169122734187439,34,8582.0
32735.0,67,43094.0,598.5277777777778,0.5783520256087024,102290.30655744279,1420.6987021867055,1192376.578,16560.785805555555,38,8723.0,0.015217644189817877,38,8723.0
32740.0,60,43267.0,609.3943661971831,1.082836991471795,102619.02457383211,1445.3383742793255,1192375.786,16794.025154929583,32,8695.0,0.01998572357974638,32,8695.0
32745.0,57,43465.0,620.9285714285714,1.6124191079260048,102914.10569127685,1470.2015098753834,1192375.786,17033.9398,29,8674.0,0.08631177115194325,29,8674.0
32750.0,55,43637.0,623.3857142857142,1.4165254108807812,103225.8466120261,1474.6549516003727,1192375.786,17033.9398,28,8771.0,0.044433284906535545,28,8771.0
32755.0,58,43903.0,665.1969696969697,0.5139391485133543,103209.59254031935,1563.781705156354,1127479.689,17083.02559090909,31,8899.0,0.033164425930767745,31,8899.0
32760.0,52,43879.0,664.8333333333334,1.1413344824335678,103423.03559582635,1567.0156908458541,1127527.6539999999,17083.752333333334,26,8774.0,0.06740065853998056,26,8774.0
32765.0,58,44153.0,596.6621621621622,1.476648222346839,103735.55028294741,1401.8317605803704,1160066.896,15676.579675675675,30,8824.0,0.012352006699653691,30,8824.0
32770.0,59,44440.0,600.5405405405405,2.3910045670079554,103986.88188720786,1405.2281336109177,1176336.2170000002,15896.435364864867,33,8944.0,0.09681807422672323,33,8944.0
32775.0,60,44736.0,621.3333333333334,1.0044827888600534,104141.55908003265,1446.4105427782315,1208868.8750000002,16789.84548611111,34,9070.0,0.05675362010933383,34,9070.0
32780.0,56,43862.0,635.6811594202899,0.9902656135735198,104325.79585308464,1511.9680558418067,1208868.8750000002,17519.838768115944,28,8393.0,0.04801661857640181,28,8393.0
32785.0,53,43815.0,635.0,1.463262906513481,104638.19559791827,1516.4955883756274,1208868.8750000002,17519.838768115944,22,8058.0,0.07076346385701801,22,8058.0
32790.0,51,43956.0,646.4117647058823,0.9124793116777351,104433.55624499111,1535.7875918381046,1176387.6440000003,17299.818294117646,24,8127.0,0.03350292951422339,24,8127.0
32795.0,52,44188.0,631.2571428571429,1.5826872669762067,104734.868315619,1496.2124045088428,1176399.647,16805.709242857145,25,8222.0,0.023815793725685038,25,8222.0
32800.0,55,44343.0,642.6521739130435,1.612916448303407,104728.45387244165,1517.8036793107483,1176412.405,17049.455144927535,28,8220.0,0.06650771017133932,28,8220.0
32805.0,58,44626.0,637.5142857142857,1.4095263746466746,104461.36401995366,1492.3052002850523,1160185.895,16574.084214285715,31,8331.0,0.021328725388946958,31,8331.0
32810.0,59,44919.0,660.5735294117648,1.4646970999436135,104706.37893196483,1539.7996901759539,1160182.531,17061.507808823528,31,8446.0,0.044808128292385875,31,8446.0
32815.0,61,45220.0,674.9253731343283,0.5486105611835627,104949.90093134307,1566.416431811091,1160183.753,17316.175417910446,33,8567.0,0.00570505538955504,33,8567.0
32820.0,58,45365.0,697.9230769230769,0.7941184097583971,105223.260275828,1618.8193888588921,1160180.753,17848.934661538464,30,8484.0,0.02158453064523697,30,8484.0
32825.0,53,45504.0,669.1764705882352,1.6427611685595447,105527.66452566427,1551.8774194950627,1160180.753,17061.481661764705,25,8306.0,0.06153491190614847,25,8306.0
32830.0,51,45655.0,671.3970588235294,1.911979126106272,105821.21141428096,1556.194285504132,1160180.753,17061.481661764705,24,8386.0,0.14037300610494985,24,8386.0
32835.0,54,45895.0,695.3787878787879,0.8350523402595909,105726.0068290228,1601.9091943791332,1127792.188,17087.76042424242,28,8529.0,0.05536610024467855,28,8529.0
32840.0,55,46128.0,678.3529411764706,1.1576510943286196,105779.83591432632,1555.585822269505,1127962.2910000002,16587.68075,28,8593.0,0.04427373157132015,28,8593.0
32845.0,57,46408.0,662.9714285714285,1.7662888108473782,106089.89902372571,1515.5699860532247,1144270.7510000002,16346.725014285714,31,8703.0,0.04410151355712663,31,8703.0
32850.0,60,46705.0,657.8169014084507,1.166710646205111,106388.96353500157,1498.436106126783,1176895.132,16575.98777464789,34,8830.0,0.03853555737524746,34,8830.0
32855.0,66,47026.0,681.536231884058,0.3019588562300561,106658.51281357417,1545.7755480228143,1193203.4579999999,17292.80373913043,40,8981.0,0.018157369712470676,40,8981.0
32860.0,61,47201.0,674.3,0.8558277144634397,106991.53266813343,1528.4504666876205,1209512.94,17278.75628571428,33,8886.0,0.0621269856400798,33,8886.0
32865.0,58,47411.0,658.4861111111111,1.6223542295278393,107309.87968959604,1490.4149956888346,1209513.9559999998,16798.80494444444,30,8840.0,0.051626194844321335,30,8840.0
32870.0,56,47621.0,670.7183098591549,1.7422709748204643,107568.36520922302,1515.0473973130001,1193230.6859999998,16806.065999999995,28,8942.0,0.05285834941622033,28,8942.0
32875.0,57,47874.0,674.2816901408451,1.1512643295491065,107604.7766495843,1515.5602345011873,1160746.6809999999,16348.5448028169,31,9074.0,0.07789220842279455,31,9074.0
32880.0,48,31520.0,456.81159420289856,1.5086340619645013,107684.07798272818,1560.638811343887,1128241.75,16351.329710144924,26,6157.0,0.09566186210079282,26,6157.0
32885.0,46,20736.0,269.2987012987013,2.312126715088159,107997.59274664494,1402.5661395668171,1160896.676,15076.580207792207,32,8274.0,0.05638435942350985,32,8274.0
32890.0,43,8571.0,107.1375,3.1409334676455525,108261.38326890329,1353.267290861291,1193539.3640000003,14919.24205,35,8415.0,0.07770660845370006,35,8415.0
32895.0,47,1919.0,25.586666666666666,1.9801064886848319,91528.3229420808,1220.3776392277446,1090127.911,14535.038813333334,43,10565.0,0.004622219016476893,43,10565.0
32900.0,46,1510.0,20.405405405405407,1.7572205257555318,71154.92728179961,961.5530713756708,1080393.0399999998,14599.905945945946,37,10056.0,0.04936115882745818,37,10056.0
32905.0,48,1513.0,19.907894736842106,1.6988110113851331,67387.98323359198,886.6839899156842,1144378.355,15057.609934210526,33,9871.0,0.05339005339495133,33,9871.0
32910.0,53,1669.0,22.554054054054053,1.3254725642582903,66168.46998505027,894.1685133114901,1113141.8299999998,15042.457162162164,33,9995.0,0.031213513122067302,33,9995.0
32915.0,64,1931.0,24.756410256410255,0.9438424621066617,66267.11420623129,849.5783872593756,1173089.2950000002,15039.606346153849,40,10156.0,0.008470402821500057,40,10156.0
32920.0,55,1932.0,24.455696202531644,1.378625546466667,66177.31920889048,837.6875849226642,1219400.725,15435.452215189878,35,6366.0,0.03659725640802187,35,6366.0
32925.0,54,2096.0,26.2,2.417000048332558,66330.10830378982,829.1263537973725,1235741.838,15446.772975,38,6539.0,0.09289875256242934,38,6539.0
32930.0,51,2173.0,27.1625,2.653650265793959,66508.91661726164,831.3614577157707,1235823.336,15447.791699999998,43,7699.0,0.04831736935482486,43,7699.0
32935.0,52,2288.0,30.506666666666668,1.824669976675584,44390.34461433828,591.87126152451,1107655.4100000001,14768.7388,49,8903.0,0.0006257013766186614,49,8903.0
32940.0,43,965.0,13.402777777777779,2.357659673780579,34885.040800607945,484.51445556399904,1027161.4450000001,14266.131180555556,36,7883.0,0.03487204436669008,36,7883.0
32945.0,48,1194.0,14.925,3.0306371979153965,35159.87597855077,439.49844973188436,1117081.472,13963.5184,36,7678.0,0.0,36,7678.0
32950.0,55,1451.0,18.1375,2.607108715461422,34929.86937165048,436.6233671456308,1176997.408,14712.4676,36,7828.0,0.06912470356295283,36,7828.0
32955.0,63,1748.0,23.62162162162162,1.1099446066977625,34315.79971193089,463.727023134201,1206949.022,16310.121918918918,39,7985.0,0.02441818455918517,39,7985.0
32960.0,63,1761.0,25.15714285714286,0.5603869372297904,34398.36894122065,491.40527058886624,1236904.062,17670.058028571428,35,7813.0,0.010454072397409251,35,7813.0
32965.0,58,1822.0,24.958904109589042,1.4031116114764624,34727.97063698584,475.7256251641893,1236907.062,16943.93235616438,30,7725.0,0.03372513018971109,30,7725.0
32970.0,56,1925.0,26.36986301369863,1.451785586172863,34838.74148104533,477.24303398692206,1204299.452,16497.252767123286,28,7837.0,0.07004204440364019,28,7837.0
32975.0,58,2168.0,29.2972972972973,1.2160686292883494,35134.84752245775,474.7952367899693,1204336.789,16274.821472972975,31,7995.0,0.039602433554011086,31,7995.0
32980.0,53,1709.0,23.410958904109588,1.0958229433505102,35007.270496314486,479.55165063444514,1188249.158,16277.385726027394,25,7708.0,0.044651835547588434,25,7708.0
32985.0,55,1882.0,25.43243243243243,1.9807023544056395,35325.24917630181,477.36823211218666,1204636.324,16278.86924324324,28,7514.0,0.0793305881182267,28,7514.0
32990.0,58,2160.0,29.18918918918919,1.8106196698111419,35611.565175549295,481.2373672371526,1221022.982,16500.310567567565,32,7648.0,0.033760699361539526,32,7648.0
32995.0,64,2465.0,34.71830985915493,1.0189816520549075,35521.504997187156,500.30288728432595,1237403.003,17428.211309859154,36,7789.0,0.02501249605781109,36,7789.0
33000.0,58,2636.0,39.343283582089555,1.000351179702544,35440.48836529608,528.9625129148669,1237400.003,18468.656761194026,30,7683.0,0.016856813673958037,30,7683.0
33005.0,53,2801.0,39.45070422535211,1.8775705320476999,35749.84503701572,503.51894418332023,1237403.003,17428.211309859154,25,7568.0,0.056835724341348114,25,7568.0
33010.0,52,2985.0,42.642857142857146,1.9176193189742923,35902.23270570529,512.8890386529329,1221094.543,17444.207757142856,25,7663.0,0.11018615185417728,25,7663.0
33015.0,57,3239.0,47.63235294117647,0.7620427357044044,36040.32802800248,530.0048239412131,1188412.8329999999,17476.659308823528,30,7790.0,0.041839928470443696,30,7790.0
33020.0,52,3361.0,48.710144927536234,1.0978930637737434,36061.50395474006,522.630492097682,1172201.836,16988.4324057971,26,7745.0,0.025092577573866345,26,7745.0
33025.0,55,3619.0,50.971830985915496,1.9724750661213752,36366.68784218526,512.2068710166939,1205010.4459999998,16971.978112676054,28,7786.0,0.057581671580152115,28,7786.0
33030.0,58,3901.0,54.943661971830984,1.518794196713682,36624.289842193844,515.8350681999134,1221415.2219999998,17203.03129577465,32,7908.0,0.05509267129537961,32,7908.0
33035.0,64,4207.0,60.1,0.8042277726407452,36774.21865884578,525.3459808406541,1237821.966,17683.170942857145,36,8051.0,0.04712366962230501,36,8051.0
33040.0,60,4383.0,64.45588235294117,0.7744194461891398,36975.94381183321,543.7638795857825,1237821.966,18203.264205882355,32,7948.0,0.032297547446084506,32,7948.0
33045.0,56,4561.0,62.47945205479452,1.626462484326054,37294.58515107513,510.8847280969194,1237825.986,16956.520356164383,28,7844.0,0.05276717834505318,28,7844.0
33050.0,52,4753.0,66.01388888888889,2.5617421329227352,37439.063598737244,519.9869944269062,1221501.341,16965.296402777778,25,7666.0,0.10977359588501186,25,7666.0
33055.0,52,4995.0,71.35714285714286,2.1587411038686946,37553.488923906516,536.4784131986647,1188790.228,16982.717542857146,26,7712.0,0.13664775257587236,26,7712.0
33060.0,58,5271.0,77.51470588235294,1.3354801189028234,37284.5673446792,548.3024609511648,1156324.4220000003,17004.770911764706,31,7791.0,0.06958453752386584,31,7791.0
33065.0,60,5566.0,78.3943661971831,1.335118250829613,37488.53500491784,528.0075352805329,1156395.476,16287.260225352109,34,7926.0,0.05506179500888924,34,7926.0
33070.0,59,5698.0,78.05479452054794,1.4367456104760354,37664.577042096214,515.9531101657014,1156470.1530000002,15842.056890410959,31,7924.0,0.10964352112316103,31,7924.0
33075.0,60,5988.0,80.91891891891892,1.6782034408804527,37925.531838423536,512.5071870057235,1172922.4249999998,15850.303040540539,33,8014.0,0.06889140449637055,33,8014.0
33080.0,60,6285.0,84.93243243243244,1.7716601866365507,38201.68856636034,516.239034680545,1189335.913,16072.10693243243,34,8151.0,0.06689440169565773,34,8151.0
33085.0,65,6596.0,87.94666666666667,1.273261837525633,38513.85323186296,513.518043091506,1222167.3420000002,16295.564559999999,39,8302.0,0.01545282544041954,39,8302.0
33090.0,54,5870.0,81.52777777777777,1.4328115367053624,38638.34324727159,536.6436562121055,1254997.9679999999,17430.52733333333,27,7758.0,0.0850411452862982,27,7758.0
33095.0,51,5798.0,77.30666666666667,1.789360982833726,38946.866093302044,519.2915479106937,1271408.442,16952.11256,21,7449.0,0.09497817039657952,21,7449.0
33100.0,50,6018.0,80.24,1.7326671747461038,39246.10292118257,523.2813722824343,1271395.6700000002,16951.942266666665,24,7534.0,0.07007705439801966,24,7534.0
33105.0,57,6278.0,87.19444444444444,1.1564884354766372,39166.894380850994,543.9846441784858,1238591.321,17202.65723611111,30,7637.0,0.04614527090492419,30,7637.0
33110.0,52,5653.0,77.43835616438356,1.6443543308565793,39489.64404069404,540.9540279547127,1238592.9819999998,16967.027150684928,26,6979.0,0.0486927285891539,26,6979.0
33115.0,55,5924.0,82.27777777777777,2.444539695035684,39415.48059229531,547.437230448546,1238604.4949999999,17202.840208333335,29,6963.0,0.03347453508002122,29,6963.0
33120.0,58,6209.0,89.98550724637681,1.9250033742489663,39190.37598961392,567.976463617593,1238603.0969999998,17950.769521739127,30,7083.0,0.012386525536919829,30,7083.0
33125.0,59,6501.0,94.21739130434783,0.965747414663905,38644.80263312131,560.0696033785697,1238603.9849999999,17950.78239130435,31,7205.0,2.4507364134341025e-05,31,7205.0
33130.0,52,6596.0,98.44776119402985,2.045704411835002,38865.74278524507,580.0857132126127,1238600.903,18486.580641791043,24,7132.0,0.10639031641251069,24,7132.0
33135.0,52,6738.0,100.56716417910448,1.6960559742295551,39151.91094752794,584.35687981385,1238600.903,18486.580641791043,24,7043.0,0.06542380626180111,24,7043.0
33140.0,51,6872.0,102.56716417910448,1.689812602662405,39442.816326750704,588.6987511455328,1238600.903,18486.580641791043,24,7134.0,0.06656851164179547,24,7134.0
33145.0,53,7112.0,112.88888888888889,0.75389695188524,39400.441811524805,625.4038382781713,1172996.453,18618.991317460317,27,7258.0,0.03958024427985813,27,7258.0
33150.0,48,7105.0,111.015625,1.51267227081365,39554.82502404764,618.0441410007443,1156602.0600000005,18071.9071875,22,7153.0,0.08106165789854575,22,7153.0
33155.0,52,7354.0,109.76119402985074,2.0286922840801873,39834.300214185394,594.5417942415731,1189494.0820000002,17753.643014925376,25,7202.0,0.030201681091496662,25,7202.0
33160.0,54,7615.0,113.65671641791045,1.6492897568018947,40027.78802000687,597.4296719404009,1222378.01,18244.44791044776,27,7304.0,0.07125206421241796,27,7304.0
33165.0,59,7897.0,119.65151515151516,0.8380180164448154,40245.10508984894,609.7743195431659,1238818.436,18769.976303030304,33,7426.0,2.3885513424674604e-05,33,7426.0
33170.0,54,8044.0,129.74193548387098,0.8751122653478395,40370.0061681911,651.1291317450178,1238815.436,19980.894129032255,26,7367.0,0.05200290799452731,26,7367.0
33175.0,51,8213.0,126.35384615384615,1.6322050571778823,40654.84290432208,625.459121604955,1238817.869,19058.736446153842,23,7332.0,0.06023820040265074,23,7332.0
33180.0,47,8372.0,130.8125,1.7429650271498902,40842.58900145357,638.1654531477118,1222398.929,19099.983265625,20,7406.0,0.0716052714336869,20,7406.0
33185.0,51,8602.0,130.33333333333334,1.049500406978957,40978.50458195509,620.8864330599254,1189578.9060000004,18023.92281818182,24,7502.0,0.05293856224739158,24,7502.0
33190.0,52,8795.0,129.33823529411765,2.0377554631057504,41273.017359449645,606.9561376389654,1206043.1070000003,17735.92804411765,26,7547.0,0.16056260289626642,26,7547.0
33195.0,55,9062.0,133.26470588235293,1.2749245622827678,41396.843486811966,608.7771101001755,1206125.6590000002,17737.142044117645,29,7654.0,0.04660543473914692,29,7654.0
33200.0,60,9354.0,133.62857142857143,1.0193612399135,41671.37126671674,595.3053038102389,1239038.1530000002,17700.545042857146,34,7786.0,0.0006689800023596537,34,7786.0
33205.0,61,9659.0,130.52702702702703,1.4962231767401455,41994.20697963531,567.4892835085849,1255500.3710000003,16966.22122972973,35,7931.0,0.029716401381796063,35,7931.0
33210.0,51,9290.0,132.71428571428572,1.5348454015139097,42232.94641153116,603.3278058790163,1255500.3710000003,17935.719585714287,23,7350.0,0.10095325222629029,23,7350.0
33215.0,52,9381.0,132.1267605633803,1.5478538500031231,42546.22824105748,599.2426512824993,1255500.3710000003,17683.10381690141,21,7115.0,0.07499665791748099,21,7115.0
33220.0,48,9526.0,138.05797101449275,1.2339144035450247,42705.9594234279,618.9269481656216,1222640.37,17719.425652173915,21,7190.0,0.06743652497791285,21,7190.0
33225.0,55,9767.0,139.52857142857144,1.1707522123337675,42718.74944190603,610.267849170086,1222653.7650000001,17466.482357142857,28,7298.0,0.015403857616692848,28,7298.0
33230.0,56,10009.0,145.05797101449275,1.5531091823504695,42753.20238710494,619.6116287986223,1222668.2950000002,17719.830362318844,30,7393.0,0.030542479810400834,30,7393.0
33235.0,59,10297.0,153.6865671641791,0.8954534646235701,42567.232353616695,635.3318261733832,1222721.0770000003,18249.568313432836,33,7521.0,0.046752361953248514,33,7521.0
33240.0,63,10609.0,160.74242424242425,0.6241714737218116,42861.13937817305,649.4112026995915,1222720.8510000003,18526.073500000002,35,7664.0,4.203132488007727e-06,35,7664.0
33245.0,63,10924.0,163.044776119403,0.364212505613935,43144.39334752909,643.9461693661057,1222723.3390000004,18249.602074626866,35,7809.0,2.3038052478244464e-07,35,7809.0
33250.0,59,11060.0,160.28985507246378,1.172946056494809,43458.31079419879,629.830591220272,1222724.9350000003,17720.651231884058,29,7707.0,0.0672203074773959,29,7707.0
33255.0,54,11226.0,162.69565217391303,1.6350177217219863,43766.92428619447,634.3032505245575,1222724.9350000003,17720.651231884058,26,7638.0,0.05617880782569701,26,7638.0
33260.0,54,11376.0,167.2941176470588,1.3335704216826656,43922.67250617353,645.9216545025516,1206314.6250000002,17739.920955882353,27,7743.0,0.06994456283285753,27,7743.0
33265.0,58,11628.0,173.55223880597015,0.6148943806787098,43950.89163044385,655.9834571708037,1173501.86,17514.95313432836,32,7883.0,0.0404864806296578,32,7883.0
33270.0,56,11858.0,176.98507462686567,0.9511610039421852,44128.68979848411,658.6371611714046,1173586.6360000002,17516.218447761195,30,7977.0,0.034376827092867136,30,7977.0
33275.0,62,12148.0,168.72222222222223,1.245508279089937,44444.21781139365,617.280802936023,1206591.7840000002,16758.219222222222,34,8107.0,0.035193007649933175,34,8107.0
33280.0,63,12455.0,170.6164383561644,1.488327020384031,44756.33808401467,613.1005216988311,1239595.834,16980.764849315066,36,8254.0,0.050431345681703,36,8254.0
33285.0,66,12773.0,177.40277777777777,0.5005964924852374,45014.904932899575,625.2070129569386,1239595.834,17216.608805555552,39,8410.0,0.028899001209624825,39,8410.0
33290.0,57,12616.0,175.22222222222223,0.890406905288545,45355.46337042822,629.9369912559473,1239595.834,17216.608805555552,29,8181.0,0.059768485269377475,29,8181.0
33295.0,56,12783.0,177.54166666666666,1.0329327040446947,45687.440175241,634.5477802116803,1239595.834,17216.608805555552,27,8124.0,0.0372510125025155,27,8124.0
33300.0,58,12970.0,182.67605633802816,1.0377685580578138,46003.13782460961,647.9315186564735,1223089.805,17226.616971830987,30,8236.0,0.01139026508881145,30,8236.0
33305.0,60,13242.0,181.3972602739726,0.9657812322851206,46037.27598675484,630.6476162569156,1206589.835,16528.62787671233,34,8388.0,0.004764978559833379,34,8388.0
33310.0,60,13488.0,184.76712328767124,1.6216848497183105,46257.26561139239,633.6611727587998,1223112.597,16754.967082191783,34,8491.0,0.041609189239713476,34,8491.0
33315.0,62,13795.0,188.97260273972603,1.1463774871241508,46483.40561038818,636.7589809642215,1239633.866,16981.285835616436,35,8636.0,0.025419809547268305,35,8636.0
33320.0,64,14115.0,198.80281690140845,0.9190025516784633,46641.671028296994,656.9249440605212,1223187.182,17227.988478873238,36,8786.0,0.00021443906900089706,36,8786.0
33325.0,65,14440.0,206.28571428571428,0.8326188396313692,46962.579962650154,670.8939994664307,1223183.8120000002,17474.054457142855,37,8941.0,0.0,37,8941.0
33330.0,57,14518.0,210.40579710144928,1.2100820354415345,47231.18885163254,684.5099833569932,1223185.124,17727.32063768116,29,8660.0,0.046346043540254823,29,8660.0
33335.0,53,14637.0,212.1304347826087,1.9380616833620827,47507.162427653144,688.50960040077,1223185.124,17727.32063768116,25,8539.0,0.04448517856407427,25,8539.0
33340.0,50,14782.0,220.62686567164178,1.4638501721557864,47642.04005466983,711.0752246965648,1206681.652,18010.17391044776,23,8624.0,0.06711906624624892,23,8624.0
33345.0,55,15023.0,224.22388059701493,0.8568594814771225,47554.30594875164,709.765760429129,1190349.105,17766.404552238804,29,8756.0,0.04651438268595375,29,8756.0
33350.0,44,13489.0,204.37878787878788,2.0836404400237543,47544.08605794974,720.3649402719658,1174002.016,17787.90933333333,18,7569.0,0.14209926389515812,18,7569.0
33355.0,48,13720.0,196.0,2.8927467570307375,47812.324738456424,683.0332105493774,1207112.6050000002,17244.46578571429,22,7167.0,0.09201029601170428,22,7167.0
33360.0,53,13973.0,196.80281690140845,2.6774101933551395,47896.632037092466,674.6004512266543,1240212.757,17467.785309859155,26,7260.0,0.03369654870081391,26,7260.0
33365.0,55,14240.0,209.41176470588235,1.2810783100422374,46766.21295192398,687.7384257635882,1240209.7110000001,18238.378102941177,27,7364.0,0.0217272505053346,27,7364.0
33370.0,51,14368.0,224.5,1.7195756008288319,46770.60645885602,730.7907259196252,1240205.459,19378.210296875,23,7197.0,0.11658817799221485,23,7197.0
33375.0,49,14498.0,226.53125,1.5989722423396668,47052.03574578652,735.1880585279146,1240205.459,19378.210296875,21,7053.0,0.05313325064292402,21,7053.0
33380.0,48,14666.0,225.63076923076923,1.8062686270137989,47316.40619591125,727.9447107063269,1223655.013,18825.461738461538,21,7028.0,0.07170088644234883,21,7028.0
33385.0,51,14895.0,244.18032786885246,1.0175712019327727,46938.53447426532,769.4841717092675,1157825.9170000001,18980.752737704912,24,7129.0,0.050927741064874285,24,7129.0
33390.0,45,14914.0,244.49180327868854,1.469754586763832,47071.04742948014,771.6565152373789,1157920.682,18982.306262295082,19,7031.0,0.09410000126125473,19,7031.0
33395.0,49,15149.0,236.703125,1.7576396405362407,47344.330386803216,739.7551622938001,1191065.9120000002,18610.404875,23,7079.0,0.05791959620652724,23,7079.0
33400.0,52,15402.0,240.65625,1.8608777563111856,47544.73369774677,742.886464027293,1224200.124,19128.126937499997,25,7172.0,0.06531649007205681,25,7172.0
33405.0,56,15672.0,244.875,0.807925062392383,47725.503264999556,745.7109885156178,1240770.783,19387.043484374997,30,7282.0,6.746407569258685e-05,30,7282.0
33410.0,51,15812.0,259.21311475409834,1.2259731747395504,47891.05321469447,785.0992330277777,1240768.783,20340.471852459013,23,7149.0,0.04610981123325185,23,7149.0
33415.0,47,15956.0,261.57377049180326,1.7502598342336153,48160.24814535731,789.5122646779886,1240768.783,20340.471852459013,19,7042.0,0.08339393984803628,19,7042.0
33420.0,46,16126.0,264.3606557377049,1.4287653262855542,48417.58343293568,793.7308759497652,1224196.0920000002,20068.78839344262,19,7107.0,0.0582934350764832,19,7107.0
33425.0,48,16348.0,272.46666666666664,1.1623904802484382,48246.446449933996,804.1074408322331,1158146.7280000004,19302.445466666668,22,7195.0,0.07358705198495935,22,7195.0
33430.0,51,16540.0,258.4375,1.3613621550121948,48388.537760950065,756.0709025148446,1174819.3780000003,18356.55278125,23,7240.0,0.13452592383520398,23,7240.0
33435.0,53,16796.0,254.4848484848485,1.6183556622578497,48676.281085746436,737.5194103900973,1207990.8750000002,18302.892045454544,26,7336.0,0.06094187565138901,26,7336.0
33440.0,55,17067.0,258.59090909090907,1.4618582157004618,48947.562893158705,741.6297408054348,1224577.605,18554.206136363635,29,7447.0,0.057876012021768196,29,7447.0
33445.0,60,17356.0,255.23529411764707,0.7735523917523602,49218.436900919456,723.8005426605802,1257746.009,18496.264838235296,34,7576.0,0.016556304130247564,34,7576.0
33450.0,55,17496.0,265.09090909090907,1.2325994272317697,49495.17925739509,749.9269584453801,1257746.009,19056.757712121213,27,7474.0,0.0748680276907422,27,7474.0
33455.0,53,17646.0,255.7391304347826,1.9047000847496502,49791.395838677476,721.614432444601,1257746.181,18228.20552173913,23,7438.0,0.05443030710530089,23,7438.0
33460.0,49,17831.0,266.13432835820896,2.1166484509299295,49908.076843889976,744.8966693117903,1224650.7750000001,18278.3697761194,22,7464.0,0.08757106099848999,22,7464.0
33465.0,52,18070.0,282.34375,1.0053535090952077,49946.47494213334,780.4136709708332,1174997.985,18359.343515624998,26,7568.0,0.07766777343114634,26,7568.0
33470.0,50,18015.0,281.484375,0.9180727118046111,50148.12473121771,783.5644489252766,1175043.761,18360.058765625,23,7382.0,0.06356242409637494,23,7382.0
33475.0,52,18262.0,280.95384615384614,1.1322623230707662,50352.77892074079,774.6581372421657,1191690.621,18333.701861538466,25,7404.0,0.061648624775464636,25,7404.0
33480.0,55,18518.0,276.3880597014925,1.2917524411294632,50650.60048950907,755.9791117837173,1224882.979,18281.835507462692,28,7506.0,0.04379468634565048,28,7506.0
33485.0,58,18801.0,264.80281690140845,0.9902769278151246,50692.08024450809,713.9729611902548,1241479.8150000002,17485.6311971831,32,7629.0,0.009217906050315966,32,7629.0
33490.0,58,18975.0,267.2535211267606,1.7346196404995256,50961.28533347187,717.7645821615755,1258075.162,17719.36847887324,32,7643.0,0.10278164090140146,32,7643.0
33495.0,61,19274.0,271.46478873239437,1.465629498161579,51163.7301873591,720.6159181318181,1258127.168,17720.10095774648,33,7776.0,0.049341223088412156,33,7776.0
33500.0,64,19579.0,271.93055555555554,1.071190454846509,51434.4797371373,714.367774126907,1258129.952,17474.02711111111,35,7913.0,0.008989229548262015,35,7913.0
33505.0,62,19888.0,284.1142857142857,1.2872178861020225,51696.89135407488,738.5270193439269,1258129.8660000002,17973.283799999997,34,8053.0,0.04297150841567817,34,8053.0
33510.0,54,19946.0,293.3235294117647,1.4313751219723563,51989.10870787709,764.54571629231,1258127.81,18501.879558823526,26,7961.0,0.05128436764960656,26,7961.0
33515.0,51,20052.0,299.2835820895522,2.310432148179131,52218.20406824225,779.3761801230186,1258124.81,18777.98223880597,23,7900.0,0.06379665737046927,23,7900.0
33520.0,48,20181.0,310.4769230769231,2.02642384235885,52345.607791437134,805.3170429451866,1224955.9070000001,18845.47549230769,21,7921.0,0.10937089608333432,21,7921.0
33525.0,51,20405.0,313.9230769230769,1.1326130505135061,52366.02297276519,805.6311226579257,1175251.7060000002,18080.795476923075,25,8064.0,0.054146460708382,25,8064.0
33530.0,45,19435.0,299.0,2.0074956525754466,52460.350709889186,807.0823186136796,1175344.137,18082.21749230769,18,7183.0,0.1424071752621637,18,7183.0
33535.0,47,19662.0,289.1470588235294,2.8160368620286995,52728.79858694198,775.4235086314994,1191972.5980000002,17529.008794117646,21,6992.0,0.03961748150161683,21,6992.0
33540.0,51,19913.0,297.2089552238806,2.623290234740935,52561.54373782911,784.5006528034196,1225212.76,18286.7576119403,25,7083.0,0.04942601374446695,25,7083.0
33545.0,53,20172.0,310.33846153846156,1.5190041656193352,52093.87935634489,801.4442977899215,1258451.188,19360.78750769231,26,7182.0,0.06567164915963929,26,7182.0
33550.0,50,20296.0,332.72131147540983,1.4520342644635413,52204.55620249846,855.8123967622702,1258446.358,20630.268163934426,22,7081.0,0.10108864323182136,22,7081.0
33555.0,47,20431.0,334.9344262295082,1.7769067716972717,52471.719692785744,860.1921261112416,1258446.358,20630.268163934426,19,6965.0,0.05114751231804636,19,6965.0
33560.0,44,20592.0,332.1290322580645,1.962623722881617,52682.38354682837,849.7158636585223,1241847.5480000002,20029.79916129032,17,7024.0,0.08996464609794655,17,7024.0
33565.0,46,20806.0,341.08196721311475,1.7803643052563733,52825.336316865134,865.9891199486088,1208651.034,19813.95137704918,20,7115.0,0.0704958129679826,20,7115.0
33570.0,43,20840.0,353.22033898305085,1.5298601742308255,52689.976238071016,893.050444713068,1175569.987,19924.915033898305,16,7004.0,0.10917891309986245,16,7004.0
33575.0,48,21062.0,339.7096774193548,1.982581866659973,52948.6193406458,854.0099893652548,1192201.972,19229.064064516126,22,7051.0,0.05773754304143651,22,7051.0
33580.0,50,21304.0,349.24590163934425,2.0155134381917015,53105.97021104018,870.5896755908226,1225469.2010000001,20089.659032786887,24,7133.0,0.10416650749911584,24,7133.0
33585.0,52,21558.0,359.3,0.6556646455264463,53222.49103598686,887.0415172664477,1258735.737,20978.928949999998,25,7227.0,0.052347852587109195,25,7227.0
33590.0,49,21682.0,367.49152542372883,1.1928542483329225,53492.06279447835,906.6451321098025,1258735.737,21334.50401694915,21,7149.0,0.044394331920726914,21,7149.0
33595.0,45,21831.0,370.0169491525424,2.1002589390676487,53745.5074771626,910.9408046976712,1258735.737,21334.50401694915,17,7065.0,0.12239461626176129,17,7065.0
33600.0,43,21957.0,372.1525423728813,1.8787715432083052,53998.0843911782,915.2217693420034,1258735.737,21334.50401694915,16,7111.0,0.06909329788715256,16,7111.0
33605.0,46,22162.0,357.4516129032258,1.4767273845276676,54023.88659068047,871.3530095271044,1192281.091,19230.34017741935,19,7182.0,0.07332639243190678,19,7182.0
33610.0,47,22358.0,354.8888888888889,1.8528949900977982,54081.5919804036,858.4379679429144,1175739.6570000001,18662.53423809524,19,7232.0,0.17082907944629705,19,7232.0
33615.0,51,22600.0,347.6923076923077,1.4184743790042997,54364.79991628204,836.38153717357,1209034.7780000002,18600.535046153844,25,7314.0,0.04437475465807473,25,7314.0
33620.0,55,22869.0,351.83076923076925,1.573884411019405,54635.86519329128,840.5517722044814,1225680.8,18856.627692307695,29,7424.0,0.08169183242223466,29,7424.0
33625.0,58,23151.0,367.4761904761905,0.6128379654818754,54895.59841695691,871.3587050310621,1242319.81,19719.36206349206,31,7544.0,0.028330397290776004,31,7544.0
33630.0,54,23304.0,382.0327868852459,0.704557007985872,55176.686493379646,904.5358441537645,1242319.81,20365.89852459016,26,7519.0,0.021973153443628827,26,7519.0
33635.0,51,23454.0,366.46875,1.6885856388300022,55455.250812019374,866.4882939378028,1242319.986,19411.24978125,21,7479.0,0.06806337758166492,21,7479.0
33640.0,46,23614.0,368.96875,2.285424067961866,55724.27964388642,870.6918694357252,1242319.986,19411.24978125,19,7491.0,0.1050035750402951,19,7491.0
33645.0,50,23838.0,378.3809523809524,1.6202867057200758,55877.98667607793,886.9521694615545,1209067.9630000002,19191.554968253968,24,7587.0,0.10649514560481867,24,7587.0
33650.0,51,24062.0,401.03333333333336,0.8758795029238999,55789.2975715938,929.8216261932299,1159239.586,19320.659766666664,25,7667.0,0.058991998664565976,25,7667.0
33655.0,55,24327.0,386.14285714285717,1.0457205611657898,56075.164538661316,890.0819768041478,1192565.976,18929.618666666665,29,7772.0,0.04945981147721287,29,7772.0
33660.0,57,24603.0,378.5076923076923,1.223513973777904,56338.86242405946,866.7517296009148,1225893.843,18859.90527692308,30,7889.0,0.06638836378333725,30,7889.0
33665.0,59,24890.0,366.02941176470586,0.6432863158954722,56625.86777852508,832.7333496841924,1242560.2910000002,18272.945455882353,32,8015.0,0.023145808338778655,32,8015.0
33670.0,56,25043.0,368.27941176470586,1.4987875521527991,56937.458280872226,837.3155629540033,1242560.2910000002,18272.945455882353,28,7979.0,0.09912562354614823,28,7979.0
33675.0,54,25223.0,370.9264705882353,1.661091000238528,57237.604395460265,841.7294764038277,1242560.2910000002,18272.945455882353,26,7950.0,0.07997118880004951,26,7950.0
33680.0,53,25402.0,379.13432835820896,1.6390393450443816,57519.69999459139,858.5029849939014,1225892.9460000002,18296.909641791044,26,7993.0,0.06532451927121456,26,7993.0
33685.0,54,25656.0,382.92537313432837,1.0988504590381216,57506.30204664613,858.3030156215841,1176018.7010000001,17552.517925373137,28,8130.0,0.05481757170923056,28,8130.0
33690.0,55,25877.0,369.6714285714286,1.565447476575199,57631.95371655984,823.3136245222835,1176107.6360000002,16801.537657142857,28,8191.0,0.10182031826938162,28,8191.0
33695.0,58,26157.0,363.2916666666667,1.4147020121733658,57942.86403473486,804.7620004824287,1192783.7840000002,16566.441444444445,32,8311.0,0.030196960456009118,32,8311.0
33700.0,64,26464.0,362.52054794520546,1.0688251900273273,58245.56362129867,797.884433168475,1226138.58,16796.418904109585,37,8458.0,0.04188961374700885,37,8458.0
33705.0,67,26793.0,377.36619718309856,0.4098989539727714,58529.6040111373,824.3606198751733,1242812.0760000001,17504.39543661972,41,8627.0,0.024218068100920243,41,8627.0
33710.0,58,26311.0,370.5774647887324,0.6797227215694299,58865.47745356076,829.0912317402923,1259482.668,17739.192507042255,30,8266.0,0.04344830201382173,30,8266.0
33715.0,58,26454.0,362.3835616438356,0.9005536751153582,59202.48905503298,810.9930007538761,1259484.56,17253.213150684933,27,8250.0,0.039426928309276174,27,8250.0
33720.0,54,26630.0,375.07042253521126,0.9188079218415133,59485.493795996306,837.8238562816381,1226146.7920000001,17269.67312676056,27,8354.0,0.016670915359262618,27,8354.0
33725.0,58,26895.0,358.6,1.2765421917934001,59822.2278336969,797.629704449292,1226149.7920000001,16348.663893333332,32,8481.0,0.016452624530182598,32,8481.0
33730.0,53,26161.0,353.52702702702703,2.2822285517187932,59925.36282199214,809.802200297191,1226160.943,16569.742472972972,27,7779.0,0.11393328057142778,27,7779.0
33735.0,56,26434.0,367.1388888888889,2.245357325275488,59743.40219285137,829.7694749007132,1209525.035,16798.958819444448,28,7695.0,0.023394897327809843,28,7695.0
33740.0,58,26721.0,366.041095890411,2.068949413927343,59920.29916085248,820.8260159020886,1209522.499,16568.801356164382,30,7812.0,0.023256564740064073,30,7812.0
33745.0,59,27013.0,415.5846153846154,1.026745530725298,59335.80623122607,912.8585574034779,1209516.919,18607.952599999997,31,7934.0,3.1295750382918778e-06,31,7934.0
33750.0,53,27140.0,437.741935483871,1.0560339028925712,59542.63664536899,960.365107183371,1209515.599,19508.31611290322,25,7902.0,0.045338896833053095,25,7902.0
33755.0,54,27408.0,442.06451612903226,1.1667477599276126,59789.9062751872,964.3533270191484,1209514.939,19508.30546774193,26,7989.0,1.6531461750192103e-05,26,7989.0
33760.0,54,27678.0,453.73770491803276,1.5179595826354306,60013.421328553035,983.8265791566073,1209514.279,19828.102934426228,26,8089.0,0.03573106401550057,26,8089.0
33765.0,55,27949.0,443.63492063492066,0.9697008329362203,60237.00109594546,956.142874538817,1209517.137,19198.68471428571,27,8190.0,3.9610086938491896e-05,27,8190.0
33770.0,50,27944.0,465.73333333333335,1.2079471703499816,60411.03009109608,1006.8505015182681,1209514.137,20158.568949999997,22,8037.0,0.0733767870421921,22,8037.0
33775.0,46,27929.0,465.48333333333335,1.4202500161572646,60679.41684898055,1011.323614149676,1209514.137,20158.568949999997,18,7878.0,0.10736916325806352,18,7878.0
33780.0,46,27963.0,466.05,1.2631092992219741,60949.96790022925,1015.832798337154,1209514.137,20158.568949999997,19,7936.0,0.06255764105173976,19,7936.0
33785.0,50,28155.0,461.55737704918033,0.89047771239356,60773.56544830371,996.2879581689137,1176323.708,19283.99521311475,23,8072.0,0.039507907927696956,23,8072.0
33790.0,51,28353.0,450.04761904761904,1.403780118857655,60901.10381552443,966.6841875480068,1176432.6280000003,18673.53377777778,23,8159.0,0.11762165885536915,23,8159.0
33795.0,53,28606.0,440.0923076923077,1.3342376743808673,61187.437280712715,941.3451889340419,1209921.8770000003,18614.182723076923,26,8253.0,0.05292243604571275,26,8253.0
33800.0,55,28877.0,444.26153846153846,1.4132792779578545,61461.67658476493,945.5642551502294,1226665.3950000003,18871.775307692307,29,8364.0,0.06506682635922689,29,8364.0
33805.0,60,29163.0,441.8636363636364,0.8972563637768691,61761.01711058383,935.7729865239974,1243411.512,18839.568363636365,33,8488.0,0.00011744136278067489,33,8488.0
33810.0,55,29310.0,465.23809523809524,0.8335916572905844,61986.57441508427,983.9138796045124,1243411.7600000002,19736.694603174605,27,8299.0,0.038620748385929576,27,8299.0
33815.0,53,29482.0,440.02985074626866,1.692799569756758,62275.76012334209,929.4889570648072,1243415.188,18558.435641791046,23,8166.0,0.0740380859547573,23,8166.0
33820.0,47,29630.0,448.93939393939394,1.8430251443922936,62485.27490875238,946.746589526551,1226725.5140000002,18586.750212121213,20,8239.0,0.08905575517678586,20,8239.0
33825.0,52,29861.0,473.984126984127,0.9622379532122466,62457.65691211847,991.391379557436,1176648.737,18676.96407936508,26,8341.0,0.07124313755338975,26,8341.0
33830.0,53,30080.0,477.46031746031747,0.8680957767680232,62453.56839410916,991.3264824461772,1176852.473,18680.197984126982,27,8415.0,0.049195476806492,27,8415.0
33835.0,57,30354.0,466.9846153846154,1.159085667600712,62747.63086922787,965.3481672188905,1210379.073,18621.216507692312,30,8529.0,0.0626482331960558,30,8529.0
33840.0,59,30644.0,478.8125,0.5935215182062635,63009.46086516632,984.5228260182239,1227142.739,19174.105296875,33,8659.0,0.02021460677229667,33,8659.0
33845.0,61,30945.0,429.7916666666667,0.7863091185282965,63300.3217388123,879.171135261282,1260672.9980000001,17509.347194444443,35,8800.0,0.021667991138033114,35,8800.0
33850.0,51,30486.0,423.4166666666667,2.230221102915443,63614.48158211965,883.5344664183285,1260672.9980000001,17509.347194444443,23,8249.0,0.15334645376358289,23,8249.0
33855.0,49,30564.0,424.5,1.444779203186635,63921.79910464593,887.8027653423046,1260672.9980000001,17509.347194444443,19,8016.0,0.08500419871726224,19,8016.0
33860.0,52,30746.0,427.02777777777777,1.3460030597077342,64247.10754818873,892.320938169288,1260672.9980000001,17509.347194444443,25,8100.0,0.02924731523969117,25,8100.0
33865.0,59,31012.0,456.05882352941177,0.9126313340315679,64109.92746137316,942.7930509025467,1210497.237,17801.42995588235,32,8230.0,0.011336649654395976,32,8230.0
33870.0,56,31242.0,452.7826086956522,1.152148387858471,64063.59435903201,928.4578892613334,1210597.3350000002,17544.88891304348,30,8312.0,0.0026752422784784716,30,8312.0
33875.0,58,31530.0,456.95652173913044,1.5830999571121922,64009.775889717115,927.6779114451757,1227375.3010000002,17788.047840579715,32,8440.0,0.02158026086435216,32,8440.0
33880.0,61,31826.0,468.02941176470586,1.0746317324642816,64298.45962543781,945.5655827270267,1227375.3010000002,18049.63677941177,33,8571.0,0.04052600076682141,33,8571.0
33885.0,64,32139.0,494.44615384615383,0.13091549436344888,64538.06900669479,992.8933693337659,1227368.925,18882.598846153847,36,8720.0,4.7232037734200406e-05,36,8720.0
33890.0,58,32288.0,489.2121212121212,0.6891360454757767,64852.16308747063,982.6085316283431,1227369.9120000002,18596.51381818182,30,8589.0,0.04643098252516831,30,8589.0
33895.0,54,32422.0,476.79411764705884,1.4989064897905295,65157.7947239092,958.2028635869002,1227371.808,18049.585411764707,26,8453.0,0.0754336684520811,26,8453.0
33900.0,52,32580.0,486.2686567164179,1.6730271237571637,65435.200363362244,976.6447815427201,1210595.802,18068.594059701492,25,8485.0,0.07067188466895022,25,8485.0
33905.0,55,32822.0,468.8857142857143,1.3581905678297521,65558.8981840839,936.5556883440556,1210725.727,17296.081814285713,29,8620.0,0.04946716923353077,29,8620.0
33910.0,48,32160.0,472.94117647058823,2.147792906139003,65384.93578828658,961.5431733571555,1177433.6050000002,17315.200073529413,22,7957.0,0.13273515355538387,22,7957.0
33915.0,51,32407.0,469.6666666666667,2.3564524077044453,65482.13030117339,949.0163811764261,1194367.827,17309.678652173912,25,7904.0,0.03385958488774486,25,7904.0
33920.0,57,32679.0,460.2676056338028,2.0162609298036442,65574.96326438556,923.5910318927544,1227976.3180000002,17295.441098591553,30,8014.0,0.02528674296163309,30,8014.0
33925.0,57,32961.0,491.95522388059703,1.304970049245204,65071.32919533077,971.2138685870265,1244777.7260000003,18578.77202985075,31,8153.0,0.023863035374596313,31,8153.0
33930.0,53,33064.0,500.969696969697,1.5203413875483747,65347.45061049704,990.112888037834,1261576.6380000005,19114.79754545455,26,8137.0,0.1004791231746148,26,8137.0
33935.0,57,33339.0,497.5970149253731,1.3094155409992818,65645.73396460814,979.787074098629,1261576.6380000005,18829.50205970149,29,8238.0,0.008813290164122632,29,8238.0
33940.0,58,33627.0,517.3384615384615,1.277859519987366,65859.514392249,1013.2232983422922,1261575.0280000002,19408.84658461539,30,8351.0,0.028989331157143312,30,8351.0
33945.0,59,33918.0,521.8153846153846,0.5919405798807429,66079.34848415582,1016.6053612947052,1261575.9580000003,19408.860892307694,31,8467.0,0.0059287957622078885,31,8467.0
33950.0,51,33902.0,546.8064516129032,1.2806444992492965,66295.73631425627,1069.2860695847785,1261575.9580000003,20347.999322580647,23,8262.0,0.06532781854504936,23,8262.0
33955.0,48,33980.0,548.0645161290323,2.0089397268161493,66565.76400313921,1073.6413548893418,1261575.9580000003,20347.999322580647,20,8115.0,0.08862477710781437,20,8115.0
33960.0,46,34028.0,557.8360655737705,1.649494524630178,66765.42819166913,1094.5152162568713,1244793.9550000003,20406.458278688526,19,8172.0,0.061011415362915725,19,8172.0
33965.0,49,34233.0,552.1451612903226,1.1505363649040727,66690.5150306561,1075.6534682363886,1194534.7240000004,19266.689096774193,22,8271.0,0.04989746805479611,22,8271.0
33970.0,52,34444.0,529.9076923076923,1.2924554913140283,66700.71634966727,1026.1648669179579,1177872.8830000001,18121.121276923077,24,8346.0,0.0877650789999345,24,8346.0
33975.0,53,34702.0,517.9402985074627,1.578079115293089,66993.87790324689,999.9086254215954,1211542.1070000003,18082.718014925373,27,8439.0,0.06933202699299255,27,8439.0
33980.0,57,34975.0,522.0149253731344,1.399271175405455,67273.92741664468,1004.0884689051447,1228376.6320000002,18333.979582089552,31,8548.0,0.0680407675479619,31,8548.0
33985.0,61,35267.0,518.6323529411765,1.096122583130188,67581.71977093603,993.8488201608241,1245211.8880000003,18311.939529411764,34,8674.0,0.026618445195658973,34,8674.0
33990.0,56,35426.0,562.3174603174604,0.6902126829956287,67831.96194779425,1076.697808695147,1245208.8880000003,19765.220444444447,28,8557.0,0.019096525893117923,28,8557.0
33995.0,53,35580.0,539.0909090909091,1.72475620383131,68120.1298696305,1032.123179842886,1245209.0720000002,18866.80412121212,23,8441.0,0.07140006217161933,23,8441.0
34000.0,48,35749.0,549.9846153846154,2.1322361029141708,68245.72233255567,1049.9341897316253,1228444.952,18899.153107692306,21,8425.0,0.10825886990833504,21,8425.0
34005.0,51,35978.0,545.1212121212121,1.500113643173151,68219.85240563808,1033.6341273581531,1178105.9200000002,17850.0896969697,25,8534.0,0.12139429326496609,25,8534.0
34010.0,54,36211.0,548.6515151515151,1.2182149768010762,68248.59061909807,1034.0695548348194,1178273.002,17852.62124242424,27,8602.0,0.08302481085547042,27,8602.0
34015.0,58,36491.0,544.6417910447761,0.8972130793371598,68552.06327331487,1023.1651234823116,1195123.034,17837.6572238806,32,8717.0,0.034943071507808704,32,8717.0
34020.0,62,36793.0,541.0735294117648,0.8003604804364763,68836.4421160872,1012.3006193542237,1228825.703,18070.966220588238,36,8854.0,0.03235838857284775,36,8854.0
34025.0,64,37107.0,508.3150684931507,0.8282405233258725,69154.19652369773,947.3177605985989,1262530.2040000001,17294.934301369864,37,9003.0,0.029923659296465663,37,9003.0
34030.0,54,36566.0,507.8611111111111,1.725961261706311,69469.67994226151,964.856665864743,1262530.2040000001,17535.141722222223,26,8473.0,0.1486543897403833,26,8473.0
34035.0,52,36603.0,508.375,1.194808761748329,69788.86013708875,969.2897241262331,1262530.2040000001,17535.141722222223,21,8354.0,0.07547123716631907,21,8354.0
34040.0,53,36772.0,517.9154929577464,1.0656949474658812,70000.27260542019,985.9193324707071,1245723.7140000002,17545.40442253521,25,8438.0,0.02873668217850671,25,8438.0
34045.0,58,37014.0,521.3239436619718,0.9251216558408247,70295.21567618022,990.0734602278905,1212026.1840000001,17070.791323943668,31,8556.0,0.012988248712118634,31,8556.0
34050.0,58,37253.0,510.3150684931507,1.54377824547329,70324.32393034194,963.3469031553689,1228892.2210000001,16834.14001369863,31,8642.0,0.048728491955922194,31,8642.0
34055.0,61,37549.0,528.8591549295775,1.3321071109315308,70076.26541339772,986.9896537098268,1212081.0790000001,17071.56449295775,34,8772.0,0.0008595673317206842,34,8772.0
34060.0,64,37862.0,533.2676056338029,1.0686944739104691,70399.47731750306,991.541934049339,1212081.0790000001,17071.56449295775,36,8913.0,0.023747891117988532,36,8913.0
34065.0,66,38188.0,578.6060606060606,0.00042183209295718765,70647.67102214062,1070.4192579112218,1212077.7010000001,18364.81365151515,38,9064.0,4.598696757095071e-05,38,9064.0
34070.0,61,38354.0,581.1212121212121,0.4041770988798143,70972.56244593122,1075.3418552413827,1212077.7010000001,18364.81365151515,33,8977.0,0.01838694723667223,33,8977.0
34075.0,57,38537.0,566.7205882352941,1.1383243651661594,71285.57413924077,1048.3172667535412,1212079.601,17824.700014705882,29,8887.0,0.04948661158848231,29,8887.0
34080.0,52,38680.0,577.3134328358209,1.4991867866744588,71440.17533576225,1066.2712736680933,1195274.926,17839.924268656712,25,8910.0,0.060863721275337956,25,8910.0
34085.0,54,38921.0,525.9594594594595,1.4588035991187165,71754.3949756195,969.65398615702,1212178.526,16380.790891891893,28,9033.0,0.04562390429411704,28,9033.0
34090.0,48,38186.0,530.3611111111111,2.594816754064661,71634.08117354245,994.9177940769789,1178673.5820000002,16370.466416666666,22,8309.0,0.1757965653157533,22,8309.0
34095.0,53,38440.0,526.5753424657535,2.6335036873486835,71821.24879296099,983.8527231912461,1195627.421,16378.457821917806,27,8246.0,0.05918039837068058,27,8246.0
34100.0,58,38718.0,516.24,2.1358415429788637,71823.06174823946,957.6408233098595,1229418.3879999998,16392.245173333333,31,8359.0,0.006365245307858853,31,8359.0
34105.0,60,39012.0,582.2686567164179,1.1239851785636368,71385.07053301514,1065.4488139255989,1246299.422,18601.48391044776,34,8488.0,0.01206006685020578,34,8488.0
34110.0,62,39318.0,604.8923076923077,0.342896037371499,71632.69454624753,1102.041454557654,1263191.524,19433.715753846154,34,8623.0,0.04245316093590834,34,8623.0
34115.0,65,39637.0,600.560606060606,0.14172315514057035,71958.64394067567,1090.282483949631,1263191.524,19139.265515151514,37,8767.0,3.352491939745279e-05,37,8767.0
34120.0,57,39731.0,601.9848484848485,0.7134736516432707,72277.41483925034,1095.1123460492474,1263191.524,19139.265515151514,29,8630.0,0.031854718407587405,29,8630.0
34125.0,53,39849.0,569.2714285714286,1.7740224500088106,72582.92330130005,1036.898904304286,1263192.7719999999,18045.611028571428,25,8544.0,0.04826643885874866,25,8544.0
34130.0,51,40029.0,571.8428571428572,2.1230928255064163,72744.7758724986,1039.2110838928368,1246360.9309999999,17805.156157142857,23,8624.0,0.09949226941350553,23,8624.0
34135.0,56,40244.0,600.6567164179105,0.8009376203221893,72807.315887508,1086.6763565299702,1195784.114,17847.52408955224,29,8743.0,0.04748497293063864,29,8743.0
34140.0,51,40135.0,608.1060606060606,1.1963836528328087,72873.70704362616,1104.147076418578,1179015.66,17863.873636363634,25,8586.0,0.07313430564190951,25,8586.0
34145.0,53,40397.0,568.9718309859155,1.9045686547675438,73177.1797109306,1030.6645029708536,1212846.919,17082.350971830987,27,8598.0,0.05009750510267362,27,8598.0
34150.0,61,40677.0,557.2191780821918,1.8545463496027201,73333.64015651957,1004.5704131030076,1246676.733,17077.763465753425,32,8713.0,0.0969264716658716,32,8713.0
34155.0,62,40975.0,602.5735294117648,0.6255850765136652,73418.41793219774,1079.6826166499668,1246675.975,18333.470220588235,34,8841.0,0.001286346801290204,34,8841.0
34160.0,53,40555.0,614.469696969697,0.9665300716530116,73649.12415955796,1115.895820599363,1246672.975,18888.984469696967,24,8373.0,0.0848076977287929,24,8373.0
34165.0,49,40525.0,587.3188405797101,1.3036214615243227,73960.41903442399,1071.8901309336811,1246674.975,18067.753260869566,20,8108.0,0.058732354456764786,20,8108.0
34170.0,50,40694.0,598.4411764705883,1.4080679737464126,74220.16013657357,1091.4729431849053,1229781.259,18085.01851470588,22,8173.0,0.07725087749413291,22,8173.0
34175.0,58,40928.0,593.1594202898551,0.8245521461934523,74311.47572748853,1076.9779090940367,1212862.2189999998,17577.71331884058,30,8287.0,0.01028945722048868,30,8287.0
34180.0,54,41088.0,604.2352941176471,1.5527854160294137,74160.9904717924,1090.6028010557698,1229796.9819999998,18085.249735294117,28,8318.0,0.04753020463164768,28,8318.0
34185.0,56,41365.0,608.3088235294117,1.7226217569707976,74263.67792407685,1092.1129106481883,1246733.803,18334.32063235294,29,8400.0,0.0730301823163217,29,8400.0
34190.0,58,41653.0,621.6865671641791,1.2640550480222132,74405.25203525918,1110.5261497799875,1229879.825,18356.41529850746,30,8513.0,0.0008734488328936232,30,8513.0
34195.0,60,41953.0,665.9206349206349,0.5707039630765891,74572.79946022382,1183.695229527362,1229879.017,19521.889158730162,32,8638.0,7.971603387035967e-07,32,8638.0
34200.0,54,42067.0,689.6229508196722,0.7146498286421771,74816.17304723605,1226.4946401186235,1229879.017,20161.95109836066,26,8460.0,0.02030848982954297,26,8460.0
34205.0,50,42173.0,620.1911764705883,1.8280093839012128,75100.94368456893,1104.4256424201312,1229890.701,18086.627955882355,22,8303.0,0.06459023561262152,22,8303.0
34210.0,46,42302.0,631.3731343283582,2.456009873861798,75340.51539110873,1124.4853043449057,1212977.6430000002,18104.143925373133,19,8367.0,0.167320755769099,19,8367.0
34215.0,52,42517.0,644.1969696969697,0.8910367596235883,75285.89975724833,1140.695450867399,1196245.868,18124.937393939395,25,8469.0,0.06500275628001237,25,8469.0
34220.0,45,28610.0,440.15384615384613,1.4763355287000668,75257.4525608571,1157.8069624747245,1179503.5000000005,18146.207692307697,22,5561.0,0.08414670858639414,22,5561.0
34225.0,39,17312.0,258.3880597014925,2.259736799510275,75537.11185259683,1127.4195798895048,1213431.4100000001,18110.91656716418,25,4674.0,0.03955097763621882,25,4674.0
34230.0,36,5995.0,85.64285714285714,2.8942175040536156,75774.96783583924,1082.499540511989,1247367.573,17819.536757142854,31,7771.0,0.02771008292917497,31,7771.0
34235.0,39,1075.0,16.53846153846154,2.3364631681960137,58442.97406442269,899.1226779141955,1139475.5240000002,17530.392676923075,36,8900.0,0.02563697494726237,36,8900.0
34240.0,35,824.0,12.875,2.1159734963038357,46508.11949609601,726.6893671265005,1120048.5890000002,17500.759203125002,26,8379.0,0.055108298705026926,26,8379.0
34245.0,39,869.0,12.779411764705882,1.8767702680922733,45462.79572095352,668.5705253081401,1183765.7030000002,17408.319161764706,22,8170.0,0.05919003079850223,22,8170.0
34250.0,45,1003.0,14.75,1.7041305116396501,45381.30146991487,667.3720804399247,1229312.883,18078.13063235294,23,8247.0,0.08083233727795047,23,8247.0
34255.0,53,1229.0,17.81159420289855,0.9743823606228965,45491.74433475453,659.3006425326744,1226718.5380000002,17778.52953623188,28,8373.0,0.031747506230148256,28,8373.0
34260.0,58,1393.0,20.18840579710145,1.169656410786209,45490.961102109126,659.2892913349152,1260682.943,18270.76728985507,31,8471.0,0.034382213107359345,31,8471.0
34265.0,58,1668.0,23.166666666666668,1.1442045547089268,45701.788912156335,634.7470682243937,1277665.172,17745.349611111113,32,8509.0,0.009341064462146522,32,8509.0
34270.0,63,1973.0,28.185714285714287,1.1073805682519522,45845.00113471969,654.928587638853,1260771.721,18011.024585714284,35,8644.0,0.06269406058856167,35,8644.0
34275.0,65,2294.0,33.2463768115942,0.42259620856326835,46171.80466433748,669.1565893382244,1260770.769,18272.04013043478,37,8790.0,0.0006628108518909422,37,8790.0
34280.0,62,2455.0,35.07142857142857,0.5264258591907692,46391.29098895573,662.7327284136534,1260768.927,18010.98467142857,34,8648.0,0.012335015076855273,34,8648.0
34285.0,57,2642.0,36.69444444444444,1.8548787088926646,46713.98881107373,648.805400153802,1260772.609,17510.730680555556,29,8565.0,0.0662011517547979,29,8565.0
34290.0,53,2795.0,39.36619718309859,1.4893466956651855,46984.2045546921,661.7493599252409,1243804.209,17518.369140845072,26,8664.0,0.09939096060250978,26,8664.0
34295.0,59,3055.0,43.642857142857146,0.6102229886017522,46827.18240145806,668.9597485922582,1210107.427,17287.248957142856,33,8828.0,0.038805887158521644,33,8828.0
34300.0,52,2217.0,31.225352112676056,1.6170358780750058,47008.947479631,662.097851825789,1227211.032,17284.66242253521,24,8043.0,0.09357288120623974,24,8043.0
34305.0,55,2482.0,33.54054054054054,2.4532335991887613,47308.193708475745,639.2999149794018,1244219.888,16813.782270270272,29,7925.0,0.04460072554126512,29,7925.0
34310.0,58,2765.0,37.87671232876713,2.128376766723012,47204.80945756428,646.6412254460861,1278233.0860000001,17510.042273972605,32,8043.0,0.015109592150584475,32,8043.0
34315.0,59,3060.0,45.67164179104478,0.9515962510851422,46777.332263099466,698.1691382552161,1295234.6680000003,19331.860716417912,33,8173.0,0.05927788428891651,33,8173.0
34320.0,55,3197.0,49.953125,0.7869651065960269,46986.61004024452,734.165781878821,1295233.4780000001,20238.023093750002,27,8003.0,0.036112424870441216,27,8003.0
34325.0,52,3374.0,48.2,2.2084962000608974,47285.062480067674,675.5008925723954,1295239.4780000001,18503.421114285717,24,7921.0,0.058964008850763534,24,7921.0
34330.0,51,3527.0,49.67605633802817,2.3533556136017513,47401.77344848489,667.6306119504916,1278328.9430000002,18004.632999999998,22,7997.0,0.1166646922903715,22,7997.0
34335.0,54,3770.0,54.63768115942029,1.1409473973369375,47477.49615934378,688.0796544832433,1244439.0980000002,18035.349246376813,28,8114.0,0.04441417100693663,28,8114.0
34340.0,50,3626.0,54.11940298507463,1.5287184984942723,47538.596937089125,709.5312975684947,1210546.6580000003,18067.86056716418,24,7943.0,0.08446438191350233,24,7943.0
34345.0,51,3859.0,55.927536231884055,1.9887378891469358,47829.11655914126,693.1756023063951,1244597.242,18037.641188405796,25,7901.0,0.08780201058200857,25,7901.0
34350.0,56,4128.0,58.97142857142857,1.7011255827518224,48112.21822960787,687.3174032801123,1278638.912,18266.27017142857,29,7968.0,0.03284461589014781,29,7968.0
34355.0,62,4415.0,65.8955223880597,0.7799127505415546,48145.70008483889,718.592538579685,1278637.532,19084.142268656713,32,8087.0,9.71040102084896e-05,32,8087.0
34360.0,53,4548.0,68.9090909090909,1.5377976154166801,48274.83446290722,731.4368858016245,1278637.953,19373.302318181817,25,7984.0,0.057605213420187366,25,7984.0
34365.0,49,4684.0,72.06153846153846,2.3084211821333387,48445.73474814767,745.3189961253488,1278637.953,19671.353123076922,21,7830.0,0.1243683886842069,21,7830.0
34370.0,49,4848.0,75.75,1.8349547806578759,48702.74309857677,760.9803609152623,1261614.869,19712.732328125,22,7898.0,0.10150708084667974,22,7898.0
34375.0,51,5080.0,83.27868852459017,0.8684180918295659,48580.06256212812,796.3944682316088,1210730.669,19848.04375409836,25,8013.0,0.06419672618463557,25,8013.0
34380.0,49,5247.0,87.45,0.7618449703196111,48662.36391977292,811.0393986628823,1193804.7670000002,19896.746116666665,23,8018.0,0.04862398429961416,23,8018.0
34385.0,52,5502.0,82.11940298507463,1.6158055002799636,48952.06183149985,730.6277885298487,1227896.375,18326.81156716418,26,8087.0,0.04398630387571141,26,8087.0
34390.0,55,5772.0,86.14925373134328,1.9411823802662924,49223.05872490386,734.6725182821473,1244934.914,18581.11811940298,29,8192.0,0.10910271646757934,29,8192.0
34395.0,59,6058.0,90.41791044776119,0.4615567146505637,49428.52744241252,737.739215558396,1279014.2589999998,19089.76505970149,33,8313.0,0.012467642975166362,33,8313.0
34400.0,58,6228.0,95.81538461538462,0.68337298032518,49706.63587153125,764.717474946635,1279014.2589999998,19677.142446153848,30,8263.0,0.018326054470010365,30,8263.0
34405.0,53,6401.0,92.76811594202898,1.8106402966906419,50011.15813590573,724.7993932739964,1279017.2589999998,18536.48201449275,25,8231.0,0.07811228883031003,25,8231.0
34410.0,50,6592.0,94.17142857142858,2.0898598390449976,50285.90607623613,718.3700868033736,1261977.8329999999,18028.254757142855,23,8254.0,0.10896497690050747,23,8254.0
34415.0,55,6836.0,100.52941176470588,1.329433307783841,50251.21283351161,738.9884240222299,1210985.9239999999,17808.616529411764,28,8359.0,0.05126507097884289,28,8359.0
34420.0,54,7012.0,104.65671641791045,1.293490801119474,50372.511399783565,751.8285283549789,1194031.804,17821.37020895522,28,8383.0,0.08704931788726615,28,8383.0
34425.0,57,7293.0,105.69565217391305,1.381074305105803,50676.265032922194,734.4386236655394,1228143.208,17799.17692753623,31,8499.0,0.047969682845200694,31,8499.0
34430.0,61,7590.0,110.0,1.0986800182335357,50927.25099302928,738.0761013482506,1262247.479,18293.44172463768,34,8631.0,0.007306364716857993,34,8631.0
34435.0,62,7898.0,114.46376811594203,0.768684813671773,51178.139192067974,741.7121622038837,1279303.0250000001,18540.623550724635,36,8774.0,0.026731598072392806,36,8774.0
34440.0,58,8056.0,115.08571428571429,1.138656417754965,51482.96674623505,735.4709535176438,1296357.455,18519.39221428571,30,8719.0,0.044947771965292684,30,8719.0
34445.0,54,8248.0,111.45945945945945,1.934846877466705,51798.785694891696,699.9835904715098,1296360.455,17518.38452702703,26,8699.0,0.0750679408013348,26,8699.0
34450.0,54,8440.0,114.05405405405405,2.3590183488633274,52106.251710889526,704.1385366336424,1296360.455,17518.38452702703,27,8738.0,0.12747507247577708,27,8738.0
34455.0,58,8703.0,126.1304347826087,0.6965208783692453,52060.369034518946,754.4981019495503,1211214.815,17553.837898550722,31,8860.0,0.041421685801450135,31,8860.0
34460.0,52,8198.0,112.3013698630137,1.8024056088323674,52378.85042100483,717.5184989178745,1228285.2240000002,16825.82498630137,25,8291.0,0.08346238201708302,25,8291.0
34465.0,55,8464.0,115.94520547945206,2.637405017469626,52501.68618281562,719.2011805865158,1228377.494,16827.088958904107,29,8303.0,0.059443247815476545,29,8303.0
34470.0,59,8747.0,118.20270270270271,1.966122137229394,52683.42122757771,711.9381246969962,1262499.69,17060.80662162162,32,8421.0,0.020967205072570064,32,8421.0
34475.0,63,9055.0,135.1492537313433,0.5390787882002855,52257.69756950942,779.9656353658127,1279555.441,19097.842402985072,37,8564.0,0.019259446485587056,37,8564.0
34480.0,58,9215.0,137.53731343283582,0.9189533649648742,52557.51629790324,784.4405417597502,1296621.8930000002,19352.565567164176,30,8536.0,0.059187650514881146,30,8536.0
34485.0,54,9388.0,130.38888888888889,1.8129686058963013,52868.917196274626,734.2905166149254,1296625.945,18008.693680555552,26,8519.0,0.04594524737971996,26,8519.0
34490.0,52,9590.0,135.07042253521126,2.1923727924062355,53076.981675392344,747.563122188625,1279583.495,18022.302746478876,25,8606.0,0.08736131990725823,25,8606.0
34495.0,55,9843.0,146.91044776119404,0.6974203092480381,53151.899491732176,793.3119327124207,1211397.901,18080.565686567163,29,8727.0,0.057674031981023055,29,8727.0
34500.0,54,9893.0,147.65671641791045,1.2703613336197015,53377.110539057,796.6732916277167,1211432.321,18081.07941791045,28,8630.0,0.07533933874907077,28,8630.0
34505.0,58,10171.0,141.26388888888889,1.5938671852932413,53691.19510436332,745.7110431161574,1245587.214,17299.82241666667,31,8725.0,0.017879424941394346,31,8725.0
34510.0,61,10466.0,143.36986301369862,1.619814234680794,53910.775809901534,738.5037782178296,1262661.2820000001,17296.72989041096,33,8855.0,0.0754321072138669,33,8855.0
34515.0,63,10768.0,151.66197183098592,0.8184892426137148,54066.35988187253,761.498026505247,1279737.4490000003,18024.471112676052,36,8991.0,0.023353391280365114,36,8991.0
34520.0,54,9785.0,141.81159420289856,1.0755106631859404,54346.66401751757,787.6328118480808,1279737.4490000003,18546.919550724633,26,8433.0,0.11536304067333317,26,8433.0
34525.0,53,9616.0,137.37142857142857,1.1145758710102402,54669.09165668288,780.9870236668984,1279737.4490000003,18281.96355714286,23,8064.0,0.05907994588828371,23,8064.0
34530.0,51,9789.0,141.8695652173913,1.2302941177735744,54949.950466195165,796.3760937129737,1262670.997,18299.579666666665,23,8137.0,0.07098800435548255,23,8137.0
34535.0,59,10031.0,143.3,0.7908705310819674,54953.923706598864,785.0560529514123,1245588.235,17794.11764285714,31,8253.0,0.007438086579107528,31,8253.0
34540.0,56,10229.0,146.12857142857143,1.695397918528604,54951.83273281107,785.026181897301,1262685.0370000002,18038.35767142857,30,8301.0,0.04542476287161646,30,8301.0
34545.0,59,10517.0,152.42028985507247,1.5511238271167997,54772.249884044795,793.8007229571709,1279778.0330000003,18547.507724637682,31,8421.0,0.0810669208944506,31,8421.0
34550.0,61,10814.0,156.7246376811594,1.255301602593889,55081.68314495669,798.2852629703867,1279778.0330000003,18547.507724637682,33,8543.0,0.0010608366039994031,33,8543.0
34555.0,62,11123.0,173.796875,0.40656661733401167,55166.9971307478,861.9843301679343,1262722.3590000004,19730.036859375,34,8677.0,6.823222028824483e-07,34,8677.0
34560.0,51,7833.0,126.33870967741936,0.877532352105787,55444.7183910192,894.2696514680516,1262722.3590000004,20366.489661290325,27,5830.0,0.02972730920283343,27,5830.0
34565.0,42,5170.0,73.85714285714286,2.8589539870923963,55730.76704894646,796.1538149849493,1262732.1270000003,18039.030385714286,27,4967.0,0.04485159730917273,27,4967.0
34570.0,36,2807.0,41.8955223880597,3.7694614884181363,45518.053105366314,679.373926945766,1178173.5640000002,17584.680059701495,29,8028.0,0.11556262428003065,29,8028.0
34575.0,41,1394.0,21.78125,1.9239345128805154,37824.476125761175,591.007439465018,1091166.6400000001,17049.478750000002,37,9135.0,0.025016505090210944,37,9135.0
34580.0,39,1081.0,16.890625,1.7080300918209081,31814.675949815144,497.1043117158617,1097200.3650000002,17143.755703125,31,8641.0,0.033241880964282856,31,8641.0
34585.0,43,982.0,14.656716417910447,1.7534539710655292,30480.628688666467,454.93475654726086,1193337.6860000002,17811.010238805975,26,8506.0,0.054206534579948173,26,8506.0
34590.0,47,1012.0,14.666666666666666,1.1349768217386484,30418.918427411514,440.85389025234076,1239322.3760000002,17961.193855072463,28,8604.0,0.024196227629301802,28,8604.0
34595.0,56,1228.0,17.295774647887324,1.1779257341356748,30509.80401918855,429.7155495660359,1270915.8080000002,17900.222647887324,31,8765.0,0.020268849354357674,31,8765.0
34600.0,52,862.0,12.140845070422536,1.7552184790069014,30548.351725422686,430.25847500595347,1288062.208,18141.72123943662,26,8325.0,0.10105122085951897,26,8325.0
34605.0,57,1134.0,15.534246575342467,2.332907315573336,30851.31896753555,422.6208077744597,1305211.138,17879.604630136982,30,8387.0,0.03767295621437416,30,8387.0
34610.0,59,1424.0,20.34285714285714,1.6646207524420744,30755.14081806561,439.3591545437944,1288155.788,18402.22554285714,31,8504.0,0.02262600079008898,31,8504.0
34615.0,61,1725.0,26.53846153846154,0.511331951247776,30607.046570150884,470.8776395407827,1288150.406,19817.69855384615,33,8630.0,1.5379102996213625e-05,33,8630.0
34620.0,53,1736.0,27.555555555555557,1.250699078121555,30860.7514185275,489.85319711948415,1288149.736,20446.821206349203,25,8504.0,0.03025311868673845,25,8504.0
34625.0,54,2002.0,30.333333333333332,1.6397550498273126,31147.829361726162,471.93680851100237,1288149.736,19517.42024242424,25,8556.0,0.010612956183998566,25,8556.0
34630.0,54,2269.0,35.453125,1.7279801208017556,31306.153820150033,489.1586534398442,1288149.638,20127.338093749997,26,8649.0,0.09560828139080618,26,8649.0
34635.0,56,2541.0,40.983870967741936,0.9410192888301957,31517.581408304788,508.34808723072234,1288145.584,20776.541677419355,28,8746.0,0.000799709118917381,28,8746.0
34640.0,51,2530.0,42.166666666666664,0.8681763526676046,31659.077422682334,527.6512903780388,1288142.112,21469.0352,23,8488.0,0.016526348508692976,23,8488.0
34645.0,46,2533.0,40.854838709677416,1.9993999826885325,31908.433013314738,514.6521453760439,1288145.112,20776.534064516127,18,8266.0,0.06499683795261231,18,8266.0
34650.0,43,2572.0,42.16393442622951,1.8747882573370906,32131.780953420217,526.7505074331183,1270994.692,20835.97855737705,16,8315.0,0.12805211324349444,16,8315.0
34655.0,49,2756.0,45.93333333333333,0.7406417861605468,31831.977875967365,530.5329645994561,1237018.327,20616.972116666668,22,8422.0,0.04933333594327496,22,8422.0
34660.0,49,2927.0,48.78333333333333,1.2217479612455346,31928.699796229,532.1449966038165,1237147.1030000001,20619.118383333334,23,8471.0,0.06514977810841668,23,8471.0
34665.0,51,3178.0,49.65625,1.458410712054104,32204.35121529347,503.1929877389604,1271542.137,19867.845890625,25,8557.0,0.05035716693947629,25,8557.0
34670.0,56,3445.0,53.828125,1.395752472847447,32426.295800462256,506.6608718822227,1305926.911,20405.107984374998,29,8659.0,0.03150017777239852,29,8659.0
34675.0,58,3728.0,60.12903225806452,0.5870507216119604,32659.13752474531,526.7602826571825,1305927.046,21063.3394516129,30,8770.0,0.05207612665396982,30,8770.0
34680.0,53,3862.0,63.31147540983606,0.7261685681613366,32946.776172056634,540.1110847878136,1305927.046,21408.640098360658,25,8529.0,0.03768012203648879,25,8529.0
34685.0,49,3998.0,61.50769230769231,1.8818749138644428,33231.98584596749,511.261320707192,1305930.046,20091.23147692308,21,8307.0,0.061934794909874746,21,8307.0
34690.0,48,4153.0,62.92424242424242,2.2891173122181656,33483.838355748456,507.3308841780068,1288735.538,19526.29603030303,19,8224.0,0.1281934621716491,19,8224.0
34695.0,50,4372.0,68.3125,1.4287827574600351,33341.5920571314,520.962375892678,1254619.856,19603.435250000002,23,8314.0,0.06326890322341329,23,8314.0
34700.0,49,4593.0,74.08064516129032,1.431205200905968,33050.09633845956,533.066069975154,1220621.9300000002,19687.45048387097,23,8387.0,0.09271148200389692,23,8387.0
34705.0,54,4853.0,75.828125,1.189744458259581,33335.02428494815,520.8597544523149,1255053.378,19610.20903125,28,8482.0,0.047188628950727354,28,8482.0
34710.0,57,5129.0,78.9076923076923,1.297443121580886,33597.56018350134,516.8855412846359,1289473.0270000002,19838.04656923077,30,8593.0,0.028735274765557577,30,8593.0
34715.0,60,5415.0,83.3076923076923,0.3289542793455523,33864.65864009107,520.9947483090932,1306685.162,20102.84864615385,32,8714.0,0.0003436447846940583,32,8714.0
34720.0,54,5564.0,85.6,1.2840650754822474,34156.78776606408,525.489042554832,1306682.857,20102.813184615385,26,8489.0,0.0685035886291402,26,8489.0
34725.0,50,5715.0,84.04411764705883,2.132222112310548,34445.70796476649,506.5545288936247,1306685.857,19215.96848529412,22,8292.0,0.11310521455305135,22,8292.0
34730.0,48,5894.0,86.67647058823529,2.8001107400895533,34724.079773599085,510.64823196469223,1306685.857,19215.96848529412,21,8145.0,0.14338815963532997,21,8145.0
34735.0,50,6123.0,95.671875,1.7560542850195315,34376.16014993311,537.1275023427046,1238234.188,19347.409187499998,23,8196.0,0.090130052838189,23,8196.0
34740.0,55,6390.0,103.06451612903226,0.9550861695743258,34246.64539554609,552.3652483152592,1204071.6360000002,19420.51025806452,29,8311.0,0.05924169715850138,29,8311.0
34745.0,54,6620.0,98.80597014925372,1.2248589749801606,34421.93886940798,513.7602816329546,1204138.2950000002,17972.21335820896,28,8376.0,0.05523478507092812,28,8376.0
34750.0,57,6897.0,98.52857142857142,1.670652288964278,34720.27412486483,496.0039160694975,1238589.458,17694.135114285717,30,8488.0,0.13135704802998757,30,8488.0
34755.0,62,7190.0,101.26760563380282,1.1765214924957292,35020.6279954418,493.2482816259407,1255818.3320000002,17687.582140845072,36,8616.0,0.09525825037175872,36,8616.0
34760.0,66,7510.0,105.77464788732394,0.19547067137979354,35314.30642542003,497.38459754112677,1290264.0740000003,18172.733436619717,40,8771.0,0.017767617539163123,40,8771.0
34765.0,58,6928.0,93.62162162162163,1.0675659989861692,35657.365145788994,481.85628575390484,1324711.7490000003,17901.51012162162,30,8318.0,0.052652042249590324,30,8318.0
34770.0,53,7063.0,91.72727272727273,1.7392596545463146,35991.902747704604,467.4273084117479,1341935.3950000003,17427.7324025974,25,8099.0,0.09264395975466713,25,8099.0
34775.0,54,7307.0,94.8961038961039,1.3322843362796233,35996.35433893286,467.4851212848421,1341937.8320000002,17427.764051948056,27,8191.0,0.021272395386652935,27,8191.0
34780.0,62,7587.0,102.52702702702703,0.6777942855472369,36308.84680959865,490.66009202160313,1290256.658,17435.900783783785,36,8319.0,0.014068860682189394,36,8319.0
34785.0,61,7779.0,105.12162162162163,1.1157230029287344,36404.58544892748,491.9538574179388,1307481.837,17668.673472972972,35,8349.0,0.019351562465381698,35,8349.0
34790.0,63,8093.0,112.40277777777777,1.0255386204312882,36391.00016263156,505.4305578143267,1307477.5610000002,18159.410569444444,36,8491.0,4.3477816817213325e-06,36,8491.0
34795.0,64,8413.0,113.6891891891892,1.4659812115949318,36720.13284327742,496.2180113956405,1307479.4770000002,17668.64158108108,36,8636.0,2.6855029790553817e-07,36,8636.0
34800.0,64,8733.0,128.4264705882353,0.805536923454785,36781.450546761975,540.9036845112051,1290279.8930000002,18974.704308823533,36,8781.0,2.4356578717762256e-07,36,8781.0
34805.0,54,6499.0,89.02739726027397,1.4045001898680793,37078.38415328889,507.9230705929982,1290285.8930000002,17675.149219178085,30,5983.0,0.050065765785973916,30,5983.0
34810.0,46,4717.0,64.61643835616438,3.014485724640631,37378.358916394754,512.0323139232158,1290285.8930000002,17675.149219178085,31,4722.0,0.1271214914152646,31,4722.0
34815.0,44,3144.0,44.28169014084507,2.3850517076122633,31091.346728914097,437.90629195653645,1233065.192,17367.115380281688,37,6931.0,0.032660109453643844,37,6931.0
34820.0,47,2259.0,32.73913043478261,1.9815521887750223,22031.624501090002,319.29890581289857,1114958.785,16158.822971014491,43,7126.0,0.0011587232762544355,43,7126.0
34825.0,36,1081.0,15.897058823529411,2.66858804402511,16135.00311017838,237.2794575026232,1088999.343,16014.696220588237,30,6230.0,0.044785782523278354,30,6230.0
34830.0,42,1279.0,17.76388888888889,3.241174160250295,16400.573972350394,227.78574961597764,1184198.2580000001,16447.198027777777,30,6045.0,0.009821484586476349,30,6045.0
34835.0,49,1509.0,21.253521126760564,2.5688194698570967,15546.556182037888,218.96558002870268,1248126.6420000002,17579.24847887324,31,6184.0,0.02300257950545142,31,6184.0
34840.0,56,1774.0,27.71875,0.8449257081088138,14943.211804964732,233.48768445257397,1311563.716,20493.1830625,32,6325.0,0.026602279893015897,32,6325.0
34845.0,55,1629.0,25.453125,0.627508166482117,15188.111079683495,237.3142356200546,1311563.574,20493.18084375,27,6135.0,0.014205984348745565,27,6135.0
34850.0,50,1540.0,24.0625,1.6942916075783971,15475.859655542183,241.8103071178466,1311563.574,20493.18084375,22,6025.0,0.06059793099607982,22,6025.0
34855.0,48,1511.0,23.609375,1.6884109316440352,15753.953276950937,246.15551995235833,1311563.574,20493.18084375,21,6113.0,0.10975473034360539,21,6113.0
34860.0,53,1693.0,27.75409836065574,0.5315800332150885,15524.960626787943,254.50755125881875,1260028.1310000003,20656.19886885246,26,6283.0,0.035916207786399104,26,6283.0
34865.0,47,1676.0,26.1875,1.5440936336976483,15679.819457529818,244.99717902390344,1260119.6650000003,19689.369765625,21,6223.0,0.07971883596163111,21,6223.0
34870.0,53,1921.0,28.25,1.8951135864387776,15955.78875525357,234.64395228314075,1294720.4530000002,19040.006661764706,24,6288.0,0.1487595558979381,24,6288.0
34875.0,56,2185.0,32.13235294117647,1.407173292724987,16150.036151787983,237.50053164394092,1329318.2400000002,19548.797647058822,29,6408.0,0.013878614690073128,29,6408.0
34880.0,60,2476.0,37.515151515151516,0.9126118555581839,16340.394400074701,247.5817333344652,1329318.2400000002,20141.185454545455,32,6551.0,0.046068099341688644,32,6551.0
34885.0,55,2621.0,39.71212121212121,1.1336740839508082,16540.845524212145,250.61887157897195,1329317.7100000002,20141.17742424243,27,6349.0,0.022159831445007955,27,6349.0
34890.0,50,2773.0,42.66153846153846,2.0837312461782065,16798.252608892322,258.4346555214203,1329317.7100000002,20451.041692307692,22,6235.0,0.11109174983864965,22,6235.0
34895.0,51,2941.0,44.56060606060606,1.5015525208934624,16816.920131684597,254.80182017703936,1294881.144,19619.411272727273,22,6220.0,0.07684613558909996,22,6220.0
34900.0,52,3175.0,49.609375,1.1963077196734753,16810.967031946253,262.6713598741602,1260437.746,19694.339781250004,25,6341.0,0.06928711056960074,25,6341.0
34905.0,45,2804.0,44.507936507936506,1.1285913848608344,16831.953227121656,267.17386074796286,1243309.601,19735.073031746037,19,5977.0,0.12589402214611944,19,5977.0
34910.0,51,2971.0,44.343283582089555,1.2165160108555384,17130.17811017601,255.67430015188074,1277951.296,19073.89994029851,22,5784.0,0.0939692563184184,22,5784.0
34915.0,53,3219.0,47.338235294117645,1.2435218503859007,17436.572995771643,256.42019111428885,1295271.26,19048.10676470588,26,5888.0,0.064372973766429,26,5888.0
34920.0,57,3488.0,51.294117647058826,1.0240518908190015,17541.547293507585,257.96393078687635,1312602.458,19302.97732352941,30,6010.0,0.03855614972072797,30,6010.0
34925.0,62,3768.0,49.578947368421055,1.3799357500872094,17870.626625698478,235.1398240223483,1347238.7780000002,17726.82602631579,35,6159.0,0.009132223288005177,35,6159.0
34930.0,56,3781.0,51.794520547945204,1.9037450668675375,17633.415528168636,241.55363737217314,1347230.7300000002,18455.215479452057,30,6070.0,0.11983436777660479,30,6070.0
34935.0,58,4069.0,55.73972602739726,1.6070879990104614,17947.269078014087,245.85300106868618,1347230.7300000002,18455.215479452057,30,6162.0,0.04732465783298245,30,6162.0
34940.0,61,4370.0,61.54929577464789,1.4765928500864516,18044.493186755695,254.14779136275638,1330004.8720000002,18732.462985915492,33,6308.0,1.4034302488217891e-05,33,6308.0
34945.0,61,4675.0,69.77611940298507,1.1563363962460942,18209.717886599716,271.78683412835403,1330003.9540000001,19850.80528358209,33,6458.0,0.0,33,6458.0
34950.0,54,4740.0,74.0625,1.0909463738741918,18345.114240987343,286.64241001542734,1330001.914,20781.27990625,26,6283.0,0.020754943497227004,26,6283.0
34955.0,50,4856.0,75.875,2.058005768549158,18613.873907751782,290.84177980862177,1330001.914,20781.27990625,22,6125.0,0.058786217895213995,22,6125.0
34960.0,46,4926.0,78.19047619047619,2.2546032308719,18849.164028928735,299.1930798242658,1312681.9500000002,20836.221428571433,19,6036.0,0.12109775092145181,19,6036.0
34965.0,47,5128.0,80.125,1.867998930932667,18740.34618964552,292.8179092132113,1278272.107,19973.001671875,21,6150.0,0.0829990375158802,21,6150.0
34970.0,50,5372.0,86.64516129032258,1.302137397898951,18576.285121101104,299.61750195324373,1243878.634,20062.558612903224,24,6279.0,0.09468965355317549,24,6279.0
34975.0,50,5569.0,85.67692307692307,0.9418471443728553,18696.63054777326,287.6404699657425,1243966.9000000001,19137.952307692307,24,6331.0,0.06449512978146553,24,6331.0
34980.0,57,5840.0,87.16417910447761,1.3215219598294654,18995.186066528542,283.5102397989336,1278662.2800000003,19084.511641791047,30,6457.0,0.035180767584343575,30,6457.0
34985.0,59,6129.0,86.32394366197182,1.385511206759391,19291.31148388215,271.70861244904455,1296006.4610000004,18253.612126760567,33,6601.0,0.06302851264512387,33,6601.0
34990.0,63,6431.0,90.5774647887324,1.1151250472324539,19553.076983121333,275.39545046649766,1330687.0400000003,18742.070985915492,36,6758.0,0.10295792271198473,36,6758.0
34995.0,59,6597.0,92.91549295774648,0.6915156331041117,19871.815358728658,279.8847233623756,1348031.3330000003,18986.356802816903,33,6730.0,0.02803880209437115,33,6730.0
35000.0,59,6814.0,93.34246575342466,1.6286082116663863,20195.932972088973,276.65661605601343,1348031.8250000002,18466.189383561643,31,6706.0,0.03804021729801155,31,6706.0
35005.0,54,7024.0,94.91891891891892,2.223341184548699,20508.579384786946,277.1429646592833,1348031.8250000002,18216.646283783783,27,6832.0,0.06581109656835009,27,6832.0
35010.0,56,7289.0,104.12857142857143,1.0270110383595454,20549.978666922663,293.57112381318103,1278754.847,18267.926385714287,30,6980.0,0.06135864864954368,30,6980.0
35015.0,53,6687.0,95.52857142857142,1.5213979827728865,20619.52087192415,294.5645838846309,1261514.4510000001,18021.63501428571,25,6349.0,0.09576781115204182,25,6349.0
35020.0,53,6947.0,97.84507042253522,2.563596174639707,20909.762807960047,294.5037015205642,1278866.1390000002,18012.19914084507,27,6348.0,0.08087758099359449,27,6348.0
35025.0,58,7226.0,98.98630136986301,1.9857704621976646,20913.569605804543,286.487254874035,1313568.2980000004,17994.086273972604,32,6482.0,0.017908966785012782,32,6482.0
35030.0,60,7521.0,112.25373134328358,0.9238002884884979,20576.504892853853,307.11201332617696,1348260.7980000002,20123.295492537312,33,6632.0,0.02834547275189776,33,6632.0
35035.0,56,7637.0,117.49230769230769,0.9524489644047208,20835.900124166994,320.5523096025692,1348260.5520000001,20742.470030769233,28,6609.0,0.05267361499587671,28,6609.0
35040.0,58,7923.0,121.8923076923077,1.08413358353434,21135.062418065932,325.1548064317836,1348260.5520000001,20742.470030769233,30,6731.0,8.53626854397216e-06,30,6731.0
35045.0,58,8213.0,117.32857142857142,1.6791351670656356,21388.586699033338,305.5512385576192,1348265.5920000002,19260.937028571432,30,6866.0,0.0,30,6866.0
35050.0,60,8503.0,126.91044776119404,1.2256647835964778,21525.231720729305,321.272115234766,1348266.4500000002,20123.37985074627,30,7001.0,0.10689384504773011,30,7001.0
35055.0,47,7872.0,119.27272727272727,1.457801134878096,21804.40739788006,330.369809058789,1348266.4500000002,20428.27954545455,19,6416.0,0.07640406811810002,19,6416.0
35060.0,48,7846.0,118.87878787878788,1.6732809306105727,22091.66808398598,334.72224369675746,1348266.4500000002,20428.27954545455,18,6219.0,0.11386682218013754,18,6219.0
35065.0,47,7935.0,118.43283582089552,1.3259223342328967,22139.953843593285,330.4470722924373,1348269.594,20123.426776119402,20,6296.0,0.04737347077287164,20,6296.0
35070.0,51,8150.0,125.38461538461539,1.4657435230789881,22218.78116662198,341.8274025634152,1313638.927,20209.82964615385,25,6460.0,0.06832506451147487,25,6460.0
35075.0,53,8325.0,122.42647058823529,1.618675624832447,22250.918640899436,327.219391777933,1331055.613,19574.347250000003,24,6490.0,0.047506200983673655,24,6490.0
35080.0,55,8591.0,128.22388059701493,1.7089570960137075,22259.20726723786,332.22697413787876,1331126.517,19867.559955223882,28,6611.0,0.05006854719269063,28,6611.0
35085.0,58,8870.0,134.3939393939394,1.3832255315471156,22383.294277700086,339.1408223893953,1331122.105,20168.516742424243,30,6741.0,0.07070555914049123,30,6741.0
35090.0,61,9168.0,145.52380952380952,0.31332607548404123,22611.70691374873,358.91598275791637,1331119.105,21128.87468253968,33,6884.0,0.020179181658860457,33,6884.0
35095.0,55,9287.0,149.79032258064515,0.6989797753893263,22888.77522026011,369.1737938751632,1331119.105,21469.662983870967,27,6775.0,0.02268903809933581,27,6775.0
35100.0,50,9414.0,151.83870967741936,1.6875773094104338,23168.700696548283,373.6887209120692,1331119.105,21469.662983870967,22,6616.0,0.047643662927413365,22,6616.0
35105.0,47,9555.0,147.0,1.8911151179585985,23269.5003794716,357.99231353033247,1296425.706,19945.010861538463,20,6700.0,0.07165463498357734,20,6700.0
35110.0,48,9769.0,155.06349206349208,1.6521186743049598,23290.096664968598,369.6840740471208,1261753.8750000002,20027.839285714283,22,6833.0,0.07617606333737918,22,6833.0
35115.0,50,9940.0,157.77777777777777,1.0438202658439708,23341.774625265338,370.50435913119605,1261885.25,20029.924603174604,23,6859.0,0.0592014180634302,23,6859.0
35120.0,54,10193.0,159.265625,1.0618812150410362,23629.895751889268,369.21712112326986,1279297.8060000003,19989.02821875,27,6967.0,0.029863862430255274,27,6967.0
35125.0,55,10466.0,153.91176470588235,1.6612207971170243,23894.03024093081,351.3827976607473,1314113.26,19325.195,29,7096.0,0.06700227916663197,29,7096.0
35130.0,58,10748.0,153.54285714285714,1.5810119483567566,24190.245761592683,345.5749394513242,1331519.632,19021.70902857143,31,7231.0,0.06066400834817068,31,7231.0
35135.0,54,10902.0,165.1818181818182,1.1904134103090296,24400.856646113254,369.70994918353415,1331516.2419999999,20174.488515151515,26,7145.0,0.020342513969239487,26,7145.0
35140.0,51,11063.0,167.62121212121212,1.6252317088078299,24693.555956375192,374.14478721780597,1331516.2419999999,20174.488515151515,23,7076.0,0.0818144112559516,23,7076.0
35145.0,51,11246.0,167.8507462686567,1.8772805504066963,24982.640515599676,372.87523157611486,1331517.053,19873.38885074627,24,7095.0,0.08257152306133418,24,7095.0
35150.0,52,11486.0,182.31746031746033,0.8397536204192302,24864.93171960432,394.68145586673546,1262081.8410000002,20033.045095238092,26,7220.0,0.04839364230007643,26,7220.0
35155.0,53,11714.0,183.03125,0.8366796742702616,24925.859492541073,389.4665545709546,1244800.0089999998,19450.000140624998,27,7317.0,0.033548747912695465,27,7317.0
35160.0,56,11991.0,181.6818181818182,1.4694818205764149,25222.30478673323,382.15613313232194,1279649.196,19388.62418181818,30,7449.0,0.06971570963298264,30,7449.0
35165.0,60,12280.0,175.42857142857142,0.7915294666386151,25491.65741890883,364.1665345558406,1314496.4919999999,18778.521314285714,33,7593.0,0.022256829354074602,33,7593.0
35170.0,64,12592.0,179.88571428571427,0.9446950433805165,25801.07321974016,368.5867602820025,1331915.1219999997,19027.358885714286,38,7760.0,0.08544401864521778,38,7760.0
35175.0,59,12757.0,179.67605633802816,0.8590839299745627,26133.222166099484,368.0735516352043,1349336.3079999997,19004.736732394365,32,7691.0,0.046252732676484096,32,7691.0
35180.0,58,12949.0,177.3835616438356,1.7933414033255655,26456.474476810126,362.41745858644026,1349336.804,18484.065808219177,30,7636.0,0.036146091620274524,30,7636.0
35185.0,55,13170.0,182.91666666666666,2.044332572213756,26748.839150752137,371.51165487155754,1331910.739,18498.76026388889,28,7763.0,0.06078796226284115,28,7763.0
35190.0,58,13439.0,197.63235294117646,0.7380771624543174,26657.574028060008,392.02314747147096,1262414.326,18564.916558823526,32,7917.0,0.043771704765388934,32,7917.0
35195.0,57,13629.0,197.52173913043478,1.1128855145070833,26787.248711852,388.2209958239423,1262511.441,18297.26726086957,30,7962.0,0.03415162587939182,30,7962.0
35200.0,59,13918.0,198.82857142857142,1.5230595891144707,27098.533454911736,387.1219064987393,1279945.256,18284.93222857143,33,8106.0,0.06565216782892223,33,8106.0
35205.0,62,14222.0,189.62666666666667,1.0907056668086437,27360.976317035977,364.8130175604798,1314807.096,17530.761279999995,36,8265.0,0.03847280997089751,36,8265.0
35210.0,66,14541.0,199.1917808219178,0.7529916068517584,27626.594062591997,378.44649400810977,1332232.096,18249.754739726028,39,8438.0,0.033962748862628914,39,8438.0
35215.0,59,14086.0,192.95890410958904,0.8353387611127615,27970.127033791414,383.15242512043045,1332232.096,18249.754739726028,30,8087.0,0.04680424722963676,30,8087.0
35220.0,58,14265.0,192.77027027027026,0.8722340405139729,28312.881524370914,382.60650708609376,1332232.6459999997,18003.143864864865,29,7941.0,0.039003227657688294,29,7941.0
35225.0,59,14490.0,188.1818181818182,1.30029440432029,28432.175595756984,369.2490337111299,1332235.6439999999,17301.761610389607,31,8074.0,0.040897252962349015,31,8074.0
35230.0,63,14757.0,189.19230769230768,1.2001806688275962,28741.436570519247,368.47995603229833,1297368.5019999999,16632.929512820512,35,8239.0,0.06191085925483362,35,8239.0
35235.0,53,13625.0,174.67948717948718,2.085688439636848,28857.116643228597,369.9630338875464,1314821.5629999996,16856.686705128202,27,7302.0,0.06791733110741825,27,7302.0
35240.0,56,13900.0,182.89473684210526,2.6840681710949608,28859.463209460864,379.7297790718536,1314818.4189999998,17300.24235526316,29,7117.0,0.054486306877384746,29,7117.0
35245.0,59,14190.0,191.75675675675674,2.2985082222092807,28760.221578374396,388.65164295100567,1297412.8429999999,17532.605986486484,31,7268.0,4.193641771171733e-05,31,7268.0
35250.0,59,14485.0,219.46969696969697,1.132282416340112,27987.197827219254,424.0484519275646,1297404.3229999999,19657.641257575757,31,7411.0,0.010295904823003044,31,7411.0
35255.0,55,14596.0,231.68253968253967,0.9011089207492413,28068.152814559242,445.5262351517342,1297398.971,20593.634460317455,25,7373.0,0.01765844122563372,25,7373.0
35260.0,53,14861.0,235.88888888888889,1.6752644883505503,28350.14939113463,450.00237128785136,1297398.971,20593.634460317455,25,7441.0,0.030263239841419938,25,7441.0
35265.0,53,15126.0,243.96774193548387,1.7781072594596974,28577.447469886614,460.9265720949455,1297398.437,20925.78124193548,25,7531.0,0.07099603570619209,25,7531.0
35270.0,55,15395.0,270.0877192982456,0.43209190695491634,28691.03479551026,503.351487640531,1297397.6169999999,22761.361701754387,27,7625.0,0.00012582745060904215,27,7625.0
35275.0,50,15393.0,279.8727272727273,0.41834948804552424,28929.10515317976,525.9837300578141,1297397.6169999999,23589.04758181818,22,7474.0,0.018314718615017517,22,7474.0
35280.0,45,15382.0,279.6727272727273,1.3692042563415812,29184.592655262073,530.6289573684018,1297397.6169999999,23589.04758181818,17,7315.0,0.07192163333747843,17,7315.0
35285.0,42,15407.0,248.5,1.991080041370567,29289.075931171144,472.40445050276065,1280000.326,20645.166548387097,15,7265.0,0.09144451630523828,15,7265.0
35290.0,43,15574.0,255.31147540983608,2.500916460449287,29248.717103281066,479.4871656275586,1262697.3499999999,20699.956557377045,17,7374.0,0.22053566215781492,17,7374.0
35295.0,46,15774.0,258.59016393442624,1.6159968326825438,29363.12221199765,481.36265921307654,1262798.4039999999,20701.613180327866,20,7455.0,0.10916311058758797,20,7455.0
35300.0,51,16022.0,254.31746031746033,1.4021710502965739,29522.08039953257,468.6044507862314,1280378.9319999998,20323.47511111111,25,7538.0,0.0627462026662785,25,7538.0
35305.0,56,16290.0,254.53125,1.2623959509953626,29776.943842928617,465.2647475457598,1315384.5869999998,20552.884171875,29,7641.0,0.019506107683096807,29,7641.0
35310.0,57,16572.0,267.2903225806452,0.5853621505350283,30036.64685319606,484.4620460192915,1332882.069,21498.09788709677,31,7758.0,0.04975337269167336,31,7758.0
35315.0,51,16697.0,256.87692307692305,1.447675202142429,30329.366803044257,466.60564312375806,1367883.679,21044.364292307695,25,7565.0,0.05347572046230166,25,7565.0
35320.0,48,16842.0,259.10769230769233,2.009809586907484,30610.426567443286,470.9296394991274,1367883.679,21044.364292307695,20,7434.0,0.08235804532479928,20,7434.0
35325.0,47,17030.0,266.09375,1.7149717267248321,30723.807816611243,480.0594971345507,1332949.652,20827.3383125,20,7497.0,0.0594675839109414,20,7497.0
35330.0,52,17270.0,287.8333333333333,0.7424509321465004,30631.327060832857,510.52211768054775,1263164.683,21052.74471666667,25,7587.0,0.056033452196043144,25,7587.0
35335.0,51,17506.0,282.35483870967744,0.738707516315617,30776.806713012604,496.400108274397,1263254.98,20375.080322580645,25,7665.0,0.027791883712762974,25,7665.0
35340.0,55,17774.0,277.71875,1.2902337706421918,31066.377730395532,485.4121520374304,1298277.208,20285.581375,29,7768.0,0.0390405288193891,29,7768.0
35345.0,57,18055.0,269.4776119402985,0.989667957955011,31354.329510903848,467.9750673269232,1315785.214,19638.585283582088,31,7884.0,0.0288666746872788,31,7884.0
35350.0,62,18358.0,278.1515151515151,0.7589605169863317,31642.043188992193,479.4248968029121,1333296.937,20201.468742424244,34,8016.0,0.07564944330115905,34,8016.0
35355.0,56,18515.0,280.530303030303,0.693771814615171,31956.261940386128,484.18578697554767,1333296.937,20201.468742424244,28,7897.0,0.01707718675813287,28,7897.0
35360.0,55,18703.0,275.04411764705884,1.593766851746386,32262.218555840976,474.4443905270733,1333297.437,19607.315250000003,27,7784.0,0.043565608454569624,27,7784.0
35365.0,52,18879.0,277.63235294117646,1.5899101589692246,32389.534002453973,476.31667650667623,1280842.0760000001,18835.912882352943,24,7871.0,0.05273442351103947,24,7871.0
35370.0,55,19103.0,280.9264705882353,1.1854701446207865,32536.584709529117,478.4791869048401,1280940.908,18837.36629411765,28,7985.0,0.07023810421202803,28,7985.0
35375.0,54,19296.0,279.6521739130435,1.1022057798963627,32550.422607247583,471.7452551775013,1263612.36,18313.222608695654,28,8031.0,0.04609364889012341,28,8031.0
35380.0,59,19584.0,272.0,1.3975239750177808,32868.93135441623,456.5129354780034,1298665.6820000003,18037.02336111111,33,8154.0,0.06080061547907334,33,8154.0
35385.0,63,19891.0,272.47945205479454,1.0209805184428966,33154.45770490079,454.17065349179177,1316194.465,18030.061164383562,37,8296.0,0.026716761910395858,37,8296.0
35390.0,67,20219.0,280.81944444444446,0.7966550242357447,33457.023351787946,464.6808798859438,1333727.073,18523.987125,39,8454.0,0.01870470616935651,39,8454.0
35395.0,56,19580.0,279.7142857142857,0.9709312726223782,33733.61535985439,481.90879085506293,1333727.073,19053.2439,28,7951.0,0.05240639376505386,28,7951.0
35400.0,53,19622.0,280.3142857142857,1.2508377700548519,34053.41326971876,486.47733242455394,1333727.073,19053.2439,23,7716.0,0.07029766255625107,23,7716.0
35405.0,53,19802.0,267.5945945945946,1.6527594425019279,34377.58308057473,464.5619335212801,1333730.073,18023.379364864864,25,7797.0,0.034498395421190355,25,7797.0
35410.0,59,20047.0,274.6164383561644,1.3718764477916991,34281.69913857052,469.61231696671933,1298814.6780000003,17791.98189041096,30,7919.0,0.05575550095408086,30,7919.0
35415.0,51,19529.0,271.2361111111111,1.8710383201746206,34171.21298743833,474.60018038108814,1316358.4270000004,18282.755930555555,25,7348.0,0.07056112657873906,25,7348.0
35420.0,56,19801.0,275.0138888888889,2.435443927507625,34297.26867757013,476.3509538551409,1333900.4490000003,18526.395125,29,7358.0,0.06130823349964311,29,7358.0
35425.0,59,20092.0,291.18840579710144,1.9019156670371815,34312.690746008935,497.2853731305645,1316394.3750000002,19078.17934782609,31,7474.0,0.0001255275858142031,31,7474.0
35430.0,59,20387.0,334.21311475409834,0.44715515409442147,33906.34439332983,555.8417113660632,1316385.4490000003,21580.089327868856,31,7594.0,2.812845079967828e-07,31,7594.0
35435.0,55,20524.0,331.03225806451616,0.8122637774830672,34177.082303587325,551.2432629610861,1316384.843,21232.013596774195,25,7571.0,0.012247347576494417,25,7571.0
35440.0,53,20789.0,335.30645161290323,1.375628502379527,34458.459668540505,555.781607557105,1316384.843,21232.013596774195,25,7646.0,0.03620783650676897,25,7646.0
35445.0,53,21054.0,328.96875,1.556145215555785,34697.31018549661,542.1454716483847,1316387.3070000003,20568.551671875,25,7736.0,0.05446120053882332,25,7736.0
35450.0,56,21328.0,349.6393442622951,0.988088341558281,34914.01077741353,572.3608324166155,1316383.4850000003,21580.057131147543,28,7835.0,0.05778610492517545,28,7835.0
35455.0,51,21307.0,355.1166666666667,0.6264587957566777,35107.606645793836,585.1267774298975,1316384.2520000003,21939.737533333337,23,7646.0,0.030841474215023576,23,7646.0
35460.0,49,21364.0,356.06666666666666,1.6912669051320874,35381.63205292846,589.6938675488078,1316384.2520000003,21939.737533333337,21,7510.0,0.09551441795875355,21,7510.0
35465.0,46,21367.0,339.1587301587302,1.5216370491053233,35446.51138336609,562.643037831208,1281353.2470000002,20338.940428571434,19,7571.0,0.051727393910726824,19,7571.0
35470.0,49,21558.0,342.1904761904762,1.5877517922993425,35569.16952454275,564.5899924530598,1281449.06,20340.461269841275,22,7688.0,0.12161598904177512,22,7688.0
35475.0,49,21730.0,350.48387096774195,1.2545100565290217,35565.839161859,573.6425671267583,1264039.122,20387.72777419355,23,7740.0,0.07011562272043594,23,7740.0
35480.0,53,21988.0,343.5625,1.5925595389096006,35843.17405857024,560.0495946651602,1299231.711,20300.495484375,27,7833.0,0.0757713637570925,27,7833.0
35485.0,57,22259.0,337.25757575757575,1.3139368972572747,36099.45047579826,546.9613708454282,1334419.6709999999,20218.479863636363,30,7939.0,0.011659709644015137,30,7939.0
35490.0,59,22548.0,346.89230769230767,0.8234112121659072,36352.697018081875,559.2722618166443,1334417.903,20529.5062,31,8058.0,0.03802250520229106,31,8058.0
35495.0,53,22677.0,354.328125,1.321693513519123,36610.22939754778,572.0348343366841,1334417.903,20850.279734375,25,7892.0,0.03823947293212542,25,7892.0
35500.0,49,22816.0,356.5,1.7475901085341874,36891.64563981412,576.4319631220959,1334417.903,20850.279734375,21,7741.0,0.07960837367618541,21,7741.0
35505.0,48,22983.0,364.8095238095238,1.6945749036694353,37152.558528598136,589.7231512475897,1316819.294,20901.893555555554,21,7720.0,0.07309964204926173,21,7720.0
35510.0,50,23209.0,380.4754098360656,1.0454895663412165,37090.10120836247,608.0344460387287,1281828.029,21013.57424590164,23,7816.0,0.05398715764298291,23,7816.0
35515.0,50,23420.0,383.9344262295082,0.9241889475163316,36943.31107527188,605.6280504142932,1246893.313,20440.873983606558,24,7879.0,0.05080798970988236,24,7879.0
35520.0,54,23677.0,375.8253968253968,1.2229984187781293,37224.863377060494,590.8708472549284,1282120.065,20351.112142857142,27,7971.0,0.021142609032541202,27,7971.0
35525.0,56,23951.0,347.1159420289855,1.4057871112734912,37507.95132940498,543.5934975276084,1299738.8800000001,18836.79536231884,30,8080.0,0.06106575957649147,30,8080.0
35530.0,60,24241.0,351.3188405797101,1.2529773413231398,37771.98651025201,547.4200943514787,1334964.7270000002,19347.31488405797,34,8205.0,0.08884019051030027,34,8205.0
35535.0,57,24399.0,338.875,0.7126696363754267,38099.674783756316,529.1621497743932,1352574.6430000002,18785.758930555556,30,8064.0,0.03529286131963709,30,8064.0
35540.0,57,24594.0,332.35135135135135,1.820435546138694,38428.32012683039,519.3016233355456,1352575.147,18278.042527027024,29,7981.0,0.06519727528540574,29,7981.0
35545.0,56,24820.0,340.0,1.8373308291202497,38707.140721479074,530.234804403823,1334980.0950000002,18287.398561643837,29,8090.0,0.04512196220062774,29,8090.0
35550.0,59,25094.0,363.6811594202899,0.4854985322587401,38553.87252064445,558.7517756615139,1264790.6990000003,18330.29998550725,32,8220.0,0.03358109961168341,32,8220.0
35555.0,57,25293.0,361.3285714285714,1.0334540617773478,38759.35462813573,553.7050661162247,1264867.7870000002,18069.53981428572,31,8264.0,0.020814572553174124,31,8264.0
35560.0,60,25587.0,355.375,1.4817024093893165,39081.76078881438,542.8022331779775,1300120.0470000003,18057.222875,34,8393.0,0.06790439242307086,34,8393.0
35565.0,64,25894.0,349.9189189189189,0.8896779048041257,39345.03930697864,531.689720364576,1335360.2880000002,18045.409297297298,37,8535.0,0.02403989250933105,37,8535.0
35570.0,67,26221.0,369.3098591549296,0.5247446789185929,39606.003622029355,557.8310369299909,1335357.2880000002,18807.849126760564,39,8706.0,0.021439462774217953,39,8706.0
35575.0,57,25624.0,360.90140845070425,1.0906871714563844,39939.878588517175,562.5335012467208,1335357.2880000002,18807.849126760564,29,8058.0,0.060383818952820786,29,8058.0
35580.0,53,25634.0,361.0422535211268,1.5078621085696795,40258.86612987508,567.0262835193674,1335357.2880000002,18807.849126760564,24,7827.0,0.07239014559688692,24,7827.0
35585.0,54,25831.0,358.7638888888889,1.4031085131495924,40231.285310903026,558.7678515403197,1317730.941,18301.818625,26,7924.0,0.030990432011680915,26,7924.0
35590.0,60,26084.0,362.27777777777777,1.0566192503030318,40114.87218373499,557.1510025518746,1300201.937,18058.36023611111,32,8052.0,0.06971626342246189,32,8052.0
35595.0,58,26309.0,370.5492957746479,1.1792074110222588,40047.75699584874,564.0529154344895,1317840.8569999998,18561.138830985914,32,8128.0,0.008031407477129477,32,8128.0
35600.0,60,26604.0,369.5,1.5019405878172192,40365.90346755267,560.6375481604535,1335484.927,18548.40176388889,34,8258.0,0.08348055749428983,34,8258.0
35605.0,62,26908.0,358.7733333333333,1.482913346996378,40513.50426216966,540.1800568289285,1335586.037,17807.81382666667,35,8395.0,0.052399741717680616,35,8395.0
35610.0,66,27226.0,367.9189189189189,1.1524027343676644,40835.46760677685,551.8306433348224,1335586.2820000001,18048.46327027027,38,8538.0,0.03524029083589825,38,8538.0
35615.0,62,27377.0,375.027397260274,0.7937589987642215,41080.47833447586,562.7462785544637,1335585.678,18295.694219178084,32,8476.0,0.029268777860206086,32,8476.0
35620.0,57,27537.0,377.2191780821918,1.7851511873749593,41406.64600289239,567.214328806745,1335585.678,18295.694219178084,29,8434.0,0.06616494906321964,29,8434.0
35625.0,58,27747.0,385.375,1.5430391355063513,41709.01329486026,579.2918513175038,1317942.297,18304.754125000003,30,8546.0,0.08134538147205071,30,8546.0
35630.0,61,27993.0,405.69565217391306,0.46985166460676103,41660.720970282884,603.7785647867084,1265162.044,18335.68179710145,34,8691.0,0.028240424968135724,34,8691.0
35635.0,50,26941.0,390.4492753623188,1.4246011920370996,41853.608984187,606.5740432490869,1265237.852,18336.780463768115,24,7781.0,0.05417899133065271,24,7781.0
35640.0,52,27196.0,383.0422535211268,2.639295738411386,42141.89833620004,593.5478638901416,1300568.771,18317.870014084507,26,7585.0,0.043184770638135195,26,7585.0
35645.0,55,27468.0,366.24,2.2931170124771683,41966.04014992576,559.54720199901,1318237.8809999998,17576.50508,29,7692.0,0.020380905638544628,29,7692.0
35650.0,58,27752.0,408.11764705882354,1.7041412946457417,41434.30402522037,609.3280003708877,1318233.481,19385.786485294117,30,7805.0,0.10311238244855414,30,7805.0
35655.0,55,27894.0,435.84375,0.6189248571615003,41583.28110021477,649.7387671908562,1318229.0089999998,20597.328265625,27,7712.0,0.026658861159193446,27,7712.0
35660.0,53,28051.0,438.296875,1.2447317113556862,41880.03880134412,654.3756062710017,1318229.0089999998,20597.328265625,25,7637.0,0.04818435394617999,25,7637.0
35665.0,50,28226.0,441.03125,1.3563169581186396,42168.45512266558,658.8821112916498,1318229.0089999998,20597.328265625,23,7718.0,0.05211120837182311,23,7718.0
35670.0,53,28463.0,451.7936507936508,0.7067242498311921,42068.06847939896,667.7471187206183,1265407.922,20085.84003174603,26,7825.0,0.03137992618795164,26,7825.0
35675.0,47,28469.0,444.828125,1.8697907944416616,42230.42215941624,659.8503462408789,1265486.007,19773.218859375003,21,7722.0,0.07606662386809797,21,7722.0
35680.0,50,28712.0,435.030303030303,1.9880692506853683,42507.230655496394,644.0489493257031,1300863.5550000002,19710.053863636367,23,7761.0,0.09804304673180003,23,7761.0
35685.0,56,28972.0,413.8857142857143,1.5348789374439615,42756.504660377286,610.8072094339614,1336231.9000000001,19089.027142857143,29,7859.0,0.0014469754131824749,29,7859.0
35690.0,59,29260.0,436.7164179104478,1.3451441177574552,42927.547186163516,640.7096594949779,1336229.4880000001,19943.723701492534,31,7978.0,0.05433624490377903,31,7978.0
35695.0,54,29397.0,438.76119402985074,1.183734767473205,43121.39510320318,643.6029119881072,1336234.726,19943.801880597017,26,7847.0,0.05793369587147139,26,7847.0
35700.0,52,29577.0,448.1363636363636,1.858118277675566,43379.98698978616,657.272530148275,1336231.726,20245.935242424242,24,7754.0,0.060079975170801436,24,7754.0
35705.0,48,29735.0,430.94202898550725,2.758316539994689,43662.09380999431,632.7839682607872,1336231.726,19365.677188405793,21,7619.0,0.1262080115361243,21,7619.0
35710.0,48,29958.0,460.89230769230767,2.5741678813337554,43450.28239958814,668.4658830705869,1265735.062,19472.847107692305,22,7603.0,0.11713109478161408,22,7603.0
35715.0,50,30207.0,479.4761904761905,2.2870801086072903,43358.07532303646,688.2234178259756,1230558.528,19532.67504761905,24,7649.0,0.11905227360463974,24,7649.0
35720.0,52,30466.0,476.03125,1.552205284783232,43402.99545518736,678.1718039873028,1212993.131,18953.017671875,26,7726.0,0.07348739062313955,26,7726.0
35725.0,56,30737.0,480.265625,1.2024595837172964,43561.67502146724,680.651172210426,1195357.068,18677.4541875,29,7832.0,0.059475712000467626,29,7832.0
35730.0,50,30866.0,482.28125,1.479318928545424,43813.9211191898,684.5925174873408,1195371.112,18677.673625000003,24,7812.0,0.10477107582712201,24,7812.0
35735.0,54,31127.0,464.5820895522388,1.7136645986363874,44100.55954670769,658.2173066672793,1230777.103,18369.807507462683,28,7892.0,0.0683727373170521,28,7892.0
35740.0,55,31399.0,461.75,1.8577066385605818,44388.63260340752,652.7740088736401,1248476.6709999999,18359.951044117646,29,7999.0,0.07423160577310295,29,7999.0
35745.0,58,31683.0,472.8805970149254,0.7577670284132871,44526.57010824187,664.5756732573415,1283877.5779999997,19162.35191044776,32,8118.0,0.043414111546887034,32,8118.0
35750.0,48,30999.0,462.67164179104475,1.387261341024638,44794.094865653766,668.5685800843848,1319277.2119999998,19690.70465671642,20,7609.0,0.10496341032150694,20,7609.0
35755.0,45,30971.0,455.45588235294116,1.964776792289553,45085.790782381635,663.0263350350242,1336974.224,19661.38564705882,17,7256.0,0.13697454387720534,17,7256.0
35760.0,51,31200.0,452.17391304347825,1.5051434468518565,45352.36872053088,657.2807060946507,1354664.068,19632.812579710142,23,7323.0,0.07041626722521202,23,7323.0
35765.0,55,31446.0,424.94594594594594,1.6553281732187153,45363.869142126954,613.0252586773917,1354640.179,18305.94836486486,28,7419.0,0.0368895302508231,28,7419.0
35770.0,59,31689.0,416.9605263157895,1.9354788090390027,45654.915337986946,600.7225702366707,1336930.656,17591.19284210526,31,7498.0,0.09930695644325893,31,7498.0
35775.0,63,31992.0,426.56,1.3815615134249535,45612.45749689268,608.1660999585694,1336943.691,17825.915879999997,35,7633.0,0.04153954913707772,35,7633.0
35780.0,65,32315.0,448.81944444444446,1.0892078412534287,45485.39765132329,631.7416340461573,1336939.139,18568.599152777777,37,7781.0,0.03240126818132567,37,7781.0
35785.0,67,32644.0,453.3888888888889,0.9281702561648765,45819.67968624827,636.384440086782,1336939.139,18568.599152777777,39,7935.0,4.2160362923676066e-05,39,7935.0
35790.0,55,32637.0,487.1194029850746,0.9801789294306663,46082.16819411095,687.7935551359845,1336936.139,19954.270731343284,27,7577.0,0.03988902663774671,27,7577.0
35795.0,52,32725.0,467.5,1.635285874100871,46382.8485241573,662.612121773676,1336936.3630000001,19099.0909,21,7463.0,0.08485077360107439,21,7463.0
35800.0,48,32862.0,490.4776119402985,1.6119103136244546,46376.271396988945,692.1831551789397,1301553.2440000002,19426.16782089552,20,7528.0,0.07235946954466259,20,7528.0
35805.0,52,33081.0,486.4852941176471,1.392382439668024,46647.67984913451,685.9952918990373,1301582.891,19140.924867647056,26,7668.0,0.058465965502781894,26,7668.0
35810.0,57,33326.0,497.4029850746269,1.2623863836526548,46605.638694993,695.606547686463,1319318.323,19691.31825373134,30,7773.0,0.084718461126159,30,7773.0
35815.0,57,33607.0,501.5970149253731,0.9707068365862667,46809.65480467583,698.6515642488935,1337034.239,19955.734910447758,31,7919.0,0.018917326989118452,31,7919.0
35820.0,62,33907.0,513.7424242424242,0.637759314522463,47019.714934967975,712.4199232570908,1337052.378,20258.369363636364,35,8065.0,4.2319871372055504e-05,35,8065.0
35825.0,63,34222.0,495.9710144927536,0.6403353107234887,47331.357698803804,685.9617057797656,1337056.0620000002,19377.624086956523,35,8207.0,0.0,35,8207.0
35830.0,55,34303.0,504.45588235294116,1.5206318217125867,47626.019277942585,700.3826364403325,1337056.0620000002,19662.58914705882,26,8111.0,0.07167929394832409,26,8111.0
35835.0,50,34436.0,506.4117647058824,1.3203253630358462,47930.803759228205,704.864761165121,1337056.0620000002,19662.58914705882,22,8059.0,0.03676032481185976,22,8059.0
35840.0,51,34605.0,516.4925373134329,1.3918068168783637,48182.32876675345,719.1392353246787,1319360.58,19691.948955223877,24,8142.0,0.038189041010751386,24,8142.0
35845.0,55,34847.0,512.4558823529412,0.9888862234661729,48292.04459679939,710.1771264235205,1283932.109,18881.354544117647,29,8260.0,0.027127343109289583,29,8260.0
35850.0,44,33801.0,482.87142857142857,2.1604524030844527,48350.33525263465,690.7190750376377,1284022.875,18343.183928571427,17,7352.0,0.16065489122408166,17,7352.0
35855.0,49,34032.0,466.1917808219178,3.6920813851847254,48621.22111333935,666.0441248402652,1319513.289,18075.524506849317,21,7132.0,0.11608517851848384,21,7132.0
35860.0,52,34274.0,482.7323943661972,2.3106467312574743,48447.29459459067,682.3562618956435,1337258.5790000001,18834.627873239435,26,7216.0,0.0275101417727839,26,7216.0
35865.0,59,34561.0,540.015625,0.9145595096673704,47987.020852288726,749.7972008170115,1337250.531,20894.539546875,31,7331.0,4.8523627215162325e-05,31,7331.0
35870.0,53,34718.0,578.6333333333333,0.8975829130363598,48095.00049458984,801.5833415764973,1337246.4810000001,22287.441349999997,25,7325.0,0.022519454691642363,25,7325.0
35875.0,53,34983.0,573.4918032786885,1.1737976240905887,48342.33586643842,792.497309285876,1337248.421,21922.10526229508,25,7403.0,2.480476725041406e-07,25,7403.0
35880.0,53,35248.0,587.4666666666667,1.4855973266677966,48574.71243722518,809.5785406204196,1337245.023,22287.417049999996,25,7493.0,0.0,25,7493.0
35885.0,53,35513.0,591.8833333333333,0.872277492041953,48728.98436615517,812.1497394359196,1337247.3390000002,22287.455649999996,25,7583.0,0.040604236230818644,25,7583.0
35890.0,48,35478.0,601.3220338983051,1.6598287827108087,48984.23966923499,830.2413503260167,1337247.3390000002,22665.20913559322,20,7368.0,0.13715543426549212,20,7368.0
35895.0,43,35491.0,601.542372881356,1.7376891786696171,49241.84721951059,834.6075799917052,1337247.3390000002,22665.20913559322,15,7215.0,0.08947136533922471,15,7215.0
35900.0,43,35555.0,592.5833333333334,1.8266213415036245,49432.51513921069,823.8752523201781,1319525.926,21992.098766666666,16,7165.0,0.09374771965771,16,7165.0
35905.0,46,35741.0,616.2241379310345,1.4723092782609446,49374.89345568033,851.2912664772472,1284166.255,22140.7975,20,7300.0,0.06439296213617476,20,7300.0
35910.0,46,35902.0,629.859649122807,1.5184986571051318,49221.22535928001,863.530269461053,1266641.874,22221.78726315789,19,7296.0,0.11796661829627943,19,7296.0
35915.0,48,36134.0,612.4406779661017,1.5398422070280635,49480.72901219357,838.6564239354844,1284424.662,21769.90952542373,22,7363.0,0.037137514947544664,22,7363.0
35920.0,51,36381.0,627.2586206896551,1.1764503600918779,49673.479107562795,856.4392949579793,1319993.943,22758.51625862069,24,7445.0,0.06379737144705311,24,7445.0
35925.0,53,36640.0,590.9677419354839,0.7135511423896026,49902.476208536296,804.8786485247792,1337778.482,21577.07229032258,27,7539.0,0.043538415006768166,27,7539.0
35930.0,48,36752.0,583.3650793650794,1.8635701800258249,50185.68744344113,796.5982133879544,1355555.7140000002,21516.757365079364,21,7330.0,0.12148945873377101,21,7330.0
35935.0,46,36895.0,585.6349206349206,1.9821777858335996,50454.0390328283,800.8577624258462,1355555.7140000002,21516.757365079364,18,7184.0,0.10183509158286876,18,7184.0
35940.0,47,37048.0,588.063492063492,2.0732489803367664,50721.12326435559,805.0971946723109,1355555.7140000002,21516.757365079364,20,7158.0,0.08665063622272272,20,7158.0
35945.0,49,37273.0,601.1774193548387,1.3939301411595673,50598.12387527559,816.0987721818645,1284645.3560000001,20720.086387096773,22,7240.0,0.05823657329881638,22,7240.0
35950.0,50,37465.0,604.2741935483871,1.2788880278864763,50471.92622189259,814.0633261595578,1249311.747,20150.189467741937,22,7277.0,0.11043978916514716,22,7277.0
35955.0,52,37715.0,589.296875,1.4280065127920913,50757.398075991165,793.084344937362,1284909.413,20076.709578125003,26,7362.0,0.04777839629825653,26,7362.0
35960.0,54,37980.0,584.3076923076923,1.7117209175674089,51020.42267871083,784.9295796724743,1320494.357,20315.2978,27,7462.0,0.08065652149332316,27,7462.0
35965.0,59,38260.0,588.6153846153846,0.760926665319967,51285.17084783998,789.0026284283074,1338289.054,20589.06236923077,33,7577.0,0.0003083371851440293,33,7577.0
35970.0,54,38416.0,619.6129032258065,0.8742677268579889,51542.72298213392,831.3342416473215,1338289.054,21585.30732258064,26,7482.0,0.04905852856475143,26,7482.0
35975.0,53,38592.0,593.723076923077,1.6909417073226993,51825.929759893246,797.3219963060498,1338289.282,20589.065876923076,23,7394.0,0.06518097045786407,23,7394.0
35980.0,47,38748.0,605.4375,1.8673898593976372,52092.109700647154,813.9392140726117,1320487.5699999998,20632.618281249997,20,7464.0,0.08640746085655765,20,7464.0
35985.0,51,38976.0,638.9508196721312,0.7902751095919308,51982.26524767949,852.168282748844,1267286.778,20775.193081967212,24,7555.0,0.0707294332267074,24,7555.0
35990.0,50,39184.0,642.360655737705,0.968127011338524,52156.831614442046,855.030026466263,1267354.832,20776.308721311474,24,7612.0,0.057323373977524864,24,7612.0
35995.0,54,39448.0,626.1587301587301,1.1608284836203218,52440.26345024146,832.3851341308166,1302974.9470000002,20682.142015873018,28,7711.0,0.055167873771902784,28,7711.0
36000.0,59,39728.0,630.6031746031746,0.5107674936858673,52697.60680405833,836.469949270767,1338590.3250000002,21247.465476190475,32,7826.0,0.0012516609199137792,32,7826.0
36005.0,59,40023.0,555.875,0.9630381174754308,52983.51866021735,735.8822036141295,1356410.9070000001,18839.040375,33,7956.0,0.045728087256587995,33,7956.0
36010.0,53,39782.0,537.5945945945946,2.274222408706188,53296.06310763642,720.2170690221138,1356425.827,18330.078743243244,24,7654.0,0.2000938339779294,24,7654.0
36015.0,57,39944.0,539.7837837837837,1.0585674165904457,53622.98472600241,724.6349287297626,1356425.827,18330.078743243244,25,7664.0,0.07344734270925979,25,7664.0
36020.0,57,40144.0,542.4864864864865,1.1206220823900104,53964.88277027844,729.2551725713303,1356425.827,18330.078743243244,30,7777.0,0.02151937165016666,30,7777.0
36025.0,64,40432.0,561.5555555555555,0.7831091500525916,54240.826521293835,753.3448127957477,1320836.3320000002,18344.949055555557,37,7927.0,0.002654815113892089,37,7927.0
36030.0,62,40678.0,557.2328767123288,1.3080409069683812,54408.80159181832,745.3260492029907,1320837.242,18093.660849315067,35,8008.0,7.83787267784396e-05,35,8008.0
36035.0,63,40991.0,577.3380281690141,1.325415535603892,54373.285516112264,765.8209227621446,1303049.3240000003,18352.80738028169,35,8148.0,6.509398856368394e-07,35,8148.0
36040.0,63,41306.0,590.0857142857143,0.9348362847724709,54674.371193728366,781.062445624691,1303049.3240000003,18614.99034285714,35,8288.0,0.026908876128826614,35,8288.0
36045.0,66,41631.0,621.3582089552239,0.11369018063577736,54925.571749873474,819.7846529831863,1303042.9240000003,19448.401850746268,38,8438.0,4.469385837230028e-06,38,8438.0
36050.0,57,41667.0,621.8955223880597,0.8204624536783417,55247.24493910577,824.5857453597877,1303042.9240000003,19448.401850746268,29,8311.0,0.0502124656817882,29,8311.0
36055.0,57,41818.0,606.0579710144928,1.1898528621124356,55561.09014738652,805.2331905418337,1303044.8680000002,18884.70823188406,28,8364.0,0.026014041901518507,28,8364.0
36060.0,53,41937.0,616.7205882352941,1.4018340882232347,55831.0235172555,821.0444634890516,1303044.8680000002,19162.424529411765,26,8462.0,0.02310851811272755,26,8462.0
36065.0,57,42182.0,620.3235294117648,0.6723802133069349,55899.31383279181,822.0487328351738,1303100.506,19163.24273529412,31,8613.0,0.013165737658418171,31,8613.0
36070.0,47,41139.0,596.2173913043479,2.0986514492966473,56204.04175221181,814.5513297422002,1320962.0890000002,19144.378101449274,21,7756.0,0.14349239176526202,21,7756.0
36075.0,51,41385.0,591.2142857142857,2.5706474215031756,56350.797666529535,805.0113952361362,1338901.9520000003,19127.170742857143,25,7522.0,0.04812573823522145,25,7522.0
36080.0,56,41654.0,586.6760563380282,2.306799847378863,56234.99389461257,792.0421675297544,1338901.4930000002,18857.767507042252,28,7614.0,0.017005645135388325,28,7614.0
36085.0,56,41932.0,625.8507462686567,1.7066255934652028,55710.10280124029,831.4940716603027,1338896.8670000003,19983.53532835821,28,7717.0,0.022608750879648917,28,7717.0
36090.0,49,42022.0,677.7741935483871,1.3720492159932356,55775.41230121305,899.6034242131136,1338894.6950000003,21595.07572580645,21,7515.0,0.09375160074051624,21,7515.0
36095.0,50,42153.0,669.0952380952381,1.8205569870085139,56054.661229523976,889.7565274527614,1338894.6950000003,21252.29674603175,22,7360.0,0.0698274398277688,22,7360.0
36100.0,47,42267.0,692.9016393442623,1.6484293355534356,56107.646150002096,919.7974778688871,1303282.8590000004,21365.292770491807,20,7325.0,0.08446216668746166,20,7325.0
36105.0,49,42484.0,696.4590163934427,0.9315214286312421,56063.21078314176,919.0690292318321,1267724.2370000002,20782.36454098361,23,7423.0,0.06347095577638835,23,7423.0
36110.0,44,42390.0,706.5,1.5052921066093157,56042.125738169525,934.035428969492,1250035.6010000003,20833.926683333335,18,7259.0,0.06794458035664691,18,7259.0
36115.0,48,42622.0,687.4516129032259,1.7088474670680107,56306.673620271635,908.1721551656715,1285813.3650000002,20738.925241935485,22,7254.0,0.05904174168418971,22,7254.0
36120.0,51,42870.0,691.4516129032259,1.9688544608611094,56461.013589248585,910.6615095040095,1321579.1440000003,21315.792645161295,24,7337.0,0.06883674324700907,24,7337.0
36125.0,52,43123.0,684.4920634920635,1.3394081578684853,56586.73392707493,898.2021258265862,1339461.8220000004,21261.298761904764,25,7424.0,0.011708783768942185,25,7424.0
36130.0,50,43249.0,709.0,1.5204113399426684,56692.46131161814,929.3846116658709,1339463.4820000003,21958.417737704924,20,7257.0,0.13319756593724014,20,7257.0
36135.0,45,43365.0,710.9016393442623,2.0493751853048114,56956.83167772648,933.7185520938767,1339463.4820000003,21958.417737704924,17,7110.0,0.08315421570304764,17,7110.0
36140.0,45,43522.0,750.3793103448276,1.483252286796728,57029.7780989664,983.272036189076,1285892.9080000005,22170.56737931035,18,7166.0,0.13517563586177608,18,7166.0
36145.0,49,43739.0,754.1206896551724,0.7516172368965786,57134.29710774349,985.0740880645433,1286001.7010000004,22172.44312068966,23,7259.0,0.041731385023146356,23,7259.0
36150.0,48,43927.0,757.3620689655172,1.1174484867577243,57126.419666238624,984.9382701075627,1286176.5620000004,22175.457965517246,21,7282.0,0.058363946985320776,21,7282.0
36155.0,52,44171.0,712.4354838709677,1.5050184695666928,57390.77603758061,925.6576780254937,1304076.7140000002,21033.495387096777,24,7361.0,0.06425515159169787,24,7361.0
36160.0,52,44427.0,683.4923076923077,1.514215699558209,57670.44178315059,887.2375658946244,1339870.9400000002,20613.399076923077,26,7452.0,0.03956922277791439,26,7452.0
36165.0,55,44699.0,698.421875,0.9375980842580095,57870.343161514116,904.2241118986582,1339873.5280000002,20935.523875,28,7556.0,0.09876946543476614,28,7556.0
36170.0,52,44815.0,700.234375,1.2844000078432904,58162.62515018145,908.7910179715851,1339873.5280000002,20935.523875,24,7384.0,0.09218614695562895,24,7384.0
36175.0,49,44949.0,702.328125,1.4877922126385608,58448.11655545794,913.2518211790307,1339873.5280000002,20935.523875,21,7273.0,0.04945127703826512,21,7273.0
36180.0,50,45125.0,716.2698412698413,1.34378069163921,58713.28113329596,931.95684338565,1321972.0590000001,20983.68347619048,23,7351.0,0.056283340136723356,23,7351.0
36185.0,52,45360.0,687.2727272727273,1.1600271327463851,58664.28541509124,888.8528093195641,1286379.588,19490.599818181818,25,7452.0,0.03852281259140904,25,7452.0
36190.0,52,45562.0,690.3333333333334,1.8894782432100414,58792.29840036851,890.7924000055837,1286490.3640000003,19492.27824242424,26,7506.0,0.1486345599295522,26,7506.0
36195.0,55,45830.0,684.0298507462686,1.1729111120776252,58986.27863711422,880.3922184643917,1304464.5620000004,19469.620328358207,29,7609.0,0.04419429386303908,29,7609.0
36200.0,59,46118.0,678.2058823529412,1.2244003699968982,59266.06400885324,871.5597648360772,1340298.091,19710.266044117645,33,7732.0,0.04361099798784425,33,7732.0
36205.0,61,46415.0,682.5735294117648,0.9551016136200953,59568.460990616404,876.0067792737708,1358212.153,19973.708132352942,34,7863.0,0.026103685563980107,34,7863.0
36210.0,51,31420.0,468.95522388059703,1.306438909005398,59838.10328177021,893.1060191308987,1358210.1270000003,20271.792940298506,27,5532.0,0.04953808441470759,27,5532.0
36215.0,45,20587.0,307.2686567164179,2.617378789706803,60092.61256154987,896.9046650977596,1358210.1270000003,20271.792940298506,29,4668.0,0.04610898058256637,29,4668.0
36220.0,37,8349.0,126.5,2.7874404929544694,58387.66421684619,884.6615790431248,1326978.8770000003,20105.74056060606,30,6785.0,0.05187528926139871,30,6785.0
36225.0,40,1632.0,26.322580645161292,2.019859610364592,46253.68449795586,746.0271693218689,1206449.171,19458.857596774196,37,7922.0,0.0028023299094967254,37,7922.0
36230.0,33,1271.0,20.5,2.383590387858308,39647.78042910889,639.4803295017562,1212993.7650000001,19564.41556451613,27,7556.0,0.038812685397130856,27,7556.0
36235.0,38,1271.0,19.859375,1.7163280353776618,35034.31489857577,547.4111702902464,1217665.2070000002,19026.018859375003,24,7579.0,0.028078331189202593,24,7579.0
36240.0,40,1250.0,18.939393939393938,1.891693636949824,35106.18583410423,531.9119065773368,1281151.5970000003,19411.387833333334,22,7660.0,0.04401710218616729,22,7660.0
36245.0,47,1432.0,19.88888888888889,1.7429980804023169,33975.47600471033,471.88161117653243,1282522.962,17812.818916666667,25,7787.0,0.03377908204803047,25,7787.0
36250.0,54,1604.0,22.27777777777778,1.9321188917166,34106.2817140946,473.6983571402027,1315629.212,18272.627944444444,28,7843.0,0.06957957934908975,28,7843.0
36255.0,59,1884.0,26.914285714285715,1.2996074942551794,34183.71659309398,488.33880847277106,1297768.5080000001,18539.550114285717,32,7961.0,0.0005475019704655433,32,7961.0
36260.0,61,2184.0,31.2,1.1352086108047459,34385.87988572877,491.22685551041076,1297764.7850000004,18539.496928571432,33,8096.0,0.005261383059967315,33,8096.0
36265.0,61,2489.0,36.072463768115945,1.4683357380518791,34665.276977487076,502.3953185143055,1297764.7850000004,18808.185289855075,33,8231.0,0.02730332755208289,33,8231.0
36270.0,56,2634.0,41.15625,0.48066742245311544,34900.59951427708,545.3218674105794,1297761.7850000004,20277.527890625002,28,8109.0,0.03702859961401431,28,8109.0
36275.0,54,2779.0,42.753846153846155,1.1553364900840828,35205.69365213371,541.6260561866726,1297761.7850000004,19965.565923076927,26,7995.0,0.04131916599831167,26,7995.0
36280.0,52,2947.0,45.33846153846154,1.3377777309546817,35499.76499378054,546.1502306735473,1297761.7850000004,19965.565923076927,25,8087.0,0.07485524514229798,25,8087.0
36285.0,54,3182.0,48.21212121212121,0.6930094694486475,35341.969725355404,535.4843897781124,1262103.348,19122.778000000002,27,8209.0,0.03719796653001122,27,8209.0
36290.0,43,1903.0,28.833333333333332,2.0979480011050735,35487.542356558944,537.6900357054384,1262208.416,19124.369939393942,17,7159.0,0.1129293263015894,17,7159.0
36295.0,47,2128.0,31.294117647058822,3.3760075401670155,35747.88462465201,525.7041856566472,1298174.582,19090.80267647059,21,6860.0,0.14330121863920817,21,6860.0
36300.0,52,2372.0,35.93939393939394,2.023488695071981,35472.763065634936,537.4661070550748,1334138.2489999996,20214.215893939392,25,6944.0,0.013753414156310612,25,6944.0
36305.0,55,2640.0,43.278688524590166,0.7887908260545051,34734.554102877235,569.418919719299,1334127.2129999998,21870.937918032785,28,7050.0,7.810147719836422e-06,28,7050.0
36310.0,51,2763.0,45.295081967213115,1.2269140497307707,34928.33594353146,572.5956712054339,1334127.643,21870.944967213112,21,6877.0,0.12793869249105316,21,6877.0
36315.0,47,2907.0,46.88709677419355,1.9410265187621751,35194.798948308984,567.6580475533708,1334128.5389999996,21518.202241935483,19,6720.0,0.07345639027750626,19,6720.0
36320.0,44,3039.0,48.23809523809524,2.5139742149997466,35452.7364029939,562.7418476665698,1334132.4349999998,21176.705317460317,17,6687.0,0.17340942396866713,17,6687.0
36325.0,48,3247.0,52.37096774193548,1.4391526767952716,35209.20045684971,567.890329949189,1262480.433,20362.58762903226,21,6766.0,0.10094975281402502,21,6766.0
36330.0,44,3272.0,53.63934426229508,1.9965472562521767,35200.27659043743,577.0537145973352,1244670.382,20404.432491803276,18,6665.0,0.1503274801780853,18,6665.0
36335.0,50,3505.0,53.10606060606061,1.775619194258209,35463.745047118224,537.3294704108821,1280674.135,19404.153560606057,22,6722.0,0.062379403432241326,22,6722.0
36340.0,54,3758.0,56.08955223880597,1.9272957807709516,35684.243076605846,532.6006429344159,1316673.589,19651.844611940298,27,6815.0,0.033624746997910716,27,6815.0
36345.0,55,4029.0,63.95238095238095,1.243781116563099,35824.56499243637,568.6438887688315,1334671.605,21185.263571428575,29,6926.0,0.0819316140656709,29,6926.0
36350.0,53,4156.0,67.03225806451613,0.8134183509307664,36063.383333613936,581.6674731228054,1352671.053,21817.275048387102,25,6768.0,0.028934508573955253,25,6768.0
36355.0,49,4323.0,70.8688524590164,1.7993296915541908,36315.82231764163,595.3413494695351,1352671.053,22174.935295081967,21,6646.0,0.05344870856306151,21,6646.0
36360.0,46,4491.0,73.62295081967213,1.8973211337500415,36579.00697692421,599.655852080725,1352671.053,22174.935295081967,18,6713.0,0.06720321385226487,18,6713.0
36365.0,48,4699.0,75.79032258064517,1.1030327326782488,36339.65658807281,586.1234933560133,1262951.6979999999,20370.18867741935,21,6797.0,0.04756241035106373,21,6797.0
36370.0,49,4898.0,79.0,1.8259386276827283,36466.12410816203,588.1632920671298,1263052.7629999998,20371.818758064514,23,6850.0,0.13794315483880554,23,6850.0
36375.0,54,5153.0,80.515625,1.4352984305351844,36741.80309495195,574.0906733586244,1299080.8159999999,20298.137749999998,27,6945.0,0.09922866402035509,27,6945.0
36380.0,55,5426.0,84.78125,1.1345951122156896,37004.097016324915,578.1890158800771,1317087.0979999998,20579.485906249996,29,7058.0,0.013620744206744124,29,7058.0
36385.0,59,5716.0,90.73015873015873,0.5863015772471646,37265.010950696815,591.5081103285207,1335096.6579999998,21192.010444444444,32,7186.0,4.896600088211865e-06,32,7186.0
36390.0,53,5847.0,94.30645161290323,0.7837727091052688,37548.64980599354,605.6233839676381,1335094.6339999998,21533.78441935484,25,7076.0,0.015913853406225566,25,7076.0
36395.0,48,5982.0,93.46875,2.1505678801297066,37828.99911124602,591.0781111132189,1335095.2689999999,20860.863578124998,20,7024.0,0.09873495439372713,20,7024.0
36400.0,46,6144.0,99.09677419354838,1.5958412189644435,37927.5685194186,611.734976119655,1299149.346,20954.021709677418,19,7087.0,0.11108155692569656,19,7087.0
36405.0,52,6373.0,99.578125,1.1168165846368014,38068.48070485793,594.8200110134051,1263185.4349999998,19737.272421875,26,7187.0,0.058584433331652704,26,7187.0
36410.0,51,6587.0,102.921875,1.1232081555590578,38170.9302622929,596.4207853483268,1263290.6289999997,19738.916078125,25,7257.0,0.07611594951041865,25,7257.0
36415.0,56,6855.0,100.80882352941177,1.205259136531278,38468.348103930904,565.7110015283959,1299352.4479999996,19108.124235294115,29,7365.0,0.06263953736116984,29,7365.0
36420.0,59,7145.0,105.07352941176471,1.0294491348341908,38762.51716520752,570.037017135405,1317379.7619999996,19373.231794117648,33,7495.0,0.008959748463126815,33,7495.0
36425.0,63,7453.0,106.47142857142858,0.6350287984364849,39050.777175666226,557.8682453666605,1335406.7749999997,19077.23964285714,36,7642.0,0.01171043457797475,36,7642.0
36430.0,54,7043.0,102.07246376811594,1.175071435290376,39361.30775372455,570.4537355612255,1335406.7749999997,19353.721376811598,26,7327.0,0.10358826097944196,26,7327.0
36435.0,54,7182.0,104.08695652173913,0.9534756787982983,39680.84091514376,575.0846509441122,1335406.7749999997,19353.721376811598,25,7218.0,0.039780000997280435,25,7218.0
36440.0,55,7383.0,105.47142857142858,1.0576315849167284,39989.101816995004,571.2728830999287,1317372.5089999996,18819.607271428573,27,7314.0,0.014548915222759567,27,7314.0
36445.0,57,7638.0,110.69565217391305,1.2259229676214045,40129.88967832683,581.5926040337221,1299335.1019999997,18830.943507246375,31,7449.0,0.0069352329620337005,31,7449.0
36450.0,57,7860.0,115.58823529411765,1.2685999384890325,40129.3503737465,590.1375054962718,1317385.1809999999,19373.311485294118,31,7526.0,0.05410177912130944,31,7526.0
36455.0,59,8150.0,116.42857142857143,1.58182938196407,40323.61663997889,576.0516662854129,1353487.7809999997,19335.539728571428,32,7656.0,0.04797109040831255,32,7656.0
36460.0,59,8443.0,122.3623188405797,1.3340928605232067,40603.47467704774,588.4561547398224,1353486.8049999997,19615.750797101453,32,7786.0,0.04030528301412901,32,7786.0
36465.0,63,8751.0,132.5909090909091,0.24959055321340654,40727.67286949115,617.0859525680479,1335506.4109999998,20234.94562121212,35,7924.0,0.0001714770388571801,35,7924.0
36470.0,54,8812.0,135.56923076923076,1.0615248587622208,41012.48385586279,630.9612900901968,1335506.4109999998,20546.252476923073,26,7712.0,0.018334390386084014,26,7712.0
36475.0,49,8916.0,133.07462686567163,1.892219103673114,41305.413233146486,616.4987049723355,1335510.159,19932.987447761192,21,7608.0,0.08330997092827962,21,7608.0
36480.0,48,9050.0,137.12121212121212,2.1643137676023567,41547.643029960185,629.5097428781846,1317480.146,19961.820393939393,21,7680.0,0.1135601703370001,21,7680.0
36485.0,50,9273.0,136.36764705882354,1.2687201675177164,41425.33641195207,609.1961237051772,1281503.032,18845.63282352941,24,7785.0,0.04772922976286802,24,7785.0
36490.0,45,8258.0,117.97142857142858,2.2933717869687564,41455.07079680284,592.2152970971832,1281658.409,18309.405842857144,16,6898.0,0.15927990183140656,16,6898.0
36495.0,47,8482.0,119.46478873239437,2.9792502133744785,41732.91887304495,587.7875897611964,1299734.579,18306.120830985918,21,6694.0,0.04725745351884566,21,6694.0
36500.0,52,8736.0,123.04225352112677,2.82452070075031,41815.95389033766,588.9570970470091,1317810.507,18560.711366197185,26,6788.0,0.06842794797859139,26,6788.0
36505.0,56,9011.0,150.18333333333334,0.6277680164297113,40956.34219947535,682.605703324589,1317801.2249999999,21963.353750000002,28,6894.0,0.00035472371658649786,28,6894.0
36510.0,51,9164.0,158.0,0.941728179578588,41202.378043451026,710.3858283353622,1317797.677,22720.649603448277,23,6889.0,0.011419107498417054,23,6889.0
36515.0,53,9419.0,156.98333333333332,1.2891343396520123,41458.59787297942,690.9766312163235,1317797.917,21963.298616666663,23,6962.0,0.0,23,6962.0
36520.0,51,9674.0,163.96610169491527,1.5901282226467537,41666.531049928584,706.2123906767555,1317798.0629999998,22335.56038983051,23,7047.0,0.06014694951328311,23,7047.0
36525.0,52,9931.0,177.33928571428572,0.6945002455454777,41818.64647299662,746.7615441606538,1317794.229,23532.039803571424,24,7134.0,0.08395929091261521,24,7134.0
36530.0,49,9931.0,177.33928571428572,0.6809608357679038,42086.808017692536,751.5501431730809,1317794.229,23532.039803571424,21,6932.0,0.05281543914410053,21,6932.0
36535.0,45,9960.0,177.85714285714286,1.4868178803925094,42344.569491824215,756.153026639718,1317794.229,23532.039803571424,17,6770.0,0.0549441833722246,17,6770.0
36540.0,43,10018.0,182.14545454545456,1.328307365073681,42557.85873519026,773.7792497307319,1299716.773,23631.214054545457,16,6817.0,0.06635523862661373,16,6817.0
36545.0,45,10195.0,175.77586206896552,1.0932106946042712,42325.55446353127,729.7509390264013,1263811.7519999999,21789.85779310345,18,6912.0,0.05173135614120244,18,6912.0
36550.0,37,7167.0,119.45,2.4307369060464077,42577.55076248733,709.6258460414555,1281931.7639999997,21365.5294,15,5027.0,0.21676819083108956,15,5027.0
36555.0,37,5118.0,83.90163934426229,2.821001044811926,42669.69770839387,699.5032411212112,1300156.6799999997,21314.043934426227,22,4119.0,0.15484044366318686,22,4119.0
36560.0,36,2435.0,39.91803278688525,2.468275417839247,38314.89226942982,628.1129880234396,1273927.142,20884.05150819672,29,8145.0,0.0502973690151652,29,8145.0
36565.0,40,733.0,12.01639344262295,1.9801599825566683,32690.391184955017,535.9080522123774,1179331.001,19333.295098360653,36,8281.0,4.582859641319233e-05,36,8281.0
36570.0,37,754.0,11.968253968253968,2.243882900291742,25814.765907889996,409.75818901412686,1186146.1549999998,18827.71674603174,29,8254.0,0.051867911596975944,29,8254.0
36575.0,43,949.0,14.164179104477611,2.297876703363575,26083.314830266274,389.3032064218846,1286288.5139999997,19198.336029850747,30,8350.0,0.008193199511500639,30,8350.0
36580.0,50,1184.0,17.939393939393938,1.2585372688349203,25948.002784233184,393.15155733686635,1353288.4769999995,20504.37086363636,31,8469.0,0.04329357840204574,31,8469.0
36585.0,60,1462.0,22.151515151515152,0.6250220179633357,26201.29503368263,396.98931869216085,1386663.2269999995,21010.04889393939,34,8599.0,0.0001175018500251237,34,8599.0
36590.0,55,1464.0,23.612903225806452,0.6017487215595217,26408.471032981935,425.94308117712797,1386659.8209999995,22365.480983870963,27,8308.0,0.014174529226129707,27,8308.0
36595.0,51,1556.0,24.3125,1.7017187361924853,26693.88429942871,417.0919421785736,1386661.7769999995,21666.590265625004,23,8131.0,0.05921671348826474,23,8131.0
36600.0,48,1601.0,25.822580645161292,1.5298647806217953,26682.103998682316,430.3565161077794,1350578.9029999997,21783.530693548382,21,8204.0,0.05752028582141263,21,8204.0
36605.0,51,1808.0,27.393939393939394,1.2950499608640968,26931.337042634044,408.050561252031,1350621.8199999998,20463.96696969697,24,8323.0,0.05182137253775313,24,8323.0
36610.0,51,2014.0,31.46875,1.3434380942028792,26672.05163703705,416.75080682870396,1314713.7349999999,20542.402109375,25,8403.0,0.06505513104187506,25,8403.0
36615.0,55,2284.0,34.60606060606061,1.4178097588353318,26959.700029262673,408.4803034736769,1351023.3029999998,20470.050045454544,29,8508.0,0.1052377215266649,29,8508.0
36620.0,59,2566.0,37.18840579710145,0.9480681163591763,27231.282968615396,394.6562749074695,1387330.704,20106.24208695652,32,8625.0,0.00722597086569148,32,8625.0
36625.0,61,2868.0,42.1764705882353,1.0972061920829261,27538.468984562496,404.97748506709564,1387329.7259999998,20401.907735294117,34,8759.0,4.73296078544021e-06,34,8759.0
36630.0,55,3006.0,45.54545454545455,0.9865524320801102,27796.633020034176,421.16110636415436,1387330.5779999997,21020.160272727273,27,8569.0,0.0482600521946743,27,8569.0
36635.0,53,3180.0,47.46268656716418,1.9126045377882905,28089.101313282754,419.24031810869786,1387334.43,20706.48402985074,25,8317.0,0.0909352914097355,25,8317.0
36640.0,49,3331.0,49.71641791044776,2.4124481035056196,28367.065181365535,423.3890325576944,1387334.43,20706.48402985074,22,8223.0,0.12069363762265078,22,8223.0
36645.0,50,3561.0,52.36764705882353,1.6503178365445876,28079.626190835177,412.9356792769881,1315057.0299999998,19339.073970588237,24,8337.0,0.08247741621290422,24,8337.0
36650.0,55,3823.0,56.220588235294116,1.6290595893877517,28095.718570167894,413.17233191423384,1315255.8239999998,19341.997411764703,28,8434.0,0.08917262902670368,28,8434.0
36655.0,50,3427.0,51.149253731343286,1.6854475410884826,28168.397544984702,420.4238439549957,1297231.9859999998,19361.67143283582,24,7938.0,0.09336018158730008,24,7938.0
36660.0,55,3691.0,53.492753623188406,2.3287611473776666,28457.564850853207,412.42847609932187,1333573.0939999996,19327.14628985507,29,7972.0,0.02547711467709045,29,7972.0
36665.0,57,3970.0,57.53623188405797,1.719213585213925,28288.677930690355,409.98083957522266,1369909.5859999997,19853.762115942023,30,8086.0,0.03416955799160625,30,8086.0
36670.0,61,4259.0,62.63235294117647,1.0523866532060437,28368.175411272252,417.1790501657685,1388073.5639999998,20412.846529411763,33,8210.0,0.07997310354546416,33,8210.0
36675.0,54,4377.0,64.36764705882354,1.2224446107862066,28612.609616294692,420.77367082786316,1424409.7719999996,20947.202529411763,28,8099.0,0.04515744024080862,28,8099.0
36680.0,52,4552.0,65.97101449275362,2.221851648598575,28906.711562654626,418.9378487341251,1442577.1619999995,20906.915391304345,25,8018.0,0.116326859968567,25,8018.0
36685.0,51,4744.0,69.76470588235294,1.9223758345522015,29039.196383745963,427.047005643323,1406302.2369999997,20680.915249999995,24,8056.0,0.0709710224498118,24,8056.0
36690.0,55,5000.0,75.75757575757575,1.1785766731561762,29183.247894460175,442.17042264333617,1370014.7759999998,20757.799636363634,28,8157.0,0.0577508554681666,28,8157.0
36695.0,49,4925.0,73.50746268656717,1.4235304336275396,29247.509970709547,436.52999956282923,1333785.6819999998,19907.248985074624,21,7994.0,0.051535563572554406,21,7994.0
36700.0,51,5172.0,76.05882352941177,2.008397866231755,29476.42310877328,433.4768104231366,1351984.5799999998,19882.126176470585,24,8002.0,0.06858425306389918,24,8002.0
36705.0,54,5429.0,79.83823529411765,2.0081679544799877,29650.589174345034,436.0380760933094,1388327.0350000001,20416.574044117646,27,8095.0,0.11242454713803053,27,8095.0
36710.0,58,5706.0,85.16417910447761,0.9887069371008399,29885.144801539132,446.04693733640505,1406496.3460000001,20992.482776119406,31,8206.0,0.020716133925606946,31,8206.0
36715.0,53,5832.0,91.125,1.0334668569547198,30010.100090789896,468.9078139185923,1406493.3460000001,21976.45853125,25,8148.0,0.022384056216401167,25,8148.0
36720.0,50,6004.0,96.83870967741936,1.8077964003516906,30211.335718730796,487.2796083666259,1406493.3460000001,22685.376548387096,22,8140.0,0.05373483230375092,22,8140.0
36725.0,45,6151.0,90.45588235294117,2.711242312925027,30357.466450077536,446.43333014819916,1370180.9810000001,20149.72030882353,18,8088.0,0.09351150836464335,18,8088.0
36730.0,45,6359.0,97.83076923076923,3.075601179466081,30500.835779438017,469.2436273759696,1315673.245,20241.12684615385,19,8159.0,0.24354923485302313,19,8159.0
36735.0,51,6595.0,103.046875,0.9776167894172343,30593.982810775797,478.030981418372,1297537.909,20274.029828125,25,8243.0,0.06653610297101466,25,8243.0
36740.0,52,6787.0,106.046875,1.4000420101325295,30766.557703901777,480.7274641234653,1297577.637,20274.650578125,25,8271.0,0.07801635549208535,25,8271.0
36745.0,54,7052.0,108.49230769230769,1.4681483910949056,31049.346917622046,477.68226027110853,1315763.637,20242.517492307696,28,8370.0,0.040538669889304726,28,8370.0
36750.0,57,7328.0,107.76470588235294,1.3606873530854702,31312.134450000394,460.47256544118227,1352137.7079999999,19884.37805882353,31,8481.0,0.018239274079582805,31,8481.0
36755.0,59,7617.0,115.4090909090909,0.949436898874127,31534.05264829961,477.7886764893882,1388503.548,21037.932545454547,32,8605.0,0.02937167693290925,32,8605.0
36760.0,53,7747.0,117.37878787878788,0.9500693958042525,31829.42128402015,482.2639588487903,1406685.9919999999,21313.42412121212,27,8584.0,0.053001031439408264,27,8584.0
36765.0,52,7913.0,116.36764705882354,1.9310892562545252,32127.659996979986,472.4655881908824,1424872.4349999998,20954.006397058827,25,8590.0,0.07912358812075423,25,8590.0
36770.0,49,8128.0,119.52941176470588,2.7626592100219414,32406.26037355924,476.5626525523418,1424872.4349999998,20954.006397058827,22,8554.0,0.10982816949659371,22,8554.0
36775.0,52,8370.0,123.08823529411765,2.0990166848215033,32486.12522668881,477.7371356866002,1370353.462,20152.256794117646,25,8641.0,0.08682174008236751,25,8641.0
36780.0,54,8632.0,134.875,1.2314513427322265,32547.494048107972,508.5545945016872,1297661.35,20275.95859375,28,8743.0,0.06000785415304598,28,8743.0
36785.0,54,8849.0,130.13235294117646,1.1890816562666844,32731.95340992415,481.3522560282965,1297696.454,19083.771382352945,28,8795.0,0.07238613024975743,28,8795.0
36790.0,60,9135.0,128.66197183098592,1.5135278015376812,33042.7357088365,465.3906437864296,1334087.558,18789.965605633803,32,8915.0,0.11362027412391357,32,8915.0
36795.0,61,9433.0,132.85915492957747,0.9975147765637363,33336.06486897336,469.52204040807544,1352276.4740000002,19046.147521126764,35,9049.0,0.04058962466969267,35,9049.0
36800.0,66,9754.0,133.6164383561644,0.7425374282668297,33640.512869557555,460.82894341859657,1388649.718,19022.59887671233,40,9205.0,0.024521272587765746,40,9205.0
36805.0,57,8590.0,113.02631578947368,1.197986872665372,33961.482991435856,446.86161830836653,1406841.047,18511.066407894737,29,8621.0,0.04840193005546215,29,8621.0
36810.0,55,8486.0,111.65789473684211,1.321464876653986,34303.61284272783,451.36332687799796,1406841.047,18511.066407894737,24,8439.0,0.09164748509031853,24,8439.0
36815.0,55,8663.0,113.98684210526316,0.9579261712529,34622.003964050964,455.5526837375128,1388654.604,18271.77110526316,26,8526.0,0.03345265132634634,26,8526.0
36820.0,60,8916.0,120.48648648648648,0.7711769754623812,34950.57587669501,472.30507941479743,1352268.85,18273.903378378378,34,8657.0,0.020396846174018882,34,8657.0
36825.0,64,9151.0,118.84415584415585,1.2025135234327367,34961.584068928954,454.0465463497266,1388676.844,18034.76420779221,37,8740.0,0.015866230525837143,37,8740.0
36830.0,64,9469.0,124.59210526315789,1.6105238451276478,34678.2563938869,456.2928472879855,1406877.321,18511.543697368423,38,8894.0,0.043791146001007544,38,8894.0
36835.0,67,9799.0,130.65333333333334,1.0521685477192897,34912.92422380853,465.50565631744706,1388707.765,18516.103533333335,39,9050.0,0.027066934811969735,39,9050.0
36840.0,69,10142.0,144.88571428571427,0.003955086648454519,35141.36654459407,502.0195220656295,1388707.4989999998,19838.678557142855,41,9218.0,0.0006572065374626794,41,9218.0
36845.0,58,10160.0,137.2972972972973,1.04999020618097,35489.18784284569,479.58361949791447,1388710.4989999998,18766.358094594594,30,8719.0,0.02933447562177569,30,8719.0
36850.0,55,10217.0,134.43421052631578,1.710363696792792,35819.800871617226,471.3131693633845,1388712.1749999998,18272.528618421053,24,8624.0,0.12244970663519937,24,8624.0
36855.0,55,10373.0,138.30666666666667,1.3803794331279626,36122.41750984935,481.63223346465793,1370523.846,18273.651280000002,27,8712.0,0.03801001264926608,27,8712.0
36860.0,63,10635.0,143.71621621621622,0.8606356141982094,36344.23609273379,491.1383255774835,1352359.134,18275.12343243243,36,8866.0,0.029103284211036563,36,8866.0
36865.0,55,9856.0,133.1891891891892,1.585440017964506,36174.51618446534,488.8448133035855,1370590.0100000002,18521.48662162162,28,8144.0,0.05482056869487554,28,8144.0
36870.0,57,10136.0,138.84931506849315,2.4308858638405555,36266.64488104524,496.8033545348661,1370586.1580000003,18775.152849315065,30,8059.0,0.008311502874563996,30,8059.0
36875.0,61,10429.0,144.84722222222223,1.7821221831827811,36104.0343513419,501.4449215464153,1352392.664,18783.231444444442,31,8177.0,2.5278471617293955e-05,31,8177.0
36880.0,59,10724.0,167.5625,0.7151748446478052,35694.200935132845,557.7218896114507,1352386.6220000002,21131.04096875,31,8297.0,0.014169076296005929,31,8297.0
36885.0,54,10865.0,167.15384615384616,1.2747154448645293,35866.815473946896,551.7971611376446,1352388.09,20805.970615384613,26,8263.0,0.0648546782456457,26,8263.0
36890.0,56,11137.0,171.33846153846153,1.397756339508701,36158.3466138352,556.2822555974644,1352388.09,20805.970615384613,27,8359.0,0.05907870543474653,27,8359.0
36895.0,57,11413.0,175.58461538461538,1.3690103290820095,36452.08654359671,560.8013314399493,1352388.09,20805.970615384613,29,8461.0,0.01154622109988499,29,8461.0
36900.0,58,11700.0,195.0,0.4185076298003457,36578.19024007645,609.636504001274,1352386.7000000002,22539.778333333332,30,8573.0,5.0426505056496416e-05,30,8573.0
36905.0,53,11718.0,186.0,0.9265137071787587,36826.25247467172,584.5436900741541,1352387.3960000002,21466.466603174602,25,8429.0,0.022650341495958373,25,8429.0
36910.0,48,11724.0,186.0952380952381,2.2350569720075706,37101.32151613945,588.9098653355467,1352387.3960000002,21466.466603174602,20,8278.0,0.18306963930224468,20,8278.0
36915.0,46,11767.0,186.77777777777777,1.7171435052024984,37372.413055582365,593.2129056441647,1352387.3960000002,21466.466603174602,19,8235.0,0.10002799634290464,19,8235.0
36920.0,52,11969.0,196.21311475409837,0.8365229762325858,37203.54771524336,609.8942248400551,1316111.5990000002,21575.59998360656,26,8410.0,0.05600062894713898,26,8410.0
36925.0,50,12168.0,196.25806451612902,1.2364393382842827,37214.85427255464,600.2395850412037,1316297.215,21230.600241935485,23,8444.0,0.05455701612435783,23,8444.0
36930.0,53,12425.0,191.15384615384616,1.496364361840887,37500.90947779962,576.937068889225,1334576.827,20531.951184615384,27,8536.0,0.05705039257293364,27,8536.0
36935.0,55,12698.0,189.52238805970148,1.7236380038029104,37772.62544046145,563.7705289621114,1371137.9570000002,20464.74562686567,29,8644.0,0.03655465416324492,29,8644.0
36940.0,58,12979.0,199.6769230769231,0.6290979003069621,37985.56330758821,584.3932816552029,1407684.5890000004,21656.685984615386,31,8760.0,0.05534759388025346,31,8760.0
36945.0,55,13123.0,198.83333333333334,0.9133630599860539,38293.12123091957,580.198806529084,1407689.2050000003,21328.62431818182,28,8562.0,0.05205154085022256,28,8562.0
36950.0,53,13306.0,201.6060606060606,1.8524120969414153,38585.64857221091,584.6310389728922,1407689.2050000003,21328.62431818182,25,8309.0,0.05464266622358458,25,8309.0
36955.0,49,13475.0,201.11940298507463,2.501086234102721,38793.55174697097,579.0082350294172,1389459.397,20738.19995522388,22,8184.0,0.10259683507666655,22,8184.0
36960.0,48,13705.0,221.0483870967742,1.925533823429023,38423.87878493959,619.7399804022509,1298427.935,20942.3860483871,22,8187.0,0.10588287542759048,22,8187.0
36965.0,51,13954.0,205.2058823529412,1.5163536184235538,38563.94735752511,567.1168729047807,1298538.989,19096.161602941178,25,8271.0,0.05855357871754511,25,8271.0
36970.0,52,14162.0,211.37313432835822,1.8876399173455383,38466.55768987934,574.1277267146166,1280533.1020000002,19112.434358208953,26,8314.0,0.16814970490411005,26,8314.0
36975.0,57,14431.0,209.14492753623188,1.5573731774478363,38761.907184842115,561.7667707948129,1317110.495,19088.557898550724,30,8418.0,0.04716644821920914,30,8418.0
36980.0,60,14724.0,210.34285714285716,1.16702330889981,39030.295554727665,557.5756507818235,1335399.4540000001,19077.13505714286,34,8546.0,0.011672802147582014,34,8546.0
36985.0,62,15032.0,214.74285714285713,1.175651867108243,39315.89601943731,561.6556574205327,1371976.5200000003,19599.664571428573,36,8689.0,0.04022173751144873,36,8689.0
36990.0,52,14516.0,210.3768115942029,1.005035979210838,39613.90670581635,574.1145899393674,1408546.5420000001,20413.718,25,8262.0,0.07944032325882604,25,8262.0
36995.0,52,14487.0,204.04225352112675,1.3800198535202577,39932.08502454,562.4237327399999,1426833.0860000001,20096.240647887324,23,8007.0,0.051868542774783054,23,8007.0
37000.0,50,14707.0,207.14084507042253,1.4708927339667308,40249.67705527742,566.8968599334844,1426833.0860000001,20096.240647887324,22,8082.0,0.044922116709139114,22,8082.0
37005.0,56,14957.0,213.67142857142858,1.0274663647896747,40314.37183380039,575.9195976257197,1371954.99,19599.357,30,8184.0,0.006478464056276267,30,8184.0
37010.0,58,15228.0,220.69565217391303,1.5094229803869363,40341.228519220145,584.6554857857991,1371958.818,19883.461130434785,32,8292.0,0.0381069301698204,32,8292.0
37015.0,60,15525.0,228.30882352941177,1.145817646557978,40235.72574558415,591.7018491997669,1390251.432,20444.874,33,8422.0,0.06402856451661634,33,8422.0
37020.0,63,15832.0,236.29850746268656,0.4870081798041251,40391.676529802666,602.8608437283979,1372022.9349999998,20477.95425373134,35,8555.0,0.005545769579283462,35,8555.0
37025.0,63,16147.0,234.0144927536232,0.8693807577905599,40706.519387463835,589.9495563400557,1372022.9349999998,19884.39036231884,35,8695.0,0.02622309827926665,35,8695.0
37030.0,60,16269.0,229.14084507042253,1.2286758373237445,41016.612203536475,577.6987634300909,1372024.4689999998,19324.288295774648,30,8648.0,0.0937122543090532,30,8648.0
37035.0,54,16397.0,234.24285714285713,1.6657842967736318,41318.56313897516,590.2651876996449,1372024.4689999998,19600.349557142858,26,8611.0,0.0689104692695948,26,8611.0
37040.0,52,16556.0,243.47058823529412,1.4324883010294926,41489.802404157075,610.1441530023096,1335457.1949999998,19639.076397058823,25,8646.0,0.08922193439112507,25,8646.0
37045.0,57,16806.0,236.70422535211267,1.133907047171114,41707.13333091956,587.4244131115427,1335506.275,18809.947535211264,31,8806.0,0.05098718510715253,31,8806.0
37050.0,50,16038.0,229.11428571428573,1.8336664167487158,41739.94986347451,596.2849980496356,1317317.1809999999,18818.81687142857,22,8035.0,0.09988903316483616,22,8035.0
37055.0,56,16295.0,220.2027027027027,2.6591145655057145,42031.44525606863,567.9925034603871,1335643.273,18049.23341891892,27,7958.0,0.04196243936980613,27,7958.0
37060.0,55,16561.0,226.86301369863014,2.528720749166375,41860.93088799665,573.4374094246115,1372279.482,18798.34906849315,29,8066.0,0.057543796436644847,29,8066.0
37065.0,60,16847.0,255.25757575757575,0.9538173884681003,41525.93876017074,629.180890305617,1390594.902,21069.619727272726,33,8186.0,0.048221194599454446,33,8186.0
37070.0,49,11505.0,182.61904761904762,1.0163996912900346,41772.22298810425,663.0511585413373,1390591.062,22072.874000000003,25,5156.0,0.04748329852452309,25,5156.0
37075.0,42,7731.0,122.71428571428571,2.2990962015913188,42044.46827639416,667.3725123237167,1390591.062,22072.874000000003,25,5260.0,0.02955839296126412,25,5260.0
37080.0,34,3432.0,55.354838709677416,3.0882376253523027,40057.26176530144,646.0848671822812,1358855.812,21917.02922580645,27,7144.0,0.03515333562975494,27,7144.0
37085.0,36,1116.0,17.4375,2.952059316287624,35520.66466627971,555.0103854106203,1329472.885,20773.013828125004,30,8078.0,0.008333979184226724,30,8078.0
37090.0,34,1017.0,16.95,2.741397413197931,23809.35828579016,396.8226380965025,1205327.397,20088.789950000002,25,7944.0,0.11273412869671295,25,7944.0
37095.0,37,987.0,15.666666666666666,2.071448203708099,23227.025719358993,368.6829479263331,1307662.8260000001,20756.552793650797,21,7861.0,0.07482602644370565,21,7861.0
37100.0,44,1046.0,16.34375,1.7157533138487469,23320.967320565185,364.3901143838308,1304923.72,20389.433125000003,24,7874.0,0.07479004665648893,24,7874.0
37105.0,50,1242.0,19.107692307692307,1.2269801967148042,23458.43455971813,360.89899322643265,1354377.758,20836.58089230769,26,8011.0,0.07608415294974182,26,8011.0
37110.0,48,1256.0,19.323076923076922,1.428153940639667,23397.50831603256,359.9616664005009,1317869.426,20274.914246153843,22,7989.0,0.07806865755399699,22,7989.0
37115.0,52,1509.0,22.191176470588236,2.0293721771007007,23684.01809160377,348.29438370005545,1354585.798,19920.37938235294,26,8032.0,0.06732337303102398,26,8032.0
37120.0,57,1779.0,25.414285714285715,1.739069502962722,23975.318860263807,342.5045551466259,1391299.555,19875.707928571428,30,8138.0,0.037848958830189156,30,8138.0
37125.0,61,2074.0,30.057971014492754,0.9733505597963392,24089.672102171826,349.12568264017136,1409656.405,20429.802971014495,35,8283.0,0.015607356310532429,35,8283.0
37130.0,50,1619.0,23.808823529411764,1.7143460178643992,24283.835312356547,357.1152251817137,1446368.406,21270.12361764706,23,7633.0,0.13176465357547532,23,7633.0
37135.0,47,1612.0,23.02857142857143,1.7283047537146397,24581.645947941855,351.16637068488365,1446370.3739999998,20662.433914285717,17,7377.0,0.10577462210931037,17,7377.0
37140.0,47,1793.0,26.36764705882353,1.4424782562573744,24507.88480569041,360.4100706719177,1428049.454,21000.72726470588,19,7449.0,0.04115363389344886,19,7449.0
37145.0,53,2031.0,29.434782608695652,1.0809883558785232,24664.591841013058,357.45785276830526,1391404.649,20165.28476811594,25,7547.0,0.023747321018932073,25,7547.0
37150.0,54,2221.0,32.661764705882355,1.506781383108213,24700.750233209354,363.2463269589611,1391404.5800000003,20461.832058823526,28,7607.0,0.061733193918798286,28,7607.0
37155.0,58,2501.0,37.32835820895522,1.0996206243358766,24626.1851636752,367.55500244291335,1409770.28,21041.347462686565,31,7736.0,0.0002296861735612485,31,7736.0
37160.0,59,2791.0,41.656716417910445,1.2417917814270238,24743.46055163483,369.30538136768405,1391480.6520000002,20768.367940298504,31,7871.0,3.3696068678848097e-06,31,7871.0
37165.0,59,3086.0,46.75757575757576,1.2963097037219207,25008.508663341465,378.9167979294161,1391479.668,21083.02527272727,31,8006.0,3.2477054473577695e-07,31,8006.0
37170.0,53,3191.0,51.46774193548387,0.8677996147773333,25245.220530892275,407.18097630471397,1391479.668,22443.220451612902,25,7851.0,0.06309614264211084,25,7851.0
37175.0,52,3318.0,51.84375,1.4413512674685527,25531.59989473351,398.931248355211,1391479.6930000004,21741.870203125,24,7663.0,0.043432660431550155,24,7663.0
37180.0,47,3465.0,54.140625,2.001460592141796,25808.038504340682,403.25060163032305,1391479.6930000004,21741.870203125,20,7746.0,0.12128487197461665,20,7746.0
37185.0,50,3684.0,58.476190476190474,0.8539872818815376,25611.183689625756,406.5267252321548,1336618.0760000001,21216.159936507935,24,7884.0,0.05736107366999104,24,7884.0
37190.0,51,3907.0,63.016129032258064,1.2902022078020794,25624.330552927593,413.2956540794773,1318396.8560000001,21264.465419354838,25,7957.0,0.05664258009503319,25,7957.0
37195.0,55,4174.0,65.21875,0.7974704490186927,25916.51545656974,404.945554008902,1355193.2320000003,21174.894249999998,28,8072.0,0.02836621346785553,28,8072.0
37200.0,59,4457.0,68.56923076923077,0.8733152016191698,26196.193117986393,403.018355661329,1391989.4860000003,21415.22286153846,32,8207.0,0.02687202422694723,32,8207.0
37205.0,60,4753.0,66.94366197183099,0.953397638850011,26499.964725248534,373.2389397922327,1410390.4240000003,19864.65385915493,34,8353.0,0.03949316964400219,34,8353.0
37210.0,54,4623.0,63.32876712328767,1.6572498772821689,26789.291321681467,366.97659344769124,1428783.0540000002,19572.370602739724,23,8010.0,0.14122447134361524,23,8010.0
37215.0,51,4781.0,65.4931506849315,1.3986955928973879,27111.78200627123,371.39427405850984,1428783.0540000002,19572.370602739724,21,7929.0,0.05175944028625299,21,7929.0
37220.0,56,4998.0,70.3943661971831,1.010257260273437,27378.840665156506,385.61747415713376,1392012.134,19605.804704225353,28,8048.0,0.04246476915513461,28,8048.0
37225.0,62,5281.0,76.53623188405797,0.591573789677342,27526.776542688338,398.9387904737439,1373613.9670000002,19907.44879710145,35,8218.0,0.004120851532092182,35,8218.0
37230.0,60,5511.0,78.72857142857143,1.1489564047506775,27659.08440679164,395.1297772398804,1410436.586,20149.09408571428,33,8346.0,0.012772339756172998,33,8346.0
37235.0,63,5811.0,81.84507042253522,1.3634231289850365,27748.304615501795,390.82119176763075,1410433.2700000003,19865.25732394366,33,8509.0,0.02764650705370196,33,8509.0
37240.0,61,6116.0,88.6376811594203,1.2590735082161557,28029.958629606288,406.2312844870476,1410432.428,20441.049681159417,33,8661.0,0.02690968728760769,33,8661.0
37245.0,63,6426.0,97.36363636363636,0.3519974116274033,28119.01201609179,426.0456366074513,1392106.71,21092.525909090906,35,8810.0,0.028395114671946536,35,8810.0
37250.0,57,6497.0,98.43939393939394,0.7994319636244809,28434.094220415278,430.8196094002314,1392106.71,21092.525909090906,29,8604.0,0.03403293689180883,29,8604.0
37255.0,54,6643.0,99.14925373134328,1.4518424870478996,28736.149322124562,428.8977510764858,1392107.474,20777.723492537312,26,8506.0,0.04534416587425488,26,8506.0
37260.0,50,6754.0,100.80597014925372,1.7837016301335853,28994.98408708943,432.76095652372277,1373720.292,20503.287940298505,23,8589.0,0.08659819366159902,23,8589.0
37265.0,52,6983.0,99.75714285714285,1.5831635644262674,29007.85646028996,414.3979494327137,1373853.2719999999,19626.47531428571,26,8707.0,0.06772512689318905,26,8707.0
37270.0,45,5984.0,86.72463768115942,2.2322015474603165,28894.10747995438,418.75518086890395,1355654.533,19647.167144927538,18,7855.0,0.12714152098295872,18,7855.0
37275.0,49,6220.0,88.85714285714286,2.661061995174637,29172.873794120074,416.755339916001,1374093.193,19629.902757142856,23,7641.0,0.06627861442635487,23,7641.0
37280.0,55,6488.0,95.41176470588235,1.9926146744330797,29012.491113589505,426.6542810821985,1392533.3000000003,20478.430882352943,29,7744.0,5.562177601711983e-05,29,7744.0
37285.0,57,6772.0,105.8125,1.0191183717997698,28493.42130954048,445.2097079615699,1392527.7920000004,21758.24675,29,7854.0,4.842927393791864e-07,29,7854.0
37290.0,51,6888.0,109.33333333333333,1.538111072887121,28679.600079733966,455.2317472973644,1392528.0730000003,22103.620206349206,23,7808.0,0.0887725920307871,23,7808.0
37295.0,51,7143.0,111.609375,1.9058621458976321,28955.716078188027,452.43306372168774,1392528.0730000003,21758.251140624998,23,7875.0,0.04093861169951654,23,7875.0
37300.0,54,7408.0,119.48387096774194,1.3329826315522648,29166.512335975018,470.42761832217747,1392524.5310000004,22460.073080645157,26,7965.0,0.04355358752701304,26,7965.0
37305.0,56,7686.0,130.27118644067798,0.44028560997365523,29332.79867307759,497.1660792047047,1392524.5310000004,23602.11069491525,28,8068.0,0.00032263255102512163,28,8068.0
37310.0,51,7695.0,135.0,0.5623802658704967,29581.092574272116,518.9665363907388,1392524.5310000004,24430.25492982456,23,7859.0,0.016467275616829955,23,7859.0
37315.0,47,7768.0,131.66101694915255,1.6005848648490242,29845.754112505016,505.8602391950002,1392526.503,23602.144118644064,19,7677.0,0.061597068314409954,19,7677.0
37320.0,44,7787.0,134.25862068965517,1.6987393017205148,30064.64724146973,518.3559869218917,1374080.301,23691.039672413794,17,7726.0,0.06110777954231689,17,7726.0
37325.0,46,7969.0,130.63934426229508,1.3318050384810294,29969.560888670007,491.3042768634427,1355854.3099999998,22227.119836065573,19,7821.0,0.06972672329197284,19,7821.0
37330.0,48,8154.0,135.9,1.7054969246235492,29898.35936053624,498.30598934227066,1337615.758,22293.59596666666,22,7880.0,0.15556215280771554,22,7880.0
37335.0,50,8401.0,133.34920634920636,1.7466620990253308,30164.026292496485,478.7940681348648,1374581.685,21818.756904761907,24,7962.0,0.06801239470643228,24,7962.0
37340.0,55,8662.0,133.26153846153846,1.3964180429309871,30403.123218527253,467.74035720811156,1411542.136,21716.03286153846,28,8058.0,0.04174248284175481,28,8058.0
37345.0,56,8939.0,141.88888888888889,1.005077812743243,30652.388737423433,486.5458529749751,1430018.9619999998,22698.71368253968,30,8170.0,0.030853225293100143,30,8170.0
37350.0,51,9057.0,148.47540983606558,0.8470958130786894,30932.882831087703,507.0964398538968,1430018.9619999998,23442.933803278687,23,7967.0,0.04642818900146697,23,7967.0
37355.0,48,9187.0,148.17741935483872,1.883892134471896,31210.272646967947,503.3914943059346,1430018.9619999998,23064.821967741933,20,7814.0,0.05686409818444387,20,7814.0
37360.0,45,9348.0,155.8,1.7716329209616262,31254.62072220465,520.9103453700775,1393180.7369999997,23219.678949999998,18,7871.0,0.10062492918372182,18,7871.0
37365.0,48,9563.0,154.24193548387098,0.8606195128710005,31199.610624895126,503.21952620798595,1337921.2919999997,21579.375677419357,21,7947.0,0.043264099656321296,21,7947.0
37370.0,49,9790.0,157.90322580645162,1.435170139680297,31325.03070826325,505.2424307784396,1338021.0679999997,21580.98496774193,23,8023.0,0.08721885394533316,23,8023.0
37375.0,53,10045.0,156.953125,1.0728473441961663,31608.706787174033,493.88604354959415,1375017.2889999996,21484.645140625,27,8115.0,0.0850835109491956,27,8115.0
37380.0,59,10326.0,158.86153846153846,0.6591411468502587,31887.637869837887,490.57904415135204,1412003.2589999998,21723.127061538464,32,8231.0,0.026718341705503867,32,8231.0
37385.0,62,10628.0,158.62686567164178,0.6716870185610838,32195.775330626635,480.53396015860653,1412003.2589999998,21074.675507462685,34,8362.0,5.876710999100479e-05,34,8362.0
37390.0,57,10783.0,158.5735294117647,1.399484255979901,32495.72336004857,477.87828470659656,1412004.3889999997,20764.770426470586,27,8213.0,0.07692401798476675,27,8213.0
37395.0,52,10959.0,163.56716417910448,1.781872437720768,32780.19657320394,489.2566652717007,1412004.3889999997,21074.692373134327,24,8096.0,0.06729899453585297,24,8096.0
37400.0,50,11110.0,165.82089552238807,2.052091517169345,33063.25999195688,493.4814924172669,1412004.3889999997,21074.692373134327,23,8089.0,0.1035385643987922,23,8089.0
37405.0,54,11347.0,174.56923076923076,1.0740337199293173,32997.765716529284,507.65793410045063,1356715.659,20872.5486,27,8196.0,0.049492389469332626,27,8196.0
37410.0,53,11569.0,180.765625,1.1647295914650546,32896.366217072275,514.0057221417544,1319940.604,20624.071937499997,27,8270.0,0.07802591556894743,27,8270.0
37415.0,58,11838.0,169.11428571428573,1.4196934589146757,33191.800182694904,474.1685740384986,1356978.7940000002,19385.41134285714,29,8374.0,0.043330793331625095,29,8374.0
37420.0,58,12125.0,175.7246376811594,1.5098103084875243,33464.333586692286,484.99034183611997,1375491.0100000002,19934.65231884058,32,8496.0,0.09116574555000061,32,8496.0
37425.0,62,12424.0,182.7058823529412,0.2933111323762692,33738.05532514967,496.14787242867135,1412515.8630000001,20772.292102941174,36,8630.0,0.035807279720338384,36,8630.0
37430.0,61,12602.0,185.3235294117647,0.5766673791151165,34067.61816165822,500.99438473026794,1412515.8630000001,20772.292102941174,33,8561.0,0.016568159219158947,33,8561.0
37435.0,57,12811.0,188.39705882352942,1.4285592468111286,34379.04390418222,505.57417506150307,1412515.8630000001,20772.292102941174,29,8551.0,0.052471727137584565,29,8551.0
37440.0,52,12999.0,191.16176470588235,1.6588836837581318,34675.92360319232,509.9400529881226,1412515.8630000001,20772.292102941174,25,8589.0,0.05713297952967408,25,8589.0
37445.0,54,13252.0,181.53424657534248,1.4299200055149812,34700.032155782596,475.3429062435973,1357121.083,18590.69976712329,28,8703.0,0.04442634666088665,28,8703.0
37450.0,47,12567.0,177.0,2.7168857834250466,34723.80902538668,489.0677327519251,1320207.2500000002,18594.468309859156,21,8000.0,0.20712244924116574,21,8000.0
37455.0,51,12815.0,175.54794520547946,2.6960301324858373,35007.49421887302,479.5547153270278,1357264.3750000002,18592.66267123288,25,7950.0,0.09033465616999493,25,7950.0
37460.0,58,13087.0,179.27397260273972,2.1649493269931073,35027.88585760819,479.83405284394775,1394315.9789999998,19100.21889041096,31,8057.0,0.0025760906974800924,31,8057.0
37465.0,59,13381.0,202.74242424242425,1.0648101325698311,34580.91353839209,523.953235430183,1412833.7769999998,21406.572378787878,33,8186.0,0.028473248635856287,33,8186.0
37470.0,54,13522.0,208.03076923076924,0.8729684897034405,34862.24741227615,536.3422678811714,1431359.421,22020.914169230768,27,8117.0,0.031585065006293364,27,8117.0
37475.0,51,13700.0,207.57575757575756,2.195810374900925,35149.85644418514,532.5735824876534,1431359.421,21687.26395454545,23,8079.0,0.05742962060749189,23,8079.0
37480.0,47,13868.0,210.12121212121212,2.15272603487745,35423.90446829387,536.7258252771795,1431359.421,21687.26395454545,20,8104.0,0.09390088751767953,20,8104.0
37485.0,51,14105.0,223.88888888888889,1.2230543336906685,35348.817489868314,561.0923411090208,1357378.9500000004,21545.69761904762,25,8197.0,0.054171435928230614,25,8197.0
37490.0,47,14090.0,227.25806451612902,1.2824584878002951,35466.24792450733,572.0362568468922,1320382.229,21296.48756451613,21,8070.0,0.09053107374815637,21,8070.0
37495.0,50,14330.0,217.12121212121212,1.8456629432170404,35741.15770380364,541.5326924818733,1357464.8660000004,20567.649484848484,23,8102.0,0.11427059776653022,23,8102.0
37500.0,54,14588.0,221.03030303030303,1.8664523788676362,35957.95391144583,544.8174835067549,1375999.734,20848.48081818182,28,8195.0,0.024284859844521167,28,8195.0
37505.0,56,14864.0,225.21212121212122,1.1806046604201945,36045.62585201304,546.1458462426219,1413068.1840000001,21410.124,30,8306.0,0.06222203965590139,30,8306.0
37510.0,53,15000.0,227.27272727272728,1.4982455645206592,36297.013165126795,549.9547449261635,1431608.9300000002,21691.04439393939,26,8257.0,0.10646360251622482,26,8257.0
37515.0,50,15154.0,233.13846153846154,1.7701610040390197,36568.70477405156,562.5954580623315,1431608.9300000002,22024.752769230767,22,8225.0,0.058115688881157465,22,8225.0
37520.0,49,15351.0,229.11940298507463,2.0231207874372448,36849.73819522309,549.9960924660162,1431609.4780000001,21367.305641791045,22,8262.0,0.06318937190745731,22,8262.0
37525.0,51,15587.0,239.8,1.4793403496205084,36817.358648193534,566.4209022799005,1339014.245,20600.219153846152,24,8352.0,0.056781566508612484,24,8352.0
37530.0,49,15744.0,246.0,1.804603973125694,36950.17352122628,577.3464612691605,1320522.6360000002,20633.1661875,23,8353.0,0.11286573368436939,23,8353.0
37535.0,55,16001.0,238.82089552238807,1.4816033010476144,37237.54399632873,555.7842387511747,1357621.0370000002,20263.000552238806,28,8445.0,0.029004706887047527,28,8445.0
37540.0,57,16283.0,246.71212121212122,1.4470423891663584,37486.93529995345,567.9838681811126,1376170.3890000004,20851.0665,31,8562.0,0.04749350648821826,31,8562.0
37545.0,59,16574.0,251.12121212121212,0.5582044461634448,37688.1551341399,571.0326535475742,1413269.4610000001,21413.173651515153,33,8688.0,0.06137893220182956,33,8688.0
37550.0,49,11739.0,175.2089552238806,1.2922236001159266,37996.3382800012,567.109526567182,1431814.117,21370.35995522388,27,5860.0,0.0393071351202763,27,5860.0
37555.0,47,8289.0,123.71641791044776,1.7045367571523238,38289.79248898653,571.4894401341272,1431814.117,21370.35995522388,30,5025.0,0.036801169724452056,30,5025.0
37560.0,42,4827.0,72.04477611940298,2.4344529389233918,38571.03282271035,575.6870570553784,1431814.117,21370.35995522388,34,9017.0,0.03414918640087506,34,9017.0
37565.0,42,2280.0,34.54545454545455,2.508827532726922,30816.874607771217,466.92234254198814,1302213.4350000003,19730.50659090909,39,9198.0,0.00011035637970064076,39,9198.0
37570.0,41,2199.0,31.869565217391305,2.400846830790434,22380.020846561118,324.3481282110306,1276126.986,18494.594,31,9146.0,0.09548433642269287,31,9146.0
37575.0,43,2238.0,31.083333333333332,2.5002411824039203,22664.91645719995,314.7905063499993,1379019.059,19153.04248611111,29,9123.0,0.0575782889455737,29,9123.0
37580.0,49,2298.0,32.36619718309859,1.9070520037431535,22325.373468814487,314.4418798424574,1376637.7149999999,19389.263591549294,30,9254.0,0.09029798096705881,30,9254.0
37585.0,57,2535.0,36.214285714285715,0.7565795083279716,22014.459356547133,314.4922765221019,1374309.1219999997,19632.987457142855,35,9447.0,0.03112970611496565,35,9447.0
37590.0,55,1449.0,20.408450704225352,0.7306377841551966,22134.774645509926,311.7573893733791,1408695.477,19840.781366197185,28,8861.0,0.06329521528923382,28,8861.0
37595.0,55,1371.0,18.28,1.4289510091531383,22465.070278851083,299.534270384681,1427276.423,19030.352306666664,26,8417.0,0.0688368616903266,26,8417.0
37600.0,55,1622.0,21.064935064935064,1.7638231626906422,22799.655488746157,296.09942193176835,1464429.598,19018.566207792206,28,8340.0,0.07127041876490657,28,8340.0
37605.0,61,1912.0,24.512820512820515,1.3677586982416632,22194.750648774283,284.5480852406959,1464427.8050000002,18774.71544871795,35,8461.0,0.059438585071050626,35,8461.0
37610.0,62,1994.0,25.240506329113924,1.6112359694237668,22538.505654565954,285.2975399312147,1483009.5350000001,18772.272594936712,35,8410.0,0.056786528080186124,35,8410.0
37615.0,64,2308.0,30.36842105263158,1.3456462666016378,22326.574647059068,293.77071904025087,1464471.466,19269.361394736843,36,8513.0,0.041494835591493764,36,8513.0
37620.0,68,2642.0,34.76315789473684,1.3830497875425594,22669.171300842685,298.27856974792996,1464471.466,19269.361394736843,40,8667.0,2.7758199805556158e-05,40,8667.0
37625.0,68,2982.0,40.2972972972973,0.6240975199334347,22739.975537728656,307.2969667260629,1464471.324,19790.153027027027,40,8827.0,3.714708981521002e-07,40,8827.0
37630.0,57,2971.0,40.6986301369863,1.4265766192672842,23058.4309008674,315.8689164502383,1464471.324,20061.25101369863,28,8514.0,0.06184702326703754,28,8514.0
37635.0,56,3078.0,42.16438356164384,1.2173898908267662,23387.77724627236,320.38051022290904,1464471.324,20061.25101369863,27,8500.0,0.047848389046248975,27,8500.0
37640.0,58,3241.0,45.013888888888886,0.9353225225310511,23691.329370740445,329.046241260284,1445890.642,20081.81447222222,31,8608.0,0.010006843258839385,31,8608.0
37645.0,63,3513.0,48.791666666666664,0.6818955281653649,23922.17041015579,332.2523668077195,1427312.9039999999,19823.790333333334,37,8766.0,0.004344268513877038,37,8766.0
37650.0,59,3734.0,51.861111111111114,1.1809533937937005,23777.915065370937,330.2488203523742,1427378.498,19824.701361111114,33,8817.0,0.0455569314389188,33,8817.0
37655.0,62,4041.0,56.125,1.4342509933056578,24033.128457463772,333.7934507981081,1427377.778,19824.69136111111,34,8947.0,0.00934185206327241,34,8947.0
37660.0,63,4355.0,61.33802816901409,1.1173815431153542,24338.79681768721,342.7999551786932,1427374.36,20103.864225352114,35,9081.0,0.022960758712067698,35,9081.0
37665.0,66,4681.0,70.92424242424242,3.056686647637134e-05,24556.84792563802,372.073453418758,1427374.36,21626.88424242424,38,9227.0,3.93660400518526e-06,38,9227.0
37670.0,59,4761.0,72.13636363636364,0.4379418352034295,24880.2253046398,376.97311067636065,1427374.36,21626.88424242424,30,9112.0,0.021442964275391347,30,9112.0
37675.0,54,4885.0,71.83823529411765,0.864235892150679,25198.369580574457,370.5642585378597,1427376.34,20990.828529411767,26,9074.0,0.01314396445616972,26,9074.0
37680.0,50,5027.0,73.92647058823529,1.5368887944812553,25506.63405066492,375.09755956860175,1427376.34,20990.828529411767,23,9152.0,0.0236186816479272,23,9152.0
37685.0,53,5255.0,74.01408450704226,1.0534158058323635,25650.973774648657,361.2813207696994,1427379.161,20103.931845070423,27,9292.0,0.02035331788061077,27,9292.0
37690.0,45,4110.0,58.714285714285715,2.1739390404827996,25619.64191818552,365.99488454550743,1408951.04,20127.872,19,8347.0,0.13788896120690683,19,8347.0
37695.0,50,4346.0,60.361111111111114,2.766146993801397,25903.040432039255,359.7644504449897,1446257.102,20086.904194444447,23,8078.0,0.08625031383197097,23,8078.0
37700.0,55,4613.0,63.19178082191781,2.390103956037691,26011.014171665007,356.31526262554803,1446256.6659999997,19811.735150684934,28,8173.0,0.0011277755233781701,28,8173.0
37705.0,57,4896.0,76.5,1.360201760447874,25204.79051234991,393.8248517554674,1446248.9979999997,22597.640593750002,29,8276.0,0.0,29,8276.0
37710.0,52,5032.0,85.28813559322033,0.5995252261224752,25256.107219373367,428.0696138876842,1446244.0299999998,24512.610677966106,24,8048.0,0.02876438412269352,24,8048.0
37715.0,49,5188.0,86.46666666666667,1.4314344990168948,25531.593063160515,425.52655105267536,1446244.0299999998,24104.067166666668,21,7859.0,0.05527925712002987,21,7859.0
37720.0,46,5312.0,90.03389830508475,1.4209513478037867,25743.828886863997,436.3360828282034,1427634.0059999998,24197.18654237288,19,7914.0,0.07777995200161314,19,7914.0
37725.0,49,5525.0,90.57377049180327,0.8217914148916481,25461.710180988328,417.4050849342348,1390673.351,22797.923786885247,22,7998.0,0.05221575575273474,22,7998.0
37730.0,44,5464.0,86.73015873015873,2.268142463107045,25735.22687820475,408.4956647334087,1409351.4589999998,22370.65807936508,18,7841.0,0.1512751043422867,18,7841.0
37735.0,48,5691.0,88.921875,2.0527300075430692,25819.377650948754,403.4277757960744,1428153.1959999995,22314.8936875,21,7844.0,0.12195904891244085,21,7844.0
37740.0,53,5944.0,94.34920634920636,1.4438624469457588,25977.1542102652,412.3357811153206,1446827.8679999993,22965.521714285715,27,7927.0,0.026155619596205555,27,7927.0
37745.0,53,6209.0,95.52307692307693,1.595502963715213,26120.822177813483,401.85880273559195,1484177.3969999994,22833.498415384616,27,8022.0,0.05002671941946515,27,8022.0
37750.0,51,6324.0,98.8125,1.862581960026374,26329.690297661113,411.4014109009548,1484178.5309999993,23190.289546875,21,7787.0,0.14632737365180612,21,7787.0
37755.0,45,6441.0,103.88709677419355,2.2349928672601753,26534.751363833693,427.9798607069951,1484175.5309999993,23938.315016129032,17,7487.0,0.0530587960500295,17,7487.0
37760.0,43,6586.0,109.76666666666667,2.1426971562578685,26540.79358700076,442.3465597833461,1446973.8429999994,24116.230716666665,16,7529.0,0.14473315600472286,16,7529.0
37765.0,47,6796.0,113.26666666666667,1.136121729715205,26438.563080851727,440.64271801419557,1391182.6589999998,23186.37765,21,7596.0,0.04683420144812375,21,7596.0
37770.0,47,6994.0,118.54237288135593,1.5032064638237206,26348.03012997432,446.5767818639716,1372750.0289999999,23266.949644067798,21,7637.0,0.09187247677550563,21,7637.0
37775.0,53,7237.0,113.078125,1.370859511257286,26619.675586902904,415.93243104535776,1410126.7310000001,22033.230171875002,25,7710.0,0.050470129538725546,25,7710.0
37780.0,56,7505.0,115.46153846153847,1.4193358483470229,26887.517402067864,413.65411387796706,1447501.3150000002,22269.251000000004,29,7808.0,0.036653133960201374,29,7808.0
37785.0,57,7786.0,123.58730158730158,0.7615145694050431,27127.41814902951,430.59393887348426,1466187.3140000002,23272.814507936513,31,7919.0,0.0736882474508298,31,7919.0
37790.0,55,7940.0,128.06451612903226,0.7228072447526578,27419.671304908858,442.2527629824009,1466187.3140000002,23648.18248387097,27,7757.0,0.019513778272289707,27,7757.0
37795.0,50,8096.0,130.58064516129033,1.6309168006047503,27700.850557456746,446.7879122170444,1466187.3140000002,23648.18248387097,22,7647.0,0.058378783635136856,22,7647.0
37800.0,46,8263.0,137.71666666666667,1.6061445854822647,27948.138916372383,465.8023152728731,1428807.202,23813.453366666665,19,7639.0,0.07469655632707345,19,7639.0
37805.0,51,8487.0,128.5909090909091,1.4371443230393715,27767.24699902141,420.71586362153647,1391720.058,21086.667545454544,24,7720.0,0.062403552767659944,24,7720.0
37810.0,50,8690.0,133.69230769230768,2.1640813400407946,27776.748423115725,427.3345911248572,1373192.29,21126.035230769226,24,7769.0,0.19018575064622265,24,7769.0
37815.0,54,8950.0,133.5820895522388,1.3063159522989372,28066.18063264447,418.89821839767865,1410593.99,21053.641641791044,28,7859.0,0.058499572777957976,28,7859.0
37820.0,59,9236.0,135.8235294117647,1.3106587546730777,28344.190815983908,416.82633552917514,1448002.466,21294.153911764704,32,7975.0,0.030334578699804906,32,7975.0
37825.0,61,9533.0,142.28358208955223,0.9304233714502173,28619.96279382613,427.1636237884496,1466702.508,21891.082208955224,35,8102.0,0.013667877678622462,35,8102.0
37830.0,55,9682.0,146.6969696969697,1.0178297156809453,28907.52447145922,437.9927950221095,1485396.3349999997,22506.005075757574,28,8051.0,0.0428088554007974,28,8051.0
37835.0,51,9839.0,146.8507462686567,2.1728299234107014,29199.782298951497,435.8176462530074,1485396.3349999997,22170.094552238807,23,8013.0,0.04535626256603159,23,8013.0
37840.0,47,10025.0,151.8939393939394,2.496609232756344,29437.40535671319,446.0212932835332,1466709.4879999997,22222.871030303028,20,7939.0,0.09827323576326857,20,7939.0
37845.0,50,10256.0,160.25,1.4792663997815514,29328.657615958546,458.26027524935233,1373321.6529999997,21458.150828125,23,8020.0,0.07960652748931121,23,8020.0
37850.0,52,10510.0,161.69230769230768,1.5304406734798595,29613.411388165918,455.59094443332185,1392036.3859999997,21415.9444,26,8113.0,0.09479216659873069,26,8113.0
37855.0,47,9988.0,151.33333333333334,1.793246222513801,29688.966069334012,449.8328192323335,1373413.3599999999,20809.29333333333,21,7532.0,0.10795241889278027,21,7532.0
37860.0,51,10237.0,150.5441176470588,2.823194422457241,29957.70704307707,440.55451533936866,1410838.054,20747.61844117647,24,7495.0,0.06070710267885283,24,7495.0
37865.0,53,10493.0,147.7887323943662,2.300816615309294,30070.071730928303,423.5221370553283,1429548.24,20134.482253521128,27,7581.0,0.03544498881773678,27,7581.0
37870.0,57,10774.0,165.75384615384615,1.1787363721206252,29697.25915148914,456.8809100229098,1466961.135,22568.632846153847,31,7692.0,0.09826987813641597,31,7692.0
37875.0,53,10910.0,170.46875,0.7560815297637453,29972.389948492033,468.318592945188,1485669.163,23213.580671874995,27,7651.0,0.03229153459817993,27,7651.0
37880.0,53,11085.0,165.44776119402985,1.8484267692614298,30263.76316452559,451.6979576794864,1485670.395,22174.185,25,7652.0,0.0479091526413494,25,7652.0
37885.0,48,11262.0,165.61764705882354,2.5160985723753124,30527.050194304546,448.9272087397727,1466959.338,21572.93144117647,21,7682.0,0.10414650740560256,21,7682.0
37890.0,51,11497.0,179.640625,1.2340544794714075,30535.812453935203,477.12206959273755,1392173.927,21752.717609375002,24,7765.0,0.10192826895523724,24,7765.0
37895.0,48,11525.0,180.078125,1.6341644940485602,30703.96878702769,479.74951229730755,1373491.298,21460.80153125,22,7652.0,0.08715541105674444,22,7652.0
37900.0,52,11778.0,178.45454545454547,1.8468307082199176,30983.45801292273,469.44633352913223,1410936.062,21377.81912121212,26,7716.0,0.08303078559668992,26,7716.0
37905.0,57,12045.0,179.77611940298507,1.1713271135526142,31164.106770500963,465.13592194777556,1448372.1349999998,21617.494552238804,30,7813.0,0.0020387521643172803,30,7813.0
37910.0,57,12328.0,189.66153846153847,1.168327019872634,31360.598231378324,482.470742021205,1467090.9609999997,22570.630169230768,31,7926.0,0.029394438689961312,31,7926.0
37915.0,52,12458.0,197.74603174603175,1.051111537757679,31559.623534184884,500.946405304522,1485813.0229999996,23584.333698412695,25,7874.0,0.07686548340164949,25,7874.0
37920.0,50,12607.0,200.11111111111111,1.9744875509226643,31840.669947052163,505.4074594770185,1485813.0229999996,23584.333698412695,22,7807.0,0.04801066407160956,22,7807.0
37925.0,47,12792.0,188.11764705882354,2.3452592991654053,32085.62992263845,471.8474988623302,1467107.2889999994,21575.10719117647,20,7866.0,0.07603802854095215,20,7866.0
37930.0,51,13021.0,197.28787878787878,1.9600422956200212,32078.391846312636,486.03624009564606,1392298.9149999998,21095.438106060603,23,7956.0,0.17275015779160774,23,7956.0
37935.0,50,13225.0,200.37878787878788,1.3229758489072092,32240.295534959198,488.48932628726067,1392333.4309999999,21095.961075757572,23,7990.0,0.07515078890491288,23,7990.0
37940.0,55,13489.0,201.32835820895522,1.1716139451140397,32538.38422089288,485.6475256849685,1411063.9359999998,21060.65576119403,29,8084.0,0.05689444950370376,29,8084.0
37945.0,59,13776.0,202.58823529411765,1.216234195811391,32826.19357995195,482.7381408816463,1448523.052,21301.809588235294,33,8201.0,0.04006071267431552,33,8201.0
37950.0,61,14076.0,210.08955223880596,0.6357065883175446,33111.77980076036,494.20566866806524,1485975.981,22178.745985074627,34,8331.0,0.032932780367077766,34,8331.0
37955.0,59,14230.0,209.26470588235293,0.7836163746469312,33381.209201120306,490.90013531059265,1485976.253,21852.59195588235,29,8301.0,0.02264804807577706,29,8301.0
37960.0,52,14395.0,208.6231884057971,2.0925265909015005,33683.02870954966,488.15983637028506,1485976.668,21535.893739130435,24,8279.0,0.08633814163016976,24,8279.0
37965.0,51,14597.0,208.52857142857144,2.3811233599714936,33970.83391107687,485.2976273010981,1485976.668,21228.238114285712,23,8311.0,0.11406000032985497,23,8311.0
37970.0,54,14830.0,228.15384615384616,0.9999913622225783,33956.42651121687,522.406561711029,1392402.732,21421.580492307694,27,8409.0,0.06804814232751144,27,8409.0
37975.0,53,15056.0,235.25,0.786015976118889,34110.36625454919,532.9744727273313,1373715.28,21464.30125,27,8477.0,0.03193014080122735,27,8477.0
37980.0,58,15334.0,232.33333333333334,1.1563845339079744,34409.51197077773,521.356241981481,1411203.746,21381.87493939394,31,8585.0,0.036075514789832265,31,8585.0
37985.0,60,15628.0,223.25714285714287,1.059724577331516,34679.42699699243,495.4203856713204,1429946.0320000001,20427.800457142857,34,8710.0,0.02051623915783861,34,8710.0
37990.0,61,15933.0,227.61428571428573,1.099386680514684,34973.40664996244,499.6200949994636,1467430.7380000001,20963.296257142854,35,8845.0,0.10440009621642583,35,8845.0
37995.0,56,15126.0,213.04225352112675,0.7860269205483067,35302.233186992395,497.21455192947064,1486169.888,20931.970253521125,28,8375.0,0.06588630471966773,28,8375.0
38000.0,56,15177.0,213.7605633802817,0.7829938908701141,35635.88599557777,501.913887261659,1486169.888,20931.970253521125,25,8287.0,0.0622303698278614,25,8287.0
38005.0,53,15376.0,207.78378378378378,1.0550615952316416,35961.828122638275,485.9706503059226,1467428.94,19830.12081081081,26,8377.0,0.032190078916418036,26,8377.0
38010.0,58,15643.0,208.57333333333332,1.3756538448674724,36291.82882537898,483.891051005053,1448684.5959999997,19315.79461333333,32,8494.0,0.05067204447741976,32,8494.0
38015.0,61,15873.0,211.64,1.304609864490899,36259.560224052424,483.4608029873656,1448712.1099999999,19316.161466666665,34,8553.0,0.011001556608092478,34,8553.0
38020.0,66,16190.0,221.78082191780823,1.0054140708645694,36131.12255619604,494.9468843314527,1448707.9749999999,19845.314726027394,38,8696.0,0.023990116858964978,38,8696.0
38025.0,66,16520.0,226.3013698630137,1.1848159694865927,36467.64660626565,499.556802825557,1448707.9749999999,19845.314726027394,38,8846.0,0.0,38,8846.0
38030.0,66,16850.0,240.71428571428572,0.8051982104444688,36723.52879254078,524.6218398934398,1448704.5529999998,20695.77932857142,38,8996.0,0.0,38,8996.0
38035.0,56,16842.0,247.6764705882353,0.6167960909402113,36994.28316096489,544.0335758965426,1448705.8329999999,21304.497544117647,27,8658.0,0.02555810866296786,27,8658.0
38040.0,56,17005.0,242.92857142857142,1.3063720788462914,37311.33982160119,533.0191403085885,1448709.1409999998,20695.844871428566,27,8575.0,0.04587335401106645,27,8575.0
38045.0,54,17126.0,234.6027397260274,1.5933678158575186,37409.263515913335,512.4556646015526,1448708.1619999998,19845.317287671234,27,8665.0,0.08309786114454214,27,8665.0
38050.0,58,17379.0,244.77464788732394,1.372294907709017,37544.41671090265,528.7946015620093,1429966.0949999997,20140.367535211262,32,8812.0,0.05552669856861119,32,8812.0
38055.0,53,16584.0,233.57746478873239,1.5715792325281013,37637.675438883416,530.1081047730061,1467544.3759999997,20669.63909859155,26,8096.0,0.07016653098656046,26,8096.0
38060.0,56,16856.0,230.9041095890411,2.4541209229755827,37799.336931008664,517.7991360412145,1448825.3979999996,19846.923260273972,28,7974.0,0.032117048604363575,28,7974.0
38065.0,57,17138.0,241.38028169014083,2.4349684452789586,37776.90685785793,532.0691106740554,1448824.4059999997,20405.977549295774,29,8076.0,0.02815505529128121,29,8076.0
38070.0,58,17424.0,276.57142857142856,0.7132091264041165,37260.387545606274,591.4347229461314,1448816.1559999997,22997.081841269835,30,8182.0,0.010584514508541346,30,8182.0
38075.0,54,17525.0,287.2950819672131,0.7142422769538257,37480.98996108434,614.4424583784318,1448814.4539999997,23751.05662295082,26,8005.0,0.02021566752277036,26,8005.0
38080.0,49,17624.0,288.91803278688525,1.626558998031237,37757.87620497201,618.9815771306887,1448814.4539999997,23751.05662295082,21,7890.0,0.08459295167938996,21,7890.0
38085.0,48,17770.0,273.38461538461536,1.8666635891585408,37976.12753622951,584.2481159419926,1430066.4839999997,22001.022830769234,20,7877.0,0.08669609123357318,20,7877.0
38090.0,49,17951.0,284.93650793650795,1.6930543393112618,37791.12994626995,599.8592054963486,1392722.8869999999,22106.71249206349,23,8021.0,0.10749266608517023,23,8021.0
38095.0,49,18005.0,285.7936507936508,1.3943681888053334,37787.54500609117,599.802301683987,1392902.808,22109.56838095238,22,7930.0,0.10389085637162099,22,7930.0
38100.0,51,18256.0,285.25,1.6165046673079142,38064.899381450654,594.7640528351667,1411721.124,22058.1425625,25,8004.0,0.05011981788603009,25,8004.0
38105.0,57,18525.0,272.4264705882353,1.786606667142424,38303.662211678944,563.2891501717494,1449361.851,21314.144867647057,30,8103.0,0.00027058406929996186,30,8103.0
38110.0,58,18805.0,284.92424242424244,1.3361692471214766,38418.50112966549,582.0985019646286,1468177.747,22245.11737878788,30,8213.0,0.12498107937025889,30,8213.0
38115.0,53,18941.0,286.9848484848485,1.1098723412709872,38686.34474172441,586.1567385109761,1486999.51,22530.29560606061,26,8065.0,0.04497904586067351,26,8065.0
38120.0,51,19109.0,289.530303030303,2.2484449015956547,38971.82799081236,590.4822422850358,1486999.51,22530.29560606061,23,7829.0,0.1175672591095793,23,7829.0
38125.0,49,19261.0,287.4776119402985,2.19297410728814,39251.819978705615,585.8480593836659,1486999.51,22194.022537313438,22,7894.0,0.08391006012566941,22,7894.0
38130.0,51,19501.0,309.53968253968253,1.164657582609781,39183.414327008664,621.9589575715662,1411902.508,22411.15092063492,25,7995.0,0.08062545113731709,25,7995.0
38135.0,53,19694.0,302.9846153846154,1.1190091382258867,39174.87482033261,602.6903818512711,1393267.3900000001,21434.882923076926,25,8018.0,0.01916162336490385,25,8018.0
38140.0,54,19957.0,302.3787878787879,1.7152000706736807,39329.35565779559,595.899328148418,1412186.2210000001,21396.760924242426,28,8111.0,0.07457248176253495,28,8111.0
38145.0,58,20236.0,302.02985074626866,1.096166731919783,39597.81684592323,591.0121917301975,1449847.2110000001,21639.5106119403,31,8220.0,0.044819458489506615,31,8220.0
38150.0,61,20532.0,320.8125,0.23781367235662912,39831.78218445804,622.371596632157,1468675.5219999999,22948.055031249998,34,8345.0,0.02775896273982769,34,8345.0
38155.0,57,20703.0,323.484375,0.6509779033460613,40142.17003728873,627.2214068326365,1468675.5219999999,22948.055031249998,29,8217.0,0.014973607088074485,29,8217.0
38160.0,52,20867.0,326.046875,1.5737876449845023,40433.557468799365,631.7743354499901,1468675.5219999999,22948.055031249998,24,8116.0,0.06137504891950523,24,8116.0
38165.0,49,21043.0,296.38028169014086,2.1064888073962043,40709.99420913774,573.3802001287006,1449853.6500000001,20420.473943661975,22,8115.0,0.07721207461425658,22,8115.0
38170.0,52,21279.0,308.39130434782606,2.25988754023929,40670.8251156049,589.432248052245,1412387.361,20469.38204347826,25,8211.0,0.1427792439672651,25,8211.0
38175.0,52,21487.0,320.7014925373134,1.1488659393593401,40606.3671057834,606.0651806833346,1374911.7650000001,20521.071119402986,26,8264.0,0.08899593669722726,26,8264.0
38180.0,57,21766.0,315.4492753623188,1.1412759550724176,40912.95237043684,592.9413387019835,1412599.3180000002,20472.453884057973,31,8373.0,0.028149244963657685,31,8373.0
38185.0,61,22062.0,310.7323943661972,1.4099708876194357,41223.45402566828,580.6120285305395,1450292.5720000002,20426.655943661975,34,8499.0,0.026360853584694272,34,8499.0
38190.0,62,22368.0,324.17391304347825,0.6728741512691734,41468.46860473616,600.9922986193646,1469132.8000000003,21291.77971014493,36,8635.0,0.01603066853743422,36,8635.0
38195.0,57,22525.0,321.7857142857143,1.27622036078855,41771.286775588545,596.7326682226936,1487973.0420000001,21256.757742857146,30,8596.0,0.048484048286817204,30,8596.0
38200.0,54,22716.0,319.943661971831,1.9994390582764896,42079.357485752094,592.6670068415789,1487976.6740000003,20957.41794366198,26,8569.0,0.10989628038575189,26,8569.0
38205.0,53,22904.0,318.1111111111111,1.8850691302655784,42385.617595462056,588.6891332703063,1487976.6740000003,20666.342694444447,26,8605.0,0.06063319147396749,26,8605.0
38210.0,58,23171.0,340.75,1.0564257908911698,42456.27311413615,624.3569575608259,1412670.5900000003,20774.567500000005,31,8722.0,0.06473259947136109,31,8722.0
38215.0,48,15622.0,229.73529411764707,1.2189973870037756,42509.4019141402,625.1382634432383,1375072.4070000004,20221.653044117647,26,5818.0,0.048000406562438154,26,5818.0
38220.0,44,10686.0,152.65714285714284,3.0305951185110858,42796.33802081027,611.3762574401466,1412785.6720000003,20182.652457142856,30,3976.0,0.06562649924945142,30,3976.0
38225.0,37,5088.0,68.75675675675676,3.640763656537692,43048.930061385545,581.7422981268319,1450494.312,19601.274486486487,30,5099.0,0.07079433162098428,30,5099.0
38230.0,39,2059.0,29.840579710144926,2.986703474021017,30855.032238229953,447.17438026420234,1271491.641,18427.415086956524,38,7513.0,0.050841201039287,38,7513.0
38235.0,47,2274.0,33.940298507462686,1.5173772037298576,25797.924164212618,385.0436442419793,1241574.5750000002,18530.963805970154,43,8336.0,0.0011227340660122623,43,8336.0
38240.0,44,1488.0,20.95774647887324,1.8472426784418619,23330.074108690886,328.5925930801534,1313955.4770000002,18506.415169014082,33,7941.0,0.021923408923071912,33,7941.0
38245.0,44,1514.0,20.45945945945946,2.3970869520536353,21323.793243109518,288.15936815012867,1316062.0430000003,17784.6222027027,28,7714.0,0.05170405694835429,28,7714.0
38250.0,47,1624.0,21.653333333333332,2.060773610445396,21401.598646516075,285.35464862021445,1385869.5530000003,18478.260706666668,28,7832.0,0.05909359441116548,28,7832.0
38255.0,59,1875.0,25.0,1.063445897377944,20940.65792929767,279.2087723906357,1383694.5220000003,18449.260293333333,36,7999.0,0.015886912587564517,36,7999.0
38260.0,58,1987.0,26.85135135135135,1.1489605845202664,20704.088714582733,279.7849826294965,1437458.8860000002,19425.12008108108,34,8028.0,0.04372890023457277,34,8028.0
38265.0,63,2294.0,30.18421052631579,1.3217082183767819,20933.699008002528,275.4434080000333,1437507.779,18914.576039473686,37,8156.0,0.024222129101295408,37,8156.0
38270.0,66,2620.0,34.93333333333333,1.4922054059837855,21256.232241541038,283.41642988721395,1437507.4970000002,19166.766626666667,38,8324.0,5.235994398278363e-06,38,8324.0
38275.0,66,2950.0,41.54929577464789,0.582652316846303,21401.655897093788,301.4317731985042,1437507.8680000002,20246.589690140845,38,8494.0,0.029127321063846134,38,8494.0
38280.0,59,3017.0,43.72463768115942,0.7715643725948954,21690.85973628813,314.36028603316134,1437507.8680000002,20833.447362318842,31,8212.0,0.04322005883309466,31,8212.0
38285.0,57,3195.0,43.76712328767123,1.120893901226195,22025.97757354945,301.7257201856091,1437510.8680000002,19691.929698630134,28,8277.0,0.034927673370131807,28,8277.0
38290.0,59,3353.0,44.70666666666666,1.675594323259588,22351.85515248926,298.0247353665236,1437512.5760000001,19166.834346666667,29,8398.0,0.09596423673253401,29,8398.0
38295.0,60,3604.0,49.36986301369863,0.9886206435483685,22347.662228437785,306.13235929366846,1418730.689,19434.666972602736,33,8554.0,0.018903534654625152,33,8554.0
38300.0,60,3854.0,53.52777777777778,0.9800898023634288,22514.038329307084,312.69497679593184,1437630.59,19967.09152777778,34,8557.0,0.0689509435180796,34,8557.0
38305.0,61,4119.0,56.42465753424658,1.3358290483756714,22848.829616298823,312.99766597669634,1456538.5250000001,19952.582534246572,34,8543.0,0.06047245891396863,34,8543.0
38310.0,59,4388.0,61.80281690140845,1.0547249140154638,22914.731445037076,322.7426964089729,1418861.0810000002,19983.958887323945,31,8656.0,0.0436495551566587,31,8656.0
38315.0,63,4674.0,64.02739726027397,0.6542377121251574,23008.17396504295,315.18046527456096,1400084.7120000003,19179.24263013699,34,8807.0,0.02562841145427568,34,8807.0
38320.0,47,2767.0,37.9041095890411,2.05770486695232,23184.525060632357,317.5962337072926,1381271.0990000004,18921.521904109588,21,7438.0,0.11967228176404604,21,7438.0
38325.0,52,3021.0,38.73076923076923,3.262242732644017,23480.793602772952,301.0358154201661,1419099.8730000004,18193.58811538462,25,6914.0,0.1475348708710536,25,6914.0
38330.0,56,3282.0,42.62337662337662,2.6780080459015516,23458.91868801759,304.6612816625662,1438014.9710000006,18675.519103896106,30,6988.0,0.0562013974592285,30,6988.0
38335.0,61,3578.0,51.114285714285714,1.1285600415883463,22122.74043023462,316.03914900335184,1475828.9620000005,21083.270885714286,34,7134.0,0.026086643959872615,34,7134.0
38340.0,56,3618.0,55.66153846153846,0.8671848825778534,22083.091988103377,339.7398767400521,1475824.1160000002,22704.986399999998,28,7052.0,0.04081616942195296,28,7052.0
38345.0,57,3902.0,55.74285714285714,1.5426149681828218,22391.27468385692,319.8753526265275,1475827.9680000006,21083.256685714285,29,7145.0,1.2093292306928617e-05,29,7145.0
38350.0,57,4187.0,59.81428571428572,2.209794345869036,22622.730458123988,323.1818636874857,1475827.5100000005,21083.250142857145,29,7270.0,0.11401998272488921,29,7270.0
38355.0,58,4473.0,67.77272727272727,0.7206536163263629,22707.346299009863,344.0507015001496,1475826.6260000004,22361.009484848484,30,7396.0,0.04314615250624751,30,7396.0
38360.0,53,4350.0,67.96875,0.8173273382139349,22970.360279857792,358.9118793727781,1475826.6260000004,23059.79103125,24,7225.0,0.06083603929159962,24,7225.0
38365.0,54,4446.0,68.4,0.9982229934197604,23270.251323167846,358.0038665102747,1475826.6260000004,22705.025015384614,23,7306.0,0.014054564561754362,23,7306.0
38370.0,51,4501.0,68.1969696969697,1.292355641730112,23531.91582454611,356.54417915978973,1475827.3570000005,22361.020560606063,23,7397.0,0.04893783415515898,23,7397.0
38375.0,53,4731.0,73.921875,1.251760972716057,23716.69175415804,370.5733086587195,1419093.8900000004,22173.342031250002,26,7534.0,0.005937898074795688,26,7534.0
38380.0,51,4882.0,76.28125,1.3728701335153717,23916.970855818297,373.7026696221611,1438040.387,22469.381046875,25,7552.0,0.04536846765549311,25,7552.0
38385.0,54,5148.0,83.03225806451613,1.2154528806046934,24172.56156365094,389.8800252201766,1438037.1670000004,23194.14785483871,26,7660.0,3.951125051468209e-05,26,7660.0
38390.0,54,5418.0,88.81967213114754,1.3220539188751264,24419.64865965945,400.32210917474526,1438033.7410000004,23574.32362295082,26,7770.0,0.0,26,7770.0
38395.0,54,5688.0,98.06896551724138,0.6338417189507685,24430.8384474998,421.2213525431002,1419192.6550000003,24468.838879310344,26,7880.0,0.0,26,7880.0
38400.0,49,5775.0,103.125,0.9266255135715662,24655.960603918542,440.2850107842599,1419192.6550000003,25342.725982142852,21,7682.0,0.02445710587201814,21,7682.0
38405.0,45,5880.0,93.33333333333333,1.9707756817467421,24923.520574258277,395.61143768663936,1419198.6550000003,22526.96277777778,17,7363.0,0.08100222995505812,17,7363.0
38410.0,42,5951.0,95.98387096774194,2.6563093261537194,24978.663336396436,402.8816667160717,1400356.0450000002,22586.387822580644,15,7422.0,0.23066204000926868,15,7422.0
38415.0,49,6142.0,100.68852459016394,0.901372359876164,24887.189761333182,407.98671739890455,1381631.979,22649.704573770494,22,7551.0,0.05804819544490023,22,7551.0
38420.0,51,6379.0,102.88709677419355,1.1327925965178292,24822.60981500105,400.36467443550094,1362909.6930000002,21982.414403225805,25,7667.0,0.031967618669469205,25,7667.0
38425.0,53,6641.0,103.765625,1.8187719440498469,25102.81732599725,392.231520718707,1400878.0030000003,21888.718796875,27,7780.0,0.08376472949981631,27,7780.0
38430.0,55,6908.0,106.27692307692308,0.9586112957771683,25361.245779452747,390.1730119915808,1438838.43,22135.975846153844,28,7897.0,0.045590415571819344,28,7897.0
38435.0,60,7197.0,110.72307692307692,0.6533936275084292,25650.086179577873,394.6167104550443,1457815.335,22427.928230769234,34,8036.0,0.04276613217680661,34,8036.0
38440.0,54,7342.0,112.95384615384616,1.111834652393447,25940.616134015494,399.0864020617769,1476795.369,22719.928753846158,27,7888.0,0.07571480413962804,27,7888.0
38445.0,52,7495.0,110.22058823529412,1.8573140056638109,26233.781641437887,385.7909064917339,1476796.509,21717.595720588237,24,7780.0,0.05569853370864812,24,7780.0
38450.0,48,7689.0,116.5,2.1158334356714827,26323.97129463212,398.84804991866866,1438935.708,21802.056181818185,21,7774.0,0.1027754956967802,21,7774.0
38455.0,51,7924.0,123.8125,1.1362641185093185,26412.876800086797,412.70120000135637,1401091.528,21892.055125,24,7880.0,0.06498290054311458,24,7880.0
38460.0,45,7325.0,118.14516129032258,1.5280424291072048,26297.189777932148,424.1482222247122,1363362.437,21989.716725806455,19,7245.0,0.08119905647075502,19,7245.0
38465.0,49,7562.0,112.86567164179104,2.7680417447828303,26565.905291027248,396.50604911980975,1401352.234,20915.704985074626,23,7211.0,0.06091385528975077,23,7211.0
38470.0,55,7814.0,116.6268656716418,2.0939189575962964,26355.086369680077,393.3594980549265,1439330.6099999999,21482.54641791045,26,7313.0,0.1155755591114507,26,7313.0
38475.0,54,8080.0,128.25396825396825,1.0611557394146813,26200.69956085423,415.88412001355925,1458315.7489999998,23147.869031746028,28,7429.0,0.04684590929696379,28,7429.0
38480.0,52,8216.0,132.51612903225808,1.4896483390471353,26434.258506095754,426.3590081628348,1477306.095,23827.517661290323,24,7417.0,0.09048304592197927,24,7417.0
38485.0,54,8481.0,130.47692307692307,1.6028188828001018,26716.953819419556,411.0300587603008,1477309.095,22727.83223076923,26,7517.0,1.5795928357867502e-05,26,7517.0
38490.0,54,8751.0,138.9047619047619,1.7691853715501786,26932.596898517062,427.50153807169943,1477308.811,23449.346206349208,26,7627.0,0.06330706529724403,26,7627.0
38495.0,58,9023.0,145.53225806451613,0.5168584891938267,27132.932411965285,437.6279421284724,1477307.669,23827.5430483871,28,7739.0,0.0027169156168022775,28,7739.0
38500.0,49,9000.0,150.0,1.2637487426032115,27366.568323934403,456.1094720655734,1477307.669,24621.794483333335,21,7520.0,0.06060701755384075,21,7520.0
38505.0,46,9068.0,151.13333333333333,2.1077456643889496,27625.50817439381,460.425136239897,1477307.669,24621.794483333335,18,7325.0,0.12542406669981956,18,7325.0
38510.0,44,9103.0,146.82258064516128,1.8911548907720441,27885.20491439164,449.7613695869622,1477311.845,23827.610403225804,17,7388.0,0.08784227512172985,17,7388.0
38515.0,47,9302.0,160.3793103448276,1.1078723136789,27724.911513172367,478.0157157443512,1401529.4959999998,24164.301655172414,21,7499.0,0.08305460739787192,21,7499.0
38520.0,49,9496.0,163.72413793103448,0.7830245894504296,27666.305594092562,477.0052688636649,1401752.197,24168.141327586203,22,7574.0,0.03786493973992471,22,7574.0
38525.0,52,9749.0,149.98461538461538,1.3662026512967742,27951.578104419532,430.02427852953133,1420778.697,21858.1338,26,7677.0,0.03429967010210071,26,7677.0
38530.0,56,10017.0,154.1076923076923,1.6397248592586382,28224.432783659435,434.2220428255299,1439801.148,22150.786892307693,29,7794.0,0.11652970337617474,29,7794.0
38535.0,60,10304.0,163.55555555555554,0.11223153195430381,28472.84784994892,451.94996587220515,1439801.148,22853.986476190476,32,7922.0,0.013479761187806893,32,7922.0
38540.0,57,10429.0,165.53968253968253,0.6857128661000361,28778.47406335449,456.80117560880143,1439801.148,22853.986476190476,29,7887.0,9.6620734299094e-07,29,7887.0
38545.0,57,10714.0,170.06349206349208,1.1769211437135405,29070.018903660217,461.4288714866701,1439801.148,22853.986476190476,29,8012.0,0.0,29,8012.0
38550.0,57,10999.0,177.40322580645162,0.7629568571850591,29199.426717969538,470.95849545112156,1439798.72,23222.560000000005,29,8137.0,0.0,29,8137.0
38555.0,57,11284.0,184.98360655737704,0.7959268476248222,29442.030775596322,482.65624222289046,1439798.1500000001,23603.248360655736,29,8262.0,0.0,29,8262.0
38560.0,51,11288.0,188.13333333333333,0.7027525785406002,29711.543723552455,495.19239539254096,1439798.1500000001,23996.635833333337,23,8104.0,0.04824643255237136,23,8104.0
38565.0,50,11362.0,180.34920634920636,1.5847240396980902,29994.06435907402,476.09625966784154,1439801.1500000001,22853.986507936508,22,8009.0,0.059226833932918485,22,8009.0
38570.0,45,11391.0,180.8095238095238,2.1509204854878283,30260.405566682686,480.3238978838523,1439801.1500000001,22853.986507936508,18,7998.0,0.11677445680559592,18,7998.0
38575.0,50,11583.0,180.984375,1.3578995805685292,30196.784737770617,471.82476152766594,1401913.4840000002,21904.8981875,23,8124.0,0.07291004484849545,23,8124.0
38580.0,46,11616.0,187.3548387096774,1.7197286784254875,30088.211046229604,485.29372655209045,1364034.3220000002,22000.55358064516,20,8082.0,0.10378974077236529,20,8082.0
38585.0,52,11858.0,174.38235294117646,1.8953707321478976,30368.125719322656,446.5900841076862,1402167.1030000001,20620.104455882352,24,8126.0,0.05205092633650102,24,8126.0
38590.0,55,12120.0,180.8955223880597,1.8138731770588155,30560.96016283733,456.1337337736916,1421228.7110000001,21212.36882089552,29,8224.0,0.11322764657104789,29,8224.0
38595.0,59,12401.0,185.08955223880596,0.9879160504441288,30786.15714643252,459.49488278257496,1459355.6910000003,21781.428223880597,33,8340.0,0.03915521413333494,33,8340.0
38600.0,54,12548.0,187.28358208955223,1.1319108223439638,31009.86731625042,462.8338405410511,1478419.0730000003,22065.95631343284,28,8169.0,0.04588528822461746,28,8169.0
38605.0,51,12724.0,187.11764705882354,2.3227233642957286,31278.622744308934,459.9797462398375,1497479.6050000002,22021.758897058822,24,8052.0,0.08953530298920571,24,8052.0
38610.0,47,12903.0,195.5,1.8516893336813582,31473.481480601684,476.8709315242681,1459387.49,22111.931666666667,20,8027.0,0.10868675655928599,20,8027.0
38615.0,54,13152.0,199.27272727272728,1.1942153099211317,31609.308938124388,478.9289233049151,1440415.4349999998,21824.476287878784,27,8123.0,0.04238973947136473,27,8123.0
38620.0,51,13333.0,211.63492063492063,1.0634646868098327,31381.673306179164,498.1217985107805,1383525.315,21960.719285714284,25,8145.0,0.05394243900951104,25,8145.0
38625.0,55,13600.0,202.98507462686567,1.5033188119178025,31673.60188122408,472.7403265854342,1421666.919,21218.90923880597,29,8247.0,0.045185935397372375,29,8247.0
38630.0,57,13877.0,207.11940298507463,1.4299268174873823,31908.590308402698,476.247616543324,1459808.095,21788.180522388055,30,8359.0,0.03133069773340795,30,8359.0
38635.0,60,14170.0,218.0,0.5741850354394674,32153.303214672964,494.66620330266124,1478880.731,22752.011246153845,33,8486.0,0.048035734743802884,33,8486.0
38640.0,51,13584.0,212.25,1.0111514804477315,32454.802924789776,507.1062956998404,1478880.731,23107.511421875002,23,7929.0,0.045326958297181204,23,7929.0
38645.0,48,13675.0,195.35714285714286,1.8551524681765306,32754.840554358798,467.9262936336972,1478886.731,21126.953299999997,19,7755.0,0.05864322579976649,19,7755.0
38650.0,49,13843.0,194.9718309859155,2.4758247501740493,33008.72251092093,464.9115846608584,1459824.5829999999,20560.909619718306,19,7809.0,0.14534778932210002,19,7809.0
38655.0,50,14060.0,203.768115942029,1.3314910251240102,32907.82060960978,476.92493637115643,1440843.602,20881.791333333334,23,7899.0,0.020475240665577585,23,7899.0
38660.0,53,14303.0,216.71212121212122,1.4730255605651483,32719.339585686743,495.7475694801023,1440855.756,21831.147818181817,27,7992.0,0.07934858318508772,27,7992.0
38665.0,59,14582.0,211.33333333333334,1.224026799907268,33024.26086893053,478.6124763613122,1459942.308,21158.584173913045,32,8105.0,0.024698051546806602,32,8105.0
38670.0,60,14880.0,225.45454545454547,1.0941188106725415,33164.21423238738,502.4880944301118,1440918.814,21832.10324242424,32,8229.0,0.04966741827665511,32,8229.0
38675.0,62,15180.0,230.0,0.338981898485628,33445.538346109395,506.75058100165774,1440918.244,21832.094606060604,32,8354.0,0.003202156773737986,32,8354.0
38680.0,56,15310.0,235.53846153846155,0.9081111533265862,33739.82126884507,519.0741733668475,1440915.244,22167.926830769233,28,8214.0,0.039876695774567275,28,8214.0
38685.0,53,15468.0,234.36363636363637,1.6156901166405504,34036.431899767296,515.7035136328379,1440915.244,21832.04915151515,25,8169.0,0.08390207714751798,25,8169.0
38690.0,51,15593.0,243.640625,1.1114153049074442,34137.31846181471,533.3956009658549,1402819.862,21919.060343750003,24,8250.0,0.06750186775045428,24,8250.0
38695.0,55,15829.0,251.25396825396825,0.5162030495214183,34186.418990986065,542.6415712854932,1383850.9379999998,21965.8879047619,28,8370.0,0.03658992658541124,28,8370.0
38700.0,48,15322.0,243.20634920634922,1.5303083487294042,34381.827985504075,545.7433013572078,1383900.1199999999,21966.66857142857,22,7805.0,0.0785693255884094,22,7805.0
38705.0,50,15569.0,222.4142857142857,2.8989728694424945,34661.130164583235,495.1590023511892,1422135.692,20316.22417142857,24,7804.0,0.08641959306845773,24,7804.0
38710.0,53,15827.0,232.75,2.1386072788422266,34493.99921473704,507.2646943343684,1460358.65,21475.8625,26,7897.0,0.08578333749787156,26,7897.0
38715.0,60,16107.0,259.7903225806452,0.10758484427768826,34387.103779007215,554.6307061130198,1460350.79,23554.045000000002,32,8009.0,0.014680407331716085,32,8009.0
38720.0,62,16416.0,264.7741935483871,2.828812547477872e-05,34696.866016060005,559.6268712267744,1460350.79,23554.045000000002,34,8143.0,6.304868129691531e-07,34,8143.0
38725.0,55,16533.0,254.35384615384615,0.9231798331899481,35004.31162069056,538.5278710875468,1460353.79,22466.98138461538,27,8049.0,0.021875642995239704,27,8049.0
38730.0,50,16655.0,248.5820895522388,2.1526022400474227,35293.473304985964,526.7682582833726,1460355.222,21796.346597014926,22,7967.0,0.11091653179817751,22,7967.0
38735.0,47,16803.0,247.10294117647058,2.265078442903719,35576.45231013739,523.1831222079029,1460355.222,21475.812088235292,20,7964.0,0.06973619985291157,20,7964.0
38740.0,53,17032.0,262.03076923076924,1.126963606731483,35566.03728938923,547.1698044521423,1403132.146,21586.6484,26,8070.0,0.06439931734948816,26,8070.0
38745.0,47,16995.0,265.546875,1.4127741844159987,35508.87737617572,554.8262090027456,1365072.484,21329.2575625,21,7935.0,0.08985317186981774,21,7935.0
38750.0,51,17242.0,261.24242424242425,1.9990443063629746,35787.396755838774,542.2332841793755,1403347.3779999998,21262.839060606057,25,7975.0,0.09010470957616042,25,7975.0
38755.0,56,17508.0,257.47058823529414,1.4909719471961573,35985.490956504626,529.1983964191858,1441622.4289999995,21200.329838235295,29,8076.0,0.00209479594089353,29,8076.0
38760.0,57,17792.0,278.0,1.0597848991603298,36067.98506786502,563.562266685391,1460752.3129999996,22824.254890624998,31,8195.0,0.029730135522888904,31,8195.0
38765.0,54,17926.0,267.55223880597015,1.1013866217390738,36311.72124297129,541.9659887010642,1479887.5449999997,22087.873805970146,26,8069.0,0.033488404838240865,26,8069.0
38770.0,50,18082.0,269.8805970149254,2.316486924138467,36598.05433550508,546.239616947837,1479887.5449999997,22087.873805970146,22,7983.0,0.08601839190109964,22,7983.0
38775.0,48,18272.0,272.7164179104478,1.8710461744802722,36879.8398673209,550.4453711540431,1479887.5449999997,22087.873805970146,21,8054.0,0.0778207258946059,21,8054.0
38780.0,53,18520.0,284.9230769230769,0.8214838835054978,36846.04093918848,566.8621682952075,1403506.843,21592.41296923077,27,8170.0,0.03922664035134526,27,8170.0
38785.0,52,18705.0,287.7692307692308,1.5288326528021283,36898.667855693435,567.6718131645143,1403648.615,21594.594076923076,25,8193.0,0.05542020108757777,25,8193.0
38790.0,53,18967.0,287.3787878787879,1.2687858136649486,37188.96161397986,563.4691153633314,1422794.089,21557.486196969694,27,8283.0,0.044911943979756265,27,8283.0
38795.0,58,19249.0,283.0735294117647,1.2134527341184398,37469.57754672517,551.0231992165469,1461081.5929999999,21486.49401470588,32,8400.0,0.02130492523207202,32,8400.0
38800.0,60,19543.0,305.359375,0.5700481728753662,37700.66743029294,589.0729285983272,1461081.305,22829.395390625,33,8526.0,0.027259877599934253,33,8526.0
38805.0,54,19683.0,289.45588235294116,1.095053143486138,37968.06066094995,558.3538332492641,1461082.453,21486.506661764706,26,8409.0,0.03954024977767725,26,8409.0
38810.0,50,19828.0,291.5882352941176,2.1737123088740624,38262.60116366139,562.6853112303149,1461082.453,21486.506661764706,22,8353.0,0.0904151601465309,22,8353.0
38815.0,50,20000.0,303.030303030303,1.5893146514066976,38374.68637303599,581.4346420156969,1422863.836,21558.542969696973,23,8362.0,0.09270866694446968,23,8362.0
38820.0,56,20249.0,306.8030303030303,0.9222753957464246,38560.7010438767,584.253046119344,1403765.253,21269.1705,29,8477.0,0.042877507453938445,29,8477.0
38825.0,48,20034.0,290.3478260869565,2.042806468442002,38633.893497718775,559.9114999669388,1384737.8090000001,20068.663898550723,22,8124.0,0.09137320519050655,22,8124.0
38830.0,55,20283.0,277.8493150684931,2.5774022208224743,38817.59012652499,531.7478099523973,1403962.485,19232.36280821918,27,8198.0,0.14481955914768388,27,8198.0
38835.0,58,20556.0,285.5,1.635191702945866,38901.970382189385,540.3051441970748,1442286.5590000001,20031.757763888887,31,8306.0,0.027334020324328284,31,8306.0
38840.0,63,20865.0,311.4179104477612,0.4199980717983085,38898.218658184516,580.5704277340972,1461442.375,21812.57276119403,37,8450.0,0.04345477348358056,37,8450.0
38845.0,60,21026.0,304.72463768115944,0.9293583165999333,39226.78298371201,568.5041012132176,1480605.291,21458.047695652174,32,8433.0,0.04470650968710948,32,8433.0
38850.0,55,21212.0,307.42028985507244,1.8589246729258246,39533.06278113973,572.9429388570974,1480605.291,21458.047695652174,27,8363.0,0.053910708026536705,27,8363.0
38855.0,54,21418.0,301.6619718309859,1.752915164603959,39736.51389011802,559.6692097199722,1461466.8280000002,20584.039830985916,25,8453.0,0.05910952987300428,25,8453.0
38860.0,54,21672.0,323.46268656716416,1.138948479637438,39826.86742699686,594.430857119356,1384867.3730000001,20669.66228358209,28,8575.0,0.0637962656452996,28,8575.0
38865.0,49,21667.0,323.3880597014925,1.8695239583647496,40030.478665669696,597.4698308308908,1384907.1490000002,20670.25595522388,23,8445.0,0.12285221752381166,23,8445.0
38870.0,53,21925.0,322.4264705882353,1.6196080521234304,40239.26580980518,591.7539089677232,1404128.0070000002,20648.941279411767,27,8500.0,0.03766683711355573,27,8500.0
38875.0,58,22208.0,326.5882352941176,1.6162453960586203,40447.936619291344,594.8225973425197,1442473.4970000002,21212.84554411765,31,8618.0,0.030578676779507943,31,8618.0
38880.0,59,22498.0,351.53125,0.4855519709496423,40560.43259523786,633.7567593005915,1461645.5410000002,22838.211578125,33,8743.0,0.00041329946303891743,33,8743.0
38885.0,49,21624.0,304.5633802816901,1.7517975699158,40808.86905538611,574.7728035969875,1480829.9330000002,20856.759619718312,22,8122.0,0.07326144902560056,22,8122.0
38890.0,43,21510.0,302.9577464788732,2.6692806084931537,41097.20916426914,578.8339318911145,1480829.9330000002,20856.759619718312,14,7758.0,0.15773165045576557,14,7758.0
38895.0,46,21671.0,318.69117647058823,1.454640851488464,40955.05051415095,602.2801546198668,1442518.3420000002,21213.505029411765,18,7799.0,0.0993522026616752,18,7799.0
38900.0,56,21909.0,322.19117647058823,0.8415903746166878,41249.30203952286,606.6073829341594,1423360.8100000003,20931.77661764706,30,7901.0,0.02583248024993349,30,7901.0
38905.0,55,22123.0,325.3382352941176,1.4703084514285973,41256.2249108334,606.709189865197,1442546.7330000002,21213.92254411765,29,7965.0,0.04024777035448325,29,7965.0
38910.0,58,22408.0,324.7536231884058,1.4933257168942153,41115.29043286729,595.873774389381,1461731.2720000003,21184.5111884058,31,8076.0,0.03058809419152918,31,8076.0
38915.0,60,22704.0,329.04347826086956,1.4554502178410396,41309.485876740495,598.688201112181,1442582.5200000003,20906.993043478262,32,8197.0,1.2137997704378206e-05,32,8197.0
38920.0,60,23004.0,353.9076923076923,0.5357176057816079,41523.844712674036,638.8283801949847,1442579.0880000002,22193.52443076923,32,8322.0,0.034055070889484,32,8322.0
38925.0,57,23137.0,361.515625,0.6910862090038323,41806.94210988962,653.2334704670251,1442576.0880000002,22540.251374999996,29,8247.0,0.017368095334805954,29,8247.0
38930.0,52,23267.0,363.546875,1.5874812970084178,42097.16745177902,657.7682414340476,1442576.0880000002,22540.251374999996,24,8123.0,0.06299506339965871,24,8123.0
38935.0,49,23409.0,360.1384615384615,1.6356048099982006,42364.53291876918,651.7620449041412,1423385.6300000001,21898.240461538462,22,8198.0,0.06510484974925536,22,8198.0
38940.0,51,23634.0,369.28125,1.4254382072438592,42392.83365892317,662.3880259206744,1404307.8180000002,21942.30965625,25,8309.0,0.05288173427267013,25,8309.0
38945.0,53,23845.0,366.84615384615387,1.0066039301220475,42375.44945975517,651.9299916885408,1366048.118,21016.124892307696,27,8380.0,0.022068377615006726,27,8380.0
38950.0,56,24117.0,359.95522388059703,1.6013336646175382,42671.9847667787,636.8952950265476,1404481.138,20962.405044776122,30,8487.0,0.12247530986480126,30,8487.0
38955.0,59,24404.0,358.88235294117646,0.9509333794095604,42945.734584908954,631.5549203663079,1442907.53,21219.228382352943,32,8609.0,0.044653243966321046,32,8609.0
38960.0,63,24713.0,363.4264705882353,0.13889969631176044,43222.76561863595,635.6289061564107,1462120.4579999999,21501.77144117647,37,8753.0,0.00039566244436280477,37,8753.0
38965.0,59,24895.0,350.63380281690144,1.154408267163507,43554.37824538053,613.4419471180355,1462123.4579999999,20593.28814084507,31,8709.0,0.017432750942769526,31,8709.0
38970.0,55,25090.0,353.38028169014086,1.8922243798005125,43864.10609768791,617.8043112350408,1462123.4579999999,20593.28814084507,27,8674.0,0.0995019593554794,27,8674.0
38975.0,54,25271.0,350.9861111111111,1.6080898898608185,44160.77120215641,613.3440444743942,1442907.571,20040.382930555556,27,8704.0,0.06370732301755218,27,8704.0
38980.0,58,25537.0,359.67605633802816,1.219796730456315,44224.45951517728,622.87971148137,1404597.278,19783.060253521126,32,8845.0,0.08541149536326823,32,8845.0
38985.0,48,17486.0,246.28169014084506,1.3134010416915585,44248.14896387439,623.2133656883715,1366297.061,19243.62057746479,25,5928.0,0.08000795594639332,25,5928.0
38990.0,50,11767.0,161.1917808219178,2.5832564950799854,44555.27716222474,610.3462624962293,1404755.0590000001,19243.219986301367,33,6057.0,0.0836014656792682,33,6057.0
38995.0,42,5274.0,71.27027027027027,2.4915144260060904,44828.32884975536,605.7882276993967,1443213.3540000003,19502.88316216216,36,6944.0,0.031669523958250644,36,6944.0
39000.0,44,1784.0,25.485714285714284,2.082654133961508,38997.906775833006,557.1129539404714,1325674.7840000002,18938.2112,43,7870.0,0.009768446780032247,43,7870.0
39005.0,43,1344.0,17.92,2.150751572767397,32196.543734269097,429.28724979025463,1351623.593,18021.647906666665,32,7416.0,0.05425575449247665,32,7416.0
39010.0,46,1329.0,17.25974025974026,2.3879462371796567,30042.604275845795,390.1636918941013,1389497.787,18045.425805194805,25,7126.0,0.1324847301858706,25,7126.0
39015.0,48,1465.0,18.78205128205128,1.801173036625409,29616.896613752102,379.7038027404117,1425833.372,18279.915025641025,27,7230.0,0.04094721162141402,27,7230.0
39020.0,59,1720.0,23.243243243243242,1.0279648246136615,29456.53445469422,398.06127641478685,1384671.902,18711.782459459464,34,7376.0,0.04561239960282288,34,7376.0
39025.0,57,1794.0,23.92,1.7332355836496462,29788.830485689985,397.1844064758666,1403914.206,18718.85608,31,7372.0,0.0455147678528689,31,7372.0
39030.0,61,2086.0,28.18918918918919,1.5700628397194973,29532.070562695906,399.08203463102586,1423221.593,19232.72422972973,34,7464.0,0.0267733890571928,34,7464.0
39035.0,66,2396.0,31.946666666666665,1.2267844890004038,29625.14737597389,395.00196501298507,1442456.929,19232.759053333335,37,7623.0,0.024797929465673985,37,7623.0
39040.0,65,2721.0,38.32394366197183,0.77145403728822,29798.664758082097,419.6995036349589,1442456.067,20316.28263380282,37,7788.0,0.021039954595822728,37,7788.0
39045.0,57,2774.0,38.52777777777778,1.1182055314053811,30055.807066449008,417.4417648117916,1442459.067,20034.153708333335,28,7500.0,0.06053198721777808,28,7500.0
39050.0,58,2958.0,41.083333333333336,1.103557265939053,30382.458282475905,421.97858725660967,1442459.067,20034.153708333335,29,7531.0,0.04599202961512822,29,7531.0
39055.0,57,3133.0,44.12676056338028,0.7652223302545195,30471.750732399385,429.1795877802729,1423235.1369999999,20045.565309859157,29,7654.0,0.016942050797378445,29,7654.0
39060.0,60,3396.0,48.51428571428571,0.8053308105702949,30791.85248977737,439.8836069968194,1403990.899,20057.012842857144,34,7818.0,0.0301394021166368,34,7818.0
39065.0,48,2091.0,28.256756756756758,2.1528013104164936,30901.55006628842,417.58851440930295,1423255.21,19233.178513513514,22,6789.0,0.07457108245542172,22,6789.0
39070.0,52,2344.0,32.10958904109589,3.4369294461975595,31113.858316637296,426.2172372142094,1423252.1879999998,19496.60531506849,24,6478.0,0.13614594315510722,24,6478.0
39075.0,54,2608.0,37.25714285714286,2.394719534014851,30818.9510432452,440.2707291892169,1404064.932,20058.070457142858,26,6565.0,0.014134695787585586,26,6565.0
39080.0,57,2891.0,47.39344262295082,0.763925491931714,29997.794483468086,491.7671226798046,1404057.488,23017.335868852457,29,6688.0,5.289140832596932e-06,29,6688.0
39085.0,52,2995.0,51.63793103448276,0.5276991794842724,30103.796502559497,519.03097418206,1404052.902,24207.808655172415,24,6564.0,0.018601054300297678,24,6564.0
39090.0,47,3090.0,50.65573770491803,1.580146060126562,30377.640093851453,497.99409989920395,1404054.606,23017.28862295082,19,6454.0,0.0894919635508974,19,6454.0
39095.0,46,3209.0,52.60655737704918,1.7503850985010054,30476.15972929361,499.6091758900591,1384868.3709999998,22702.76018032787,19,6525.0,0.0917021656200219,19,6525.0
39100.0,49,3414.0,56.9,0.722673314487473,30479.88249364747,507.998041560791,1365739.66,22762.327666666664,22,6655.0,0.06618984411973676,22,6655.0
39105.0,45,3299.0,54.983333333333334,1.311377004920336,30626.247737392503,510.4374622898748,1365824.592,22763.7432,19,6504.0,0.061640754588892434,19,6504.0
39110.0,47,3521.0,56.79032258064516,2.1580470866152677,30887.622148762333,498.1874540122956,1404421.407,22651.958177419354,21,6498.0,0.12943323889059857,21,6498.0
39115.0,50,3759.0,58.734375,1.5841397419738246,31064.599747099262,485.3843710484258,1443009.587,22547.024796875,23,6574.0,0.006716874992040484,23,6574.0
39120.0,53,4022.0,67.03333333333333,1.360127057085856,31191.884820897143,519.8647470149523,1443005.433,24050.09055,26,6684.0,2.6792424209129917e-06,26,6684.0
39125.0,48,4124.0,65.46031746031746,1.4005442710909093,31265.376788301215,496.2758220365272,1443008.433,22904.895761904765,20,6532.0,0.018791016015605504,20,6532.0
39130.0,44,4239.0,68.37096774193549,2.7090673973027966,31499.137407795024,508.05060335153246,1443008.433,23274.329564516127,16,6408.0,0.19824270893293774,16,6408.0
39135.0,44,4379.0,69.5079365079365,1.61382267124634,31744.329357117047,503.87824376376244,1423713.7519999999,22598.630984126987,17,6463.0,0.09840081587650559,17,6463.0
39140.0,51,4603.0,73.06349206349206,1.1917655101796867,31708.724244609595,503.31308324777126,1385289.219,21988.717761904765,24,6569.0,0.09660852142551461,24,6569.0
39145.0,48,4768.0,76.90322580645162,1.7337960834084025,31718.61812139665,511.5906148612362,1366148.189,22034.648209677423,22,6601.0,0.0863162495570116,22,6601.0
39150.0,52,5020.0,78.4375,1.6034436338250921,31995.477441622796,499.92933502535624,1404777.739,21949.652171875,26,6697.0,0.061771529677871403,26,6697.0
39155.0,56,5291.0,81.4,1.127123291647326,32248.21105081317,496.12632385866414,1443408.0150000001,22206.27715384616,29,6818.0,0.0013157284358436903,29,6818.0
39160.0,59,5581.0,90.01612903225806,0.5799974193250507,32476.496298217964,523.8144564228703,1443407.7230000002,23280.769725806455,31,6953.0,0.02621708820597335,31,6953.0
39165.0,53,5709.0,90.61904761904762,0.8670222342838099,32734.174567923194,519.5900725067173,1443405.8790000002,22911.20442857143,25,6800.0,0.022989710109331513,25,6800.0
39170.0,48,5846.0,92.7936507936508,2.288388084556858,33010.997598528425,523.9840888655305,1443405.8790000002,22911.20442857143,20,6689.0,0.10673235982078046,20,6689.0
39175.0,44,5998.0,98.32786885245902,1.7923034861341556,33066.420716209934,542.0724707575399,1404882.965,23030.868278688526,17,6663.0,0.11384731538385984,17,6663.0
39180.0,49,6221.0,105.44067796610169,0.8146869098730884,33022.25310894787,559.6992052364046,1366431.798,23159.86098305085,23,6769.0,0.04332104149689845,23,6769.0
39185.0,43,4602.0,74.2258064516129,1.7415570406804652,33163.06749010855,534.8881853243314,1366521.804,22040.674258064515,21,4919.0,0.08919477218009661,21,4919.0
39190.0,40,3517.0,54.10769230769231,2.796607570651711,33285.16016172085,512.0793871033978,1385950.486,21322.315169230766,23,4041.0,0.17279074959701618,23,4041.0
39195.0,37,2070.0,31.363636363636363,2.7542011582448422,30948.668349062456,468.9192174100373,1391256.353,21079.64171212121,30,7979.0,0.058026523850960174,30,7979.0
39200.0,39,1173.0,18.328125,2.215583819182162,24487.165636023838,382.61196306287235,1309477.714,20460.589281250002,38,9984.0,0.04892785304748663,38,9984.0
39205.0,42,1236.0,18.176470588235293,1.7470481698779958,19856.211218678494,292.0031061570368,1297622.5539999998,19082.684617647057,35,9903.0,0.0371269711879651,35,9903.0
39210.0,46,1353.0,18.534246575342465,2.189611298737509,20143.470498116963,275.9379520289996,1440764.576,19736.50104109589,32,9920.0,0.08342136850573656,32,9920.0
39215.0,50,1537.0,19.961038961038962,1.8512340873994078,20293.463836561437,263.5514783969018,1493076.0479999997,19390.598025974024,30,9992.0,0.07268978775532689,30,9992.0
39220.0,59,1802.0,24.026666666666667,1.0791752243869077,20476.046990025436,273.0139598670059,1470910.9819999996,19612.146426666666,35,10160.0,0.05549473335618989,35,10160.0
39225.0,56,1832.0,24.756756756756758,1.4489028113050286,20582.547133381537,278.14252882948034,1451697.4159999997,19617.53264864865,31,10090.0,0.07365632836720076,31,10090.0
39230.0,60,2123.0,28.30666666666667,1.7479056786348954,20818.602717953352,277.5813695727115,1471092.7399999998,19614.569866666665,35,10215.0,0.07674279636089736,35,10215.0
39235.0,63,2430.0,32.83783783783784,1.1995697085598036,21033.551038982,284.2371762024595,1509771.162,20402.313000000002,37,10395.0,0.006843587145436185,37,10395.0
39240.0,66,2755.0,38.80281690140845,0.6816669837306197,21223.076408173896,298.9165691292098,1529111.4670000002,21536.78122535212,41,10591.0,0.010943154068636983,41,10591.0
39245.0,56,2378.0,31.289473684210527,1.5277308140941463,21474.023998892895,282.5529473538539,1548460.333,20374.478065789473,29,10284.0,0.057757191685540894,29,10284.0
39250.0,55,2544.0,33.92,2.1456205675379145,21782.179005990027,290.4290534132004,1548460.333,20646.137773333336,26,10194.0,0.09747949785749709,26,10194.0
39255.0,52,2717.0,36.22666666666667,1.4873295414733196,22109.74124845636,294.79654997941816,1548460.333,20646.137773333336,26,10293.0,0.04684782439694846,26,10293.0
39260.0,60,2992.0,42.140845070422536,0.7399905349893651,22158.801458629467,312.09579519196444,1490469.2280000001,20992.52433802817,35,10429.0,0.008321256662033764,35,10429.0
39265.0,50,2126.0,29.52777777777778,2.0391418381802997,22475.119344473336,312.1544353399074,1509820.6400000001,20969.731111111112,25,9641.0,0.06929325967517524,25,9641.0
39270.0,54,2387.0,33.15277777777778,2.3105591708937046,22370.866536013848,310.7064796668591,1509856.5489999996,20970.229847222225,28,9495.0,0.001036036507492291,28,9495.0
39275.0,56,2666.0,37.54929577464789,2.4539512762012277,22494.931348512062,316.8300189931275,1509853.0489999996,21265.535901408453,29,9594.0,1.2087067615356876e-05,29,9594.0
39280.0,57,2947.0,46.046875,1.0500258305639205,21794.402750174126,340.53754297147054,1509848.0189999999,23591.375296875,30,9695.0,0.022858021571485775,30,9695.0
39285.0,53,3116.0,50.25806451612903,0.9779154858373765,21861.82233540087,352.610037667756,1509846.5689999997,24352.364016129035,26,9687.0,0.023895709709299495,26,9687.0
39290.0,53,3381.0,53.666666666666664,1.5979471060615884,22139.811977225956,351.42558694009455,1509847.5469999998,23965.83407936508,26,9769.0,0.06936061076229519,26,9769.0
39295.0,55,3648.0,56.12307692307692,1.494966872595731,22388.725950604403,344.4419377016062,1509851.5409999997,23228.485246153847,28,9856.0,0.04774351554246245,28,9856.0
39300.0,56,3926.0,64.36065573770492,0.9127273267198676,22554.881824833894,369.75216106285075,1509844.383,24751.547262295077,29,9954.0,0.02931846060601138,29,9954.0
39305.0,53,3907.0,62.01587301587302,0.8717341384501314,22842.085560168398,362.57278666933956,1509844.383,23965.783857142855,26,9776.0,0.022053374169097317,26,9776.0
39310.0,49,3926.0,62.317460317460316,1.9796040764406801,23121.478940291425,367.00760222684806,1509844.383,23965.783857142855,22,9667.0,0.1112670230331224,22,9667.0
39315.0,47,3986.0,64.29032258064517,1.3474578643202453,23342.422188947592,376.49068046689666,1490502.389,24040.361112903225,21,9729.0,0.06311083943676951,21,9729.0
39320.0,52,4188.0,67.54838709677419,0.6609096502806794,23218.100181668608,374.4854868011066,1451952.065,23418.581693548385,26,9851.0,0.032944046777985354,26,9851.0
39325.0,49,4372.0,69.39682539682539,1.4850729971193455,23382.997501159516,371.1586904945955,1452021.841,23047.965730158736,24,9911.0,0.030874404783634467,24,9911.0
39330.0,55,4633.0,71.27692307692308,1.476357825391787,23664.94925423865,364.07614237290227,1490825.0019999999,22935.769261538462,29,10000.0,0.08377632353641376,29,10000.0
39335.0,57,4907.0,74.34848484848484,1.0707289584630404,23921.61843735807,362.448764202395,1529630.6319999998,23176.221696969696,31,10106.0,0.031915181526338765,31,10106.0
39340.0,60,5197.0,81.203125,0.731141970750995,24206.180506383538,378.22157041224284,1529630.3379999995,23900.47403125,33,10222.0,0.02647505899711291,33,10222.0
39345.0,54,5336.0,82.0923076923077,0.9519467559846982,24443.118676803504,376.0479796431309,1529631.6189999995,23532.794138461537,27,10091.0,0.030869661675341473,27,10091.0
39350.0,49,5480.0,85.625,2.0077613665013048,24716.599395466827,386.1968655541692,1529631.6189999995,23900.494046875,22,9959.0,0.08889825969133552,22,9959.0
39355.0,45,5634.0,89.42857142857143,2.331631418342777,24964.476761343944,396.26153589434836,1510224.2799999996,23971.81396825397,19,9760.0,0.12311048899292618,19,9760.0
39360.0,48,5848.0,95.8688524590164,1.5294643906921106,24927.207253299373,408.64274185736673,1471579.6399999997,24124.256393442625,23,9855.0,0.08827647598681253,23,9855.0
39365.0,51,6095.0,93.76923076923077,1.410376299953238,24814.44738133842,381.7607289436679,1433005.7709999997,22046.242630769233,26,9932.0,0.06837169086518591,26,9932.0
39370.0,54,6322.0,92.97058823529412,1.591534269594005,24865.917570324742,365.67525838712857,1433160.5309999997,21075.890161764702,27,9989.0,0.11794965766710115,27,9989.0
39375.0,56,6594.0,94.2,1.273638773296784,25171.51142573074,359.5930203675819,1472001.4039999999,21028.591485714285,30,10091.0,0.06586350016408199,30,10091.0
39380.0,59,6884.0,98.34285714285714,1.546799799166929,25466.026400373317,363.8003771481902,1491420.846,21306.012085714287,34,10211.0,0.08268251261758904,34,10211.0
39385.0,63,7189.0,99.84722222222223,0.960182256742473,25791.68806965148,358.2178898562704,1530250.258,21253.475805555554,38,10346.0,0.009125270811738494,38,10346.0
39390.0,54,6871.0,99.57971014492753,1.1630038863981873,26056.286529300534,377.62734100435546,1569078.6579999998,22740.2704057971,28,9913.0,0.052782464490685056,28,9913.0
39395.0,54,7025.0,97.56944444444444,1.5566366201854887,26367.67248388023,366.2176733872255,1569078.9619999998,21792.763361111112,23,9820.0,0.08013070367223632,23,9820.0
39400.0,50,7210.0,104.4927536231884,1.404149035140574,26316.488355180554,381.3983819591383,1530334.7249999999,22178.764130434778,23,9888.0,0.05265984247157839,23,9888.0
39405.0,55,7455.0,108.04347826086956,1.1312579962731815,26599.230875462563,385.4960996443849,1510921.2879999997,21897.409971014487,29,9985.0,0.04310771290862346,29,9985.0
39410.0,56,7704.0,111.65217391304348,1.4049025238369055,26731.744080571538,387.4165808778483,1530343.2369999997,22178.88749275362,31,10071.0,0.05482983781692804,31,10071.0
39415.0,60,7998.0,117.61764705882354,0.8695362130471983,26844.185778658317,394.7674379214458,1549762.846,22790.63008823529,35,10195.0,0.0015826735900402512,35,10195.0
39420.0,63,8312.0,125.93939393939394,0.6798317969908104,26990.775474587528,408.95114355435646,1530405.29,23187.95893939394,36,10330.0,1.5152298242186837e-06,36,10330.0
39425.0,63,8627.0,126.86764705882354,0.5026619857520743,27286.554820866833,401.2728650127475,1530409.014,22506.014911764705,36,10465.0,0.0,36,10465.0
39430.0,56,8738.0,128.5,1.4181345852761917,27598.092422031736,405.8543003239961,1530409.014,22506.014911764705,29,10291.0,0.09340905719024355,29,10291.0
39435.0,54,8902.0,130.91176470588235,1.6229609459609529,27899.00151420705,410.2794340324566,1530409.014,22506.014911764705,27,10236.0,0.07044265319748927,27,10236.0
39440.0,53,9045.0,133.01470588235293,1.509415975786779,28201.26738100617,414.7245203089143,1530409.014,22506.014911764705,27,10324.0,0.0439726630271751,27,10324.0
39445.0,57,9290.0,134.63768115942028,0.935602670860136,28125.974657871662,407.6228211285748,1472333.8409999998,21338.171608695648,31,10447.0,0.03196348371540194,31,10447.0
39450.0,47,8454.0,119.07042253521126,2.062409827058126,28236.162331374122,397.69242720245234,1452987.6959999998,20464.61543661972,22,9654.0,0.121104837223283,22,9654.0
39455.0,52,8704.0,117.62162162162163,3.171687731654948,28521.83201385025,385.43016234932765,1491892.8079999997,20160.71362162162,26,9540.0,0.10667705387200258,26,9540.0
39460.0,55,8963.0,121.12162162162163,2.4570606436976177,28489.171373995847,384.9888023512953,1530799.2639999997,20686.47654054054,29,9634.0,0.04425867484526902,29,9634.0
39465.0,60,9251.0,140.16666666666666,0.8844474457071051,27967.45302913325,423.7492883202007,1530791.3719999997,23193.808666666668,33,9749.0,0.0004534739302065032,33,9749.0
39470.0,61,9556.0,151.68253968253967,0.38304722192358176,28242.84768045765,448.2991695310738,1530787.9339999997,24298.22117460317,34,9874.0,3.258888718377329e-07,34,9874.0
39475.0,54,9671.0,153.5079365079365,0.8269213012640222,28509.084374183174,452.52514879655826,1530787.2299999997,24298.209999999995,27,9779.0,0.01934211690665182,27,9779.0
39480.0,50,9817.0,155.82539682539684,1.9907088102714479,28787.101632244816,456.938121146743,1530787.2299999997,24298.209999999995,23,9701.0,0.056958679864832315,23,9701.0
39485.0,45,9929.0,150.43939393939394,2.0511388951716203,29041.985894492784,440.03008931049663,1511332.1189999997,22898.9715,19,9689.0,0.07293437698147766,19,9689.0
39490.0,50,10146.0,158.53125,1.6259860172600469,29060.470415922046,454.069850248782,1472534.2449999999,23008.347578125,24,9778.0,0.09393900104642545,24,9778.0
39495.0,38,6679.0,107.7258064516129,1.8327919975034106,29022.127900302818,468.0988371016584,1433756.1069999998,23125.098499999996,16,4861.0,0.10597787542634494,16,4861.0
39500.0,36,4542.0,68.81818181818181,2.632444844378426,29282.017638731235,443.6669339201701,1472705.4789999998,22313.71937878788,19,4890.0,0.04625436435862689,19,4890.0
39505.0,31,2086.0,30.676470588235293,3.6282876328413294,29533.914655285153,434.32227434242884,1511657.596,22230.258764705883,25,5456.0,0.031207679599091293,25,5456.0
39510.0,31,791.0,13.183333333333334,2.6967837192459347,22706.04455818163,378.4340759696939,1357216.688,22620.278133333333,29,6512.0,0.0642579903329129,29,6512.0
39515.0,37,834.0,13.672131147540984,1.9660850197888178,19290.66040107779,316.24033444389806,1380057.52,22623.893770491803,27,6426.0,0.028245218446070447,27,6426.0
39520.0,41,939.0,15.39344262295082,2.2523510096499884,17107.193548721887,280.44579588068666,1418318.136,23251.116983606556,23,6299.0,0.03980306811816603,23,6299.0
39525.0,41,1063.0,15.632352941176471,2.261435839460371,17326.803362205203,254.80593179713537,1470979.3769999999,21632.04966176471,21,6386.0,0.07704255543210835,21,6386.0
39530.0,50,1282.0,20.03125,1.7469562391475155,17209.243948642124,268.89443669753314,1393262.9700000002,21769.73390625,24,6489.0,0.10550368679899708,24,6489.0
39535.0,51,1464.0,23.238095238095237,1.2231588944037575,17280.637350809757,274.2958309652343,1373899.621,21807.930492063493,26,6538.0,0.09345752494550026,26,6538.0
39540.0,56,1735.0,26.692307692307693,1.2846239466213873,17570.084476639804,270.3089919483047,1412875.9090000002,21736.552446153844,31,6664.0,0.03825327952371152,31,6664.0
39545.0,59,2021.0,29.720588235294116,1.224994721647991,17815.623726721005,261.99446656942666,1451842.353,21350.622838235297,33,6805.0,0.02910438063365783,33,6805.0
39550.0,65,2320.0,34.11764705882353,0.3778909509480865,18094.043319490094,266.0888723454425,1471327.0939999998,21637.163147058825,36,6957.0,0.04291947032279229,36,6957.0
39555.0,58,2483.0,36.51470588235294,0.8394976297971921,18420.402603718343,270.88827358409327,1471327.0939999998,21637.163147058825,30,6911.0,0.013329046364925781,30,6911.0
39560.0,55,2680.0,39.411764705882355,1.7478106717632214,18724.85617738515,275.36553202037004,1471327.0939999998,21637.163147058825,27,6900.0,0.08762628036465882,27,6900.0
39565.0,53,2874.0,42.8955223880597,1.205694715353941,18875.901893360187,281.72987900537595,1432416.089,21379.344611940298,25,7006.0,0.04357728711371048,25,7006.0
39570.0,59,3118.0,47.96923076923077,0.5788960599973,18974.523326566577,291.9157434856398,1393523.0690000001,21438.816446153844,31,7145.0,0.04148856102573945,31,7145.0
39575.0,52,2718.0,39.970588235294116,1.3180670827209915,19182.751765846613,282.0992906742149,1393572.133,20493.707838235292,23,6882.0,0.07427355998055843,23,6882.0
39580.0,49,2824.0,40.34285714285714,2.1470980026260484,19476.34597107752,278.23351387253604,1432575.216,20465.36022857143,23,6778.0,0.09702488045541452,23,6778.0
39585.0,52,3077.0,44.594202898550726,2.0342659731651396,19673.49890219603,285.12317249559476,1452078.2459999998,21044.612260869566,27,6925.0,0.1084654086154123,27,6925.0
39590.0,60,3354.0,50.059701492537314,0.7366597797637501,19762.833735228127,294.9676676899721,1491073.786,22254.83262686567,34,7057.0,0.025168237344625817,34,7057.0
39595.0,61,3628.0,55.815384615384616,0.5149899104901909,19805.775717671204,304.7042418103262,1491073.786,22939.596707692308,34,7178.0,0.0011931945511365583,34,7178.0
39600.0,62,3937.0,61.515625,0.3869081384195645,20021.495612131555,312.83586893955555,1491073.786,23298.027906249998,35,7332.0,0.0,35,7332.0
39605.0,62,4247.0,57.391891891891895,1.0890849014765223,20350.94277534371,275.0127402073476,1491086.5999999999,20149.81891891892,35,7487.0,0.013942580908666484,35,7487.0
39610.0,63,4557.0,61.58108108108108,1.3223062089225572,20635.631185788785,278.85988088903775,1491100.49,20150.006621621622,36,7642.0,0.08705571963733562,36,7642.0
39615.0,61,4561.0,61.63513513513514,0.8410595222869401,20978.965763434087,283.4995373437038,1491100.49,20150.006621621622,33,7545.0,0.050083798311893135,33,7545.0
39620.0,62,4693.0,63.41891891891892,1.5424485934135297,21317.148268644618,288.0695711979003,1491100.49,20150.006621621622,34,7513.0,0.038919032217595434,34,7513.0
39625.0,58,4794.0,64.78378378378379,1.624668619976268,21645.082487375013,292.501114694257,1491100.49,20150.006621621622,31,7651.0,0.04467635904957758,31,7651.0
39630.0,62,5058.0,72.25714285714285,0.4655483761671172,21406.01300522523,305.8001857889319,1374242.712,19632.03874285714,35,7833.0,0.02975998566115496,35,7833.0
39635.0,54,5024.0,69.77777777777777,1.3451938239123882,21736.10331303524,301.8903237921561,1393778.442,19358.033916666664,28,7679.0,0.024253840955768585,28,7679.0
39640.0,54,5198.0,70.24324324324324,1.7756611912989502,22056.54012256599,298.06135300764856,1432850.256,19362.841297297295,29,7638.0,0.08906687381468789,29,7638.0
39645.0,60,5485.0,74.12162162162163,1.4101131063189396,22279.62365248637,301.07599530386995,1471914.972,19890.742864864864,34,7805.0,0.04766632266250781,34,7805.0
39650.0,66,5798.0,81.66197183098592,0.5586790022714229,22470.66256345422,316.4882051190734,1471910.8059999999,20731.138112676053,39,7968.0,0.002027981604003849,39,7968.0
39655.0,56,4951.0,70.72857142857143,0.8341040675619436,22445.321838709388,320.64745483870564,1471907.83,21027.254714285715,29,7455.0,0.02513105968023875,29,7455.0
39660.0,50,4936.0,70.51428571428572,1.372933765577479,22764.09349485508,325.20133564078697,1471907.83,21027.254714285715,22,7169.0,0.04883295222999873,22,7169.0
39665.0,51,5110.0,71.97183098591549,1.292702284439618,22772.62441726277,320.7411889755321,1452371.979,20455.94336619719,24,7260.0,0.0362182544169366,24,7260.0
39670.0,56,5352.0,76.45714285714286,1.1841114892261477,23082.255130116184,329.7465018588026,1432834.21,20469.060142857143,31,7401.0,0.03031675986051658,31,7401.0
39675.0,56,5505.0,80.95588235294117,0.9408802365295968,22693.05776523011,333.7214377239722,1452384.793,21358.599897058826,31,7383.0,0.0113212046643295,31,7383.0
39680.0,57,5754.0,81.04225352112677,1.4864107477655113,23003.32467346668,323.99048835868564,1452386.062,20456.14171830986,31,7414.0,0.034095840790728034,31,7414.0
39685.0,58,6042.0,85.09859154929578,1.5339395187799345,23144.455316192412,325.9782438900341,1432913.252,20181.8767887324,31,7547.0,0.01987361640920143,31,7547.0
39690.0,60,6340.0,90.57142857142857,1.1342120290551085,23455.93347769645,335.0847639670922,1432913.252,20470.18931428571,33,7690.0,0.056447206159266156,33,7690.0
39695.0,59,6477.0,96.67164179104478,0.5669229587301955,23427.06247978353,349.65764895199317,1432910.252,21386.720179104475,32,7573.0,0.03133058313553909,32,7573.0
39700.0,57,6642.0,99.13432835820896,1.147082368839128,23739.73639893554,354.3244238647095,1432910.252,21386.720179104475,30,7477.0,0.05349012626801072,30,7477.0
39705.0,55,6780.0,98.26086956521739,1.0990662649222467,24049.140932888335,348.53827438968614,1432911.42,20766.83217391304,29,7602.0,0.04304900990870934,29,7602.0
39710.0,58,7034.0,104.98507462686567,0.8273995235520551,23883.468487025493,356.4696789108283,1394063.335,20806.915447761196,32,7779.0,0.030926418056131177,32,7779.0
39715.0,53,7175.0,107.08955223880596,1.1901899965357061,24041.460245014274,358.8277648509593,1394166.1649999998,20808.450223880598,28,7814.0,0.09099342095836173,28,7814.0
39720.0,58,7456.0,108.05797101449275,1.368206024023036,24349.214072119994,352.8871604655073,1433341.5979999998,20773.066637681164,33,7887.0,0.04944571459625984,33,7887.0
39725.0,62,7753.0,104.77027027027027,1.4940628690888262,24642.361857693217,333.00488996882746,1472521.6949999998,19898.941824324324,36,8039.0,0.004269566899837476,36,8039.0
39730.0,66,8068.0,110.52054794520548,1.2511816135495715,24815.631911858047,339.9401631761377,1472522.8509999998,20171.54590410959,37,8203.0,0.04840978148296329,37,8203.0
39735.0,58,8218.0,117.4,1.0199465560660197,25036.89990449147,357.66999863559244,1472522.8509999998,21036.04072857143,31,8039.0,0.03525790029071456,31,8039.0
39740.0,56,8392.0,119.88571428571429,1.6377971007048833,25348.86755050249,362.12667929289285,1472522.8509999998,21036.04072857143,29,7936.0,0.0751221340313327,29,7936.0
39745.0,53,8572.0,122.45714285714286,1.6610021759074585,25655.92002404578,366.5131432006541,1472522.8509999998,21036.04072857143,28,7943.0,0.055003450316344994,28,7943.0
39750.0,56,8845.0,132.01492537313433,0.9385837362422745,25559.015864717727,381.4778487271303,1413996.379,21104.42356716418,31,8105.0,0.05352258823968534,31,8105.0
39755.0,52,8264.0,121.52941176470588,1.5530732899864454,25409.313390714746,373.66637339286393,1375101.8920000002,20222.086647058826,24,7478.0,0.08911988256761669,24,7478.0
39760.0,51,8514.0,119.91549295774648,2.5431168004268963,25696.54930225446,361.92322960921786,1414315.0880000002,19919.930816901408,26,7484.0,0.08013441197102246,26,7484.0
39765.0,56,8780.0,115.52631578947368,2.2948845442616808,25849.835188014855,340.1294103686166,1453532.5040000002,19125.427684210525,30,7605.0,0.07825608326449009,30,7605.0
39770.0,59,9067.0,129.52857142857144,1.1922640505936069,25506.086632159164,364.37266617370244,1473130.943,21044.72775714286,34,7747.0,0.0662552191097934,34,7747.0
39775.0,58,9227.0,135.69117647058823,0.6794491072504992,25689.625541318197,377.78861090173825,1492726.9870000002,21951.86745588235,32,7633.0,0.025866267999233715,32,7633.0
39780.0,55,9406.0,138.3235294117647,1.6034920438174691,26000.591541720285,382.361640319416,1492726.9870000002,21951.86745588235,28,7579.0,0.03434259736091437,28,7579.0
39785.0,52,9618.0,133.58333333333334,1.8731670416592463,26132.820540604036,362.95584084172276,1473232.011,20461.555708333333,26,7690.0,0.048789498300911414,26,7690.0
39790.0,54,9870.0,147.3134328358209,1.215626081306246,26103.15234880085,389.5992887880724,1375360.947,20527.77532835821,29,7818.0,0.10371648106402077,29,7818.0
39795.0,52,9837.0,144.66176470588235,1.1197632182658566,26284.541301812365,386.5373720854761,1395066.67,20515.68632352941,26,7724.0,0.07100995542238765,26,7724.0
39800.0,56,10101.0,146.3913043478261,1.7291063929679926,26585.424729194365,385.2960105680343,1414685.64,20502.690434782606,30,7772.0,0.060349335995897334,30,7772.0
39805.0,56,10377.0,148.24285714285713,1.4454835763914957,26767.85181817906,382.3978831168437,1453919.192,20770.274171428573,31,7904.0,0.0289935735977275,31,7904.0
39810.0,61,10670.0,154.63768115942028,1.055721615911097,27026.539893086312,391.68898395777256,1473533.034,21355.551217391305,35,8051.0,0.020694832342446585,35,8051.0
39815.0,51,10095.0,148.4558823529412,1.6224910859123103,27192.778038917957,399.8937946899699,1473530.034,21669.55932352941,24,7524.0,0.027836739922097706,24,7524.0
39820.0,47,10022.0,151.84848484848484,1.6303382851700494,27406.894873015037,415.2559829244703,1473530.034,22326.212636363634,19,7232.0,0.09572014780035597,19,7232.0
39825.0,47,10180.0,154.24242424242425,1.6252018995531372,27699.978403088116,419.6966424710323,1473530.034,22326.212636363634,19,7308.0,0.04443109627207129,19,7308.0
39830.0,53,10390.0,164.9206349206349,0.8698426483389456,27591.993560553787,437.96815175482203,1434395.596,22768.184063492063,27,7428.0,0.015560245278110497,27,7428.0
39835.0,52,10579.0,165.296875,1.0499730914181464,27385.78137886508,427.90283404476685,1454029.5929999996,22719.212390624998,27,7513.0,0.032334375171040264,27,7513.0
39840.0,54,10843.0,164.28787878787878,1.4697928559465716,27470.810595248455,416.2244029583098,1493290.944,22625.620363636364,29,7614.0,0.05478711344202938,29,7614.0
39845.0,57,11121.0,158.87142857142857,1.2701928746983324,27644.632801382428,394.9233257340346,1473705.9859999998,21052.94265714286,30,7733.0,0.03587728010468308,30,7733.0
39850.0,61,11416.0,163.0857142857143,1.6460948885242799,27955.81812642916,399.3688303775595,1473705.9859999998,21052.94265714286,34,7873.0,0.0934741226972043,34,7873.0
39855.0,56,11538.0,172.2089552238806,0.6032842663863557,28167.608582858105,420.41206840086727,1473705.9859999998,21995.611731343288,29,7783.0,0.018306660114210272,29,7783.0
39860.0,55,11686.0,166.94285714285715,1.5466334884036013,28478.566728137368,406.83666754481953,1473707.4209999999,21052.963157142858,28,7751.0,0.04938005180655247,28,7751.0
39865.0,53,11857.0,171.84057971014494,1.8876071571711193,28742.60518856898,416.55949548650716,1454091.437,21073.788942028983,27,7866.0,0.07238766526017153,27,7866.0
39870.0,57,12106.0,180.6865671641791,0.6918097655257817,28773.768330411593,429.45922881211334,1414940.422,21118.51376119403,31,8014.0,0.03454556852896575,31,8014.0
39875.0,56,12296.0,183.52238805970148,1.0408377409528833,28856.21745619227,430.6898127789893,1395410.6469999999,20827.024582089554,31,8081.0,0.014155804602167657,31,8081.0
39880.0,58,12582.0,182.34782608695653,1.5073848752480457,29162.785672727714,422.64906772069156,1434727.3249999997,20793.149637681163,33,8222.0,0.06251260105442813,33,8222.0
39885.0,61,12879.0,178.875,1.1133049351987836,29437.674106922244,408.8565848183646,1474044.6679999996,20472.84261111111,35,8374.0,0.018146074674284737,35,8374.0
39890.0,64,13193.0,194.01470588235293,0.6280694977793939,29659.638588229907,436.17115570926353,1474041.6679999996,21677.083352941176,37,8539.0,0.03528327809903482,37,8539.0
39895.0,59,13357.0,196.4264705882353,0.8097625771885631,29982.857937619563,440.92438143558184,1474041.6679999996,21677.083352941176,32,8495.0,0.04474557175519798,32,8495.0
39900.0,57,13543.0,199.16176470588235,1.5034589618403962,30292.71831959343,445.4811517587269,1474041.6679999996,21677.083352941176,30,8451.0,0.051056063750316634,30,8451.0
39905.0,52,13707.0,201.5735294117647,1.606934763946415,30444.552565942384,447.71400832268216,1415113.2009999997,20810.48825,26,8484.0,0.06981343600948059,26,8484.0
39910.0,56,13956.0,202.2608695652174,1.3162081461380306,30490.45348855257,441.8906302688781,1395585.846,20225.881826086956,29,8638.0,0.11860808094064189,29,8638.0
39915.0,51,13351.0,190.72857142857143,1.6428565000042628,30546.383487584142,436.3769069654879,1395736.594,19939.094199999996,25,8000.0,0.06248359548570538,25,8000.0
39920.0,53,13607.0,188.98611111111111,2.5489720176438024,30838.03519178508,428.30604433034836,1415412.8880000003,19658.512333333332,28,8000.0,0.11219445402075534,28,8000.0
39925.0,58,13881.0,182.64473684210526,2.010955054049337,30997.820996826646,407.8660657477191,1454768.827,19141.695092105263,33,8129.0,0.023540244723462382,33,8129.0
39930.0,62,14184.0,205.56521739130434,1.0512228094198874,30513.186734388848,442.2200975998384,1494109.778,21653.764898550722,36,8287.0,0.08139123350914448,36,8287.0
39935.0,60,14351.0,202.1267605633803,0.8720191134378253,30826.33359344522,434.17371258373555,1494110.094,21043.80414084507,31,8241.0,0.03916474048235647,31,8241.0
39940.0,55,14530.0,204.64788732394365,1.790514200614949,31142.245353854538,438.6231739979513,1494110.094,21043.80414084507,28,8208.0,0.05269793363499897,28,8208.0
39945.0,54,14742.0,207.6338028169014,1.9086771127026672,31445.689640457367,442.8970371895404,1494110.094,21043.80414084507,27,8322.0,0.08986010337843103,27,8322.0
39950.0,58,14993.0,223.77611940298507,0.6667604767392469,31498.977274226014,470.1339891675525,1415506.852,21126.967940298502,32,8465.0,0.03132862913093985,32,8465.0
39955.0,51,14944.0,226.42424242424244,0.9928981928996645,31553.732246354706,478.0868522174955,1395960.186,21150.911909090904,26,8358.0,0.04580131096043056,26,8358.0
39960.0,55,15212.0,223.7058823529412,1.4327027353372246,31853.673571025913,468.4363760444986,1435337.3900000001,21107.902794117643,30,8417.0,0.056053382565986236,30,8417.0
39965.0,57,15494.0,206.58666666666667,1.9560471933200536,32166.652659877833,428.88870213170446,1455032.8480000002,19400.437973333337,32,8543.0,0.023405668692560555,32,8543.0
39970.0,60,15785.0,219.23611111111111,2.0268509562441532,32322.954081804048,448.92991780283387,1474714.497,20482.145791666666,33,8686.0,0.12479140672786683,33,8686.0
39975.0,50,15214.0,227.07462686567163,0.9202590641981301,32375.425116980572,483.2153002534414,1474714.497,22010.66413432836,23,8100.0,0.05164288273672299,23,8100.0
39980.0,51,15173.0,226.46268656716418,1.3197490732880222,32683.03736327594,487.80652781008865,1474714.497,22010.66413432836,23,7808.0,0.05303149020130498,23,7808.0
39985.0,51,15316.0,232.06060606060606,1.245946323199399,32626.33142942362,494.338354991267,1474705.519,22344.023015151513,25,7905.0,0.025189873510974483,25,7905.0
39990.0,55,15565.0,243.203125,0.6235271766312518,32403.63429372089,506.3067858393888,1435329.014,22427.01584375,30,8041.0,0.006644471884513632,30,8041.0
39995.0,53,15753.0,238.6818181818182,1.3162575352482002,32490.58704972741,492.28162196556696,1455035.5229999998,22045.99277272727,28,8094.0,0.01053214154707836,28,8094.0
40000.0,56,16027.0,242.83333333333334,1.3524727467125106,32782.206529856616,496.7000989372216,1455035.5229999998,22045.99277272727,29,8235.0,0.05646807044293404,29,8235.0
40005.0,58,16312.0,236.40579710144928,1.3004123786293786,32949.266468509784,477.5256009928954,1435401.7289999998,20802.923608695648,31,8382.0,0.0183930104018623,31,8382.0
40010.0,59,16607.0,255.4923076923077,0.9555529354973161,33155.113233116026,510.0786651248619,1435398.285,22083.05053846154,32,8528.0,0.05028116132945548,32,8528.0
40015.0,56,16730.0,257.38461538461536,0.5415611083624637,33428.088688621596,514.2782875172553,1435394.5869999998,22082.993646153845,29,8432.0,0.01727698199375356,29,8432.0
40020.0,53,16853.0,259.2769230769231,1.5034558224475418,33726.0576411556,518.8624252485478,1435394.5869999998,22082.993646153845,26,8352.0,0.04937740148225918,26,8352.0
40025.0,50,16997.0,253.6865671641791,1.4688320460848772,33855.96572693193,505.31292129749136,1415764.2469999997,21130.809656716418,24,8347.0,0.05554227732820736,24,8347.0
40030.0,54,17231.0,253.39705882352942,1.5761204642673352,34150.443941963866,502.2124109112331,1435510.4459999998,21110.447735294114,28,8492.0,0.08573768783405945,28,8492.0
40035.0,54,17445.0,264.3181818181818,1.2879505026734872,34049.705071308745,515.9046222925567,1396273.1809999999,21155.654257575756,29,8573.0,0.051199929017011675,29,8573.0
40040.0,56,17720.0,256.81159420289856,1.37028480687307,34222.56843237825,495.979252643163,1416098.741,20523.17015942029,31,8688.0,0.048319909615106564,31,8688.0
40045.0,60,18011.0,253.67605633802816,1.6381344807103397,34516.33137254388,486.1455122893503,1455582.103,20501.15638028169,34,8819.0,0.034485011099496324,34,8819.0
40050.0,60,18310.0,269.2647058823529,0.5446029808263007,34758.09204671362,511.1484124516707,1475319.561,21695.875897058824,35,8958.0,0.0355384087197008,35,8958.0
40055.0,55,13144.0,190.4927536231884,1.0833319209687096,35073.25712497467,508.3080742749951,1495059.196,21667.524579710145,32,6159.0,0.04455487930499471,32,6159.0
40060.0,48,9055.0,131.231884057971,2.0313964777020144,35372.75691293633,512.648650912121,1495059.196,21667.524579710145,32,4360.0,0.05174960033545025,32,4360.0
40065.0,41,4407.0,63.869565217391305,2.4116771067594174,33175.41119463787,480.80306079185317,1460782.959,21170.76752173913,34,7144.0,0.033339654544762835,34,7144.0
40070.0,42,1912.0,29.415384615384614,2.361104578659301,27768.186520930005,427.2028695527693,1319714.987,20303.307492307693,39,8144.0,0.006752111266570687,39,8144.0
40075.0,36,1402.0,20.925373134328357,2.0564766614825847,22344.39294651607,333.498402186807,1325014.426,19776.334716417907,27,7713.0,0.07689089823583005,27,7713.0
40080.0,44,1364.0,19.768115942028984,1.6875456227930348,20920.982726484453,303.2026482099196,1399752.406,20286.266753623186,27,7545.0,0.06493390676104845,27,7545.0
40085.0,43,1380.0,18.157894736842106,1.915030187543079,21238.958475804775,279.4599799447997,1436338.79,18899.194605263154,26,7661.0,0.022947121779339715,26,7661.0
40090.0,55,1595.0,21.266666666666666,1.682203426870695,20699.679814208586,275.9957308561145,1414180.878,18855.745039999998,33,7826.0,0.07606423525137339,33,7826.0
40095.0,50,750.0,9.868421052631579,2.0838484155266705,20789.006215001908,273.53955546055147,1470521.657,19348.96917105263,26,7053.0,0.03884893881937964,26,7053.0
40100.0,57,1029.0,13.905405405405405,2.7073977319343188,20765.332574757165,280.61260236158336,1450845.0849999997,19606.01466216216,29,6981.0,0.0587080238810085,29,6981.0
40105.0,59,1317.0,18.814285714285713,1.9410610113222402,20636.418485715858,294.8059783673694,1450840.3229999999,20726.29032857143,31,7114.0,3.721783176163612e-05,31,7114.0
40110.0,59,1612.0,26.42622950819672,0.42892593277768803,20002.174282443113,327.9044964334936,1450829.6729999997,23784.092999999997,31,7254.0,0.0,31,7254.0
40115.0,54,1683.0,27.14516129032258,0.9203040017065592,20248.120607116565,326.582590437364,1450829.4049999998,23400.474274193544,24,7208.0,0.018990194348543484,24,7208.0
40120.0,52,1943.0,30.841269841269842,1.9305395890929173,20526.364598315347,325.8153110843707,1450830.0969999998,23029.049158730155,24,7275.0,0.05698234825894511,24,7275.0
40125.0,53,2204.0,35.54838709677419,1.574919290705734,20733.4652848744,334.41073040120006,1450829.5089999998,23400.4759516129,25,7381.0,0.058473282452028895,25,7381.0
40130.0,55,2473.0,42.63793103448276,0.4332804402556769,20839.38975390602,359.29982334320727,1450825.6349999998,25014.2350862069,27,7495.0,0.030187314641650486,27,7495.0
40135.0,52,2472.0,43.36842105263158,0.49305857460436536,21088.881094531313,369.9803700794968,1450825.6349999998,25453.081315789474,24,7266.0,0.021443321091284114,24,7266.0
40140.0,47,2463.0,43.21052631578947,1.436219945679715,21353.41390642982,374.6212966040319,1450825.6349999998,25453.081315789474,19,6890.0,0.05305703338718467,19,6890.0
40145.0,43,2446.0,40.09836065573771,1.9781444998060147,21402.956943117464,350.8681466084831,1431152.817,23461.521590163935,17,6959.0,0.08768621365306967,17,6959.0
40150.0,45,2666.0,43.704918032786885,1.8220009801281394,21248.706654253187,348.339453348413,1411636.4329999997,23141.58086885246,19,7110.0,0.15380278663820393,19,7110.0
40155.0,48,2826.0,46.32786885245902,1.4817381426727443,21132.406775830124,346.43289796442815,1411934.3639999998,23146.46498360656,21,7174.0,0.0742133991073354,21,7174.0
40160.0,50,3072.0,49.54838709677419,1.7024120343822562,21400.580562439154,345.17065423288955,1431763.2659999998,23092.955903225808,24,7274.0,0.08430898108135086,24,7274.0
40165.0,53,3331.0,50.46969696969697,1.5180285626763899,21656.16881709773,328.1237699560262,1471413.2579999997,22294.140272727273,27,7388.0,0.011374768847349679,27,7388.0
40170.0,57,3609.0,54.68181818181818,1.34451011349703,21906.60731604925,331.9182926674128,1511062.4309999996,22894.885318181816,30,7521.0,0.07989593396455238,30,7521.0
40175.0,52,3740.0,57.53846153846154,1.2953927045561404,22152.63770806273,340.8098108932729,1511062.4309999996,23247.11432307692,24,7295.0,0.03761373443870635,24,7295.0
40180.0,51,3907.0,60.10769230769231,1.9362681139323372,22436.587878805287,345.1782750585428,1511062.4309999996,23247.11432307692,23,7096.0,0.08971359980623556,23,7096.0
40185.0,49,4068.0,64.57142857142857,1.6938550717078726,22486.044985622528,356.92134897813537,1471544.5429999996,23357.849888888886,22,7077.0,0.07216598407255007,22,7077.0
40190.0,51,4301.0,71.68333333333334,0.811410146127239,22329.828070255913,372.16380117093195,1412359.4409999996,23539.324016666666,24,7189.0,0.04993877723146109,24,7189.0
40195.0,51,4514.0,72.80645161290323,1.2796492844525071,22433.27233916794,361.826973212386,1412486.3749999995,22782.03830645161,25,7270.0,0.06068334936815634,25,7270.0
40200.0,54,4777.0,75.82539682539682,1.154716916548875,22575.82000096631,358.34634922168743,1432424.3999999994,22736.895238095232,28,7402.0,0.020550477333280946,28,7402.0
40205.0,58,5059.0,74.3970588235294,0.9598744610956875,22863.31095663856,336.22516112703767,1472096.9499999997,21648.484558823526,32,7554.0,0.03677799531229462,32,7554.0
40210.0,60,5356.0,79.94029850746269,0.9096259895399498,23134.431654550743,345.2900246947872,1491932.3249999997,22267.64664179104,34,7715.0,0.08853553532390288,34,7715.0
40215.0,56,5509.0,81.01470588235294,0.9534421188487701,23450.71305919744,344.8634273411388,1511767.8369999998,22231.879955882352,29,7568.0,0.053389288633237816,29,7568.0
40220.0,55,5684.0,81.2,1.7751409438914239,23760.7772486101,339.43967498014433,1511768.4449999998,21596.69207142857,27,7438.0,0.055531499915113615,27,7438.0
40225.0,52,5886.0,85.30434782608695,2.1847959691907577,24020.342783227192,348.1209099018433,1491942.295,21622.352101449273,25,7443.0,0.06563816659348932,25,7443.0
40230.0,55,6138.0,94.43076923076923,0.7625754566224028,23644.152609774756,363.7561939965346,1393161.8129999998,21433.258661538464,28,7557.0,0.06460514168542553,28,7557.0
40235.0,52,6310.0,94.17910447761194,1.3153963933537276,23827.39979487556,355.6328327593366,1393242.7129999998,20794.667358208953,26,7579.0,0.05638422668890147,26,7579.0
40240.0,57,6586.0,95.44927536231884,1.5329770148011632,24131.036060120343,349.72516029159914,1432938.1069999998,20767.218942028987,31,7695.0,0.0653096584559949,31,7695.0
40245.0,63,6887.0,93.06756756756756,1.235938080114787,24393.231965369334,329.6382698022883,1472640.082,19900.541648648647,36,7836.0,0.018686519600545824,36,7836.0
40250.0,63,7198.0,101.38028169014085,0.8373658022169866,24636.09033965097,346.98718788240797,1492483.523,21020.894690140845,37,7987.0,0.03778549954802275,37,7987.0
40255.0,54,6572.0,91.27777777777777,1.134776095107448,24964.14050419159,346.7241736693276,1512333.2010000001,21004.627791666666,28,7510.0,0.07994920653941558,28,7510.0
40260.0,55,6625.0,92.01388888888889,1.3665717750630988,25290.767861430315,351.26066474208767,1512333.2010000001,21004.627791666666,25,7279.0,0.06055882276952688,25,7279.0
40265.0,53,6796.0,93.0958904109589,1.1848297282367752,25598.841543140556,350.66906223480214,1472633.953,20173.06784931507,25,7370.0,0.03839822362783727,25,7370.0
40270.0,58,7046.0,95.21621621621621,1.4180341138440715,25585.91119085584,345.7555566331871,1472665.2850000001,19900.88222972973,29,7486.0,0.07525368021938487,29,7486.0
40275.0,52,6435.0,86.95945945945945,1.6053040153545532,25906.55160876356,350.08853525356164,1472676.7280000001,19901.036864864865,24,6955.0,0.03765873129987622,24,6955.0
40280.0,59,6720.0,94.64788732394366,1.518555277257726,25671.598457099863,361.57180925492764,1452846.829,20462.631394366195,30,6945.0,0.056474267635599255,30,6945.0
40285.0,59,6995.0,98.52112676056338,1.5161989022753748,25964.204914249243,365.693026961257,1452846.829,20462.631394366195,31,7067.0,7.682238413406374e-06,31,7067.0
40290.0,59,7290.0,108.80597014925372,1.3742169674057043,25786.040757557632,384.86627996354684,1452845.491,21684.261059701494,31,7192.0,0.018002055761021582,31,7192.0
40295.0,53,7360.0,109.85074626865672,1.973936564453425,26029.43275549556,388.4989963506801,1452844.349,21684.244014925378,23,7004.0,0.018658336848210704,23,7004.0
40300.0,51,7615.0,120.87301587301587,2.0834434770399617,25760.97472255341,408.9043606754509,1452839.785,23060.94896825397,23,7067.0,0.03893954170582863,23,7067.0
40305.0,52,7873.0,131.21666666666667,1.7211825006324195,25844.01218695023,430.73353644917063,1452835.319,24213.921983333337,24,7155.0,0.06018781614818969,24,7155.0
40310.0,54,8137.0,142.75438596491227,0.6190349429724071,25941.535465252815,455.114657285137,1452832.9039999999,25488.29656140351,26,7249.0,0.02191979859674931,26,7249.0
40315.0,49,8142.0,148.03636363636363,0.46756023835522226,26166.99784481252,475.7635971784095,1452832.9039999999,26415.143709090906,21,7113.0,0.026464857753562984,21,7113.0
40320.0,46,8190.0,148.9090909090909,1.340761319387855,26421.806757711318,480.39648650384214,1452832.9039999999,26415.143709090906,18,6994.0,0.07858451065486217,18,6994.0
40325.0,42,8177.0,129.79365079365078,2.2301399287815977,26678.851946551564,423.4738404214534,1452842.8,23060.996825396825,15,6952.0,0.10160722489802984,15,6952.0
40330.0,44,8345.0,136.80327868852459,2.447363871057418,26526.3971020705,434.85896888640167,1413272.911,23168.40837704918,17,7047.0,0.21278783022803033,17,7047.0
40335.0,47,8512.0,139.54098360655738,1.549139170872392,26667.98304948268,437.18004999151924,1413346.7410000002,23169.61870491803,20,7098.0,0.11412636301732579,20,7098.0
40340.0,51,8752.0,141.16129032258064,1.4716018353444704,26823.705801317217,432.6404161502776,1433331.9100000001,23118.256612903228,24,7179.0,0.06282102883142138,24,7179.0
40345.0,53,9011.0,145.33870967741936,1.2281529719630613,27062.83994169276,436.49741841439936,1473151.887,23760.514306451616,26,7278.0,0.025628886867721905,26,7278.0
40350.0,56,9284.0,149.74193548387098,0.7835687006266301,27332.375082929004,440.8447594020806,1493058.9210000003,24081.595500000003,30,7391.0,0.01895395142802988,30,7391.0
40355.0,50,9411.0,151.79032258064515,1.4546986030601419,27563.070235636602,444.5656489618807,1512968.4390000002,24402.716758064522,23,7215.0,0.05956412888781126,23,7215.0
40360.0,46,9551.0,154.0483870967742,2.0966477873680724,27829.327760721182,448.8601251729222,1512968.4390000002,24402.716758064522,18,7094.0,0.10013940256208592,18,7094.0
40365.0,45,9725.0,156.8548387096774,1.960979473253702,27951.908935668016,450.8372408978713,1493133.0640000002,24082.791354838715,18,7068.0,0.07215838698755793,18,7068.0
40370.0,47,9945.0,171.4655172413793,1.0573945252690091,27844.20866783567,480.072563238546,1413695.843,24374.066258620693,21,7158.0,0.09298286832200765,21,7158.0
40375.0,48,10163.0,166.60655737704917,1.2889504603521411,27998.239001879345,458.98752462097286,1413769.16,23176.543606557374,22,7216.0,0.07117436792861193,22,7216.0
40380.0,52,10414.0,167.96774193548387,1.3006347717756344,28157.941298896487,454.1603435305886,1433766.122,23125.260032258066,26,7308.0,0.045566086432154734,26,7308.0
40385.0,56,10686.0,159.49253731343285,1.1061507967083315,28435.227683486584,424.4063833356209,1473605.0570000003,21994.10532835821,29,7420.0,0.04379820100860172,29,7420.0
40390.0,60,10978.0,163.8507462686567,1.050709650508929,28720.128073171098,428.65862795777764,1493528.1130000004,22291.46437313433,34,7552.0,0.11792463685206811,34,7552.0
40395.0,57,11132.0,163.7058823529412,0.8184235876339538,29037.538417194122,427.02262378226663,1513449.7420000003,22256.613852941176,30,7445.0,0.039881185077492144,30,7445.0
40400.0,55,11314.0,161.62857142857143,1.673149787369357,29348.994423987137,419.27134891410196,1513450.354,21620.719342857148,27,7377.0,0.046672378948383,27,7377.0
40405.0,53,11518.0,157.78082191780823,2.1298788058440263,29625.760132401418,405.8323305808414,1493543.8360000001,20459.50460273973,26,7476.0,0.06107972497504813,26,7476.0
40410.0,57,11776.0,170.66666666666666,0.9788385599832067,29498.667632032153,427.5169222033646,1414091.0809999998,20494.07363768116,30,7596.0,0.06741046158052352,30,7596.0
40415.0,55,11972.0,171.02857142857144,1.1186550852069947,29697.25192129664,424.24645601852353,1414169.1349999998,20202.416214285713,29,7643.0,0.045900024024343206,29,7643.0
40420.0,60,12265.0,170.34722222222223,1.2542280470955292,30020.42565990488,416.9503563875678,1454029.3829999997,20194.852541666667,34,7777.0,0.03711359212425735,34,7777.0
40425.0,65,12582.0,172.35616438356163,0.9435242075502657,30309.865647042927,415.2036390005881,1473963.0959999997,20191.275287671233,39,7934.0,0.010302523645064393,39,7934.0
40430.0,66,12909.0,184.4142857142857,0.528861257723074,30556.316365463295,436.51880522090426,1493897.2979999997,21341.38997142857,39,8099.0,0.022844008324558424,39,8099.0
40435.0,56,12309.0,175.84285714285716,1.033883496493316,30885.921976404603,441.22745680578015,1493897.2979999997,21341.38997142857,28,7526.0,0.04795099666364667,28,7526.0
40440.0,52,12320.0,176.0,1.3724237615939074,31204.449674440722,445.77785249201025,1493897.2979999997,21341.38997142857,23,7259.0,0.059881638358014,23,7259.0
40445.0,51,12473.0,173.23611111111111,1.5839372182822964,31113.982208148103,432.13864177983476,1473985.676,20472.02327777778,23,7337.0,0.05648156514581294,23,7337.0
40450.0,58,12714.0,174.16438356164383,1.4642951377446132,31385.46336328414,429.93785429156355,1454087.6290000002,19919.008616438354,29,7456.0,0.08141059313763153,29,7456.0
40455.0,50,12189.0,171.67605633802816,1.8276764730668127,31006.864897051102,436.71640700071987,1474030.87,20760.998169014085,24,6882.0,0.06095280710740515,24,6882.0
40460.0,55,12459.0,173.04166666666666,2.423785155056444,31305.524822124018,434.79895586283357,1493981.4900000002,20749.742916666666,29,6899.0,0.055891840415353895,29,6899.0
40465.0,60,12752.0,182.17142857142858,1.7022554300285344,31229.30600397313,446.1329429139019,1474065.8210000002,21058.083157142857,32,7023.0,0.012038442385684663,32,7023.0
40470.0,60,13052.0,207.17460317460316,0.47298990152919834,30988.765730503364,491.88517032545036,1474058.475,23397.753571428573,32,7153.0,0.01564397645807249,32,7153.0
40475.0,53,9304.0,145.375,0.9588526169425565,31225.806905025285,487.90323289102025,1474058.4970000002,23032.164015625,27,5279.0,0.03911985570067689,27,5279.0
40480.0,43,6345.0,99.140625,2.5395038395344085,31497.895133163427,492.15461145567866,1474058.4970000002,23032.164015625,27,4429.0,0.07327664164131974,27,4429.0
40485.0,36,2969.0,44.984848484848484,3.358459216842632,29529.97759360417,447.4239029333967,1439167.9420000003,21805.574878787877,29,6459.0,0.08587489694120153,29,6459.0
40490.0,38,1164.0,18.476190476190474,2.7569596557188563,23065.470200099924,366.1185746047606,1334479.7090000003,21182.217603174606,34,7961.0,0.033653029650703,34,7961.0
40495.0,36,1070.0,17.833333333333332,2.099545600616757,17402.544605969313,290.0424100994886,1229085.7400000002,20484.762333333332,29,7878.0,0.043477634389362065,29,7878.0
40500.0,43,1266.0,19.78125,2.0104548354207994,17662.712863900957,275.97988849845257,1376894.1050000002,21513.970390625,31,7959.0,1.1844106825268535e-06,31,7959.0
40505.0,48,1492.0,21.941176470588236,1.6762044578689559,17394.611232503285,255.80310636034247,1451136.1780000003,21340.237911764707,31,8100.0,0.0,31,8100.0
40510.0,54,1749.0,25.720588235294116,1.6936555685167125,17599.482729400122,258.8159224911783,1525007.9560000002,22426.587588235296,31,8254.0,0.10740640598688468,31,8254.0
40515.0,53,1619.0,25.296875,0.6237558705814058,17769.826678990492,277.6535418592265,1525004.9560000002,23828.2024375,25,8059.0,0.03279284704677383,25,8059.0
40520.0,53,1552.0,24.25,1.3275835076558538,18066.150086152233,282.2835950961287,1525004.9560000002,23828.2024375,25,7946.0,0.05521530379259545,25,7946.0
40525.0,50,1486.0,23.21875,1.3281919907814752,18275.655363793856,285.5571150592788,1505070.7540000002,23516.73053125,24,8044.0,0.05467500611785571,24,8044.0
40530.0,53,1741.0,27.203125,0.8379817134955502,18095.010270397313,282.7345354749582,1465352.482,22896.13253125,26,8208.0,0.056732863914287,26,8208.0
40535.0,52,1938.0,29.815384615384616,1.39894756301272,18229.76891863793,280.4579833636604,1465462.258,22545.573200000003,26,8308.0,0.026149836953122636,26,8308.0
40540.0,56,2209.0,32.97014925373134,1.4471349883572806,18523.627514784712,276.47205245947333,1505501.027,22470.164582089557,29,8418.0,0.09325390952429158,29,8418.0
40545.0,57,2492.0,36.64705882352941,1.0279573802804958,18777.98350937432,276.14681631432825,1525524.695,22434.18669117647,31,8542.0,0.04736589343236732,31,8542.0
40550.0,62,2792.0,41.67164179104478,0.6758554550002429,19045.602432764426,284.262722877081,1545542.2030000002,23067.79407462687,34,8678.0,0.011757646033665834,34,8678.0
40555.0,57,2949.0,43.36764705882353,1.098005256640429,19358.4610843464,284.6832512403882,1545541.5110000002,22728.55163235294,29,8519.0,0.01835944419943781,29,8519.0
40560.0,52,3103.0,47.015151515151516,1.9133839209204262,19629.272487856346,297.41321951297493,1545541.5110000002,23417.29562121212,24,8363.0,0.05763472255965832,24,8363.0
40565.0,49,3276.0,45.5,2.1399802541574977,19922.862741922116,276.70642697114056,1545547.5110000002,21465.93765277778,22,8331.0,0.06981130382214522,22,8331.0
40570.0,53,3516.0,50.95652173913044,2.0349093654299093,19848.71467943561,287.6625315860233,1485696.4650000003,21531.832826086957,27,8460.0,0.14441969879282945,27,8460.0
40575.0,47,2846.0,41.85294117647059,1.370526715561019,19672.18336171777,289.2968141429083,1465993.3490000002,21558.725720588234,24,5129.0,0.08813288084395655,24,5129.0
40580.0,45,2452.0,34.53521126760563,2.38570286416486,19966.973847589707,281.2249837688691,1486029.473,20929.99257746479,31,4319.0,0.04511013787162061,31,4319.0
40585.0,42,2060.0,28.21917808219178,3.2543788887800296,20245.756469820906,277.3391297235741,1526101.469,20905.499575342466,36,6379.0,0.07132073194885799,36,6379.0
40590.0,44,1814.0,25.914285714285715,2.3179910818025204,13857.774055856084,197.96820079794406,1387110.4079999998,19815.862971428567,42,7510.0,0.0326701638891265,42,7510.0
40595.0,41,1162.0,16.840579710144926,1.9187381621760564,10255.701624290636,148.63335687377733,1316548.8530000001,19080.418159420293,35,7065.0,0.032378658705538764,35,7065.0
40600.0,45,1077.0,15.169014084507042,1.8228141505210984,10457.97818600286,147.29546740849094,1390604.001,19585.971845070424,31,6842.0,0.05838862608263507,31,6842.0
40605.0,48,1221.0,16.06578947368421,1.4566152748660133,10741.335934662493,141.33336756134858,1481549.642,19494.074236842105,31,6985.0,0.019649099645212956,31,6985.0
40610.0,59,1479.0,19.460526315789473,1.1745434509452755,10762.739601689846,141.61499475907692,1535542.715,20204.509407894737,37,7159.0,0.01156176985236508,37,7159.0
40615.0,58,1531.0,20.144736842105264,1.1218658066033345,10811.831260745348,142.26093764138616,1572545.925,20691.39375,34,7113.0,0.027904064312543594,34,7113.0
40620.0,64,1845.0,24.276315789473685,1.311916136394813,10940.239539457632,143.95052025602146,1572546.1419999998,20691.39660526316,36,7270.0,0.004777821680580057,36,7270.0
40625.0,64,2161.0,28.43421052631579,1.6051756259202166,10990.031815339122,144.6056817807779,1572542.488,20691.34852631579,36,7440.0,0.025467937233449985,36,7440.0
40630.0,68,2482.0,33.093333333333334,1.2439383928669474,11019.939723102576,146.9325296413676,1552608.606,20701.448080000002,38,7611.0,0.07017259165160136,38,7611.0
40635.0,56,2513.0,34.90277777777778,1.2083898470111905,11235.59611383849,156.0499460255345,1552605.606,21563.966750000003,28,7083.0,0.04694334065252351,28,7083.0
40640.0,55,2645.0,37.25352112676056,1.2997444829359128,11531.077078236067,162.40953631318405,1552605.606,21867.6845915493,26,7075.0,0.08567095793999677,26,7075.0
40645.0,57,2814.0,38.54794520547945,1.0980106136910135,11638.211910625694,159.4275604195301,1552608.606,21268.61104109589,29,7202.0,0.019435615340543843,29,7202.0
40650.0,60,3069.0,42.625,1.0255093755717484,11592.302219831185,161.00419749765535,1552764.1469999999,21566.168708333335,33,7387.0,0.035476672678619245,33,7387.0
40655.0,52,2057.0,27.7972972972973,1.8206446224188129,11731.136553174727,158.528872340199,1572847.103,21254.690581081082,23,6532.0,0.08046976987724701,23,6532.0
40660.0,53,2312.0,30.826666666666668,2.90334708336445,11811.387735217542,157.48516980290054,1593081.887,21241.091826666667,26,6378.0,0.05100732090245862,26,6378.0
40665.0,57,2588.0,35.94444444444444,2.5152616067937696,11731.721371650065,162.94057460625092,1593080.8450000002,22126.122847222225,29,6510.0,0.07391510459412638,29,6510.0
40670.0,60,2879.0,44.984375,0.808806588381181,11098.362118320503,173.41190809875786,1593073.329,24891.770765625,32,6651.0,6.238394868658627e-05,32,6651.0
40675.0,53,2995.0,49.916666666666664,0.6738929188887937,11280.342757054963,188.00571261758276,1593068.855,26551.14758333333,25,6388.0,0.016615064403978697,25,6388.0
40680.0,49,3142.0,52.36666666666667,1.5735371955555881,11552.353922861434,192.53923204769055,1593068.855,26551.14758333333,21,6221.0,0.05693013353350236,21,6221.0
40685.0,46,3258.0,50.12307692307692,1.9055412402966523,11773.71437633261,181.13406732819402,1573025.915,24200.398692307695,19,6307.0,0.06985198414671262,19,6307.0
40690.0,49,3470.0,55.96774193548387,1.6392209114246281,11386.124564735817,183.64717039896473,1513197.5249999997,24406.41169354839,22,6423.0,0.11488959863279764,22,6423.0
40695.0,46,3444.0,55.54838709677419,1.3001382465376634,11526.517339537324,185.9115699925374,1513291.47,24407.92693548387,20,6333.0,0.09163409093181692,20,6333.0
40700.0,52,3681.0,55.77272727272727,1.7105738211912813,11800.552638993884,178.7962521059679,1553512.7179999999,23538.071484848486,24,6375.0,0.06971620209737063,24,6375.0
40705.0,52,3936.0,58.74626865671642,2.0978689553794734,12085.352886408768,180.3784012896831,1573621.8679999998,23486.893552238806,26,6492.0,0.08808144006638825,26,6492.0
40710.0,54,4200.0,64.61538461538461,1.407110132406506,12206.165103365904,187.7871554363985,1593726.686,24518.87209230769,28,6616.0,0.044420284405217586,28,6616.0
40715.0,51,4327.0,68.68253968253968,1.5867316277928722,12360.473735435875,196.19799580056943,1593726.686,25297.248984126985,23,6478.0,0.025984818041418743,23,6478.0
40720.0,46,4451.0,72.9672131147541,1.9214785369892502,12568.241198388678,206.03674095719137,1593726.686,26126.666983606556,18,6270.0,0.08168176693919049,18,6270.0
40725.0,46,4604.0,74.25806451612904,1.7515931501975566,12653.831174648012,204.09405120400018,1553598.1739999999,25058.035064516127,19,6350.0,0.0757397033732784,19,6350.0
40730.0,47,4819.0,79.0,1.5433675367702582,12747.509420996868,208.9755642786371,1533599.2699999998,25140.97163934426,21,6468.0,0.11349691010825393,21,6468.0
40735.0,49,5004.0,79.42857142857143,1.2689582722871993,12746.991573103427,202.3331995730702,1533777.0189999999,24345.666968253965,22,6513.0,0.06983359063694863,22,6513.0
40740.0,52,5254.0,83.39682539682539,1.3256488392369192,12893.643140447079,204.66100222931865,1533864.423,24347.054333333333,26,6623.0,0.03488454678244327,26,6623.0
40745.0,55,5524.0,82.44776119402985,1.2267537803554096,13175.639466761306,196.65133532479564,1574114.142,23494.24092537314,29,6754.0,0.04599262572034173,29,6754.0
40750.0,59,5813.0,88.07575757575758,1.0103701569322006,13418.665125235659,203.31310795811612,1594235.662,24155.085787878787,33,6903.0,0.0781107649451063,33,6903.0
40755.0,55,5964.0,90.36363636363636,0.821948664937991,13718.740750624649,207.85970834279772,1614361.668,24460.025272727275,28,6804.0,0.0495110810709016,28,6804.0
40760.0,54,6160.0,90.58823529411765,1.683248081466952,14020.740845482744,206.1873653747462,1614362.2879999997,23740.62188235294,26,6751.0,0.03780935911661315,26,6751.0
40765.0,51,6347.0,93.33823529411765,1.9978076499564799,14152.996031499273,208.13229458087164,1594327.6929999997,23445.995485294115,23,6858.0,0.058457177109568124,23,6858.0
40770.0,52,6577.0,101.18461538461538,0.8996558469601846,14155.940969082443,217.78370721665294,1534089.7689999996,23601.38106153846,25,6981.0,0.06481966749402063,25,6981.0
40775.0,54,6760.0,102.42424242424242,1.106287217717885,14289.077723945402,216.50117763553638,1514072.2789999999,22940.489075757578,28,7036.0,0.023440133586326982,28,7036.0
40780.0,57,7035.0,103.45588235294117,1.592232311879026,14588.250306164387,214.53309273771154,1554351.2379999997,22858.106441176467,30,7171.0,0.0811322138484614,30,7171.0
40785.0,59,7323.0,106.1304347826087,0.9819698770278822,14836.95060385461,215.02826962108125,1574490.8559999997,22818.708057971016,33,7319.0,0.023748776077480535,33,7319.0
40790.0,62,7630.0,115.60606060606061,0.5578033828845587,15081.502166420034,228.50760858212166,1594624.4359999995,24160.976303030304,35,7483.0,0.02520529981871364,35,7483.0
40795.0,57,7801.0,118.1969696969697,0.8896875106466646,15394.279093673982,233.24665293445423,1594624.4359999995,24160.976303030304,29,7444.0,0.04242087665243755,29,7444.0
40800.0,54,7962.0,120.63636363636364,1.6370993144717652,15694.027946319316,237.78830221695932,1594624.4359999995,24160.976303030304,26,7439.0,0.06043842777626009,26,7439.0
40805.0,50,8141.0,116.3,2.260701932450024,15718.017525327812,224.54310750468304,1534325.1809999996,21918.931157142855,23,7395.0,0.10858566363866692,23,7395.0
40810.0,52,8371.0,116.26388888888889,2.5200008186901366,15988.491574600732,222.0623829805657,1534342.8629999997,21310.317541666664,23,7476.0,0.18634653499448453,23,7476.0
40815.0,55,8630.0,123.28571428571429,1.2608051570727825,16006.704916572999,228.66721309389993,1494173.2579999997,21345.332257142854,29,7610.0,0.05228640333839372,29,7610.0
40820.0,51,8225.0,117.5,1.7787113449271228,16166.723605417272,230.95319436310385,1494246.5729999996,21346.379614285717,24,7131.0,0.10839863202833888,24,7131.0
40825.0,55,8486.0,119.52112676056338,2.407304676456648,16395.208145636327,230.9184245864272,1514428.7019999996,21329.98171830986,28,7186.0,0.043982771687557376,28,7186.0
40830.0,56,8763.0,127.0,1.9454375258084766,16316.153770366614,236.4659966719799,1534582.5619999997,22240.326985507247,30,7323.0,0.038124864440517964,30,7323.0
40835.0,61,9053.0,135.11940298507463,0.7945326221107337,16224.135055321805,242.15126948241502,1574875.8519999995,23505.60973134328,33,7473.0,0.043583319991715046,33,7473.0
40840.0,56,9161.0,136.73134328358208,1.186018197272708,16506.40222358025,246.3642122922426,1615171.9679999999,24107.044298507462,29,7463.0,0.027700997215837624,29,7463.0
40845.0,57,9441.0,136.82608695652175,1.5856222672501503,16807.88580718498,243.59254793021702,1635322.913,23700.332072463767,30,7580.0,0.08668666348833583,30,7580.0
40850.0,61,9735.0,143.16176470588235,1.3007718376325617,17068.078225756795,251.0011503787763,1635322.3169999998,24048.857602941178,33,7725.0,0.026854067953194016,33,7725.0
40855.0,62,10042.0,152.15151515151516,0.5546413870294535,17293.775699244077,262.02690453400106,1635319.1929999997,24777.56353030303,34,7882.0,0.0036316926118622034,34,7882.0
40860.0,53,10032.0,156.75,0.9598788071146089,17493.931512789386,273.34267988733416,1635322.9509999997,25551.921109375,25,7803.0,0.06780150523519601,25,7803.0
40865.0,50,10128.0,146.7826086956522,2.3380006355897587,17785.374969566,257.75905752994197,1635326.859,23700.389260869564,22,7740.0,0.06630381928812164,22,7740.0
40870.0,48,10221.0,150.30882352941177,2.4690959712938967,17957.676328867197,264.0834754245176,1615202.339,23752.97557352941,21,7835.0,0.14016346434790683,21,7835.0
40875.0,51,10440.0,160.6153846153846,1.0064573368377592,18037.181253748167,277.49509621151026,1554788.343,23919.820661538462,24,7963.0,0.0602149290620906,24,7963.0
40880.0,51,10637.0,168.84126984126985,1.2052980154397117,18123.135026356034,287.6688099421592,1514557.453,24040.59449206349,25,8044.0,0.0584165777606245,25,8044.0
40885.0,55,10903.0,160.33823529411765,1.401730256668432,18420.580644933445,270.8908918372565,1554905.345,22866.25507352941,29,8171.0,0.022512997990559093,29,8171.0
40890.0,59,11188.0,157.57746478873239,1.7682339306184809,18680.783602720745,263.1096282073344,1595254.3759999997,22468.371492957747,32,8316.0,0.08941915445655639,32,8316.0
40895.0,62,11486.0,168.91176470588235,0.6972586092449838,18929.453292725484,278.37431312831586,1595254.3759999997,23459.623176470588,34,8469.0,0.02652833407172626,34,8469.0
40900.0,54,10641.0,156.48529411764707,1.0083501144850884,19247.98565990643,283.05861264568273,1595254.3759999997,23459.623176470588,26,7889.0,0.06057990085319672,26,7889.0
40905.0,49,10615.0,156.10294117647058,1.295967711349086,19555.812766920368,287.58548186647596,1595254.3759999997,23459.623176470588,20,7616.0,0.0749546817432469,20,7616.0
40910.0,49,10777.0,163.28787878787878,1.0542133188579588,19482.048041472204,295.1825460829122,1575115.2649999997,23865.382803030305,21,7706.0,0.041743016893061945,21,7706.0
40915.0,53,11002.0,164.2089552238806,0.8905896596082836,19732.845982902774,294.5200892970563,1554986.2099999997,23208.749402985075,27,7834.0,0.011659773034208346,27,7834.0
40920.0,52,11218.0,167.43283582089552,1.5176980796509467,19758.37428226961,294.9011086905912,1575175.4839999995,23510.081850746268,26,7812.0,0.04838430079108843,26,7812.0
40925.0,51,11441.0,163.44285714285715,1.8563855605903126,19657.205619547127,280.81722313638755,1595367.8719999995,22790.969599999997,24,7771.0,0.06564322302510267,24,7771.0
40930.0,52,11678.0,171.73529411764707,1.6268439706774496,19705.012952198005,289.7796022382058,1555095.5319999997,22869.05194117647,25,7879.0,0.08080124935771528,25,7879.0
40935.0,55,11941.0,173.05797101449275,0.9038418382838251,19910.322041152325,288.5553919007583,1555144.6879999996,22538.3288115942,29,8016.0,0.05038423182554066,29,8016.0
40940.0,54,12082.0,175.1014492753623,1.2883041968897735,20007.959120579424,289.97042203738283,1514861.7329999995,21954.517869565218,28,8024.0,0.05220959996612572,28,8024.0
40945.0,57,12360.0,174.08450704225353,1.8770270781887695,20313.509523963177,286.1057679431431,1555266.3549999995,21905.159929577465,31,8155.0,0.038010294674397,31,8155.0
40950.0,60,12651.0,175.70833333333334,1.5472991330768369,20577.643326736852,285.800601760234,1595668.2809999995,22162.059458333333,33,8306.0,0.03758182833441178,33,8306.0
40955.0,65,12963.0,193.47761194029852,0.3398194017772093,20754.24795719778,309.76489488354883,1595665.2549999994,23815.899328358206,37,8474.0,0.00010746148274863555,37,8474.0
40960.0,53,12884.0,195.21212121212122,0.9857721153471365,21052.46584404073,318.9767552127382,1595665.2549999994,24176.746287878785,25,8132.0,0.05314403667563469,25,8132.0
40965.0,51,13021.0,183.3943661971831,1.6767390207855675,21357.92320767901,300.815819826465,1595669.4509999994,22474.217619718307,22,8069.0,0.07150913181138388,22,8069.0
40970.0,50,13169.0,188.12857142857143,2.0778111191340147,21641.90059355014,309.1700084792878,1575464.6199999994,22506.637428571426,22,8166.0,0.07501440290014938,22,8166.0
40975.0,55,13402.0,197.08823529411765,0.9857397012948407,21654.8579453944,318.45379331462345,1555328.4959999996,22872.477882352938,28,8301.0,0.0331618550784878,28,8301.0
40980.0,56,13642.0,206.6969696969697,0.9053593301055319,21577.31278234099,326.92898155062096,1575545.1459999997,23871.89615151515,30,8417.0,0.030535473699318385,30,8417.0
40985.0,60,13934.0,199.05714285714285,1.2097427240057597,21895.323305109032,312.790332930129,1595763.1099999996,22796.615857142857,33,8568.0,0.0025402364819522047,33,8568.0
40990.0,64,14242.0,203.45714285714286,1.106948216582101,22044.86187412892,314.92659820184167,1575615.2279999997,22508.788971428574,34,8727.0,0.07307864701249399,34,8727.0
40995.0,64,14554.0,217.22388059701493,0.32019187708523694,22327.62830934675,333.24818372159325,1575614.6299999997,23516.636268656715,36,8889.0,0.0014691456655462132,36,8889.0
41000.0,59,14698.0,219.37313432835822,0.6894304092275112,22648.51272946601,338.03750342486575,1575614.6299999997,23516.636268656715,31,8791.0,0.04183009126516405,31,8791.0
41005.0,57,14873.0,218.72058823529412,1.317429138816339,22960.75177737122,337.6581143731061,1575614.6299999997,23170.80338235294,29,8764.0,0.04883427714306112,29,8764.0
41010.0,55,15044.0,224.53731343283582,0.9622447915632968,23066.94176279482,344.2827128775346,1535261.3319999997,22914.348238805967,27,8889.0,0.06523498401192102,27,8889.0
41015.0,60,15267.0,218.1,0.7883618768422332,23110.250526009353,330.1464360858478,1515188.2389999996,21645.546271428568,31,9048.0,0.06110716257594348,31,9048.0
41020.0,46,10321.0,147.44285714285715,1.9218765302180203,23301.46671434017,332.8780959191452,1515262.1739999996,21646.602485714284,23,5007.0,0.12559686658207997,23,5007.0
41025.0,45,6742.0,93.63888888888889,2.512672352794855,23596.09909090179,327.72359848474713,1555761.1019999997,21607.793083333334,29,5236.0,0.10962688437578286,29,5236.0
41030.0,42,3567.0,49.541666666666664,2.290941969785718,23840.71008354988,331.1209733826372,1596248.6579999996,22170.12025,36,5894.0,0.028016667232463675,36,5894.0
41035.0,46,1687.0,24.808823529411764,1.5872548307891108,19863.52274681623,292.11062862965036,1487880.6429999995,21880.597691176474,41,6512.0,4.508286939018638e-05,41,6512.0
41040.0,39,1587.0,23.686567164179106,1.649407893556955,17211.440338376022,256.8871692294929,1453106.7039999997,21688.15976119403,30,6328.0,0.02792859878697988,30,6328.0
41045.0,45,1689.0,22.52,1.4727660198415853,16015.184167636553,213.53578890182075,1491775.1209999996,19890.33494666667,28,6444.0,0.015997329654152962,28,6444.0
41050.0,51,1851.0,24.68,1.9080503345842441,16287.016629358506,217.1602217247802,1508951.6539999996,20119.355386666666,28,6580.0,0.0599331841211721,28,6580.0
41055.0,60,2098.0,28.73972602739726,0.6887940088009185,16464.62160623716,225.54276172927618,1488699.6739999999,20393.146219178085,35,6753.0,0.01696374423617849,35,6753.0
41060.0,51,932.0,12.944444444444445,1.779886415767544,16659.562350130986,231.38281041848592,1508968.4959999998,20957.895777777776,26,5841.0,0.05767880491147826,26,5841.0
41065.0,53,1196.0,16.61111111111111,2.7542037705079156,16925.528726140707,235.07678786306536,1529238.5659999999,21239.42452777778,27,5619.0,0.04991744419293123,27,5619.0
41070.0,55,1469.0,20.690140845070424,2.24137888706516,16789.692986466835,236.47454910516674,1509068.5459999999,21254.486563380284,28,5758.0,0.0011804793993660868,28,5758.0
41075.0,56,1747.0,27.296875,1.4476894504045728,15986.475144242955,249.78867412879615,1509060.846,23579.07571875,29,5901.0,1.0388659373239585e-06,29,5901.0
41080.0,49,1714.0,28.566666666666666,1.0035043645516162,16045.629925708366,267.4271654284728,1509056.1939999997,25150.936566666667,22,5839.0,0.04546254259889975,22,5839.0
41085.0,50,1962.0,32.7,1.6096344861381457,16299.28802319475,271.65480038657915,1509056.1939999997,25150.936566666667,23,5870.0,0.038702476911771574,23,5870.0
41090.0,51,2213.0,37.50847457627118,1.3716164047675823,16502.717067610232,279.70706894254624,1509053.713,25577.18157627119,24,5978.0,0.03573549240891102,24,5978.0
41095.0,53,2475.0,41.94915254237288,1.007705226306583,16674.733155906786,282.62259586282687,1509053.0269999998,25577.169949152543,26,6095.0,0.02413131944843663,26,6095.0
41100.0,47,2432.0,43.42857142857143,1.2814712545653357,16760.445821464127,299.2936753832879,1509053.0269999998,26947.375482142852,20,5861.0,0.046552937967266665,20,5861.0
41105.0,43,2406.0,40.779661016949156,1.9372847806527003,17018.01796942811,288.44098253267975,1509053.0269999998,25577.169949152543,16,5548.0,0.04977408098483616,16,5548.0
41110.0,41,2427.0,41.8448275862069,2.114587720552038,17060.260992815143,294.1424309106059,1488878.3969999999,25670.317189655176,15,5617.0,0.1626152760117972,15,5617.0
41115.0,46,2600.0,46.42857142857143,0.903081890878834,16895.06274025672,301.6975489331556,1448570.198,25867.324964285715,20,5747.0,0.07179937760158116,20,5747.0
41120.0,43,2723.0,47.771929824561404,1.5899248974408577,16814.688872462062,294.9945416221413,1428494.948,25061.314877192985,18,5786.0,0.09796994881370354,18,5786.0
41125.0,46,2947.0,47.53225806451613,2.0955147788757102,17069.051447244787,275.30728140717395,1469137.275,23695.762499999997,21,5845.0,0.028120009363468968,21,5845.0
41130.0,49,3184.0,52.19672131147541,2.0714175871995546,17297.73224019396,283.56938098678626,1489453.693,24417.273655737703,24,5947.0,0.10608347804846043,24,5947.0
41135.0,54,3443.0,56.442622950819676,0.9222947911223605,17452.83358961506,286.1120260592633,1530087.266,25083.39780327869,29,6071.0,0.043498007174442604,29,6071.0
41140.0,49,3528.0,58.8,1.13500063704453,17680.299528276482,294.6716588046081,1550403.4340000001,25840.057233333337,23,5811.0,0.08459530849179428,23,5811.0
41145.0,46,3657.0,58.04761904761905,1.8463529200739661,17950.221825452958,284.9241559595708,1550404.754,24609.599269841277,19,5661.0,0.06586951661848027,19,5661.0
41150.0,43,3816.0,62.557377049180324,2.314633350960121,17955.025020472964,294.34467246676996,1509929.4479999999,24752.941770491805,17,5737.0,0.10380730822141902,17,5737.0
41155.0,45,4026.0,69.41379310344827,1.0640953402889506,17852.726337323063,307.80562650557,1449200.666,24986.218379310347,20,5840.0,0.08097134070991721,20,5840.0
41160.0,48,4194.0,72.3103448275862,0.8755066071868418,17911.635449315814,308.82130085027273,1469636.577,25338.561672413794,22,5873.0,0.0396406968982183,22,5873.0
41165.0,51,4440.0,70.47619047619048,1.3187653105956052,18190.80575481233,288.74294848908477,1489965.567,23650.247095238097,26,5984.0,0.02043181595816173,26,5984.0
41170.0,58,4705.0,69.19117647058823,1.5468025184529512,18441.808920168663,271.20307235542145,1530627.554,22509.228735294117,30,6114.0,0.0860563094265363,30,6114.0
41175.0,58,4981.0,76.63076923076923,0.8710006863238646,18677.409485390846,287.3447613137053,1530626.9540000001,23548.106984615384,31,6251.0,0.0790468187598331,31,6251.0
41180.0,54,5124.0,78.83076923076923,0.9593173221415596,18979.50845319395,291.99243774144537,1530626.9540000001,23548.106984615384,27,6137.0,0.0704021548470596,27,6137.0
41185.0,53,5299.0,81.52307692307693,1.5603279696575427,19271.890118965854,296.49061721485924,1530626.9540000001,23548.106984615384,26,6036.0,0.0571923219140794,26,6036.0
41190.0,50,5454.0,85.21875,1.3159491473257856,19540.69028990244,305.3232857797256,1510294.908,23598.357937499997,24,6150.0,0.0563439041783139,24,6150.0
41195.0,56,5698.0,87.66153846153846,0.7156634786208422,19513.79997273788,300.2123072728906,1469818.351,22612.590015384612,28,6291.0,0.03318291108625382,28,6291.0
41200.0,50,5856.0,90.0923076923077,1.6176079373915877,19652.791280461144,302.3506350840176,1469918.127,22614.125030769228,25,6332.0,0.08144020210366658,25,6332.0
41205.0,54,6117.0,86.15492957746478,1.6988585798920972,19947.46359113555,280.95019142444426,1510609.1150000002,21276.18471830986,29,6458.0,0.0706045462566888,29,6458.0
41210.0,59,6402.0,91.45714285714286,1.3944014982775352,20079.204948738014,286.84578498197163,1510713.3150000002,21581.618785714283,34,6608.0,0.06098260110554056,34,6608.0
41215.0,63,6703.0,98.57352941176471,0.569276561136445,20320.583994432807,298.8321175651883,1531062.761,22515.628838235294,37,6773.0,0.02554265967937055,37,6773.0
41220.0,59,6867.0,104.04545454545455,0.585688541578443,20601.613836601737,312.14566419093535,1531059.761,23197.875166666665,32,6717.0,0.01662074033027792,32,6717.0
41225.0,54,7035.0,99.08450704225352,1.7426291136446344,20915.265242299218,294.5812005957635,1531063.677,21564.277140845068,27,6718.0,0.04883215112537112,27,6718.0
41230.0,52,7220.0,103.14285714285714,2.0404907073293725,21058.734685310625,300.8390669330089,1510794.122,21582.773171428573,26,6836.0,0.12713775773832078,26,6836.0
41235.0,57,7470.0,108.26086956521739,0.9074379527266596,21318.166022369413,308.9589278604261,1490487.4789999998,21601.267811594204,31,6980.0,0.04135599118359259,31,6980.0
41240.0,49,6752.0,100.77611940298507,1.583455949460658,21341.479833919988,318.5295497599998,1449892.6779999998,21640.189223880596,24,6325.0,0.08709223306703041,24,6325.0
41245.0,53,7007.0,98.69014084507042,2.5090366312492054,21626.54326375785,304.59920089799783,1490624.006,20994.704309859157,28,6255.0,0.02717181140978905,28,6255.0
41250.0,55,7277.0,101.06944444444444,2.489281594412423,21617.60575896372,300.2445244300516,1510987.26,20985.934166666666,30,6390.0,0.05231865806611109,30,6390.0
41255.0,58,7559.0,114.53030303030303,1.2962876646721768,21173.311040705685,320.8077430409952,1531343.364,23202.17218181818,31,6533.0,0.029524426683908686,31,6533.0
41260.0,54,7676.0,121.84126984126983,1.082709472283771,21390.108477111604,339.5255313827239,1531342.7340000002,24307.027523809527,27,6510.0,0.06045765601889259,27,6510.0
41265.0,55,7949.0,126.17460317460318,1.2326784513539997,21676.875093232225,344.0773824322575,1531342.7340000002,24307.027523809527,28,6633.0,3.736661414649147e-06,28,6633.0
41270.0,55,8224.0,134.81967213114754,1.2746897064589935,21872.987998456952,358.5735737451958,1531339.1039999998,25103.91973770492,28,6763.0,0.0,28,6763.0
41275.0,55,8499.0,144.05084745762713,0.6060005002251756,22028.27732143067,373.36063256662146,1531338.42,25954.88847457627,28,6893.0,0.0,28,6893.0
41280.0,48,8472.0,148.6315789473684,1.2391219533849351,22274.405239817122,390.7790392950372,1531338.42,26865.58631578947,21,6724.0,0.02949193758646296,21,6724.0
41285.0,43,8480.0,134.6031746031746,2.217354224650967,22534.53926137001,357.69109938682556,1531344.42,24307.05428571429,16,6615.0,0.09661740982619464,16,6615.0
41290.0,42,8533.0,137.6290322580645,2.8464950929989374,22724.787134479284,366.5288247496659,1510994.088,24370.872387096773,16,6598.0,0.18599827288230206,16,6598.0
41295.0,46,8711.0,145.18333333333334,1.1619982155410855,22673.595482646804,377.8932580441134,1470398.192,24506.636533333334,20,6714.0,0.07010626950959324,20,6714.0
41300.0,48,8931.0,148.85,1.3391546404223338,22572.167219242056,376.2027869873673,1429829.6,23830.493333333336,23,6835.0,0.07197808895042034,23,6835.0
41305.0,51,9181.0,148.08064516129033,1.528949242888039,22844.286004196078,368.4562258741301,1470633.453,23719.894403225804,26,6950.0,0.027097425768735573,26,6950.0
41310.0,54,9445.0,149.9206349206349,1.2288917623124376,23101.35131688711,366.688116141065,1511435.1049999997,23991.03341269841,28,7079.0,0.04186246043908891,28,7079.0
41315.0,58,9727.0,159.45901639344262,0.2519681594926342,23355.234965531145,382.87270435296955,1531831.4929999998,25111.99168852459,33,7226.0,0.011945151400841113,33,7226.0
41320.0,52,9861.0,159.0483870967742,1.0652979389220012,23647.601362418278,381.4129252002946,1552232.7539999997,25036.01216129032,26,7108.0,0.07890073543900099,26,7108.0
41325.0,48,10003.0,151.56060606060606,1.9071408422943614,23928.873632001105,362.55869139395594,1552234.15,23518.69924242424,21,7038.0,0.06295737585927083,21,7038.0
41330.0,47,10178.0,154.21212121212122,2.3255770832396543,24147.089307031405,365.86498950047576,1531872.6679999998,23210.191939393935,21,7130.0,0.13166186378477635,21,7130.0
41335.0,52,10412.0,165.26984126984127,0.8505334971567173,24149.126652876526,383.3194706805796,1470809.1469999999,23346.176936507938,26,7251.0,0.05430921722143904,26,7251.0
41340.0,53,10635.0,171.53225806451613,0.8521216342456844,24202.9374750584,390.36995927513533,1450531.8669999999,23395.67527419355,28,7349.0,0.048533952391673164,28,7349.0
41345.0,56,10908.0,162.80597014925374,1.218217926613735,24502.74248776495,365.7125744442529,1491351.4029999997,22258.976164179105,31,7487.0,0.014635965291406785,31,7487.0
41350.0,61,11198.0,164.6764705882353,1.0193159325211505,24765.40781473203,364.19717374605904,1511764.6659999997,22231.833323529412,34,7642.0,0.08315515654675787,34,7642.0
41355.0,62,11497.0,171.59701492537314,0.5257493270457488,25053.541734168135,373.9334587189272,1532181.0239999997,22868.373492537314,36,7805.0,0.026417444063482395,36,7805.0
41360.0,53,10839.0,161.77611940298507,1.134290937839756,25367.200903238296,378.6149388543028,1532181.0239999997,22868.373492537314,26,7349.0,0.05788909986718526,26,7349.0
41365.0,51,10924.0,156.05714285714285,1.7612471053494123,25674.932641634605,366.7847520233515,1532184.0239999997,21888.3432,23,7135.0,0.07127197244148793,23,7135.0
41370.0,49,11091.0,163.10294117647058,1.595529215524035,25620.537427331485,376.77260922546293,1511836.4239999999,22232.88858823529,23,7239.0,0.07658120068857159,23,7239.0
41375.0,59,11336.0,161.94285714285715,0.9774955438284095,25883.041453831735,369.75773505473893,1491458.3609999998,21306.548014285716,31,7379.0,0.01253983131568568,31,7379.0
41380.0,54,11524.0,169.47058823529412,1.5205627650810722,25656.447455772264,377.3006978790039,1511882.523,22233.566514705883,29,7447.0,0.05760224036924045,29,7447.0
41385.0,58,11807.0,171.1159420289855,1.504719780095742,25958.256658554114,376.20661823991446,1532312.799,22207.43186956522,32,7594.0,0.04852888522820211,32,7594.0
41390.0,61,12109.0,183.46969696969697,0.7511885626564673,26084.9549274254,395.2265898094757,1511944.1330000001,22908.24443939394,34,7751.0,5.6040314070653896e-05,34,7751.0
41395.0,61,12414.0,193.96875,0.5642239592183964,26333.295728947374,411.4577457648026,1511944.1330000001,23624.127078125,34,7911.0,0.0,34,7911.0
41400.0,55,12535.0,202.17741935483872,0.6510951957895431,26623.86867754388,429.4172367345785,1511943.9590000003,24386.19288709678,28,7784.0,0.01673604069163333,28,7784.0
41405.0,51,12663.0,183.52173913043478,1.7366439985618827,26900.808871590274,389.8667952404388,1511955.787,21912.40271014493,24,7709.0,0.05794193661416888,24,7709.0
41410.0,48,12804.0,188.2941176470588,2.3984205413130586,27031.444964319042,397.5212494752799,1491593.122,21935.192970588236,22,7809.0,0.19415196996139641,22,7809.0
41415.0,53,13023.0,194.37313432835822,0.7926512040659371,27138.924148765782,405.0585693845638,1471275.411,21959.334492537313,27,7943.0,0.049529429788595196,27,7943.0
41420.0,49,12383.0,187.62121212121212,1.4693699961071194,27197.122523301998,412.0776139894242,1450966.3369999998,21984.33843939394,23,7324.0,0.07221654061192732,23,7324.0
41425.0,51,12630.0,185.73529411764707,2.367308507930972,27476.788268560533,404.07041571412526,1491886.8119999997,21939.511941176464,26,7305.0,0.05888921279853708,26,7305.0
41430.0,54,12894.0,179.08333333333334,2.3542737362217547,27761.216735639322,385.5724546616571,1532805.6139999998,21288.96686111111,28,7434.0,0.03288893175543909,28,7434.0
41435.0,57,13173.0,209.0952380952381,0.9049606393016635,27087.416940208615,429.9589990509303,1532796.8599999999,24330.108888888888,30,7574.0,0.0016773880464922436,30,7574.0
41440.0,51,13305.0,218.11475409836066,0.8836972487609467,27343.657298609894,448.25667702639157,1532796.4,25127.80983606557,24,7496.0,0.04248355518335627,24,7496.0
41445.0,49,13448.0,210.125,1.6523447431199907,27625.883317684908,431.6544268388267,1532799.4,23949.990625,22,7430.0,0.06519277781024087,22,7430.0
41450.0,47,13611.0,216.04761904761904,1.8041629437656879,27883.7671953552,442.5994792913522,1512336.2529999998,24005.337349206347,21,7524.0,0.10192322880390096,21,7524.0
41455.0,50,13830.0,219.52380952380952,0.993982949828553,27897.8348924953,442.8227760713539,1471550.08,23357.937777777774,24,7641.0,0.04352989130703164,24,7641.0
41460.0,48,13875.0,223.79032258064515,1.5742790975853271,27926.467412118283,450.4268937438433,1451226.986,23406.88687096774,23,7603.0,0.08506208083290126,23,7603.0
41465.0,51,14124.0,210.80597014925374,1.598701896253329,28213.206717705925,421.09263757770026,1492179.192,22271.3312238806,26,7682.0,0.03781988945742549,26,7682.0
41470.0,55,14392.0,214.80597014925374,1.6586196086765923,28404.84916762801,423.9529726511642,1533129.9100000001,22882.535970149253,29,7815.0,0.08644217600717184,29,7815.0
41475.0,57,14669.0,218.9402985074627,1.0231303559830922,28655.456561819312,427.6933815196911,1553606.796,23188.161134328355,32,7957.0,0.02571619942621452,32,7957.0
41480.0,55,14808.0,221.01492537313433,1.2290626072057105,28898.5414056593,431.3215135173029,1553607.324,23188.16901492537,28,7869.0,0.03461909920013217,28,7869.0
41485.0,49,14948.0,223.1044776119403,2.350755736599375,29104.308848302273,434.3926693776457,1553607.994,23188.179014925372,22,7727.0,0.07136683274978974,22,7727.0
41490.0,46,15108.0,225.49253731343285,2.2941790513948193,29375.39152453791,438.438679470715,1553607.994,23188.179014925372,20,7824.0,0.12036947227853056,20,7824.0
41495.0,53,15347.0,239.796875,1.1005677736000663,29339.954915298506,458.4367955515389,1471851.6069999998,22997.681359374998,28,7978.0,0.0526000436920303,28,7978.0
41500.0,53,15528.0,246.47619047619048,1.0034909240932592,29260.975253974313,464.45992466625876,1451577.622,23040.914634920635,27,8034.0,0.04044269059923919,27,8034.0
41505.0,54,15792.0,239.27272727272728,1.5509189758988393,29548.94680571766,447.71131523814626,1472072.2140000002,22304.124454545457,29,8166.0,0.04060171722068396,29,8166.0
41510.0,56,16069.0,243.46969696969697,1.4961535611557835,29796.470055028156,451.46166750042653,1513047.7410000002,22924.965772727275,31,8302.0,0.04008197957601705,31,8302.0
41515.0,59,16357.0,255.578125,0.43071525667024174,30020.59699303348,469.07182801614806,1533534.793,23961.481140625,33,8437.0,0.027662833054542004,33,8437.0
41520.0,51,15852.0,251.61904761904762,0.8759541442898885,30318.584875389886,481.24737897444265,1533534.793,24341.82211111111,24,7922.0,0.037126281490268684,24,7922.0
41525.0,46,15919.0,230.71014492753622,1.7667922131210692,30617.59220028109,443.7332202939287,1533540.793,22225.228884057968,18,7818.0,0.07192649370642652,18,7818.0
41530.0,49,16080.0,233.04347826086956,1.9295761998132104,30756.91168258146,445.75234322581815,1492624.5069999998,21632.239231884054,20,7881.0,0.13706472073827144,20,7881.0
41535.0,52,16299.0,239.69117647058823,0.9902965938620842,30779.68269870806,452.64239262805955,1492639.589,21950.58219117647,26,7983.0,0.02448742779059594,26,7983.0
41540.0,56,16545.0,243.30882352941177,1.4091881639125945,30888.538041648062,454.2432064948243,1513145.1709999996,22252.134867647055,30,8088.0,0.05104568157129852,30,8088.0
41545.0,58,16829.0,247.48529411764707,1.242909399193041,31003.31416103687,455.9310906034832,1533651.7049999998,22553.701544117645,33,8217.0,0.016675827019281036,33,8217.0
41550.0,59,17123.0,259.43939393939394,1.118436216331804,31136.15649750062,471.7599469318274,1513220.8249999997,22927.588257575757,33,8352.0,0.016859494520488034,33,8352.0
41555.0,63,17424.0,268.0615384615385,0.29783191167900386,31408.24553861266,483.2037775171176,1513220.2869999998,23280.31210769231,34,8488.0,3.739011030543965e-07,34,8488.0
41560.0,55,17561.0,270.16923076923075,0.999686660637087,31703.669134720134,487.74875591877117,1513217.6959999998,23280.272246153843,28,8414.0,0.04978798170780904,28,8414.0
41565.0,51,17688.0,268.0,1.8883940061058064,31995.936085469708,484.7869103859045,1513217.6959999998,22927.54084848485,24,8345.0,0.10896542221487904,24,8345.0
41570.0,49,17834.0,274.3692307692308,1.2708307029558918,32270.40063846576,496.4677021302423,1492708.7769999998,22964.750415384617,23,8427.0,0.0701410531030513,23,8427.0
41575.0,55,18077.0,282.453125,0.7378383836275805,32304.453304889583,504.75708288889956,1472327.704,23005.120375,29,8558.0,0.03860441281386643,29,8558.0
41580.0,47,17571.0,278.9047619047619,1.571733366836844,32365.45404666902,513.7373658201429,1451928.038,23046.476793650792,22,8004.0,0.0847683218085544,22,8004.0
41585.0,50,17813.0,254.47142857142856,2.4145594360863853,32648.740495513106,466.41057850733,1492999.5420000001,21328.564885714288,25,8025.0,0.022076539767990743,25,8025.0
41590.0,53,18074.0,261.94202898550725,2.473857806193695,32664.219940944906,473.39449189775223,1513532.649,21935.255782608696,28,8159.0,0.0783735929917418,28,8159.0
41595.0,58,18351.0,291.2857142857143,0.369296589488921,32417.682762880842,514.5663930616006,1534057.619,24350.120936507934,31,8297.0,0.022736395102433454,31,8297.0
41600.0,55,18493.0,298.2741935483871,0.6577706470564296,32675.933881424688,527.0311916358818,1534056.7289999998,24742.850467741937,28,8194.0,0.02077949475257145,28,8194.0
41605.0,51,18667.0,282.8333333333333,1.8758404669208602,32965.4288675381,499.4761949626983,1534059.7289999998,23243.329227272723,24,8118.0,0.07764010328047449,24,8118.0
41610.0,48,18817.0,280.85074626865674,1.9894101780167286,33200.32859065055,495.52729239776914,1513551.499,22590.320880597013,22,8194.0,0.1026117849637686,22,8194.0
41615.0,53,19050.0,293.0769230769231,1.0870984289754586,33097.48046521748,509.1920071571919,1452136.808,22340.566276923077,27,8299.0,0.036316796684441884,27,8299.0
41620.0,49,19064.0,288.8484848484849,1.5388052898764015,33390.97161435016,505.92381233863864,1472691.613,22313.509287878787,24,8201.0,0.07914889795273931,24,8201.0
41625.0,53,19319.0,288.34328358208955,1.975292356179351,33556.202559278674,500.8388441683381,1493320.459,22288.365059701493,28,8264.0,0.08047208078638247,28,8264.0
41630.0,56,19589.0,292.3731343283582,1.6124095803586522,33756.445884951994,503.8275505216716,1534411.4529999997,22901.66347761194,30,8374.0,0.011344457346082795,30,8374.0
41635.0,59,19878.0,310.59375,0.7634026948023298,33875.98912654609,529.3123301022824,1534410.7729999998,23975.168328125,32,8498.0,1.5563741761403838e-06,32,8498.0
41640.0,52,20005.0,317.53968253968253,1.294008329962478,34107.406340864545,541.387402235945,1534414.069,24355.778873015875,25,8374.0,0.048751740608147305,25,8374.0
41645.0,47,20139.0,300.5820895522388,1.9091604653929186,34391.85462405624,513.3112630456155,1534417.069,22901.74729850746,20,8271.0,0.07751517695191286,20,8271.0
41650.0,47,20303.0,303.02985074626866,2.907905678945013,34664.886009903894,517.3863583567745,1534417.069,22901.74729850746,21,8148.0,0.16248809667895708,21,8148.0
41655.0,49,20518.0,320.59375,1.7588814750952626,34615.19464247397,540.862416288656,1472923.5129999998,23014.429890625,23,8237.0,0.0955351338261574,23,8237.0
41660.0,54,20776.0,314.7878787878788,1.0584158096274177,34522.98307035731,523.07550106602,1452606.6059999997,22009.191,28,8352.0,0.0570417188218648,28,8352.0
41665.0,51,20992.0,322.95384615384614,1.6665407204820422,34645.26304933181,533.004046912797,1432129.5719999997,22032.762646153846,26,8408.0,0.0740396082685379,26,8408.0
41670.0,55,21264.0,317.3731343283582,1.198606590567929,34941.245138435654,521.5111214691889,1473265.0909999998,21989.031208955224,30,8520.0,0.038524959368332695,30,8520.0
41675.0,61,21554.0,316.97058823529414,1.1697806166515425,35213.567673799436,517.8465834382271,1514395.359,22270.519985294115,35,8650.0,0.025424881995663166,35,8650.0
41680.0,61,21855.0,331.1363636363636,0.6501832422062666,35486.7499261625,537.6780291842805,1534960.6639999999,23256.979757575755,36,8791.0,0.04985284545210282,36,8791.0
41685.0,52,21258.0,295.25,1.061154924105335,35786.7071611873,497.03759946093476,1576090.2820000001,21890.142805555555,26,8278.0,0.053092888495750876,26,8278.0
41690.0,49,21235.0,294.93055555555554,1.972583305914229,36099.11945302697,501.37665906981925,1576090.2820000001,21890.142805555555,20,7991.0,0.09511881020035279,20,7991.0
41695.0,49,21429.0,297.625,1.5888375078806007,36409.14966144854,505.6826341867848,1576090.2820000001,21890.142805555555,22,8059.0,0.06391623841326849,22,8059.0
41700.0,56,21677.0,318.77941176470586,0.8017147625290264,36379.84740813262,534.9977560019503,1514394.9560000002,22270.51405882353,31,8173.0,0.008316801664478365,31,8173.0
41705.0,58,21933.0,313.3285714285714,1.2826164314611785,36413.261174533756,520.1894453504823,1514402.083,21634.31547142857,33,8277.0,0.01260391912989855,33,8277.0
41710.0,62,22229.0,313.0845070422535,1.2885244260932878,36313.289057242946,511.454775454126,1534978.5210000002,21619.415788732393,34,8412.0,0.10285066264628367,34,8412.0
41715.0,63,22535.0,321.92857142857144,0.6356585605772356,36509.22858305382,521.5604083293402,1514444.306,21634.918657142854,36,8548.0,0.0015221205093029146,36,8548.0
41720.0,65,22860.0,336.1764705882353,0.43758372538057655,36792.64478544543,541.0683056683152,1514444.306,22271.239794117646,38,8703.0,0.04851147296829237,38,8703.0
41725.0,60,22995.0,333.2608695652174,0.5840845455280351,37126.193899722486,538.0607811553986,1514444.306,21948.468202898548,33,8634.0,0.013611758288315763,33,8634.0
41730.0,57,23135.0,335.28985507246375,1.4256295234089522,37443.82714229947,542.664161482601,1514444.306,21948.468202898548,30,8607.0,0.06794326414039312,30,8607.0
41735.0,57,23303.0,328.2112676056338,1.2209460307461342,37725.882996287866,531.3504647364489,1493879.5280000002,21040.556732394365,29,8717.0,0.04651304315810539,29,8717.0
41740.0,57,23555.0,341.3768115942029,0.8710906193108398,37675.28493128867,546.0186221925894,1452867.5790000001,21056.051869565217,32,8884.0,0.048990052811560346,32,8884.0
41745.0,53,22950.0,327.85714285714283,1.476404962797204,37889.311083098626,541.2758726156948,1473527.8020000001,21050.39717142857,26,8227.0,0.08021301372254498,26,8227.0
41750.0,55,23214.0,326.9577464788732,2.4076752899444003,38186.456126928824,537.8374102384344,1494133.7970000003,21044.137985915495,30,8223.0,0.04630332775344787,30,8223.0
41755.0,58,23497.0,335.6714285714286,1.8454111672964992,38143.327498120496,544.9046785445787,1535337.185,21933.388357142856,33,8346.0,0.02752449914497906,33,8346.0
41760.0,60,23795.0,377.6984126984127,0.40847178443762244,37850.22890784019,600.7972842514316,1535329.333,24370.306873015874,33,8476.0,0.0003776164931240294,33,8476.0
41765.0,55,23888.0,346.2028985507246,1.2371235230841413,38115.08284322549,552.3925049742827,1535339.083,22251.291057971015,28,8431.0,0.021211448671808443,28,8431.0
41770.0,55,24163.0,350.18840579710144,2.2366988219350805,38407.4125207612,556.6291669675536,1535339.083,22251.291057971015,28,8504.0,0.11252749540056302,28,8504.0
41775.0,56,24439.0,359.3970588235294,1.1389273538860063,38658.47526194027,568.5069891461806,1535338.191,22578.50280882353,29,8610.0,0.029587852036105578,29,8610.0
41780.0,62,24743.0,374.8939393939394,0.6936262709424468,38891.20240106654,589.2606424404023,1535338.013,23262.697166666672,35,8744.0,3.792177873771615e-05,35,8744.0
41785.0,55,24757.0,392.968253968254,0.8709500204298747,39068.561122286075,620.1358908299379,1535338.013,24370.44465079365,28,8578.0,0.01550470033529277,28,8578.0
41790.0,51,24844.0,388.1875,1.7585929923729464,39348.09553210217,614.8139926890967,1535339.513,23989.679890624997,24,8481.0,0.062029343783880704,24,8481.0
41795.0,47,24880.0,382.7692307692308,2.257879838655214,39584.68697109813,608.9951841707405,1514734.0450000002,23303.600692307693,21,8463.0,0.09327936803816814,21,8463.0
41800.0,47,25075.0,391.796875,1.4698780642145215,39551.51863498328,617.9924786716138,1473648.1970000002,23025.753078125003,22,8575.0,0.11987168655512741,22,8575.0
41805.0,49,25213.0,400.2063492063492,1.1181503641644779,39450.5126993448,626.1986142753143,1432612.4470000002,22739.880111111113,24,8593.0,0.046203687310828793,24,8593.0
41810.0,53,25470.0,391.84615384615387,1.4257556945564533,39736.57512691055,611.3319250293932,1473905.7650000001,22675.473307692308,28,8688.0,0.07339481986974473,28,8688.0
41815.0,56,25742.0,373.07246376811594,1.6996494601516112,40032.73635617964,580.1845848721684,1515186.806,21959.229072463768,30,8800.0,0.02706205433164105,30,8800.0
41820.0,60,26030.0,400.46153846153845,0.8624075686079856,40211.05573982932,618.6316267666049,1535826.0550000002,23628.093153846155,34,8927.0,0.026686528940444775,34,8927.0
41825.0,49,25558.0,387.24242424242425,1.223220184394767,40471.32744671048,613.2019310107647,1535823.0550000002,23270.046287878788,22,8354.0,0.05143985435609973,22,8354.0
41830.0,46,25550.0,387.1212121212121,2.167447956668988,40756.621841006905,617.5245733485893,1535823.0550000002,23270.046287878788,18,8091.0,0.16438266551505143,18,8091.0
41835.0,46,25716.0,389.6363636363636,1.6964219818006552,41042.323675530875,621.8533890231951,1535823.0550000002,23270.046287878788,19,8144.0,0.04391677844768325,19,8144.0
41840.0,53,25944.0,405.375,0.8355311216502075,40675.19616953188,635.5499401489353,1494622.3320000004,23353.4739375,27,8249.0,0.016763897551103912,27,8249.0
41845.0,52,26168.0,396.4848484848485,1.6835817615094244,40596.902088365045,615.1045770964403,1515283.8140000002,22958.845666666664,27,8327.0,0.036219119437837524,27,8327.0
41850.0,55,26435.0,388.75,1.8810689375924599,40882.999003840014,601.2205735858828,1556602.4120000002,22891.211941176472,29,8434.0,0.09061317162103713,29,8434.0
41855.0,59,26719.0,411.0615384615385,0.7267778475706258,40975.11452950644,630.3863773770222,1536038.8260000001,23631.366553846157,32,8550.0,0.023298601442057122,32,8550.0
41860.0,62,27025.0,428.968253968254,0.17817739328436838,41263.6258204031,654.9781876254459,1536038.504,24381.56355555556,35,8686.0,0.02202627248286635,35,8686.0
41865.0,56,27149.0,417.67692307692306,0.7217658293192749,41571.35625663666,639.5593270251794,1536039.72,23631.380307692307,29,8512.0,0.018878348448783295,29,8512.0
41870.0,51,27276.0,419.6307692307692,1.86645981712109,41860.77012999904,644.0118481538312,1536039.72,23631.380307692307,24,8368.0,0.06560695749145123,24,8368.0
41875.0,49,27421.0,421.8615384615385,1.7826710554015022,42097.995095176244,647.6614630027115,1515396.6219999997,23313.794184615388,23,8356.0,0.10818810172896637,23,8356.0
41880.0,53,27649.0,438.87301587301585,1.044423309236639,42035.07345072721,667.2233881067812,1474281.3149999997,23401.29071428572,27,8471.0,0.06253627176730324,27,8471.0
41885.0,53,27863.0,422.1666666666667,1.217060559182325,41997.65050949405,636.328038022637,1453823.784,22027.63309090909,28,8548.0,0.03711154237508034,28,8548.0
41890.0,58,28137.0,407.7826086956522,1.490668815862263,42172.491301795664,611.1955261129806,1474586.7460000003,21370.822405797106,31,8663.0,0.09672722891792179,31,8663.0
41895.0,60,28424.0,406.0571428571429,1.2011098002455207,42472.32998713294,606.7475712447563,1515949.9790000003,21656.428271428576,34,8790.0,0.041282465063905274,34,8790.0
41900.0,63,28731.0,416.39130434782606,0.5862323662019227,42732.91892942814,619.3176656438861,1536631.8990000002,22270.02752173913,38,8937.0,0.035935924396386675,38,8937.0
41905.0,59,28896.0,418.7826086956522,0.8823992403176972,43056.62880523098,624.0091131192895,1557314.1130000001,22569.769753623186,34,8842.0,0.0420862611589387,34,8842.0
41910.0,57,29098.0,421.71014492753625,1.6587139399099462,43365.57639680416,628.4866144464372,1557314.1130000001,22569.769753623186,30,8721.0,0.03970773837931375,30,8721.0
41915.0,55,29284.0,406.72222222222223,1.7665998739426556,43666.24660464613,606.4756472867516,1557314.473,21629.367680555555,27,8823.0,0.05445353602947489,27,8823.0
41920.0,54,29540.0,422.0,1.6032561724431695,43797.386159393085,625.6769451341869,1495346.73,21362.096142857146,29,8946.0,0.0898365627490438,29,8946.0
41925.0,47,28830.0,406.056338028169,1.6792112891861,43622.61321635565,614.4030030472628,1454239.967,20482.253056338028,21,8208.0,0.09110872296139541,21,8208.0
41930.0,53,29085.0,403.9583333333333,2.666151440919486,43919.413781755,609.9918580799307,1474936.4289999998,20485.228180555554,27,8166.0,0.0704762428142785,27,8166.0
41935.0,56,29353.0,407.68055555555554,2.2451798445503104,43902.972087713104,609.7635012182377,1516316.9130000002,21059.957125,31,8279.0,0.06971094691418162,31,8279.0
41940.0,61,29647.0,449.1969696969697,0.5523372720987987,43581.99247299151,660.3332192877505,1537000.6829999997,23287.889136363636,35,8412.0,0.00025846575860463954,35,8412.0
41945.0,57,29774.0,437.8529411764706,1.0064876069738575,43776.68653359713,643.7748019646639,1537001.435,22602.962279411764,30,8392.0,0.013896379372916243,30,8392.0
41950.0,58,30060.0,435.6521739130435,1.525350197009325,44077.62718435962,638.806191077676,1537001.5389999999,22275.38462318841,30,8485.0,0.08536657537644243,30,8485.0
41955.0,58,30345.0,439.7826086956522,1.0979883975832943,44338.92741228475,642.5931509026778,1537003.7489999998,22275.416652173913,31,8601.0,0.05061189175436742,31,8601.0
41960.0,63,30651.0,457.4776119402985,0.5269407693571796,44581.04078292448,665.3886684018582,1537003.5689999997,22940.3517761194,36,8737.0,0.002509789381148244,36,8737.0
41965.0,52,30083.0,462.81538461538463,1.0859559407583745,44779.47525881452,688.915003981762,1537000.5689999997,23646.162600000003,25,8086.0,0.0404484595891212,25,8086.0
41970.0,46,30069.0,448.7910447761194,2.000407936046391,45070.66995707729,672.696566523542,1537002.0729999999,22940.329447761193,18,7855.0,0.10289004291437749,18,7855.0
41975.0,46,30142.0,463.7230769230769,1.661899502429183,44883.88470919388,690.5213032183674,1495667.0820000002,23010.2628,20,7911.0,0.03635999236592757,20,7911.0
41980.0,53,30352.0,474.25,0.8106108436540806,44898.59255428122,701.5405086606438,1495699.968,23370.311999999998,28,8030.0,0.028399972017797655,28,8030.0
41985.0,52,30496.0,484.06349206349205,1.034430098553577,44855.45569735718,711.9913602755109,1516423.8179999997,24070.219333333334,26,8051.0,0.025868767655974522,26,8051.0
41990.0,53,30757.0,480.578125,1.4345600187254934,45136.96397463297,705.2650621036405,1537155.6219999997,24018.05659375,28,8149.0,0.030517392708629153,28,8149.0
41995.0,54,31025.0,484.765625,1.4428772798910394,45233.27071690431,706.7698549516301,1516510.6279999998,23695.4785625,28,8254.0,0.023783734255237395,28,8254.0
42000.0,56,31302.0,521.7,0.8300637115768706,45401.82203201975,756.6970338669961,1516509.876,25275.164600000004,29,8361.0,3.3452961568467704e-05,29,8361.0
42005.0,50,31411.0,483.24615384615385,1.2110161353001563,45661.832508704276,702.4897309031427,1516515.876,23331.013476923075,23,8210.0,0.05028901976735517,23,8210.0
42010.0,48,31545.0,485.3076923076923,2.5286573679856432,45933.3339372789,706.6666759581374,1516515.876,23331.013476923075,21,8078.0,0.19721899833672782,21,8078.0
42015.0,45,31646.0,486.8615384615385,1.7112227226101682,46205.746999311414,710.857646143253,1516515.876,23331.013476923075,19,8048.0,0.08084253694659327,19,8048.0
42020.0,53,31879.0,490.44615384615383,1.0205321158639222,46175.40467843954,710.3908412067625,1475226.8879999998,22695.798276923077,28,8170.0,0.04024672244552689,28,8170.0
42025.0,50,32093.0,501.453125,1.6227782809430316,46194.594763744026,721.7905431835009,1454643.9289999998,22728.811390625,25,8273.0,0.0533550677660583,25,8273.0
42030.0,54,32355.0,490.22727272727275,1.1953543998931055,46367.30618572208,702.5349422079108,1475472.3399999999,22355.641515151518,28,8399.0,0.049166544714101035,28,8399.0
42035.0,58,32635.0,479.9264705882353,1.3714142249575692,46646.69411551011,685.9807958163254,1516982.994,22308.57344117647,32,8526.0,0.04171886181084675,32,8526.0
42040.0,61,32931.0,506.6307692307692,0.5580710996470213,46903.58672584654,721.593641936101,1537735.9379999998,23657.47596923077,36,8662.0,0.041698337819881325,36,8662.0
42045.0,56,33081.0,486.4852941176471,0.896400245936423,47198.494494799,694.0955072764563,1558489.2789999999,22918.959985294117,30,8542.0,0.03614990089942658,30,8542.0
42050.0,53,33269.0,489.25,2.160445006447125,47497.38664701668,698.4909801031866,1558489.2789999999,22918.959985294117,26,8453.0,0.07271617105777112,26,8453.0
42055.0,51,33442.0,491.79411764705884,1.782183227711666,47789.532938293436,702.7872490925507,1558489.2789999999,22918.959985294117,25,8539.0,0.06373702552368529,25,8539.0
42060.0,55,33695.0,526.484375,0.6558490924022508,47738.35125660125,745.9117383843947,1475652.0839999998,23057.063812500004,29,8652.0,0.03255287834289899,29,8652.0
42065.0,54,33934.0,514.1515151515151,1.143133969182958,47780.980891728395,723.954255935279,1455049.9239999999,22046.210969696967,29,8741.0,0.04640906641233753,29,8741.0
42070.0,60,34214.0,488.77142857142854,1.2419938535643993,48084.1932967036,686.917047095766,1496580.458,21379.72082857143,32,8861.0,0.0816344249216695,32,8861.0
42075.0,61,34511.0,493.01428571428573,0.8351522613806797,48395.392708099535,691.3627529728508,1517349.412,21676.42017142857,36,8998.0,0.0013223341355553498,36,8998.0
42080.0,65,34834.0,512.2647058823529,0.46301936430315316,48679.084794645416,715.8688940389035,1517349.412,22313.961941176472,38,9153.0,0.024542783376708167,38,9153.0
42085.0,61,35004.0,500.0571428571429,0.7828806070262578,49006.70267318581,700.0957524740835,1517352.412,21676.46302857143,34,9047.0,0.014717513818615007,34,9047.0
42090.0,57,35206.0,502.9428571428571,1.761496363902234,49320.99472391429,704.5856389130619,1517352.412,21676.46302857143,30,8957.0,0.0943202910872775,30,8957.0
42095.0,58,35383.0,498.3521126760563,1.1024142247650124,49445.09262636737,696.4097553009492,1475906.5499999998,20787.416197183098,30,9063.0,0.05300519576384808,30,9063.0
42100.0,58,35650.0,509.2857142857143,0.9162081446251656,49478.4279724051,706.834685320073,1455319.0899999996,20790.272714285715,33,9226.0,0.046092014202894056,33,9226.0
42105.0,58,35858.0,512.2571428571429,1.2718746346936745,49654.475760902984,709.3496537271859,1455420.1439999996,20791.71634285714,33,9274.0,0.0776783780636358,33,9274.0
42110.0,62,36162.0,488.6756756756757,1.0826296802571997,49982.89584395714,675.4445384318537,1496997.6789999998,20229.698364864864,36,9416.0,0.037094583035208184,36,9416.0
42115.0,66,36479.0,486.38666666666666,1.021451276016559,50295.72953392315,670.6097271189757,1538570.6199999999,20514.274933333334,40,9575.0,0.01714346925556002,40,9575.0
42120.0,68,36812.0,511.27777777777777,0.5266795152260989,50556.80482070811,702.1778447320576,1559357.3159999999,21657.7405,43,9748.0,0.03222634778487297,43,9748.0
42125.0,58,36276.0,465.0769230769231,1.2252905434944996,50888.82778469238,652.420869034518,1580150.6519999998,20258.341692307695,31,9342.0,0.05619840164617314,31,9342.0
42130.0,57,36363.0,466.1923076923077,2.2011434916402473,51226.11897010026,656.745115001286,1580150.6519999998,20258.341692307695,27,9144.0,0.12176594096017883,27,9144.0
42135.0,54,36536.0,480.7368421052632,1.1750060037046497,51321.45122345953,675.2822529402574,1559380.3969999999,20518.163118421053,27,9241.0,0.03606630973582355,27,9241.0
42140.0,63,36814.0,497.4864864864865,0.76175740935014,51642.976313597,697.8780582918516,1517797.902,20510.78245945946,38,9392.0,0.005164909911659431,38,9392.0
42145.0,54,35553.0,487.027397260274,1.5065223392182483,51721.789292333015,708.5176615388085,1517814.3069999998,20791.976808219177,28,8470.0,0.035472402802904146,28,8470.0
42150.0,55,35826.0,490.7671232876712,2.548949756387426,51672.18532051559,707.8381550755564,1517812.607,20791.953520547944,28,8075.0,4.7613116190799095e-06,28,8075.0
42155.0,55,36101.0,494.5342465753425,3.0297626823825174,51811.155559490704,709.7418569793247,1497084.5050000001,20508.00691780822,28,8180.0,0.0,28,8180.0
42160.0,55,36376.0,577.3968253968254,1.0904474910506154,50590.50425642388,803.0238770860939,1497075.419,23763.101888888894,28,8285.0,0.03113212549525864,28,8285.0
42165.0,52,36538.0,598.983606557377,0.9048465059453416,50672.46399337247,830.6961310388934,1497074.769,24542.20932786885,25,8278.0,0.02304573695282428,25,8278.0
42170.0,52,36798.0,603.2459016393443,1.5933105141882709,50944.06599943068,835.1486229414868,1497074.769,24542.20932786885,25,8367.0,0.07042995369784805,25,8367.0
42175.0,54,37061.0,588.2698412698413,1.3900227975106425,51187.69582756715,812.503108374082,1497071.929,23763.04649206349,27,8460.0,0.021843884079575233,27,8460.0
42180.0,55,37335.0,622.25,1.026678469456532,51383.17621765344,856.3862702942242,1497071.175,24951.186250000002,28,8564.0,0.032548861635473346,28,8564.0
42185.0,50,37327.0,602.0483870967741,0.8437220200569379,51621.933091102044,832.6118240500332,1497068.496,24146.26606451613,23,8407.0,0.036439808457310055,23,8407.0
42190.0,48,37323.0,601.983870967742,1.9327614579430896,51897.52276783208,837.0568188360015,1497068.496,24146.26606451613,21,8251.0,0.15233750619988562,21,8251.0
42195.0,49,37366.0,612.5573770491803,0.9979587599030468,52017.83802966262,852.7514431092234,1476310.021,24201.803622950818,23,8321.0,0.0488935269376827,23,8321.0
42200.0,53,37572.0,606.0,0.6012028842476594,51998.5218757054,838.6858367049259,1455658.6389999997,23478.365145161293,27,8475.0,0.034283845345235625,27,8475.0
42205.0,50,37756.0,589.9375,1.6264402059220755,52285.243886073,816.956935719891,1476512.2239999997,23070.5035,25,8548.0,0.026794053618662685,25,8548.0
42210.0,53,38013.0,584.8153846153846,1.637707573040696,52417.20879723544,806.4185968805456,1497466.1719999996,23037.94110769231,28,8645.0,0.09406937309306874,28,8645.0
42215.0,59,38291.0,589.0923076923077,0.8442397615235407,52661.60935819493,810.1786055106916,1539174.0689999997,23679.601061538462,33,8763.0,0.02081004325412038,33,8763.0
42220.0,59,38583.0,612.4285714285714,0.567052179400232,52907.574138114825,839.8027640970608,1539174.0689999997,24431.334428571427,33,8893.0,0.051293019623984075,33,8893.0
42225.0,55,38723.0,605.046875,0.6653713702564005,53205.77593793532,831.3402490302396,1539174.9669999995,24049.608859375003,28,8738.0,0.014728995302110078,28,8738.0
42230.0,51,38893.0,607.703125,2.002670496220486,53492.9684641393,835.8276322521767,1539174.9669999995,24049.608859375003,24,8589.0,0.049033735156722665,24,8589.0
42235.0,46,39031.0,619.5396825396825,2.467366168104417,53742.18068775177,853.050487107171,1518316.5169999995,24100.262174603173,20,8361.0,0.11959916480068347,20,8361.0
42240.0,49,39248.0,643.4098360655738,1.7314426645769732,53657.41476041975,879.6297501708156,1476815.0019999996,24210.082000000002,23,8449.0,0.07475610393314454,23,8449.0
42245.0,50,39493.0,626.8730158730159,1.1114316183122894,53229.74410604514,844.9165731118276,1393820.3869999996,22124.13312698413,25,8549.0,0.05985657182765898,25,8549.0
42250.0,53,39682.0,592.2686567164179,1.721781892050925,53510.81249006091,798.6688431352375,1435561.0069999995,21426.283686567163,26,8578.0,0.12529553683261158,26,8578.0
42255.0,56,39950.0,578.9855072463768,1.4435575587168605,53811.20704084436,779.8725658093387,1477309.4759999996,21410.28226086956,29,8684.0,0.02979465527581953,29,8684.0
42260.0,57,40233.0,583.0869565217391,1.5939073712871397,54098.86630046205,784.0415405864065,1498180.0739999996,21712.754695652173,32,8809.0,0.06690677600113645,32,8809.0
42265.0,62,40530.0,570.8450704225352,1.031928985409006,54378.58656566309,765.8955854318747,1539918.2659999994,21688.98966197183,37,8946.0,0.03395776606979812,37,8946.0
42270.0,54,28450.0,418.38235294117646,0.8886265007328618,54633.25361059587,803.4302001558217,1560786.0449999995,22952.735955882355,32,5090.0,0.05071756522166736,32,5090.0
42275.0,52,20075.0,282.7464788732394,2.0107456379326636,54938.50381613541,773.7817438892313,1560786.4129999997,21982.90722535211,33,5246.0,0.041506773764953674,33,5246.0
42280.0,43,7987.0,114.1,2.8539558697829004,53037.80386380135,757.682912340019,1524208.3869999996,21774.405528571428,36,7390.0,0.04803642325447687,36,7390.0
42285.0,42,2042.0,30.939393939393938,2.2592820107584846,44073.927713700374,667.7867835409146,1339828.7519999996,20300.435636363636,40,7551.0,0.032522116725970274,40,7551.0
42290.0,36,1230.0,18.636363636363637,2.127187807473126,37552.10851711469,568.9713411684041,1346310.6759999997,20398.646606060607,30,6852.0,0.05900230642665936,30,6852.0
42295.0,37,1064.0,15.420289855072463,1.8714413624246256,36164.250366857756,524.1195705341704,1463758.5629999996,21213.892217391305,24,6615.0,0.052579263585857745,24,6615.0
42300.0,45,1141.0,16.070422535211268,1.9473221191329533,36462.11152373537,513.5508665314841,1540969.7009999997,21703.7986056338,26,6709.0,0.04061978514293633,26,6709.0
42305.0,56,1346.0,18.438356164383563,1.2231062951488758,34533.15307735925,473.0568914706748,1518709.91,20804.24534246575,32,6853.0,0.013221459537261674,32,6853.0
42310.0,57,1529.0,21.23611111111111,1.8243533928216256,34400.80787569857,477.78899827359135,1539612.139,21383.501930555554,31,6912.0,0.12492412537792083,31,6912.0
42315.0,60,1820.0,24.931506849315067,1.5231486476301004,34533.10694928483,473.0562595792444,1581412.2579999997,21663.181616438356,33,7043.0,0.06507625875019324,33,7043.0
42320.0,63,2128.0,29.971830985915492,1.0909413294180834,34777.63536397148,489.8258501967815,1581411.1759999997,22273.39684507042,35,7187.0,0.00025764660627668103,35,7187.0
42325.0,64,2448.0,34.478873239436616,0.9225096787347195,34891.465525163745,491.4290919037146,1560627.2979999997,21980.66616901408,36,7337.0,0.0,36,7337.0
42330.0,54,2306.0,33.42028985507246,1.3936428390276148,35166.8116275438,509.6639366310697,1560625.3399999999,22617.758550724637,30,6486.0,0.06793044935532938,30,6486.0
42335.0,45,2210.0,31.571428571428573,2.571391168128077,35465.26725796836,506.64667511383385,1560625.3399999999,22294.64771428571,30,4651.0,0.03232926585378507,30,4651.0
42340.0,41,2101.0,30.897058823529413,2.522874256556691,32100.448510827562,472.065419276876,1486725.265,21863.606838235297,35,8719.0,0.04218618725402589,35,8719.0
42345.0,47,2183.0,32.582089552238806,2.058237367604996,27115.931047213402,404.71538876437927,1414411.4259999997,21110.618298507463,42,9866.0,0.017716867685914364,42,9866.0
42350.0,37,1060.0,16.307692307692307,1.9903969154700807,19095.9781300842,293.7842789243723,1344993.6129999997,20692.209430769228,29,8965.0,0.04226177003477677,29,8965.0
42355.0,45,1270.0,17.887323943661972,2.694575641889748,19370.444254530386,272.82315851451256,1499497.1289999997,21119.677873239434,30,8789.0,1.2085127228995193e-06,30,8789.0
42360.0,53,1516.0,20.767123287671232,2.5098850915589557,19634.823059672195,268.97017889961916,1615331.7599999995,22127.832328767123,30,8904.0,0.0,30,8904.0
42365.0,59,1795.0,26.791044776119403,1.0013194939029697,18634.67082634875,278.1294153186382,1615323.1299999997,24109.300447761194,31,9020.0,0.02091216706098334,31,9020.0
42370.0,53,1620.0,25.3125,1.3999092693105415,18789.548494982308,293.58669523409856,1615321.7199999997,25239.401875,25,8616.0,0.10467947561171762,25,8616.0
42375.0,49,1530.0,23.90625,1.654450394606111,19073.74062729357,298.02719730146197,1615321.7199999997,25239.401875,21,8294.0,0.047504848356914854,21,8294.0
42380.0,49,1519.0,23.369230769230768,1.690139266630872,19115.221846011504,294.0803360924848,1594535.9759999998,24531.322707692307,22,8367.0,0.06399198510594245,22,8367.0
42385.0,51,1706.0,27.516129032258064,1.1902681022240023,18866.073519381127,304.29150837711495,1532077.3779999998,24710.9254516129,25,8573.0,0.054527223375510143,25,8573.0
42390.0,44,1535.0,24.365079365079364,1.384209090404366,18988.9779142831,301.41234784576335,1553150.6639999999,24653.185142857143,17,8033.0,0.09641155891219587,17,8033.0
42395.0,47,1760.0,27.5,1.3009801883466496,19114.701711352758,298.6672142398869,1553261.818,24269.71590625,19,7885.0,0.08992234050186272,19,7885.0
42400.0,50,1993.0,31.140625,0.8506310244267414,19059.653404792814,297.8070844498877,1574312.985,24598.640390624998,23,7957.0,0.06721652888375738,23,7957.0
42405.0,54,2245.0,31.180555555555557,1.5826250905972583,19365.83857484472,268.96998020617673,1616243.45,22447.825694444444,27,8050.0,0.0629536140329219,27,8050.0
42410.0,48,2102.0,29.194444444444443,2.5006807950115086,19660.537685224564,273.0630234058967,1616231.4919999999,22447.659611111114,22,7831.0,0.11490835777724888,22,7831.0
42415.0,56,2363.0,33.75714285714286,1.8240447556467292,19466.56565180544,278.093795025792,1616314.4529999997,23090.206471428573,27,7838.0,0.09026447213099623,27,7838.0
42420.0,59,2640.0,38.8235294117647,1.15595722228533,19520.92704226151,287.07245650384584,1616311.133,23769.281367647058,31,7949.0,0.004318848912973706,31,7949.0
42425.0,59,2935.0,42.53623188405797,1.5145389377046863,19694.71698322136,285.4306809162516,1616314.3429999999,23424.845550724636,31,8069.0,0.03644226220379774,31,8069.0
42430.0,55,3023.0,44.455882352941174,1.4632526097373104,19797.623352468494,291.1415198892426,1616315.934,23769.351970588235,25,7853.0,0.1178914479981017,25,7853.0
42435.0,51,3168.0,47.28358208955224,1.9277682671416962,20043.185719340418,299.15202566179744,1616312.934,24124.07364179105,23,7677.0,0.0723833538805103,23,7677.0
42440.0,49,3291.0,49.86363636363637,1.5678531426552325,20153.584687113263,305.35734374414056,1595444.446,24173.400696969697,22,7757.0,0.08521246444585351,22,7757.0
42445.0,54,3526.0,55.09375,0.6207094547005454,20064.47660980402,313.507447028188,1532763.2979999997,23949.42653125,27,7875.0,0.031393268933383095,27,7875.0
42450.0,52,3690.0,57.65625,1.241238736785366,20194.530620509067,315.53954094545423,1532890.6979999999,23951.41715625,26,7905.0,0.07660110611352783,26,7905.0
42455.0,57,3959.0,57.3768115942029,1.6487167308208617,20485.310052855457,296.8885514906589,1574867.1209999998,22824.161173913042,29,7995.0,0.05521569260211985,29,7995.0
42460.0,58,4239.0,59.70422535211268,1.8233033291209608,20786.86965368619,292.77281202374934,1616842.38,22772.427887323945,31,8110.0,0.033955174707666846,31,8110.0
42465.0,62,4538.0,68.75757575757575,0.7011504540860304,20952.369833595494,317.46014899387126,1616841.48,24497.598181818183,34,8240.0,0.045439090906291286,34,8240.0
42470.0,57,4684.0,73.1875,0.5929777777201417,21233.609234697436,331.7751442921476,1616841.48,25263.148125,29,8045.0,0.015525427806251898,29,8045.0
42475.0,52,4838.0,75.59375,1.5660121033562713,21526.805388509372,336.35633419545894,1616841.48,25263.148125,24,7909.0,0.04643525352720373,24,7909.0
42480.0,48,5014.0,78.34375,1.5834510441941276,21810.579128561196,340.79029888376874,1616841.48,25263.148125,21,7985.0,0.05421953058370448,21,7985.0
42485.0,52,5247.0,77.16176470588235,1.1383088972602309,21539.74083926572,316.76089469508423,1533230.7469999997,22547.510985294117,25,8086.0,0.03386730683449903,25,8086.0
42490.0,53,5466.0,80.38235294117646,2.1076762862946907,21683.173003421485,318.8701912267866,1533338.8009999997,22549.10001470588,27,8156.0,0.16346815765988504,27,8156.0
42495.0,56,5740.0,82.0,1.302302676872707,21986.598389658513,314.0942627094074,1575352.2029999997,22505.03147142857,30,8265.0,0.06027582127968811,30,8265.0
42500.0,63,6042.0,83.91666666666667,1.1379943194102524,22286.279845438716,309.53166451998226,1617361.7229999998,22463.357263888887,36,8402.0,0.01378021488844687,36,8402.0
42505.0,64,6356.0,90.8,0.7995147737992504,22570.513107483912,322.43590153548456,1638365.5969999998,23405.222814285717,37,8551.0,0.02737305501910411,37,8551.0
42510.0,59,6515.0,93.07142857142857,1.1008564945230863,22883.80460721508,326.911494388787,1638367.113,23405.24447142857,31,8495.0,0.03636229253024842,31,8495.0
42515.0,54,6680.0,95.42857142857143,2.193093869246504,23185.43857955338,331.2205511364771,1638363.6409999998,23405.194871428568,26,8450.0,0.052846599639452624,26,8450.0
42520.0,53,6877.0,101.13235294117646,1.6086355885567283,23329.357497442696,343.0787867270986,1596411.5799999998,23476.640882352942,26,8542.0,0.06885744429554368,26,8542.0
42525.0,57,7139.0,109.83076923076923,0.45954521984782626,23284.43536239097,358.2220824983227,1512526.3149999997,23269.635615384614,31,8674.0,0.03687552566882564,31,8674.0
42530.0,50,6523.0,97.35820895522389,1.520798367425615,23587.29443780037,352.0491707134384,1554567.3479999995,23202.497731343283,23,8028.0,0.08944689419460305,23,8028.0
42535.0,54,6780.0,96.85714285714286,2.2838527177155243,23876.139178871315,341.08770255530453,1575588.0559999996,22508.4008,28,7985.0,0.04575978752029394,28,7985.0
42540.0,55,7052.0,99.32394366197182,2.119848849311633,24125.84032385455,339.8005679416136,1617620.4139999996,22783.386112676057,29,8092.0,0.03196393854844978,29,8092.0
42545.0,60,7341.0,111.22727272727273,0.6932199795067951,23590.3599201673,357.4296957601107,1617612.0579999995,24509.273606060608,32,8209.0,0.0011097384202207565,32,8209.0
42550.0,54,7479.0,116.859375,1.2479635399058546,23794.616020856643,371.79087532588517,1617611.1139999998,25275.17365625,26,8105.0,0.09864535946949098,26,8105.0
42555.0,51,7619.0,119.046875,1.5293846435048195,24082.047084677764,376.2819856980902,1617611.1139999998,25275.17365625,23,8049.0,0.054355269467101626,23,8049.0
42560.0,49,7790.0,119.84615384615384,1.4811247951346647,24352.461152548007,374.65324850073864,1596590.5499999996,24562.93153846154,22,8127.0,0.05483912179881954,22,8127.0
42565.0,52,8024.0,123.44615384615385,1.1898827709192203,24265.281398300183,373.3120215123105,1533698.2319999998,23595.357415384617,26,8250.0,0.04161318424039469,26,8250.0
42570.0,50,8091.0,122.5909090909091,1.608906103473564,24455.758018392793,370.5417881574667,1554790.6919999998,23557.43472727273,23,8165.0,0.10265834637706393,23,8165.0
42575.0,54,8345.0,120.94202898550725,1.9034351605308317,24744.133728965608,358.6106337531249,1575828.4700000002,22838.09376811594,28,8241.0,0.06478806248534115,28,8241.0
42580.0,56,8618.0,123.11428571428571,1.8074247798194787,24966.9415045578,356.67059292225446,1617899.202,23112.845742857142,30,8349.0,0.07136866005224025,30,8349.0
42585.0,62,8916.0,133.07462686567163,0.4987614221470196,25125.39198147434,375.00585046976653,1617900.06,24147.76208955224,34,8475.0,0.009894018333066384,34,8475.0
42590.0,51,8234.0,126.67692307692307,1.2034310525276641,25400.130031380195,390.7712312520032,1617900.06,24890.77015384615,23,7985.0,0.033621142864923056,23,7985.0
42595.0,45,8273.0,127.27692307692308,1.8454472139207314,25684.49047043874,395.14600723751926,1617900.06,24890.77015384615,16,7727.0,0.12650854761717018,16,7727.0
42600.0,48,8397.0,133.28571428571428,1.2442170269355566,25828.041624160483,409.96891466921426,1575874.1150000002,25013.87484126984,20,7779.0,0.03984446283073026,20,7779.0
42605.0,52,8620.0,130.6060606060606,1.2333869904008634,25929.040698046185,392.86425300069993,1575892.8720000002,23877.164727272724,25,7880.0,0.01215356366484367,25,7880.0
42610.0,44,5925.0,89.77272727272727,1.7146186289867713,25630.95586160775,388.347816084966,1596947.7090000003,24196.17740909091,19,5040.0,0.08862165352629157,19,5040.0
42615.0,42,4040.0,60.298507462686565,2.656982328052908,25906.155965572347,386.65904426227377,1618008.9150000003,24149.386791044777,25,4168.0,0.026639224214021318,25,4168.0
42620.0,32,1862.0,28.646153846153847,2.928453089898117,24438.415200468422,375.9756184687449,1580671.2660000003,24318.019476923077,27,4877.0,0.10020012170214142,27,4877.0
42625.0,38,737.0,11.698412698412698,2.4043547525753506,21132.8696298917,335.44237507764603,1545173.5620000002,24526.56447619048,33,5305.0,0.0023263670108654684,33,5305.0
42630.0,36,768.0,12.8,2.1631222032127013,15618.584633567229,260.309743892787,1433874.5320000001,23897.90886666667,28,5239.0,0.021544601809174512,28,5239.0
42635.0,39,814.0,12.920634920634921,2.530254512984346,13527.222049467075,214.71781030900112,1474881.0520000001,23410.810349206353,23,5081.0,0.04313575666917885,23,5081.0
42640.0,39,909.0,14.661290322580646,2.2091544568408676,13322.263534581434,214.8752182997005,1471929.177,23740.793177419357,21,5172.0,0.08730714266370691,21,5172.0
42645.0,48,1105.0,17.265625,1.1565024953370124,13194.517837909596,206.16434121733735,1486665.1560000002,23229.1430625,25,5309.0,0.09112250248194867,25,5309.0
42650.0,49,1194.0,18.369230769230768,1.3001152899725654,13364.149679393187,205.6023027598952,1507818.4080000003,23197.206276923076,23,5294.0,0.08350394122322137,23,5294.0
42655.0,53,1452.0,21.671641791044777,1.4702457648160265,13657.689147866926,203.84610668458095,1528899.813,22819.400194029855,27,5373.0,0.05715924626307207,27,5373.0
42660.0,59,1734.0,25.880597014925375,1.2968925583530413,13919.903340789906,207.7597513550732,1571055.3450000002,23448.58723880597,33,5510.0,0.03913397955817778,33,5510.0
42665.0,59,2029.0,28.577464788732396,1.1745419731967468,14124.665021415107,198.938943963593,1592136.502,22424.45777464789,33,5660.0,0.027477001366601382,33,5660.0
42670.0,56,2187.0,32.161764705882355,1.4782054021184994,14366.903999384953,211.2779999909551,1592136.502,23413.772088235295,28,5590.0,0.08965735283208605,28,5590.0
42675.0,53,2368.0,34.8235294117647,1.6134756947601565,14668.955480553761,215.7199335375553,1592136.502,23413.772088235295,25,5519.0,0.06251910317643289,25,5519.0
42680.0,52,2544.0,38.54545454545455,1.2002868242350024,14818.302936106213,224.51974145615472,1550034.1400000001,23485.36575757576,25,5633.0,0.05790827021592184,25,5633.0
42685.0,56,2797.0,42.378787878787875,0.8469242037862265,14986.442354999053,227.06730840907647,1529032.815,23167.163863636368,29,5769.0,0.03008978427134616,29,5769.0
42690.0,49,2294.0,33.73529411764706,1.8510241384915354,15030.935342187935,221.0431667968814,1508099.333,22177.93136764706,22,5218.0,0.11153438748031137,22,5218.0
42695.0,52,2544.0,35.83098591549296,2.469379571267781,15317.534073699455,215.73991653097818,1550282.8790000002,21834.970126760567,26,5240.0,0.03270804114797126,26,5240.0
42700.0,56,2817.0,40.24285714285714,1.7523411975158043,15345.060658351587,219.21515226216542,1571378.157,22448.25938571429,30,5368.0,0.030508823375185675,30,5368.0
42705.0,61,3116.0,49.46031746031746,0.41277664813520937,15138.72338053512,240.29719651643043,1571370.165,24942.38357142857,33,5513.0,0.00010922581881485775,33,5513.0
42710.0,55,3269.0,53.59016393442623,0.5650704800127728,15357.81348938515,251.7674342522155,1571369.9770000002,25760.16355737705,27,5432.0,0.016119332783771177,27,5432.0
42715.0,50,3416.0,54.22222222222222,1.448177792839329,15642.81237272979,248.29860909094901,1571370.069,24942.38204761905,22,5362.0,0.05389256389233856,22,5362.0
42720.0,47,3576.0,57.67741935483871,1.5513147609505846,15879.183073859132,256.11585602998605,1550290.8599999999,25004.69129032258,20,5447.0,0.059302889287719894,20,5447.0
42725.0,51,3798.0,57.54545454545455,1.2451229497028002,15905.335577496404,240.9899329923697,1508222.2929999998,22851.852924242423,25,5562.0,0.05409914946414705,25,5562.0
42730.0,48,3796.0,56.656716417910445,2.154042816572854,16064.02947915365,239.76163401721865,1529432.4329999997,22827.349746268657,22,5489.0,0.14869618670855592,22,5489.0
42735.0,53,4044.0,57.77142857142857,1.8319325349030264,16220.201823243659,231.7171689034808,1550634.112,22151.915885714287,26,5538.0,0.0899440210635816,26,5538.0
42740.0,57,4312.0,59.888888888888886,1.4085416101474166,16474.44120280005,228.81168337222283,1571749.397,21829.85273611111,29,5657.0,0.028398582494068222,29,5657.0
42745.0,59,4598.0,65.68571428571428,1.517762502144615,16616.436308577075,237.37766155110097,1613979.5069999998,23056.850100000003,33,5802.0,0.03693127600575857,33,5802.0
42750.0,49,4048.0,58.666666666666664,1.8015483800070187,16854.007856540564,244.26098342812412,1635095.6069999998,23697.037782608695,21,5262.0,0.0926970196905764,21,5262.0
42755.0,47,4100.0,61.19402985074627,1.6789823375663626,17092.36273115415,255.1098915097635,1635092.6069999998,24404.367268656722,17,5036.0,0.06295361052029334,17,5036.0
42760.0,46,4268.0,66.6875,1.3399543841581907,17013.8480183498,265.84137528671556,1613996.55,25218.69609375,18,5107.0,0.06235886525187789,18,5107.0
42765.0,51,4487.0,70.109375,0.8678993110557875,17279.440302642997,269.9912547287968,1550640.1650000003,24228.752578125,25,5211.0,0.00716494223452624,25,5211.0
42770.0,53,4731.0,72.78461538461538,1.6233779665201016,17568.35679789241,270.28241227526786,1571769.8690000002,24181.074907692306,27,5311.0,0.03339146873643453,27,5311.0
42775.0,56,5004.0,80.70967741935483,0.9133415484526759,17247.769610244788,278.189832423303,1571766.5600000003,25351.073548387103,28,5436.0,0.012496379028093257,28,5436.0
42780.0,57,5286.0,86.65573770491804,0.658008333776986,17515.665738335065,287.14206128418147,1571766.2280000001,25766.659475409837,29,5563.0,1.1416406480115542e-05,29,5563.0
42785.0,57,5571.0,89.85483870967742,0.8209279787713059,17657.816355278246,284.803489601262,1550705.022,25011.37132258065,29,5693.0,0.0,29,5693.0
42790.0,54,5678.0,91.58064516129032,0.9791515898787018,17923.75768963868,289.09286596191424,1550706.212,25011.390516129035,24,5584.0,0.11136845246244237,24,5584.0
42795.0,48,5777.0,93.1774193548387,1.4542025070489177,18205.294961682324,293.6337897045537,1550706.212,25011.390516129035,20,5481.0,0.05844587900986896,20,5481.0
42800.0,47,5909.0,95.30645161290323,1.4991777281989516,18479.608991113328,298.05820953408585,1550706.212,25011.390516129035,20,5569.0,0.0972814602975302,20,5569.0
42805.0,51,6129.0,95.765625,0.9174549799082632,18335.185057892897,286.48726652957646,1508655.2869999998,23572.738859375,25,5707.0,0.04777247478721007,25,5707.0
42810.0,51,6339.0,97.52307692307693,1.3774161908712614,18489.925525914823,284.46039270638175,1508736.1549999998,23211.32546153846,25,5798.0,0.08735994999961584,25,5798.0
42815.0,56,6599.0,94.27142857142857,1.4105183958454772,18787.3733852964,268.39104836137705,1551064.237,22158.060528571426,28,5913.0,0.06155853496556433,28,5913.0
42820.0,60,6888.0,98.4,1.2183614931255893,19088.512205277722,272.69303150396746,1572225.481,22460.364014285715,34,6058.0,0.026175209898058462,34,6058.0
42825.0,62,7194.0,107.3731343283582,0.4375910136509647,19345.87675080682,288.74442911651965,1593390.4619999998,23781.94719402985,35,6218.0,0.05194708523066111,35,6218.0
42830.0,59,7361.0,109.86567164179104,0.7493126629986935,19666.97980283701,293.53701198264184,1593390.4619999998,23781.94719402985,31,6137.0,0.019275299220318433,31,6137.0
42835.0,55,7540.0,112.53731343283582,1.5264275259363473,19971.510802013163,298.0822507763158,1593390.4619999998,23781.94719402985,27,6073.0,0.0532074113812339,27,6073.0
42840.0,52,7732.0,117.15151515151516,1.6112396988960471,20254.07292043758,306.8798927339026,1572227.1859999998,23821.62403030303,25,6090.0,0.0658825328783316,25,6090.0
42845.0,55,7981.0,115.66666666666667,1.1902406517829276,20109.12752913872,291.43663085708295,1508984.423,21869.339463768116,28,6224.0,0.04498459609934602,28,6224.0
42850.0,47,7446.0,107.91304347826087,2.65347193988176,20263.94760679024,293.6804000984092,1509070.199,21870.5825942029,21,5654.0,0.1850530934444776,21,5654.0
42855.0,51,7694.0,109.91428571428571,2.4322607720715754,20409.050440716892,291.55786343881283,1530334.63,21861.923285714285,25,5662.0,0.04563792765497009,25,5662.0
42860.0,58,7972.0,112.28169014084507,1.94126757131609,20662.6747775452,291.0235884161295,1572700.6719999998,22150.713690140845,31,5795.0,0.00041185639936351686,31,5795.0
42865.0,58,8262.0,131.14285714285714,0.7643583814068767,20133.106757516718,319.57312313518605,1593872.1359999997,25299.55771428572,32,5940.0,0.041968346464876675,32,5940.0
42870.0,54,8402.0,131.28125,1.006660153132791,20417.89171104513,319.0295579850802,1615050.0239999997,25235.156625000003,26,5856.0,0.0495890567933094,26,5856.0
42875.0,50,8570.0,131.84615384615384,2.104966859793707,20701.469260774014,318.4841424734462,1615050.0239999997,24846.923446153847,22,5783.0,0.051403188703411304,22,5783.0
42880.0,48,8721.0,134.16923076923078,1.8188200039759097,20978.326455879782,322.74348393661205,1615050.0239999997,24846.923446153847,21,5869.0,0.07914934211789362,21,5869.0
42885.0,53,8960.0,137.84615384615384,1.0838598636946846,20958.031583517728,322.4312551310419,1551663.202,23871.74156923077,26,5986.0,0.03490428516109607,26,5986.0
42890.0,47,8943.0,139.734375,1.479036209155737,20984.122704392685,327.8769172561358,1509441.181,23585.018453125,21,5881.0,0.08630490666741608,21,5881.0
42895.0,50,9187.0,133.14492753623188,2.0001177707499025,21270.369122028627,308.26621915983526,1551827.967,22490.26039130435,24,5934.0,0.10370511542912833,24,5934.0
42900.0,55,9450.0,136.95652173913044,2.0230502388749323,21452.104703197518,310.90006816228305,1594208.282,23104.467855072464,28,6052.0,0.05813138949247416,28,6052.0
42905.0,59,9736.0,141.1014492753623,1.141795681127924,21640.195584030185,313.6260229569593,1594204.044,23104.406434782606,31,6188.0,0.012341039883471641,31,6188.0
42910.0,55,9888.0,152.12307692307692,1.227192240195892,21830.05371562582,335.84698024039733,1594201.044,24526.169907692303,27,6112.0,0.09727330744534136,27,6112.0
42915.0,51,10057.0,154.72307692307692,1.4589664137974883,22123.35313566148,340.35927901017675,1594201.044,24526.169907692303,23,6086.0,0.05135482895375422,23,6086.0
42920.0,49,10209.0,154.6818181818182,1.6457349685351532,22254.60495427417,337.19098415566924,1573085.612,23834.630484848483,22,6125.0,0.07013404420480795,22,6125.0
42925.0,53,10445.0,163.203125,1.3518061952943268,22288.437461804908,348.25683534070157,1509622.1060000001,23587.84540625,26,6250.0,0.05140347434971099,26,6250.0
42930.0,50,10640.0,166.25,1.3850245416733062,22477.256532268253,351.2071333166914,1509666.8900000001,23588.54515625,24,6317.0,0.08778910335539286,24,6317.0
42935.0,55,10906.0,165.24242424242425,1.5663028755515747,22674.1925121042,343.5483713955182,1530926.246,23195.852212121208,28,6438.0,0.040323507562029785,28,6438.0
42940.0,57,11186.0,172.09230769230768,1.2465809992364192,22918.520195050187,352.59261838538737,1552134.1219999997,23878.986492307693,31,6573.0,0.048115496916390874,31,6573.0
42945.0,59,11478.0,173.9090909090909,0.38256469270556703,23171.398884439808,351.08180127939085,1594554.2950000002,24159.91356060606,33,6720.0,0.033882414760203775,33,6720.0
42950.0,50,10746.0,160.38805970149255,1.473449125395618,23479.33303344658,350.4378064693519,1615761.941,24115.84986567164,23,6192.0,0.07420536259803347,23,6192.0
42955.0,46,10646.0,158.8955223880597,1.6837616335834633,23772.907399839216,354.8195134304361,1615761.941,24115.84986567164,16,5880.0,0.11021060448342834,16,5880.0
42960.0,46,10806.0,163.72727272727272,1.4218803543965615,23973.376218143556,363.2329730021751,1594577.4710000001,24160.26471212121,18,5947.0,0.05135806199054361,18,5947.0
42965.0,52,11041.0,160.0144927536232,1.2195966289177205,23994.86138566036,347.7516142849327,1552166.2119999998,22495.162492753625,25,6053.0,0.011572438292028187,25,6053.0
42970.0,56,11263.0,158.6338028169014,1.6710978589537464,23783.05497826382,334.9726053276595,1573386.066,22160.367126760564,28,6153.0,0.10619613457245886,28,6153.0
42975.0,58,11544.0,164.9142857142857,1.3570755839023743,23876.21153714812,341.0887362449733,1573382.5720000002,22476.89388571429,30,6286.0,0.016884853551075017,30,6286.0
42980.0,61,11845.0,171.66666666666666,1.4496959436173713,24172.692623934796,350.3288786077506,1573381.952,22802.636985507248,33,6432.0,0.047294911277025106,33,6432.0
42985.0,63,12155.0,181.4179104477612,0.774864558780103,24370.015229705878,363.7315705926251,1552199.082,23167.15047761194,35,6587.0,5.654467055543883e-05,35,6587.0
42990.0,58,12305.0,195.31746031746033,0.4318950135911198,24627.735559090313,390.916437445878,1552196.082,24638.03304761905,30,6540.0,0.018700743230113503,30,6540.0
42995.0,55,12441.0,188.5,1.2734389270977284,24924.76875689234,377.6480114680659,1552196.466,23518.128272727274,25,6417.0,0.03464932963434468,25,6417.0
43000.0,50,12591.0,190.77272727272728,1.901323162562859,25213.95395268278,382.02960534367844,1552196.466,23518.128272727274,23,6517.0,0.0864328902963454,23,6517.0
43005.0,54,12821.0,197.24615384615385,1.1507765175472549,25125.029411308293,386.53891402012766,1509916.101,23229.478476923076,27,6654.0,0.07287537655134663,27,6654.0
43010.0,54,13061.0,204.078125,0.8749240641166064,25200.991114341334,393.76548616158345,1488805.869,23262.591703125,28,6775.0,0.06067732789779603,28,6775.0
43015.0,57,13341.0,202.13636363636363,1.200380794667034,25499.56602297841,386.35706095421835,1531308.724,23201.64733333333,31,6910.0,0.07258041856509509,31,6910.0
43020.0,61,13634.0,203.49253731343285,0.7114740129965499,25773.730785407428,384.6825490359317,1573809.2689999999,23489.69058208955,34,7058.0,0.021528728716942603,34,7058.0
43025.0,63,13945.0,196.40845070422534,0.846254840036254,26086.239840175967,367.41182873487276,1595062.0189999999,22465.662239436617,37,7224.0,0.017060166876079887,37,7224.0
43030.0,51,13768.0,191.22222222222223,2.004840523772004,26394.22265003707,366.5864256949593,1637561.5029999998,22743.90976388889,25,6762.0,0.1520473283352527,25,6762.0
43035.0,55,13868.0,192.61111111111111,1.5665537265320013,26705.46468829844,370.90923178192276,1637561.5029999998,22743.90976388889,24,6630.0,0.06316747782623079,24,6630.0
43040.0,53,14070.0,201.0,1.2313831161584703,26677.98404452758,381.11405777896556,1616369.7449999999,23090.996357142856,26,6741.0,0.029163241572952157,26,6741.0
43045.0,58,14340.0,199.16666666666666,1.2889966455706354,26960.16972108842,374.44680168178377,1573865.9719999998,21859.24961111111,32,6890.0,0.014605850610042522,32,6890.0
43050.0,50,13513.0,182.6081081081081,2.4409076784600146,27050.83503273785,365.55182476672763,1573881.8129999998,21268.673148648646,23,6105.0,0.1219475307642721,23,6105.0
43055.0,53,13771.0,191.26388888888889,2.9574982106202077,26918.181559353194,373.86363276879445,1552684.8439999998,21565.06727777778,25,6023.0,0.03768881662534226,25,6023.0
43060.0,55,14035.0,206.39705882352942,1.9383939001353814,26640.785090173766,391.77625132608495,1552681.0339999998,22833.544617647058,27,6138.0,0.03268472619619971,27,6138.0
43065.0,58,14321.0,227.31746031746033,0.9390707348453442,26418.72232826495,419.3447988613485,1552676.888,24645.664888888885,30,6269.0,7.802117333780403e-06,30,6269.0
43070.0,52,14474.0,245.32203389830508,0.9697297497866286,26589.7854142548,450.674329055166,1552672.504,26316.483118644064,24,6278.0,0.02603578600187051,24,6278.0
43075.0,52,14734.0,245.56666666666666,1.2314018845113115,26830.25526858026,447.1709211430045,1552672.604,25877.87673333333,24,6372.0,0.0,24,6372.0
43080.0,52,14994.0,249.9,1.621477788315661,27093.759672587817,451.56266120979706,1552672.604,25877.87673333333,24,6477.0,0.0,24,6477.0
43085.0,52,15254.0,258.54237288135596,0.6542571724301415,27210.471259474536,461.19442812668706,1552671.362,26316.46376271186,24,6582.0,0.010779246147853725,24,6582.0
43090.0,49,15250.0,262.9310344827586,1.2770138466906107,27466.342782404256,473.5576341793836,1552671.362,26770.19589655172,21,6417.0,0.1225699969378079,21,6417.0
43095.0,45,15285.0,263.5344827586207,1.3467508912864954,27729.76315744063,478.0993647834592,1552671.362,26770.19589655172,17,6259.0,0.07245309692371404,17,6259.0
43100.0,45,15277.0,254.61666666666667,1.388669211217168,27995.832334110964,466.597205568516,1552672.0339999998,25877.867233333334,18,6335.0,0.06251817889678359,18,6335.0
43105.0,47,15462.0,262.06779661016947,1.2170885081799279,27927.288779419516,473.3438776172799,1531584.4789999998,25959.058966101693,21,6513.0,0.05690775659770746,21,6513.0
43110.0,46,15627.0,264.864406779661,1.3481704137127941,27883.528276509034,472.6021741781192,1531788.6589999995,25962.519644067794,19,6534.0,0.06900821646004475,19,6534.0
43115.0,49,15867.0,260.11475409836066,1.4660519921649036,28154.020888752162,461.5413260451174,1553097.3589999995,25460.61244262295,23,6629.0,0.03109865740879624,23,6629.0
43120.0,52,16125.0,264.344262295082,1.2228257104578202,28377.766923283245,465.2092938243155,1595718.1539999996,26159.314000000002,26,6742.0,0.061872858914133126,26,6742.0
43125.0,54,16392.0,256.125,0.5952480846787687,28600.539810897393,446.8834345452717,1617028.6729999997,25266.073015625,28,6864.0,0.039737724161405925,28,6864.0
43130.0,58,16677.0,260.578125,1.0993756919754787,28899.243438647518,451.55067872886735,1617028.6729999997,25266.073015625,30,6995.0,0.07619398056833605,30,6995.0
43135.0,53,16766.0,261.96875,1.0300532069609782,29196.236303517428,456.1911922424598,1617028.6729999997,25266.073015625,25,6758.0,0.06357303898057874,25,6758.0
43140.0,51,16885.0,263.828125,1.8625035702203399,29482.154394097215,460.6586624077689,1617028.6729999997,25266.073015625,23,6609.0,0.06564250041451457,23,6609.0
43145.0,48,17038.0,258.1515151515151,2.2048288112592545,29579.924048377798,448.18066739966343,1595819.2779999997,24179.079969696973,21,6608.0,0.07824655544461627,21,6608.0
43150.0,52,17262.0,269.71875,1.3908894576283004,29399.816953931346,459.3721399051774,1510839.0769999998,23606.860578125,23,6725.0,0.12990487713549256,23,6725.0
43155.0,50,17451.0,277.0,1.3883959536293395,29398.621158742815,466.644780297505,1489700.1239999996,23646.033714285713,24,6788.0,0.039672765428076906,24,6788.0
43160.0,54,17712.0,272.4923076923077,1.3626789362898803,29685.109050414674,456.69398539099507,1532367.7619999996,23574.888646153846,28,6904.0,0.07839012997311401,28,6904.0
43165.0,57,17988.0,268.4776119402985,1.5339432311349106,29958.694860966356,447.1446994174085,1575023.6959999995,23507.816358208955,30,7035.0,0.05837426328114258,30,7035.0
43170.0,57,18269.0,281.0615384615385,0.8963420597910737,30209.05697709386,464.7547227245212,1596350.2839999995,24559.23513846154,31,7171.0,0.04433777340434142,31,7171.0
43175.0,56,18423.0,279.1363636363636,0.9689424798832821,30495.316605523036,462.0502515988341,1596349.7639999995,24187.117636363637,26,7057.0,0.020448383182057137,26,7057.0
43180.0,50,18574.0,285.75384615384615,2.0022475181556563,30746.481773398526,473.0227965138236,1596349.7639999995,24559.227138461538,22,6948.0,0.1008218668076689,22,6948.0
43185.0,47,18745.0,297.53968253968253,2.2377425330158536,30852.908238819535,489.72870220348483,1553767.3289999997,24662.973476190473,20,6840.0,0.13712381141483934,20,6840.0
43190.0,49,18964.0,305.8709677419355,1.835404318689648,30959.367766635452,499.3446413973462,1532529.9599999997,24718.225161290324,22,6896.0,0.09817051140276176,22,6896.0
43195.0,51,19215.0,320.25,0.9964172566712964,30872.16421198232,514.5360701997056,1490065.353,24834.42255,25,7015.0,0.05379726203197321,25,7015.0
43200.0,47,18903.0,309.88524590163934,1.9120380354008164,31014.133477378695,508.42841766194596,1511498.282,24778.660360655736,21,6600.0,0.11365255568547762,21,6600.0
43205.0,49,19139.0,269.5633802816901,2.5235911808849436,31148.08363426505,438.7054032995078,1511576.378,21289.808140845067,22,6649.0,0.07092890257754399,22,6649.0
43210.0,52,19387.0,265.5753424657534,2.8395929451422646,31358.317522123183,429.56599345374224,1532931.3420000002,20999.059479452055,26,6752.0,0.14589738492578794,26,6752.0
43215.0,58,19659.0,289.1029411764706,0.6407410263692623,31106.4823193337,457.44826940196623,1575608.576,23170.714352941173,32,6879.0,0.07617405152390283,32,6879.0
43220.0,67,19977.0,289.5217391304348,0.19997895746248964,31443.382973492866,455.70120251438925,1596948.052,23144.174666666666,41,7052.0,0.020087362280905557,41,7052.0
43225.0,60,20108.0,283.2112676056338,0.8103047528118147,31779.722619874206,447.6017270404817,1639630.594,23093.388647887325,34,7046.0,0.03723586737451115,34,7046.0
43230.0,56,20299.0,274.31081081081084,2.085508499516324,32102.90555562788,433.8230480490253,1660971.3240000003,22445.558432432434,30,7088.0,0.06958847506216422,30,7088.0
43235.0,55,20520.0,281.09589041095893,2.0295980146820147,32291.644658401645,442.3512966904335,1618313.593,22168.679356164386,27,7211.0,0.05667716244384408,27,7211.0
43240.0,58,20789.0,301.28985507246375,0.7584473278097527,32408.11809014125,469.6828708716123,1532985.8,22217.185507246377,32,7349.0,0.045766406545723504,32,7349.0
43245.0,54,20748.0,296.4,1.2074169963686399,32655.133915158865,466.50191307369795,1533007.6519999998,21900.109314285713,28,7232.0,0.04337424346474965,28,7232.0
43250.0,59,21029.0,292.06944444444446,1.4605412536795344,32969.627393357,457.91149157440276,1575708.0879999998,21884.834555555557,32,7306.0,0.04019947446588282,32,7306.0
43255.0,61,21325.0,296.18055555555554,1.3195069302316984,33165.630877657066,460.6337621896815,1597053.16,22181.29388888889,34,7458.0,0.014025850657570973,34,7458.0
43260.0,62,21631.0,304.6619718309859,1.4515574782548197,33435.788168691324,470.92659392523,1618398.0089999996,22794.338154929577,35,7618.0,0.05014242937920237,35,7618.0
43265.0,54,20783.0,296.9,1.1574801671374118,33526.27515708614,478.94678795837336,1618395.0089999996,23119.9287,25,7098.0,0.05403470364105055,25,7098.0
43270.0,51,20738.0,296.25714285714287,1.6840599758241737,33835.428662667044,483.3632666095294,1618395.0089999996,23119.9287,21,6783.0,0.1317839810022099,21,6783.0
43275.0,49,20875.0,302.536231884058,1.137640910820007,33837.838757614554,490.4034602552835,1618394.8899999997,23454.998405797105,21,6870.0,0.035831802929580096,21,6870.0
43280.0,57,21133.0,306.27536231884056,0.78668011728774,34102.047752604994,494.23257612471036,1554354.4999999998,22526.876811594204,30,7007.0,0.00763535486369359,30,7007.0
43285.0,48,14750.0,204.86111111111111,1.8108222526669233,34120.98784432398,473.9026089489445,1575723.153,21885.043791666667,26,6091.0,0.04878583784916358,26,6091.0
43290.0,44,11036.0,157.65714285714284,2.1237835749765916,33973.06632704589,485.32951895779854,1575720.2529999998,22510.289328571427,26,4306.0,0.07081727800992582,26,4306.0
43295.0,40,5351.0,76.44285714285714,2.4214540760998653,34244.25691457335,489.20367020819083,1575720.201,22510.288585714286,31,6321.0,0.0117380029648701,31,6321.0
43300.0,39,978.0,15.046153846153846,2.2628909775989228,32415.948842913203,498.7069052755878,1477151.247,22725.403800000004,37,8358.0,0.011122133328026158,37,8358.0
43305.0,36,877.0,13.492307692307692,1.6845584073349489,25827.36846493362,397.3441302297479,1444071.392,22216.482953846156,29,8066.0,0.030030404641598247,29,8066.0
43310.0,41,927.0,14.045454545454545,1.868930242929249,24500.952539124944,371.2265536231052,1485053.486,22500.810393939395,25,8023.0,0.06022410288443863,25,8023.0
43315.0,45,999.0,14.91044776119403,1.3062523774438781,24662.015958835767,368.0897904303844,1542726.736,23025.77217910448,25,8124.0,0.05929178856371842,25,8124.0
43320.0,56,1220.0,18.208955223880597,0.6703008782116578,24700.198677778495,368.65968175788794,1603627.362,23934.73674626866,32,8288.0,0.007915459743181509,32,8288.0
43325.0,56,1262.0,18.02857142857143,1.0375871518712452,24823.21150279328,354.61730718276124,1625024.5439999998,23214.636342857146,29,8307.0,0.022078051350660557,29,8307.0
43330.0,59,1545.0,21.164383561643834,1.8675742279212615,25128.492841025734,344.2259293291197,1646430.45,22553.841780821916,31,8338.0,0.11417227083979303,31,8338.0
43335.0,59,1832.0,25.444444444444443,1.4414064085764122,25290.26925980045,351.25373971945066,1646508.0379999997,22868.167194444442,32,8474.0,0.04870026576422195,32,8474.0
43340.0,64,2145.0,31.08695652173913,0.6316636301842851,25411.071307665567,368.27639576326897,1646508.0379999997,23862.435333333335,36,8642.0,0.03953101875421653,36,8642.0
43345.0,59,2235.0,33.35820895522388,0.628559201985451,25643.935629391606,382.7453079013672,1646508.0379999997,24574.746835820893,30,8543.0,0.01482601786252908,30,8543.0
43350.0,54,2397.0,35.776119402985074,1.145240357769962,25956.49878103759,387.4104295677252,1646508.0379999997,24574.746835820893,26,8460.0,0.020440121576027002,26,8460.0
43355.0,52,2525.0,36.594202898550726,1.4309420299704272,26129.26839850486,378.68504925369365,1646499.454,23862.310927536233,23,8558.0,0.040098694005145416,23,8558.0
43360.0,51,2758.0,40.55882352941177,1.350032422301367,26403.27215999304,388.2834141175447,1603694.639,23583.744691176475,25,8678.0,0.05219952148556155,25,8678.0
43365.0,50,2883.0,40.605633802816904,1.753822052113609,26365.71626059836,371.34811634645587,1603865.6269999999,22589.65671830986,23,8662.0,0.10788943207772694,23,8662.0
43370.0,54,3145.0,44.92857142857143,1.5246615659128768,26526.390804482315,378.9484400640331,1582523.595,22607.479928571433,28,8762.0,0.08050504417901119,28,8762.0
43375.0,59,3433.0,48.352112676056336,1.296638834350057,26842.17365778456,378.0587839124586,1603952.58,22590.88140845071,33,8885.0,0.013347829648518439,33,8885.0
43380.0,62,3739.0,54.98529411764706,0.9392499961391909,27028.342304297115,397.47562212201643,1625385.2,23902.723529411764,35,9024.0,0.025964594440181045,35,9024.0
43385.0,58,3919.0,56.79710144927536,0.9611401797584305,27287.57972085136,395.4721698674111,1625385.968,23556.318376811596,30,8904.0,0.017331720412108606,30,8904.0
43390.0,53,4090.0,59.27536231884058,1.9936801642869697,27589.08543833697,399.8418179469127,1625385.968,23556.318376811596,25,8781.0,0.12732845989604835,25,8781.0
43395.0,52,4269.0,62.779411764705884,1.40038650429622,27718.489213260447,407.6248413714772,1604045.908,23588.910411764708,25,8757.0,0.07295809060597562,25,8757.0
43400.0,57,4527.0,68.5909090909091,0.7363589581447926,27687.592127376756,419.50897162692047,1561386.663,23657.373681818186,30,8881.0,0.04794803717116913,30,8881.0
43405.0,45,3344.0,49.91044776119403,1.9698730168901686,27825.48059335105,415.3056804977769,1561497.439,23305.931925373134,18,7869.0,0.08902723974227114,18,7869.0
43410.0,48,3575.0,51.07142857142857,3.216163313321324,27941.241434898562,399.16059192712237,1583064.0159999996,22615.20022857143,22,7614.0,0.10231043587194645,22,7614.0
43415.0,52,3821.0,54.58571428571429,2.8878370352514944,27727.510113503115,396.1072873357587,1625956.0989999997,23227.94427142857,25,7695.0,0.04200618627888643,25,7695.0
43420.0,53,4082.0,64.7936507936508,0.9425887733922282,27073.602330691585,429.739719534787,1647392.7809999997,26149.09176190476,27,7791.0,0.02407372203082541,27,7791.0
43425.0,53,4265.0,72.28813559322033,0.7314671712439906,27199.873117265153,461.0147985977145,1647391.1929999997,27921.88462711864,25,7802.0,0.024812638040124683,25,7802.0
43430.0,53,4530.0,76.77966101694915,0.9219970088308346,27473.695374623065,465.6558538071707,1647391.1929999997,27921.88462711864,25,7890.0,2.8345765241615626e-07,25,7890.0
43435.0,53,4795.0,78.60655737704919,1.4554619212109239,27747.58278948977,454.8784063850781,1647391.3009999995,27006.4147704918,25,7980.0,0.0,25,7980.0
43440.0,53,5060.0,87.24137931034483,1.0217550938815605,27899.65182390369,481.0284797224773,1647387.1959999995,28403.227517241376,25,8070.0,0.02350209477797993,25,8070.0
43445.0,46,5033.0,81.1774193548387,1.5815400444384933,28140.989888555152,453.88693368637337,1647393.1959999995,26570.858,18,7795.0,0.08473376520569913,18,7795.0
43450.0,44,5053.0,81.5,2.783876293625612,28397.810111713155,458.02919535021215,1647393.1959999995,26570.858,16,7575.0,0.2155325246262902,16,7575.0
43455.0,42,5121.0,85.35,1.7964803921036665,28418.930961700873,473.6488493616813,1604596.3859999997,26743.2731,15,7496.0,0.10992476635020422,15,7496.0
43460.0,49,5317.0,87.1639344262295,1.0219043114927786,28281.510942196277,463.6313269212505,1561941.017,25605.59044262295,23,7629.0,0.0631469934045385,23,7629.0
43465.0,47,5511.0,90.34426229508196,1.6707717506246718,28206.891391311656,462.4080555952731,1562199.941,25609.835098360658,20,7658.0,0.07138792274443938,20,7658.0
43470.0,50,5755.0,92.8225806451613,1.5580690858740365,28474.53547121765,459.26670114867176,1583681.4810000001,25543.24969354839,24,7737.0,0.08249636814808703,24,7737.0
43475.0,55,6020.0,95.55555555555556,1.0140036720919825,28726.36260547084,455.9740096106483,1626645.522,25819.770190476193,29,7837.0,0.01201122088529012,29,7837.0
43480.0,58,6303.0,101.66129032258064,0.6074337543191503,28981.175901481594,467.43832099163853,1669607.1080000002,26929.146903225806,31,7955.0,0.04078684782133294,31,7955.0
43485.0,51,6430.0,98.92307692307692,1.2478170498814878,29253.04109810329,450.0467861246659,1691088.0850000002,26016.739769230768,25,7826.0,0.08772311424571815,25,7826.0
43490.0,48,6571.0,101.0923076923077,2.501017800516119,29529.730177940455,454.3035411990839,1691088.0850000002,26016.739769230768,20,7735.0,0.10148172337131926,20,7735.0
43495.0,45,6741.0,105.328125,2.8668935228931876,29770.67952259336,465.16686754052137,1669600.3630000001,26087.505671875,18,7595.0,0.14552425970450278,18,7595.0
43500.0,46,6960.0,114.09836065573771,2.2151692274173986,29707.459144635002,487.0075269612296,1605309.594,26316.55072131148,20,7616.0,0.11068955634102842,20,7616.0
43505.0,48,7198.0,119.96666666666667,1.3102570796125086,29559.499932108003,492.6583322018001,1519580.435,25326.340583333335,22,7689.0,0.06585624674270475,22,7689.0
43510.0,51,7396.0,119.29032258064517,1.5161146970119639,29668.45537072643,478.5234737213941,1519663.249,24510.69756451613,23,7722.0,0.1500544378218375,23,7722.0
43515.0,53,7649.0,117.67692307692307,1.347598584074282,29948.338256098952,460.7436654784454,1562643.567,24040.670261538464,26,7810.0,0.02064716680574483,26,7810.0
43520.0,54,7915.0,119.92424242424242,1.9556932635579407,30217.327250886767,457.83829168010243,1584136.666,24002.070696969695,28,7911.0,0.12466800818572868,28,7911.0
43525.0,57,8192.0,120.47058823529412,1.0509055259627726,30471.865109032788,448.1156633681292,1627117.511,23928.19869117647,31,8023.0,0.05771985094693884,31,8023.0
43530.0,55,8343.0,122.69117647058823,1.1600610927336343,30752.09977819425,452.2367614440331,1670083.263,24560.047985294117,28,7965.0,0.06767314138731834,28,7965.0
43535.0,57,8528.0,120.11267605633803,1.7184863892620257,31058.298485966265,437.4408237460037,1670083.659,23522.30505633803,27,7985.0,0.05441548916025303,27,7985.0
43540.0,53,8743.0,126.71014492753623,1.6950738584087588,31238.373408401876,452.7300493971287,1627146.906,23581.839217391305,26,8081.0,0.07178760483853215,26,8081.0
43545.0,57,9009.0,134.46268656716418,0.8865146401469816,31465.56223218223,469.6352571967497,1584183.8669999999,23644.535328358208,30,8194.0,0.06297742894962599,30,8194.0
43550.0,57,9251.0,140.16666666666666,0.7285638300298689,31613.15867100967,478.98725259105555,1562754.0369999998,23678.09146969697,31,8277.0,0.0270308095174113,31,8277.0
43555.0,60,9542.0,140.3235294117647,1.178457155115619,31925.12773969391,469.4871726425573,1605743.6959999998,23613.877882352943,34,8404.0,0.06866355621638313,34,8404.0
43560.0,63,9847.0,142.71014492753622,0.6514276689362356,32214.68937207686,466.8795561170559,1648730.4269999997,23894.643869565218,36,8544.0,0.004865569043570757,36,8544.0
43565.0,65,10168.0,141.22222222222223,0.48869289746052336,32509.216551755013,451.51689655215284,1648736.1969999997,22899.113847222223,38,8697.0,4.363074787685496e-06,38,8697.0
43570.0,55,9664.0,134.22222222222223,1.448271025850028,32838.818564502355,456.09470228475493,1648736.1969999997,22899.113847222223,26,8347.0,0.08826916564229235,26,8347.0
43575.0,54,9776.0,135.77777777777777,0.8252786178823086,33167.42303247481,460.65865322881695,1648736.1969999997,22899.113847222223,25,8315.0,0.0530107193641103,25,8315.0
43580.0,59,9982.0,140.59154929577466,0.7064087233470566,33490.266945643154,471.6939006428613,1627236.4489999998,22918.823225352113,31,8416.0,0.014680498885059994,31,8416.0
43585.0,62,10255.0,146.5,0.7260012062528466,33808.72383387986,482.9817690554265,1605735.1649999998,22939.07378571428,36,8567.0,0.0030459466298479385,36,8567.0
43590.0,60,10503.0,147.92957746478874,1.2183190209207306,33716.05252452332,474.87397921863857,1627248.9829999998,22918.99976056338,34,8666.0,0.013388643859739585,34,8666.0
43595.0,60,10803.0,145.98648648648648,1.8137013242114406,33899.179880389995,458.0970254106755,1670285.7489999998,22571.42904054054,34,8801.0,0.053730711362379606,34,8801.0
43600.0,62,11109.0,154.29166666666666,1.0947515294535046,34102.20496560306,473.6417356333756,1648801.125,22900.015625,34,8936.0,0.0505764514970549,34,8936.0
43605.0,67,11438.0,158.86111111111111,0.34457840384747024,34368.50559875895,477.34035553831876,1648802.125,22900.02951388889,39,9090.0,0.011880358248551583,39,9090.0
43610.0,58,11489.0,159.56944444444446,1.1214797869536786,34704.21498337914,482.0029858802657,1648802.125,22900.02951388889,29,8907.0,0.0655822583541973,29,8907.0
43615.0,58,11617.0,156.98648648648648,1.1805134901387846,35039.14039845737,473.50189727645073,1648802.237,22281.11131081081,29,8957.0,0.02134332777462907,29,8957.0
43620.0,58,11790.0,161.5068493150685,1.3739524808183643,35227.9040593605,482.57402821041734,1648801.4039999999,22586.320602739725,31,9093.0,0.009518393739570308,31,9093.0
43625.0,61,12062.0,163.0,1.0475787881764391,35511.0639004289,479.8792418976875,1605790.5869999998,21699.8727972973,35,9269.0,0.004248836273184612,35,9269.0
43630.0,50,10845.0,150.625,1.8792623665266666,35637.701613072684,494.96807795934285,1627328.556,22601.785499999998,24,8279.0,0.10071209036690361,24,8279.0
43635.0,54,11108.0,156.45070422535213,2.5496915214346876,35796.662780622,504.17834902284494,1605847.6940000001,22617.573154929578,26,8010.0,0.03178303219387636,26,8010.0
43640.0,56,11385.0,155.95890410958904,2.70263285548714,36086.33221397341,494.33331799963565,1605848.378,21997.92298630137,28,8113.0,0.0,28,8113.0
43645.0,56,11665.0,185.15873015873015,1.31029089987683,34882.39222756231,553.688765516862,1605839.48,25489.515555555558,28,8218.0,0.0,28,8218.0
43650.0,50,11760.0,199.32203389830508,1.088521937540662,35019.14309728075,593.5447982589956,1605835.226,27217.54620338983,22,8151.0,0.06671782902899792,22,8151.0
43655.0,51,12012.0,200.2,1.374420303098351,35287.64930401142,588.1274884001901,1605835.226,26763.920433333333,23,8215.0,9.924475620836086e-05,23,8215.0
43660.0,51,12267.0,207.91525423728814,1.6617987683147513,35495.37365471554,601.6165026222972,1605834.456,27217.53315254237,23,8295.0,0.039105975495669895,23,8295.0
43665.0,52,12523.0,223.625,0.49853370590685014,35606.70723899931,635.8340578392733,1605835.314,28675.63060714286,24,8376.0,4.4234339374953857e-05,24,8376.0
43670.0,47,12504.0,231.55555555555554,0.8378352124620065,35835.50060773759,663.6203816247702,1605835.314,29737.691,19,8171.0,0.023724963377240414,19,8171.0
43675.0,43,12524.0,223.64285714285714,1.73326141857166,36080.1001293935,644.287502310598,1605839.0380000002,28675.697107142856,15,7964.0,0.15924576853717576,15,7964.0
43680.0,40,12486.0,227.01818181818183,2.271802928616397,36137.83481507188,657.0515420922158,1584356.313,28806.47841818182,13,7646.0,0.18425992387153062,13,7646.0
43685.0,43,12640.0,207.21311475409837,2.146315188799969,36220.92074871168,593.7855860444538,1584473.573,25974.97660655738,16,7753.0,0.11142790662379384,16,7753.0
43690.0,48,12860.0,210.81967213114754,1.896828595805683,36001.36135501932,590.1862517216282,1541601.2509999997,25272.151655737704,20,7856.0,0.11506187676069193,20,7856.0
43695.0,48,13052.0,213.9672131147541,1.497909693680419,35964.116894616775,589.5756867969965,1541823.9869999997,25275.803065573768,22,7883.0,0.10062789935650017,22,7883.0
43700.0,53,13301.0,211.12698412698413,1.2884564315025409,36239.69824665356,575.2333055024374,1585017.4039999996,25159.00641269841,25,7966.0,0.09629943851932231,25,7966.0
43705.0,53,13561.0,215.25396825396825,1.1934551484729632,36504.391461630774,579.4347851052503,1606614.7959999996,25501.82215873016,27,8062.0,0.029325652751558774,27,8062.0
43710.0,55,13834.0,216.15625,1.305564894585416,36786.71529007039,574.7924264073499,1649799.5269999998,25778.117609374996,29,8170.0,0.028680618786034992,29,8170.0
43715.0,53,13947.0,221.38095238095238,0.8494426069291567,36994.08130661301,587.2076397875081,1671388.2609999997,26529.972396825397,24,7977.0,0.02945975417444516,24,7977.0
43720.0,48,14100.0,220.3125,2.3500764215667713,37270.571784001055,582.3526841250165,1671388.951,26115.452359375,20,7806.0,0.10956645589045028,20,7806.0
43725.0,43,14256.0,219.3230769230769,3.01019062615177,37527.99558378558,577.3537782120859,1671388.951,25713.67616923077,16,7549.0,0.1632196971639672,16,7549.0
43730.0,46,14466.0,241.1,1.6380023584861207,37227.42588324049,620.4570980540079,1563742.2929999998,26062.371549999996,19,7614.0,0.1102045384712298,19,7614.0
43735.0,50,14708.0,249.28813559322035,0.831013624496609,37183.207140741426,630.2238498430747,1542365.239,26141.78371186441,24,7701.0,0.05204017333921384,24,7701.0
43740.0,50,14935.0,253.135593220339,0.9804082883675246,37208.52699325356,630.6529998856533,1542540.311,26144.751033898305,24,7763.0,0.08465591294729513,24,7763.0
43745.0,54,15195.0,230.22727272727272,1.316270569485052,37494.64595217566,568.1006962450856,1585753.474,24026.567787878786,27,7858.0,0.02821838269033928,27,7858.0
43750.0,57,15471.0,230.91044776119404,1.5621482605455883,37776.61193902008,563.8300289405983,1607357.491,23990.410313432836,31,7969.0,0.11775712739976216,31,7969.0
43755.0,60,15759.0,235.2089552238806,0.6698063900918725,38052.755836175675,567.9515796444131,1650565.48,24635.305671641792,34,8092.0,0.077956061211435,34,8092.0
43760.0,57,15909.0,230.56521739130434,0.7677591733570445,38374.77228450662,556.1561200653133,1693767.558,24547.355913043477,30,8053.0,0.024958184619495345,30,8053.0
43765.0,55,16092.0,223.5,1.8277423075071337,38692.61562325916,537.3974392119326,1693770.558,23524.591083333333,27,8079.0,0.04204945372152326,27,8079.0
43770.0,52,16317.0,220.5,2.3108287877522784,39000.23514420052,527.0302046513585,1693772.102,22888.81218918919,25,8171.0,0.09226853386294007,25,8171.0
43775.0,55,16573.0,236.75714285714287,1.127850652107393,39008.84636511326,557.2692337873323,1585814.2559999998,22654.489371428568,28,8276.0,0.039779346973664254,28,8276.0
43780.0,50,11577.0,167.7826086956522,1.265114778618796,39257.85089293438,568.9543607671651,1564227.194,22669.959333333332,28,5439.0,0.0756453211570723,28,5439.0
43785.0,49,8495.0,119.64788732394366,2.1327508204242114,39559.08728702748,557.1702434792601,1607450.232,22640.14411267606,33,4596.0,0.052420527731802585,33,4596.0
43790.0,43,3980.0,55.27777777777778,2.7744495087160392,39843.84076865062,553.3866773423698,1629061.617,22625.85579166667,38,7702.0,0.057973389968209665,38,7702.0
43795.0,45,1828.0,25.746478873239436,2.3410627726953117,30114.06067327356,424.14169962357136,1481757.3530000004,20869.821873239434,43,8854.0,0.023730963954214614,43,8854.0
43800.0,39,1097.0,15.898550724637682,2.5028212888589394,23777.25239287924,344.59786076636584,1408046.8690000002,20406.47636231884,33,8218.0,0.03525182077997457,33,8218.0
43805.0,46,1302.0,17.13157894736842,2.790951817437775,22919.166828364647,301.56798458374533,1529012.01,20118.57907894737,35,8200.0,0.00014737332496641395,35,8200.0
43810.0,52,1543.0,20.30263157894737,2.515234283472799,22885.62476805709,301.1266416849617,1608915.393,21169.939381578948,35,8340.0,0.012397970229387762,35,8340.0
43815.0,60,1824.0,26.057142857142857,0.8108563159425645,22123.49017299042,316.04985961414883,1649309.885,23561.569785714288,37,8484.0,0.0110155865011289,37,8484.0
43820.0,54,1858.0,26.92753623188406,0.9156373861353697,22295.360898837487,323.1211724469201,1689255.257,24481.960246376813,32,5215.0,0.026707657621438917,32,5215.0
43825.0,48,1979.0,28.681159420289855,2.3724725378747693,22591.825395006632,327.41775934792236,1689255.257,24481.960246376813,32,3421.0,0.028415606128157498,32,3421.0
43830.0,43,2056.0,29.797101449275363,2.330391874066058,21691.891839162996,314.3752440458406,1650382.597,23918.588362318842,36,7445.0,0.03790959444306209,36,7445.0
43835.0,46,2199.0,31.869565217391305,2.078551287729125,17830.086740599636,258.40705421158884,1574244.437,22815.13676811594,42,8119.0,0.027408231375282224,42,8119.0
43840.0,39,1851.0,27.62686567164179,1.9062484696926087,12041.928302042013,179.73027316480608,1499879.485,22386.260970149255,31,7930.0,0.039281441858939004,31,7930.0
43845.0,48,2067.0,27.56,2.0206297629595276,11828.648621451488,157.7153149526865,1620176.1300000001,21602.348400000003,32,7899.0,0.043123210901068756,32,7899.0
43850.0,52,2320.0,30.526315789473685,2.3036569038739714,12051.398347902354,158.57103089345202,1700048.472,22369.058842105263,33,8017.0,0.050126412210492015,33,8017.0
43855.0,62,2612.0,36.27777777777778,1.02484904670106,12071.971809277418,167.66627512885302,1739983.427,24166.436486111113,36,8170.0,0.026575484556301977,36,8170.0
43860.0,59,2299.0,33.80882352941177,0.8432334378018104,12169.424919267849,178.96213116570368,1739983.369,25587.990720588234,31,7935.0,0.024200885409842582,31,7935.0
43865.0,54,2169.0,30.985714285714284,2.035355061077309,12441.460138690714,177.73514483843888,1739980.369,24856.862414285715,26,7770.0,0.054359123652849076,26,7770.0
43870.0,52,2117.0,30.242857142857144,1.9874823751531925,12491.372486493925,178.44817837848467,1696782.2389999998,24239.74627142857,23,7769.0,0.12410208686340865,23,7769.0
43875.0,56,2304.0,34.38805970149254,1.1251905921775485,12365.341884625737,184.5573415615782,1632053.7949999995,24359.01186567164,29,7951.0,0.052202361920429007,29,7951.0
43880.0,43,1953.0,29.149253731343283,1.8968965244166354,12512.752898756124,186.75750595158397,1632145.5709999995,24360.381656716418,21,3743.0,0.10556822784862198,21,3743.0
43885.0,39,1792.0,25.971014492753625,2.7157394367700274,12673.48066516254,183.67363282844263,1653915.2289999996,23969.785927536228,25,3912.0,0.05470987868756328,25,3912.0
43890.0,34,1612.0,23.705882352941178,3.218023692436547,12308.815912793507,181.01199871755153,1657776.4459999998,24379.065382352943,29,4043.0,0.07145062564777484,29,4043.0
43895.0,40,1631.0,24.71212121212121,2.0304255026862537,7420.6446882284,112.43401042770296,1524116.94,23092.68090909091,34,4253.0,0.015218505967357993,34,4253.0
43900.0,33,679.0,10.609375,2.5383409272540796,6207.308713394087,96.98919864678263,1445308.026,22582.93790625,25,3659.0,0.054670072294307384,25,3659.0
43905.0,36,620.0,9.538461538461538,2.152000437754664,6374.030376925032,98.06200579884663,1525258.3879999998,23465.51366153846,20,3382.0,0.11343838658861706,20,3382.0
43910.0,42,746.0,11.65625,1.5376508847745494,6204.572899375566,96.94645155274326,1521936.2769999998,23780.254328125,20,3477.0,0.04642846668784563,20,3477.0
43915.0,49,942.0,14.272727272727273,1.0997396850837764,6426.93961047085,97.37787288592199,1601878.9649999999,24270.893409090906,28,3621.0,0.021004652278034858,28,3621.0
43920.0,52,978.0,15.28125,0.6819328648179301,6089.665878527692,95.15102935199518,1623575.6929999997,25368.370203125,27,3638.0,0.014168260812990942,27,3638.0
43925.0,56,1249.0,17.10958904109589,1.7587600151298857,6400.249009963096,87.67464397209719,1645288.8589999997,22538.203547945206,29,3712.0,0.042973718563049934,29,3712.0
43930.0,57,1528.0,21.22222222222222,2.4513798644076243,6524.548617928487,90.61873080456228,1645389.4649999996,22852.63145833333,30,3860.0,0.14393231271639495,30,3860.0
43935.0,62,1824.0,26.057142857142857,0.5106400847261799,6687.374099752534,95.53391571075046,1645389.4649999996,23505.563785714283,34,4017.0,0.015676539533063916,34,4017.0
43940.0,61,1983.0,29.16176470588235,0.6404437558534343,6927.016247253282,101.86788598901887,1645389.4649999996,24196.903897058826,33,3892.0,0.014764166958013195,33,3892.0
43945.0,56,2137.0,31.426470588235293,1.5120061943876,7238.095085861637,106.44257479208284,1645389.4649999996,24196.903897058826,28,3771.0,0.04936256353446321,28,3771.0
43950.0,54,2313.0,33.52173913043478,1.5378798456336262,7529.093119888928,109.11729159259318,1623690.7419999996,23531.74988405797,27,3905.0,0.05128891406086736,27,3905.0
43955.0,56,2566.0,38.298507462686565,0.9830562914538562,7303.0898029492055,109.00134034252548,1558893.7629999996,23267.071089552235,29,4066.0,0.030667213103783463,29,4066.0
43960.0,53,2695.0,40.223880597014926,1.0289343424501893,7433.65636453439,110.9500949930506,1559019.3409999995,23268.9453880597,27,4092.0,0.051792065465478675,27,4092.0
43965.0,57,2973.0,42.47142857142857,1.5772503514536278,7739.776012773603,110.5682287539086,1602465.6599999997,22892.36657142857,31,4219.0,0.03619262542072467,31,4219.0
43970.0,60,3267.0,46.67142857142857,1.42202801798983,8019.41286994877,114.56304099926813,1624186.6559999997,23202.666514285713,33,4381.0,0.029009477277079414,33,4381.0
43975.0,63,3574.0,51.79710144927536,0.761007484096617,8214.261329451525,119.04726564422499,1624186.5489999999,23538.935492753622,35,4550.0,0.010283483600759159,35,4550.0
43980.0,53,3467.0,52.53030303030303,1.2663965437641675,8450.440010340928,128.0369698536504,1624183.5489999999,24608.841651515155,25,4047.0,0.05725488810297701,25,4047.0
43985.0,51,3611.0,51.58571428571429,1.1021534317034931,8766.81064818879,125.24015211698269,1624183.8669999999,23202.626671428574,22,4036.0,0.040238684577724775,22,4036.0
43990.0,53,3789.0,54.128571428571426,1.706291467951125,9065.75981735124,129.5108545335891,1602461.471,22892.30672857143,25,4155.0,0.12563778309636978,25,4155.0
43995.0,56,4028.0,57.542857142857144,0.9989431309148462,9188.477154804732,131.2639593543533,1602593.9689999998,22894.199557142856,29,4312.0,0.03692038104709888,29,4312.0
44000.0,52,3271.0,46.72857142857143,1.6084134296080184,8974.304342006933,128.20434774295623,1624337.0369999995,23204.81481428571,25,3618.0,0.07004191558346817,25,3618.0
44005.0,54,3535.0,46.51315789473684,2.8949941367859195,9273.73053585876,122.02277020866785,1667832.9849999996,21945.17085526316,27,3573.0,0.06293780000772492,27,3573.0
44010.0,56,3803.0,52.81944444444444,2.480837258821483,8897.118089556463,123.57108457717312,1646219.4309999996,22864.15876388889,28,3711.0,0.11351693235743969,28,3711.0
44015.0,61,4097.0,63.03076923076923,0.3994153965667175,8545.940462418028,131.47600711412355,1646213.9909999997,25326.36909230769,33,3865.0,0.005888365142811212,33,3865.0
44020.0,57,4259.0,66.546875,0.7791967069884105,8833.408949318082,138.02201483309503,1646213.9909999997,25722.093609375,29,3891.0,0.023504029789628067,29,3891.0
44025.0,57,4544.0,68.84848484848484,1.0982717957188746,9131.60378141479,138.35763305173924,1646215.2549999997,24942.655378787884,29,4032.0,0.0,29,4032.0
44030.0,57,4829.0,74.29230769230769,1.592479694615964,9385.97927676127,144.39968118094262,1646215.1949999996,25326.387615384618,29,4177.0,0.0,29,4177.0
44035.0,57,5114.0,83.8360655737705,0.6442930139933599,9541.03296004654,156.41037639420557,1646214.8489999997,26987.128672131148,29,4322.0,0.028464360043718877,29,4322.0
44040.0,52,5076.0,86.03389830508475,0.6683672452151382,9801.533755744687,166.1276907753337,1646214.8489999997,27901.946593220346,24,3982.0,0.02058315813059086,24,3982.0
44045.0,47,5085.0,80.71428571428571,1.858917159653672,10077.500372085698,159.96032336643967,1646217.8489999997,26130.442047619046,19,3851.0,0.059674151579563774,19,3851.0
44050.0,45,5092.0,79.5625,2.10680781466127,10099.438225997188,157.80372228120603,1624607.7399999995,25384.4959375,17,3937.0,0.1616523764890229,17,3937.0
44055.0,48,5321.0,85.8225806451613,1.033010160543368,9918.520321732782,159.97613422149644,1581377.8789999997,25506.094822580646,22,4119.0,0.04657417637696769,22,4119.0
44060.0,50,5535.0,89.2741935483871,1.2383225134414386,10005.30223060569,161.37584242912402,1581528.324,25508.52135483871,23,4203.0,0.07311834372739746,23,4203.0
44065.0,53,5792.0,90.5,1.2201109524406393,10290.280220620558,160.78562844719622,1603321.9810000001,25051.905953125,27,4330.0,0.05058568243121258,27,4330.0
44070.0,56,6067.0,94.796875,0.9534224144673464,10546.096973369518,164.78276520889875,1646896.111,25732.751734375,30,4475.0,0.03331319490421905,30,4475.0
44075.0,61,6357.0,97.8,0.6087930810972306,10823.921520394146,166.52186954452534,1646896.5189999999,25336.869523076923,31,4628.0,0.011340404156033757,31,4628.0
44080.0,53,6498.0,103.14285714285714,1.1370227920208085,11100.752995634359,176.20242850213268,1646892.6010000003,26141.152396825397,25,4482.0,0.041571487433641696,25,4482.0
44085.0,50,6658.0,100.87878787878788,2.123734087767337,11385.635492034637,172.50962866719146,1646895.6010000003,24952.963651515147,22,4344.0,0.11726841953453321,22,4344.0
44090.0,48,6807.0,104.72307692307692,1.9676633283081384,11652.214076653941,179.2648319485222,1625105.7750000001,25001.627307692306,20,4445.0,0.09946369636037528,20,4445.0
44095.0,53,7018.0,113.19354838709677,0.6064921240193639,11377.184023422073,183.5029681197108,1560074.89,25162.498225806452,26,4582.0,0.04118527485719481,26,4582.0
44100.0,53,7257.0,117.04838709677419,0.6105213904177447,11520.32769639059,185.8117370385579,1560181.743,25164.22166129032,27,4710.0,0.01782087398205317,27,4710.0
44105.0,56,7529.0,109.1159420289855,1.341483175311579,11830.769845906654,171.46043254937183,1603802.857,23243.519666666667,30,4852.0,0.04320619767376728,30,4852.0
44110.0,59,7816.0,111.65714285714286,1.5818573358009733,12120.016950190997,173.14309928844284,1647416.766,23534.52522857143,32,5009.0,0.12418639538616212,32,5009.0
44115.0,64,8122.0,119.44117647058823,0.13673531792554447,12411.024618789279,182.5150679233718,1647416.766,24226.717147058826,37,5182.0,0.01737887906595807,37,5182.0
44120.0,56,6175.0,90.80882352941177,0.7520957209537475,12738.662253512435,187.33326843400638,1647416.766,24226.717147058826,31,3810.0,0.028435673898009682,31,3810.0
44125.0,48,4662.0,67.56521739130434,1.8178872354095357,13048.452602950936,189.10800873841936,1647416.766,23875.605304347828,31,3199.0,0.01889714559740939,31,3199.0
44130.0,40,2907.0,41.52857142857143,2.579745357989613,13328.800748263857,190.4114392609122,1647418.3180000002,23534.547400000003,33,4149.0,0.04490876706852729,33,4149.0
44135.0,43,2040.0,30.44776119402985,2.3732493583468224,12180.284043266274,181.7952842278548,1527970.6100000003,22805.531492537313,38,4330.0,4.762355554701583e-05,38,4330.0
44140.0,35,1249.0,19.515625,1.7923612925518515,9940.234935876379,155.3161708730684,1449636.8470000003,22650.575734375,26,3787.0,0.0616535390601184,26,3787.0
44145.0,40,1198.0,17.61764705882353,1.979879493170077,10224.454805602805,150.3596294941589,1529985.3620000002,22499.784735294117,25,3631.0,0.07445304984172323,25,3631.0
44150.0,45,1218.0,17.652173913043477,1.6955012985475457,10252.960859179915,148.59363564028868,1588692.686,23024.53168115942,26,3756.0,0.07770368060022509,26,3756.0
44155.0,55,1426.0,20.37142857142857,0.962619479044312,10177.388577001691,145.3912653857384,1607183.331,22959.761871428575,31,3937.0,0.009609506462723683,31,3937.0
44160.0,57,1607.0,23.28985507246377,1.1082734002192007,10102.540353407861,146.4136283102589,1629029.0440000002,23609.11657971015,31,4043.0,0.012071462047178582,31,4043.0
44165.0,61,1903.0,25.373333333333335,1.3230296094326057,10275.439099775582,137.00585466367448,1650880.1360000002,22011.73514666667,33,4193.0,0.028294570114023056,33,4193.0
44170.0,62,2210.0,29.864864864864863,1.741184764009625,10577.384410607077,142.93762717036597,1650879.36,22309.180540540543,34,4363.0,0.09593361590506043,34,4363.0
44175.0,64,2526.0,35.57746478873239,0.44105271278573105,10664.55547901695,150.20500674671766,1629156.3860000002,22945.8645915493,36,4539.0,0.0068273136150803215,36,4539.0
44180.0,59,2575.0,36.267605633802816,0.8537198630717892,10938.12054324363,154.0580358203329,1629157.0820000002,22945.8743943662,31,4123.0,0.028619127107208417,31,4123.0
44185.0,56,2750.0,38.732394366197184,1.381457826888881,11258.855293667071,158.57542667136724,1629157.0820000002,22945.8743943662,27,4215.0,0.02310025912019913,27,4215.0
44190.0,56,2921.0,42.333333333333336,0.9556164152112029,11196.202367280413,162.26380242435388,1607434.397,23296.150681159426,27,4349.0,0.03505266839103652,27,4349.0
44195.0,58,3147.0,46.279411764705884,0.6982965117852243,11391.843829519517,167.527115139993,1585586.854,23317.45373529412,32,4528.0,0.013735789738736333,32,4528.0
44200.0,48,2010.0,29.558823529411764,1.7487514305970873,11628.934031451054,171.0137357566332,1629337.9039999999,23960.851529411768,21,3591.0,0.08220354657685472,21,3591.0
44205.0,50,2254.0,31.305555555555557,2.8085144918673186,11908.748536286703,165.39928522620417,1651218.101,22933.584736111112,24,3399.0,0.037875987902950985,24,3399.0
44210.0,52,2509.0,35.84285714285714,2.9440609861874467,11793.829800154968,168.48328285935673,1629493.835,23278.48335714286,24,3519.0,0.0556981674910925,24,3519.0
44215.0,54,2775.0,45.49180327868852,1.3022467806182043,10919.140739405486,179.00230720336864,1629485.5909999998,26712.878540983605,26,3645.0,0.04649069201253795,26,3645.0
44220.0,49,2856.0,50.10526315789474,0.7730076257348159,10963.692717367692,192.3454862696087,1629482.226,28587.407473684212,21,3607.0,0.04055005111694637,21,3607.0
44225.0,49,3101.0,51.68333333333333,1.6727135855124797,11227.826855417807,187.13044759029688,1629482.226,27158.0371,21,3691.0,0.04222309780108193,21,3691.0
44230.0,52,3346.0,53.96774193548387,1.938389382479109,11447.640201689586,184.63935809176752,1629484.122,26282.00196774194,22,3796.0,0.13039330045169203,22,3796.0
44235.0,51,3597.0,60.96610169491525,1.1082723822867924,11610.80518877917,196.79330828439274,1629483.488,27618.364203389832,23,3907.0,0.026337584275966282,23,3907.0
44240.0,47,3572.0,63.785714285714285,1.0890568272960306,11773.415643778753,210.23956506747774,1629480.488,29097.865857142857,19,3611.0,0.10005745789282319,19,3611.0
44245.0,44,3560.0,60.33898305084746,1.8196788782280482,12032.968498290076,203.94861861508602,1629483.488,27618.364203389832,16,3367.0,0.07812528833195927,16,3367.0
44250.0,42,3594.0,60.91525423728814,2.415736529225268,12277.68794621736,208.0964058680909,1629483.488,27618.364203389832,15,3305.0,0.159490947380581,15,3305.0
44255.0,48,3770.0,63.898305084745765,1.0220942008088996,11847.369366883702,200.8028706251475,1564251.9039999999,26512.74413559322,20,3478.0,0.07193544273801551,20,3478.0
44260.0,47,3912.0,66.30508474576271,1.7037556689197633,11700.324730519744,198.31058865287707,1564557.7319999998,26517.927661016947,20,3490.0,0.12361929584913316,20,3490.0
44265.0,48,4148.0,69.13333333333334,1.8328482164366637,11958.273544733012,199.30455907888364,1586478.7119999998,26441.311866666663,22,3596.0,0.08696378260054576,22,3596.0
44270.0,53,4402.0,72.1639344262295,1.4114201081585722,12202.054666783972,200.0336830620324,1630326.74,26726.66786885246,27,3720.0,0.04007192428284472,27,3720.0
44275.0,56,4672.0,79.1864406779661,0.38598116443291,12375.711386485778,209.75782010992856,1674165.203,28375.681406779662,29,3860.0,0.021066294299372346,29,3860.0
44280.0,50,4793.0,82.63793103448276,0.9080607549415403,12648.724377431005,218.08145478329322,1674165.203,28864.917293103448,22,3607.0,0.05483179457294217,22,3607.0
44285.0,45,4916.0,76.8125,2.3066626749160815,12918.019609673525,201.84405640114886,1674172.1869999997,26158.940421875,17,3428.0,0.07205574085378716,17,3428.0
44290.0,41,5064.0,80.38095238095238,3.140018986934527,13099.64044885508,207.9308007754774,1652293.2579999997,26226.877111111113,14,3371.0,0.2088052793294813,14,3371.0
44295.0,47,5266.0,87.76666666666667,1.203459430474125,12753.11523362733,212.55192056045553,1586925.42,26448.757,20,3468.0,0.08120769353759293,20,3468.0
44300.0,47,5460.0,91.0,1.1913216813644207,12673.64297948383,211.22738299139715,1543322.0199999998,25722.03366666667,21,3544.0,0.04878941134804734,21,3544.0
44305.0,49,5698.0,91.90322580645162,1.8978082195044237,12942.77914948894,208.75450241111187,1587190.9559999995,25599.854129032257,23,3652.0,0.11113991442843586,23,3652.0
44310.0,52,5950.0,92.96875,1.354752710575625,13171.634492498924,205.8067889452957,1631058.1199999996,25485.283125,25,3774.0,0.049478454566426376,25,3774.0
44315.0,57,6224.0,100.38709677419355,0.5990426691981157,13427.482913522344,216.57230505681196,1652983.8859999995,26661.03041935484,31,3918.0,0.0001803211978437688,31,3918.0
44320.0,53,6370.0,102.74193548387096,0.957765451482869,13720.425163240245,221.297180052262,1652983.8859999995,26661.03041935484,25,3770.0,0.05949321427674178,25,3770.0
44325.0,50,6526.0,100.4,1.9245676045899456,14003.984325604051,215.44591270160072,1652986.8859999995,25430.56747692308,22,3678.0,0.07318491755056512,22,3678.0
44330.0,47,6704.0,103.13846153846154,2.2755927529737994,14273.48613024173,219.5920943114112,1652986.8859999995,25430.56747692308,20,3735.0,0.12663477349075603,20,3735.0
44335.0,49,6930.0,110.0,0.9856156305104803,14024.907034560627,222.61757197715278,1565563.8319999995,24850.219555555555,23,3869.0,0.058355254938091294,23,3869.0
44340.0,51,7150.0,113.4920634920635,1.3960939525956417,14193.10639476522,225.28740309151138,1565635.8859999997,24851.363269841266,25,3959.0,0.057820074215401314,25,3959.0
44345.0,55,7413.0,110.64179104477611,1.0890938891290145,14430.946543888962,215.38726184908896,1587605.5349999997,23695.605000000003,29,4092.0,0.02221391503119077,29,4092.0
44350.0,59,7701.0,113.25,1.4341076041127077,14710.15356545462,216.32578772727382,1631501.1779999996,23992.66438235294,32,4250.0,0.10036715767605586,32,4250.0
44355.0,62,7999.0,119.38805970149254,0.45973989396936565,15001.674687502804,223.9055923507881,1653446.7439999997,24678.309611940298,36,4418.0,0.025385364476203244,36,4418.0
44360.0,58,8165.0,118.33333333333333,0.7756663406821114,15310.870359892693,221.8966718825028,1675388.3219999995,24280.990173913044,31,4427.0,0.02651458198944514,31,4427.0
44365.0,54,8347.0,119.24285714285715,2.036630604037336,15618.51854421207,223.1216934887438,1675388.3219999995,23934.11888571428,26,4455.0,0.05239917511333067,26,4455.0
44370.0,50,8547.0,123.8695652173913,1.9844345849287472,15870.81159076901,230.0117621850581,1653456.0639999995,23963.131362318836,23,4524.0,0.0985122246486621,23,4524.0
44375.0,58,8802.0,129.44117647058823,1.093558351711494,15967.718956927849,234.81939642540954,1587671.9109999998,23348.116338235297,31,4670.0,0.05159435376328631,31,4670.0
44380.0,46,8124.0,123.0909090909091,1.8578715533128818,16011.026822258687,242.591315488768,1543871.2239999997,23391.988242424242,20,4010.0,0.1335326672831577,20,4010.0
44385.0,51,8370.0,119.57142857142857,2.364301569891181,16290.413234548028,232.72018906497178,1587793.714,22682.767342857143,25,3988.0,0.034905119552725024,25,3988.0
44390.0,55,8636.0,123.37142857142857,2.388735968378236,16265.34458326968,232.36206547528116,1631703.046,23310.043514285717,28,4124.0,0.02801805257053315,28,4124.0
44395.0,58,8916.0,141.52380952380952,0.5337197797608481,15885.485540218198,252.15056413044758,1653652.157,26248.44693650794,31,4273.0,0.019805484389493668,31,4273.0
44400.0,54,9057.0,148.47540983606558,0.7364774387052574,16124.42521322603,264.3348395610824,1653651.743,27109.044967213118,26,4262.0,0.022483604120481743,26,4262.0
44405.0,49,9207.0,135.39705882352942,2.187914083796769,16414.24033972525,241.38588734890072,1653657.743,24318.496220588233,21,4263.0,0.08994318137810915,21,4263.0
44410.0,48,9377.0,135.8985507246377,2.5001704230426127,16648.934209944455,241.28890159339784,1631718.709,23648.097231884058,19,4318.0,0.15098072960763712,19,4318.0
44415.0,53,9611.0,145.62121212121212,1.2255747202731366,16656.728572502427,252.3746753409458,1565926.6729999997,23726.16171212121,27,4466.0,0.08190219021272124,27,4466.0
44420.0,49,9586.0,147.47692307692307,1.7652263153970011,16797.179912340132,258.41815249754046,1544021.1919999998,23754.172184615385,23,4374.0,0.12808232460168684,23,4374.0
44425.0,51,9836.0,146.80597014925374,1.7688637522765898,17077.84541989587,254.89321522232635,1587966.7069999997,23700.99562686567,25,4435.0,0.07203571110514347,25,4435.0
44430.0,56,10101.0,146.3913043478261,1.9191388881664622,17369.329012487542,251.72940597808037,1631908.1969999997,23650.843434782608,29,4566.0,0.020436153045609178,29,4566.0
44435.0,58,10379.0,154.91044776119404,1.2901511301671342,17414.139796883017,259.91253428183614,1653877.5889999997,24684.740134328356,30,4714.0,0.029096394708243916,30,4714.0
44440.0,51,10493.0,163.953125,1.404074134072775,17581.654754051422,274.71335553205347,1675848.2289999996,26185.128578124997,24,4678.0,0.06575538801358148,24,4678.0
44445.0,48,10647.0,166.359375,2.05970789001685,17841.509006953165,278.7735782336433,1675845.2289999996,26185.081703124997,20,4668.0,0.09464832369569016,20,4668.0
44450.0,48,10824.0,171.8095238095238,1.7165038110745399,18076.41216224257,286.9271771784535,1653888.6419999995,26252.200666666664,20,4767.0,0.08438584202933012,20,4767.0
44455.0,51,11042.0,178.09677419354838,0.9392575270109988,18158.51481233429,292.87927116668214,1610000.9519999996,25967.757290322577,24,4889.0,0.04777945500791001,24,4889.0
44460.0,50,11266.0,184.68852459016392,1.0937210709803866,18261.966878420713,299.37650620361836,1566126.6089999997,25674.206704918033,24,4994.0,0.09260497976048072,24,4994.0
44465.0,55,11526.0,169.5,1.369708754491795,18559.59655733545,272.93524349022715,1610100.6479999996,23677.95070588235,28,5124.0,0.04197027844765457,28,5124.0
44470.0,58,11810.0,173.6764705882353,1.4621335625510716,18843.02291969605,277.1032782308242,1632079.3439999996,24001.166823529413,32,5278.0,0.11215651606832511,32,5278.0
44475.0,61,12109.0,178.0735294117647,0.2875433775166043,19125.818540966284,281.26203736715115,1676043.3019999997,24647.695617647056,35,5447.0,0.03330894139406858,35,5447.0
44480.0,55,8948.0,131.58823529411765,0.8042523267956158,19450.82336684271,286.0415201006279,1676043.3019999997,24647.695617647056,30,4321.0,0.030646737353575277,30,4321.0
44485.0,48,6481.0,91.28169014084507,2.2945522765918973,19758.835269522006,278.29345450030985,1676046.3019999997,23606.285943661973,31,3914.0,0.03679101218003882,31,3914.0
44490.0,40,3976.0,54.465753424657535,3.4385426045115834,20031.10469385636,274.3986944363884,1676044.6289999997,22959.515465753426,32,5787.0,0.09015484084358946,32,5787.0
44495.0,41,2147.0,30.67142857142857,2.873246517463064,17732.43670806713,253.32052440095893,1556725.162,22238.930885714286,38,7062.0,0.01468646050479873,38,7062.0
44500.0,36,1039.0,15.507462686567164,2.090645773521054,14250.443446547513,212.69318576936584,1438440.091,21469.25508955224,31,6470.0,0.057450656383266,31,6470.0
44505.0,41,847.0,12.1,1.9913115185298704,14515.199881853443,207.35999831219206,1600391.088,22862.729828571428,25,6214.0,0.06721483574235981,25,6214.0
44510.0,45,906.0,12.942857142857143,1.5990233020966749,14346.551716910417,204.95073881300596,1619215.3319999997,23131.647600000004,26,6340.0,0.03733735831654288,26,6340.0
44515.0,56,1113.0,15.67605633802817,0.9804265322266119,14288.610480997815,201.2480349436312,1656263.7769999998,23327.658830985914,35,6528.0,0.008494420395497235,35,6528.0
44520.0,58,1298.0,18.02777777777778,1.3853303110309183,14333.817808509388,199.08080289596376,1718759.342,23871.657527777777,33,6645.0,0.013346540601916429,33,6645.0
44525.0,62,1600.0,21.333333333333332,1.2477058750335404,14260.919354741132,190.1455913965484,1740776.809,23210.357453333334,35,6803.0,0.023825284220060732,35,6803.0
44530.0,64,1916.0,25.89189189189189,1.5887811244480359,14568.31367011927,196.86910365026046,1740776.0289999996,23524.00039189189,36,6982.0,0.06150428255638445,36,6982.0
44535.0,67,2242.0,31.577464788732396,0.3056100396778637,14699.614356802798,207.03682192680003,1718815.1019999997,24208.663408450702,39,7168.0,0.013411034487542276,39,7168.0
44540.0,63,2412.0,33.5,0.6948428990610876,15002.087515986961,208.36232661093004,1718815.8059999999,23872.441749999998,35,7119.0,0.02885992244960188,35,7119.0
44545.0,59,2573.0,35.736111111111114,1.5009573530526037,15331.427589265524,212.93649429535452,1718815.8059999999,23872.441749999998,31,7084.0,0.03901647007005859,31,7084.0
44550.0,56,2757.0,38.83098591549296,1.0738632076019177,15637.85182496805,220.2514341544796,1696793.89,23898.50549295775,29,7232.0,0.04442748476568498,29,7232.0
44555.0,60,3025.0,42.605633802816904,0.7537198422386849,15678.597436529653,220.82531600745995,1674924.2979999997,23590.483070422535,34,7440.0,0.03429487761042667,34,7440.0
44560.0,53,2295.0,32.32394366197183,1.3096692048048257,15738.798165724711,221.67321360175652,1675089.5889999997,23592.811112676056,26,6738.0,0.061181883360842675,26,6738.0
44565.0,58,2573.0,33.41558441558441,2.405760616797349,16053.278829599432,208.48414064414854,1697139.1589999998,22040.768298701296,31,6723.0,0.04799414767689105,31,6723.0
44570.0,59,2854.0,37.55263157894737,2.4196369483505635,15901.523167787647,209.23056799720598,1741226.8169999996,22910.879171052627,32,6879.0,0.07883352118587038,32,6879.0
44575.0,63,3159.0,45.128571428571426,0.7264637405326125,15683.934116716033,224.05620166737197,1741222.2689999996,24874.60384285714,35,7046.0,0.0291293388529148,35,7046.0
44580.0,60,3336.0,49.05882352941177,0.7307026631226512,15915.5337588607,234.05196704206924,1741218.9169999997,25606.160544117647,32,6982.0,0.011331285217217064,32,6982.0
44585.0,56,3528.0,50.4,1.7235374406095674,16193.336030538116,231.33337186483024,1741218.9169999997,24874.555957142857,28,6919.0,0.04817704230177019,28,6919.0
44590.0,56,3710.0,51.52777777777778,1.8000666942791166,16494.90514483298,229.09590478934706,1741220.7649999997,24183.621736111112,26,7050.0,0.07803608509019672,26,7050.0
44595.0,56,3941.0,57.955882352941174,0.7909056072439459,16341.215231577838,240.31198869967417,1653278.9869999997,24312.92627941176,29,7209.0,0.03230873151018614,29,7209.0
44600.0,51,3889.0,57.19117647058823,1.5025593087262428,16506.904096706872,242.748589657454,1653372.4099999997,24314.30014705882,25,7133.0,0.08635969348340039,25,7133.0
44605.0,56,4155.0,58.521126760563384,1.9676611641668165,16806.583580421717,236.71244479467217,1697501.7359999996,23908.47515492958,29,7180.0,0.040718013270791595,29,7180.0
44610.0,59,4437.0,62.49295774647887,1.7423051020151092,17091.63072965614,240.7271933754386,1719562.4259999995,24219.189098591545,33,7334.0,0.04176218841434894,33,7334.0
44615.0,62,4731.0,66.63380281690141,1.2351960955173675,17170.898587843847,241.84364208230775,1741627.4069999994,24529.963478873233,33,7496.0,0.04941544105301,33,7496.0
44620.0,55,4879.0,72.82089552238806,1.097112986984828,17303.3595194077,258.25909730459256,1741624.4069999994,25994.39413432835,27,7394.0,0.04447470230034085,27,7394.0
44625.0,54,5055.0,75.44776119402985,1.7201731179227717,17600.56608856193,262.6950162471931,1741624.4069999994,25994.39413432835,26,7303.0,0.10102122086683775,26,7303.0
44630.0,50,5208.0,77.73134328358209,2.1252388677658898,17886.050145881956,266.9559723265964,1741624.4069999994,25994.39413432835,23,7171.0,0.08110749983680972,23,7171.0
44635.0,51,5442.0,85.03125,2.2297560478828222,17826.686418511945,278.54197528924914,1675609.2579999997,26181.39465625,24,7174.0,0.10346555761473773,24,7174.0
44640.0,51,5693.0,91.8225806451613,1.6372905938607392,17697.965773303178,285.4510608597287,1631709.1889999998,26317.890145161287,25,7311.0,0.09353764182604277,25,7311.0
44645.0,53,5953.0,85.04285714285714,1.5459449750174403,17746.463540851953,253.52090772645653,1631874.8879999996,23312.498399999997,27,7441.0,0.05321800988081841,27,7441.0
44650.0,55,6151.0,89.14492753623189,2.078961679560128,17843.197917807833,258.59707127257735,1609903.4139999999,23331.93353623188,28,7509.0,0.14508278751569245,28,7509.0
44655.0,57,6425.0,91.78571428571429,1.1947001931927226,18146.694517048447,259.2384931006922,1631982.0399999998,23314.02914285714,30,7651.0,0.055304720020694406,30,7651.0
44660.0,61,6721.0,94.66197183098592,1.321158251502409,18441.719985873162,259.74253501229805,1676134.1179999998,23607.522788732393,35,7819.0,0.04791782182676444,35,7819.0
44665.0,65,7030.0,97.63888888888889,0.9450429979767274,18731.08184966827,260.1539145787261,1720288.521,23892.896125,38,7998.0,0.00627780588790573,38,7998.0
44670.0,52,6380.0,91.14285714285714,1.4310918693096688,18983.321592429438,271.1903084632777,1742362.155,24890.88792857143,26,7473.0,0.10043593328417895,26,7473.0
44675.0,51,6329.0,86.6986301369863,2.23842856592841,19287.00224274762,264.205510174625,1786511.072,24472.754410958907,22,7193.0,0.11035602657255095,22,7193.0
44680.0,52,6542.0,89.61643835616438,1.4080633059764116,19554.629811926356,267.8716412592651,1786521.4009999998,24472.89590410959,25,7300.0,0.057761085863561844,25,7300.0
44685.0,56,6798.0,95.74647887323944,1.0566438664831306,19490.869972915658,274.5192953931783,1742394.0769999998,24540.761647887324,29,7441.0,0.012520022324620822,29,7441.0
44690.0,59,7049.0,97.90277777777777,1.4649623341651739,19802.960458447193,275.0411174784332,1742394.4289999998,24199.922625,33,7562.0,0.05756124850528205,33,7562.0
44695.0,62,7352.0,102.11111111111111,1.0965571529440505,19538.78323595171,271.37198938821814,1742409.0289999999,24200.12540277778,35,7734.0,0.02527469146785074,35,7734.0
44700.0,65,7671.0,108.04225352112677,0.9659461306096597,19647.250861142023,276.72184311467635,1742405.2769999998,24540.919394366192,37,7914.0,9.586353489522264e-05,37,7914.0
44705.0,66,7997.0,114.24285714285715,0.3387762476216415,19917.204698633246,284.53149569476074,1742400.9989999998,24891.44284285714,38,8100.0,0.0021632233149507206,38,8100.0
44710.0,60,8121.0,116.01428571428572,1.174875527472357,20244.450342528933,289.2064334646991,1742400.9989999998,24891.44284285714,32,8091.0,0.06923986274265785,32,8091.0
44715.0,57,8270.0,118.14285714285714,1.3668269943223024,20558.61469949982,293.69449570714033,1742400.9989999998,24891.44284285714,29,8134.0,0.05905776036840867,29,8134.0
44720.0,55,8445.0,117.29166666666667,1.6242993943182,20869.434414953754,289.85325576324647,1742401.7069999997,24200.023708333334,28,8224.0,0.05937962730891746,28,8224.0
44725.0,58,8698.0,122.50704225352112,1.4030907327209723,20863.366791064873,293.8502364938715,1654148.3289999997,23297.86378873239,31,8395.0,0.048052175606741084,31,8395.0
44730.0,50,7990.0,114.14285714285714,1.8892628322434584,21041.066748151825,300.58666783074034,1632092.4089999998,23315.605842857138,23,7721.0,0.12522068060447264,23,7721.0
44735.0,54,8255.0,113.08219178082192,2.6622298457934366,21336.754789881743,292.2843121901609,1676303.862,22963.066602739727,27,7711.0,0.04231851163407024,27,7711.0
44740.0,57,8522.0,118.36111111111111,2.174137170343195,21261.868194095725,295.30372491799636,1720503.936,23895.888,30,7855.0,0.028866478381360153,30,7855.0
44745.0,59,8811.0,129.5735294117647,0.9596423749184112,20885.548430209245,307.14041809131237,1742600.458,25626.477323529416,33,8014.0,0.032672367266779224,33,8014.0
44750.0,56,8956.0,135.6969696969697,1.2275320074075944,21147.20925117776,320.41226138148124,1764702.5639999998,26737.917636363636,28,8030.0,0.035554344305495,28,8030.0
44755.0,58,9242.0,140.03030303030303,1.1181071488767573,21446.040619431886,324.9400093853317,1764702.5639999998,26737.917636363636,30,8172.0,0.053838763877467825,30,8172.0
44760.0,59,9534.0,148.96875,0.7304122670180637,21676.980806404685,338.70282510007337,1764702.142,27573.47096875,31,8324.0,5.023419164992474e-05,31,8324.0
44765.0,59,9829.0,146.70149253731344,1.0642894246729724,21948.27122685562,327.5861377142631,1764705.142,26338.882716417913,31,8479.0,0.0,31,8479.0
44770.0,54,9807.0,146.37313432835822,1.4969813862252024,22144.03575746165,330.5079963800247,1764710.77,26338.96671641791,24,8353.0,0.09928580484078017,24,8353.0
44775.0,48,9844.0,146.92537313432837,2.2603983070446874,22429.3991783777,334.76715191608497,1764710.77,26338.96671641791,20,8279.0,0.10691492459032276,20,8279.0
44780.0,49,9953.0,150.8030303030303,1.8885161474994234,22642.60231920813,343.0697321092142,1742632.156,26403.517515151518,22,8384.0,0.1005641250104538,22,8384.0
44785.0,52,10176.0,164.1290322580645,0.4946785441443436,22536.52238909796,363.49229659835424,1654324.115,26682.64701612903,26,8570.0,0.04309446888252694,26,8570.0
44790.0,51,10385.0,164.84126984126985,1.1575698627146962,22826.037285493196,362.3180521506858,1676458.98,26610.46,25,8649.0,0.04600833547687759,25,8649.0
44795.0,57,10652.0,158.98507462686567,1.1249618478517789,23011.07920009822,343.44894328504796,1698652.0829999999,25353.016164179106,29,8786.0,0.018185963072560988,29,8786.0
44800.0,58,10936.0,163.22388059701493,1.4385296833838297,23293.451994789397,347.6634626087969,1720787.3809999998,25683.39374626866,32,8940.0,0.04680935252712245,32,8940.0
44805.0,58,11226.0,162.69565217391303,1.0157502773650269,23533.371167843346,341.0633502585992,1765056.3509999998,25580.526826086956,32,9100.0,0.09394025606943239,32,9100.0
44810.0,53,10762.0,155.97101449275362,1.2650446748715036,23851.468150372053,345.67345145466743,1765056.3509999998,25580.526826086956,24,8552.0,0.08343685858286531,24,8552.0
44815.0,50,10771.0,156.1014492753623,1.217783774644946,24164.564826061873,350.2110844356793,1765056.3509999998,25580.526826086956,21,8308.0,0.060666145604214,21,8308.0
44820.0,50,10945.0,160.9558823529412,1.159849773957496,24163.412077145378,355.3442952521379,1765056.0899999996,25956.707205882354,22,8408.0,0.03005659206504174,22,8408.0
44825.0,55,11180.0,159.71428571428572,1.1203806925809532,24412.90875396269,348.7558393423241,1698684.425,24266.92035714286,29,8545.0,0.0071292840276817385,29,8545.0
44830.0,56,11406.0,162.94285714285715,1.847271254163566,24447.6637440625,349.252339200893,1720833.5019999999,24583.335742857143,30,8636.0,0.10224758577587019,30,8636.0
44835.0,60,11699.0,172.0441176470588,1.1586433979906179,24351.15036226552,358.1051523862577,1720830.042,25306.324147058825,31,8790.0,0.028006501858952208,31,8790.0
44840.0,60,11998.0,181.78787878787878,1.0055140310409647,24482.564441175102,370.94794607841067,1698754.7599999998,25738.70848484849,32,8949.0,3.98206607630353e-07,32,8949.0
44845.0,61,12298.0,186.33333333333334,0.9011073419193432,24753.390896506135,375.0513772197901,1698755.207,25738.715257575757,33,9109.0,0.0,33,9109.0
44850.0,55,12424.0,194.125,0.8658827006485323,25008.743102049866,390.76161096952916,1698753.2769999998,26543.019953125,27,8996.0,0.06757022368686395,27,8996.0
44855.0,51,12566.0,193.3230769230769,1.5600965396168867,25299.760806668175,389.2270893333567,1698753.2769999998,26134.6658,23,8856.0,0.04775325903060923,23,8856.0
44860.0,49,12673.0,198.015625,1.8788614896044193,25410.385777528252,397.037277773879,1676676.1519999998,26198.064875,22,8673.0,0.10986182435986837,22,8673.0
44865.0,51,12892.0,201.4375,1.594537586413944,25530.77298345036,398.9183278664118,1676786.1879999996,26199.7841875,25,8833.0,0.08163176557497166,25,8833.0
44870.0,55,13154.0,208.79365079365078,0.8177355748377743,25372.883461656897,402.74418193106186,1654898.9119999998,26268.2366984127,28,8940.0,0.061163668780101876,28,8940.0
44875.0,53,13384.0,209.125,0.8870146643148789,25420.743701566316,397.19912033697364,1632877.4979999997,25513.710906250002,27,9015.0,0.046253373204369716,27,9015.0
44880.0,57,13662.0,207.0,1.228976051379048,25719.776435978652,389.69358236331294,1677241.2989999999,25412.746954545455,31,9138.0,0.04427303696586828,31,9138.0
44885.0,60,13954.0,191.15068493150685,1.2177207668173358,26020.125888939645,356.4400806704061,1721611.6689999998,23583.721493150686,33,9277.0,0.05319036919175838,33,9277.0
44890.0,63,14263.0,198.09722222222223,1.109677139530775,26305.35033658965,365.3520880081895,1743788.6509999998,24219.286819444445,37,9448.0,0.08531297123470853,37,9448.0
44895.0,54,14063.0,190.04054054054055,1.0830220228571825,26643.2532229872,360.0439624728,1788147.7119999998,24164.15827027027,28,9064.0,0.062105567599720066,28,9064.0
44900.0,59,14224.0,187.1578947368421,1.5366552026095102,26979.389823702615,354.9919713645081,1788148.4239999996,23528.268736842103,28,8995.0,0.04985510270415153,28,8995.0
44905.0,56,14434.0,197.72602739726028,1.396039976549397,27003.278397690086,369.9079232560286,1743860.28,23888.49698630137,27,9116.0,0.027908558780888843,27,9116.0
44910.0,58,14690.0,206.90140845070422,0.7316530449730064,27305.51666247468,384.5847417249955,1699508.101,23936.733816901407,32,9253.0,0.012923234264320845,32,9253.0
44915.0,57,14882.0,206.69444444444446,1.2982899116091184,27429.714613957516,380.96825852718774,1721698.31,23912.476527777777,31,9303.0,0.0031515520523717235,31,9303.0
44920.0,61,15182.0,213.83098591549296,1.4818223471503005,27488.923177233384,387.16793207370966,1743885.684,24561.7701971831,34,9440.0,0.04683536225649529,34,9440.0
44925.0,63,15486.0,215.08333333333334,1.0521576410175217,27606.708007955975,383.42650011049966,1721784.0480000002,23913.66733333333,35,9574.0,0.026057454476310124,35,9574.0
44930.0,64,15802.0,225.74285714285713,0.9116336730358423,27854.81367303418,397.925909614774,1721784.234,24596.917628571427,36,9710.0,0.05201679300873359,36,9710.0
44935.0,57,15895.0,230.36231884057972,0.9734589146403496,28143.952788347917,407.8833737441728,1721784.234,24953.394695652176,29,9555.0,0.07723105050018965,29,9555.0
44940.0,57,16048.0,232.57971014492753,0.9776814494965516,28467.41869446592,412.57128542704237,1721784.234,24953.394695652176,28,9656.0,0.013390968643978249,28,9656.0
44945.0,57,16228.0,231.82857142857142,1.096296826357472,28651.448926194033,409.3064132313433,1699590.0019999999,24279.85717142857,30,9762.0,0.011717932454501544,30,9762.0
44950.0,60,16494.0,232.30985915492957,1.0593995667960636,28883.490247957157,406.8097218022135,1699591.4109999998,23937.9071971831,32,9901.0,0.022190943478896705,32,9901.0
44955.0,51,15538.0,221.97142857142856,1.6121716625089582,29188.429019574145,416.9775574224879,1721806.9389999998,24597.241985714285,25,9049.0,0.043903932974947796,25,9049.0
44960.0,54,15806.0,229.07246376811594,2.6110381717421998,29320.860921830204,424.9400133598581,1699671.5369999998,24632.920826086956,26,8864.0,0.06890567514327114,26,8864.0
44965.0,55,16077.0,229.67142857142858,2.2380389382099395,29286.706158599445,418.3815165514207,1699673.6109999998,24281.051585714285,27,8955.0,0.0008558010803403248,27,8955.0
44970.0,56,16357.0,263.8225806451613,1.1180643038905131,28636.502810501686,461.879077588737,1699665.407,27413.958177419354,28,9055.0,0.04549422045405343,28,9055.0
44975.0,52,16455.0,265.4032258064516,0.903917768665679,28824.062575568732,464.9042350898183,1699664.837,27413.948983870967,22,8992.0,0.02709874974026638,22,8992.0
44980.0,52,16712.0,269.5483870967742,1.632642657578068,29101.906197396565,469.38558382897685,1699664.837,27413.948983870967,24,9050.0,0.03674535925429253,24,9050.0
44985.0,53,16974.0,278.26229508196724,1.5136431143001983,29332.655971754823,480.8632126517184,1699664.195,27863.347459016397,25,9132.0,0.03676745251332959,25,9132.0
44990.0,55,17242.0,302.49122807017545,0.447323478385525,29458.702704071224,516.8193456854601,1699663.2669999998,29818.653807017545,27,9220.0,9.243092100219136e-05,27,9220.0
44995.0,50,17239.0,313.43636363636364,0.42905991455101966,29687.772991138885,539.7776907479797,1699663.2669999998,30902.96849090909,22,8986.0,0.02104252040473371,22,8986.0
45000.0,46,17269.0,313.9818181818182,1.3228157376148586,29942.907437747035,544.416498868128,1699663.2669999998,30902.96849090909,18,8757.0,0.07343005230942057,18,8757.0
45005.0,44,17241.0,278.0806451612903,1.6106038564011464,30007.855651274112,483.9976717947439,1677540.302,27057.101645161292,17,8798.0,0.07733752373606574,17,8798.0
45010.0,46,17409.0,285.39344262295083,2.167444274939009,29883.45434117676,489.89269411765184,1655550.8029999998,27140.17709836066,19,8915.0,0.21046266076455325,19,8915.0
45015.0,47,17583.0,288.24590163934425,1.4021824837665995,29962.277526214555,491.18487747892715,1655691.281,27142.480016393445,21,8968.0,0.07151834344749679,21,8968.0
45020.0,52,17833.0,283.06349206349205,1.780707535451853,30237.32173562138,479.95748786700597,1700242.878,26987.982190476196,26,9048.0,0.08467062452881927,26,9048.0
45025.0,55,18096.0,287.23809523809524,1.193190841610165,30479.684207457183,483.80451122947903,1744783.6260000002,27694.978190476195,28,9141.0,0.012381535376494092,28,9141.0
45030.0,57,18376.0,301.24590163934425,0.40837446532103977,30718.107833889564,503.5755382604847,1744782.198,28602.986852459017,30,9249.0,1.1968433184779593e-05,30,9249.0
45035.0,51,18500.0,303.27868852459017,1.2003519554573174,30994.073031529646,508.0995578939287,1744782.198,28602.986852459017,23,9040.0,0.01778138149173784,23,9040.0
45040.0,47,18648.0,305.7049180327869,1.7694674929337217,31261.620936374413,512.4855891208921,1744782.198,28602.986852459017,19,8855.0,0.09874772010482182,19,8855.0
45045.0,47,18785.0,293.515625,1.7852932566247475,31535.028671908112,492.73482299856437,1744785.198,27262.268718749998,20,8910.0,0.06577535834932287,20,8910.0
45050.0,49,19010.0,311.6393442622951,1.2704552040323807,31419.0315236366,515.0660905514197,1678189.5559999999,27511.304196721314,23,9013.0,0.09428114911467425,23,9013.0
45055.0,41,12526.0,198.82539682539684,1.7038024881578107,31377.7631497515,498.0597325357381,1678411.13,26641.44650793651,18,5089.0,0.08666379348294885,18,5089.0
45060.0,36,8283.0,129.421875,3.28857293916369,31634.069554144316,494.2823367835048,1700699.9179999998,26573.43621875,22,2360.0,0.03877063620799471,22,2360.0
45065.0,31,3487.0,52.04477611940298,3.3594656666798093,30660.837627595807,457.62444220292247,1705333.0339999998,25452.73185074627,26,6180.0,0.06062454582774825,26,6180.0
45070.0,37,903.0,14.333333333333334,2.9513815044637304,23846.000385046147,378.5079426197801,1528906.676,24268.359936507935,34,6871.0,0.08051791762442605,34,6871.0
45075.0,33,926.0,15.180327868852459,2.177318662500736,18947.515410269774,310.61500672573396,1451550.488,23795.90963934426,28,7243.0,0.03691804973450796,28,7243.0
45080.0,40,993.0,15.045454545454545,2.553902655635482,18638.107996055103,282.39557569780453,1534095.6669999997,23243.873742424243,28,7100.0,0.055944694419402446,28,7100.0
45085.0,38,1111.0,16.833333333333332,2.4872912887673437,18104.966544202463,274.31767491215845,1508873.6249999998,22861.721590909092,25,7091.0,0.09013389496597694,25,7091.0
45090.0,46,1305.0,19.47761194029851,1.4072244284196975,18019.131236134926,268.94225725574506,1587545.6499999997,23694.71119402985,27,7234.0,0.10075538857946449,27,7234.0
45095.0,51,1383.0,20.043478260869566,1.2661427682910997,17991.708706886544,260.7494015490802,1628786.0019999999,23605.59423188406,26,7206.0,0.048046237715414664,26,7206.0
45100.0,56,1655.0,23.642857142857142,1.6529075309542298,18296.40070961481,261.37715299449724,1651095.0059999998,23587.071514285715,30,7319.0,0.048080292406625945,30,7319.0
45105.0,61,1951.0,26.726027397260275,1.5213346079756853,18576.557180188047,254.47338602997328,1695702.8909999998,23228.806726027397,35,7470.0,0.03616916532227196,35,7470.0
45110.0,62,2259.0,32.73913043478261,0.6704879329160062,18732.698146245686,271.4883789310968,1718003.2089999998,24898.597231884058,36,7633.0,0.010548769675455687,36,7633.0
45115.0,58,2432.0,35.76470588235294,0.9930104419600371,19041.04222383743,280.0153268211386,1718003.2089999998,25264.75307352941,30,7509.0,0.05087288835546207,30,7509.0
45120.0,55,2612.0,38.985074626865675,1.458720401896259,19319.40500737064,288.3493284682184,1718003.2089999998,25641.83894029851,27,7508.0,0.0492239600682294,27,7508.0
45125.0,51,2808.0,39.54929577464789,1.801881372842073,19419.56582820749,273.5150116648942,1673513.4109999998,23570.611422535214,24,7558.0,0.06603115036386466,24,7558.0
45130.0,56,3053.0,43.0,1.5709738570923981,19461.08025510406,274.0997219028741,1629032.8389999997,22944.124492957744,27,7689.0,0.1215914256291906,27,7689.0
45135.0,46,2187.0,31.242857142857144,1.9961160819984318,19584.009551514315,279.7715650216331,1606810.2229999998,22954.431757142855,20,6907.0,0.09417295744624529,20,6907.0
45140.0,52,2439.0,33.875,3.0828993086568173,19866.972085447174,275.9301678534329,1651453.5209999997,22936.85445833333,26,6828.0,0.12547556774838806,26,6828.0
45145.0,56,2703.0,38.614285714285714,2.080884793404684,19664.385471365436,280.9197924480776,1696086.3169999996,24229.804528571432,29,6959.0,0.013543023060307456,29,6959.0
45150.0,58,2986.0,46.65625,0.8814261984875252,19255.64531926709,300.86945811354826,1718397.7579999997,26849.96496875,32,7097.0,0.016193419625513277,32,7097.0
45155.0,56,3122.0,48.03076923076923,1.1693022300123037,19509.731781133727,300.1497197097498,1740710.4579999996,26780.160892307693,26,7099.0,0.04075782593405989,26,7099.0
45160.0,54,3392.0,52.184615384615384,1.4479925409891683,19787.140592222786,304.4175475726582,1740710.8609999996,26780.16709230769,26,7193.0,0.04398388608331877,26,7193.0
45165.0,55,3667.0,57.296875,1.6729381616237937,20013.867061598314,312.7166728374736,1740709.2869999995,27198.582609375,27,7303.0,0.09146258090496015,27,7303.0
45170.0,57,3944.0,64.65573770491804,0.6878783984339862,20191.58846659021,331.009646993282,1740706.2869999995,28536.16863934426,29,7415.0,0.031732040779479415,29,7415.0
45175.0,51,3931.0,66.62711864406779,0.7645503224108599,20442.0530876441,346.4754760617644,1740706.2869999995,29503.496389830503,23,7293.0,0.028569418967943294,23,7293.0
45180.0,46,3967.0,67.23728813559322,1.9606816570977175,20705.343002368827,350.93801698930196,1740706.2869999995,29503.496389830503,18,7196.0,0.07375593074023751,18,7196.0
45185.0,43,4049.0,65.30645161290323,2.210221716699769,20810.80250864918,335.65810497821263,1696095.684,27356.381999999998,16,7180.0,0.08207250918587015,16,7180.0
45190.0,45,4232.0,71.72881355932203,1.8933465102298104,20781.22290356479,352.2241170095725,1629224.7249999999,27613.978389830507,18,7272.0,0.14751945935441652,18,7272.0
45195.0,46,4417.0,74.86440677966101,1.5222520234992731,20926.602036896045,354.6881701168821,1629284.501,27614.99154237288,20,7334.0,0.08308360859482447,20,7334.0
45200.0,51,4660.0,77.66666666666667,1.277002239214988,21085.6687698864,351.42781283144006,1651700.594,27528.343233333333,24,7420.0,0.0556572798743077,24,7420.0
45205.0,53,4914.0,76.78125,1.3798705351537945,21329.044452952974,333.26631957739016,1696398.698,26506.229656249998,26,7521.0,0.04483013437556999,26,7521.0
45210.0,55,5181.0,79.70769230769231,1.1832895159735088,21606.234910017312,332.4036140002663,1718744.2270000002,26442.218876923078,29,7633.0,0.07239285080055433,29,7633.0
45215.0,51,5310.0,81.6923076923077,1.4131062574924955,21862.130707539563,336.3404724236855,1741094.235,26786.065153846157,24,7553.0,0.05514490840711077,24,7553.0
45220.0,49,5456.0,83.93846153846154,1.923803001748594,22146.6405308496,340.7175466284554,1741094.235,26786.065153846157,21,7481.0,0.07765135879557215,21,7481.0
45225.0,49,5643.0,88.171875,1.6841206714317831,22315.025257486057,348.6722696482195,1718788.705,26856.073515625,22,7564.0,0.06152339867945048,22,7564.0
45230.0,51,5882.0,98.03333333333333,0.551109090196899,22341.88595194119,372.3647658656863,1629490.236,27158.1706,25,7669.0,0.0332813370355143,25,7669.0
45235.0,51,6097.0,98.33870967741936,0.8609459478853735,22523.173880093887,363.2769980660302,1629548.399,26283.038693548388,25,7738.0,0.029480724649399142,25,7738.0
45240.0,54,6361.0,96.37878787878788,1.3197346851937173,22814.02074863897,345.6669810399842,1674270.775,25367.739015151514,28,7847.0,0.05502187664735808,28,7847.0
45245.0,58,6644.0,94.91428571428571,0.9325580155355975,23111.93108013931,330.17044400198995,1696633.2059999998,24237.617228571427,32,7975.0,0.023908667485664583,32,7975.0
45250.0,64,6958.0,102.32352941176471,0.7343641778516254,23393.474290678536,344.0216807452724,1696633.2059999998,24950.48832352941,36,8125.0,0.07080753530315977,36,8125.0
45255.0,55,5253.0,77.25,0.862600283456988,23714.68612677397,348.745384217264,1696633.2059999998,24950.48832352941,31,5334.0,0.0290347260942854,31,5334.0
45260.0,51,4444.0,62.59154929577465,2.1301621143036553,24020.64472900422,338.3189398451297,1696634.758,23896.264197183096,33,4759.0,0.04973896612231575,33,4759.0
45265.0,42,2913.0,41.614285714285714,3.0515309776784356,22905.73178760552,327.224739822936,1656702.1799999997,23667.174000000003,34,6795.0,0.05183349226075221,34,6795.0
45270.0,43,2083.0,32.546875,1.879136827807399,16795.05853384096,262.422789591265,1415452.795,22116.449921875,40,7142.0,0.012938688491819117,40,7142.0
45275.0,40,1062.0,16.09090909090909,1.6798725943368398,14252.069568303858,215.94044800460395,1459210.8139999998,22109.254757575756,32,6647.0,0.02394523349725272,32,6647.0
45280.0,39,951.0,13.985294117647058,1.6377461332736052,13802.2098748091,202.97367462954563,1542210.713,22679.569308823528,26,6416.0,0.06632558167002876,26,6416.0
45285.0,48,999.0,13.144736842105264,1.6811632522205293,14117.95805545722,185.76260599285817,1665688.2659999998,21916.950868421052,28,6535.0,0.02988268037658523,28,6535.0
45290.0,57,1164.0,15.72972972972973,1.2253036554143186,13685.671012909885,184.94150017445781,1684597.9019999998,22764.836513513514,34,6720.0,0.036425694506452846,34,6720.0
45295.0,59,1223.0,16.527027027027028,1.2014258223159244,13632.676668830556,184.2253603896021,1729406.124,23370.353027027028,32,6693.0,0.05541124974809607,32,6693.0
45300.0,61,1522.0,20.293333333333333,1.6443870402013638,13963.478612392903,186.17971483190533,1751813.949,23357.51932,35,6838.0,0.04899317200529911,35,6838.0
45305.0,63,1836.0,24.157894736842106,1.6422905435674762,14072.937049539374,185.1702243360444,1729513.199,22756.752618421055,35,6998.0,0.0006911096049908119,35,6998.0
45310.0,67,2160.0,30.0,0.827405648275096,14172.710578283082,196.8432024761539,1729511.057,24020.98690277778,37,7167.0,0.047790357299502505,37,7167.0
45315.0,55,2148.0,30.253521126760564,1.0696396022760015,14467.489215200698,203.7674537352211,1729511.9379999996,24359.323070422535,27,6753.0,0.03278456763920995,27,6753.0
45320.0,52,2263.0,31.87323943661972,1.9364500003812126,14779.20145075341,208.15776691201987,1729511.9379999996,24359.323070422535,23,6620.0,0.10559476083917824,23,6620.0
45325.0,54,2418.0,34.542857142857144,1.544474835575795,14856.090299653557,212.22986142362228,1684828.8189999997,24068.98312857143,26,6724.0,0.04547880291190543,26,6724.0
45330.0,55,2658.0,39.088235294117645,1.0972334469897889,14871.70715646567,218.70157583037758,1662530.9409999994,24448.98442647059,29,6873.0,0.0395229058548854,29,6873.0
45335.0,56,2870.0,41.594202898550726,1.0235355929233467,14873.517052813711,215.55821815672047,1684960.3519999997,24419.71524637681,28,6964.0,0.00488653016336145,28,6964.0
45340.0,58,3152.0,45.02857142857143,1.6290568565197543,15185.820786842361,216.9402969548909,1707392.3619999997,24391.319457142858,32,7101.0,0.041963613657216736,32,7101.0
45345.0,61,3452.0,50.028985507246375,1.2853027070246597,15299.037103209243,221.72517540882959,1707506.9279999996,24746.477217391304,33,7251.0,0.05694447419124339,33,7251.0
45350.0,63,3759.0,57.83076923076923,0.23899802624641223,15534.523378932568,238.99266736819345,1707506.9279999996,26269.337353846156,35,7403.0,0.000553077956165168,35,7403.0
45355.0,56,3857.0,60.265625,0.7372616220943393,15841.072901716525,247.51676408932076,1707506.9279999996,26679.79575,28,7139.0,0.01640703942468593,28,7139.0
45360.0,51,4002.0,62.53125,1.3396158221702936,16135.995260859088,252.12492595092334,1707506.9279999996,26679.79575,23,7129.0,0.0366043313520877,23,7129.0
45365.0,49,4161.0,59.44285714285714,1.6603082655164287,16151.418198515923,230.7345456930846,1685199.0189999996,24074.271699999998,22,7224.0,0.0407262552229274,22,7224.0
45370.0,52,4388.0,63.594202898550726,1.831985838812816,16399.36730484588,237.6719899253027,1685227.194,24423.58252173913,25,7350.0,0.1170977496215004,25,7350.0
45375.0,53,4609.0,67.77941176470588,0.7347605496837978,16352.180076982168,240.47323642620836,1663017.128,24456.134235294114,27,7239.0,0.059865865757276655,27,7239.0
45380.0,56,4866.0,69.51428571428572,1.3584535599803707,16670.29647256846,238.1470924652638,1707934.428,24399.063257142854,29,7145.0,0.06705768063183445,29,7145.0
45385.0,54,5133.0,73.32857142857142,1.3423752642079168,16816.144388459667,240.23063412085244,1708037.22,24400.53171428571,28,7175.0,0.07700691114329432,28,7175.0
45390.0,60,5418.0,76.30985915492958,0.9732794294876794,16809.813443995343,236.75793583092036,1685799.1189999997,23743.64956338028,33,7315.0,0.05291511082001321,33,7315.0
45395.0,46,3999.0,55.541666666666664,2.0834887803303435,16824.813559968097,233.67796611066808,1663547.3809999998,23104.824736111113,20,6213.0,0.08748752622304572,20,6213.0
45400.0,49,4238.0,56.50666666666667,3.2301129739885215,17115.72598371536,228.20967978287138,1708472.3329999994,22779.631106666664,23,5866.0,0.13927560555381494,23,5866.0
45405.0,57,4506.0,59.28947368421053,2.97151607704698,17015.189888901674,223.88407748554835,1753380.9019999995,23070.80134210526,30,5968.0,0.0641222661070937,30,5968.0
45410.0,57,4790.0,71.49253731343283,1.0300132321017417,16036.97150568621,239.3577836669583,1775828.8279999993,26504.907880597013,31,6107.0,0.021852805952203125,31,6107.0
45415.0,54,4840.0,75.625,1.0691000360090384,16156.94298562549,252.4522341503983,1775823.7539999993,27747.246156250003,26,6026.0,0.029256012147008167,26,6026.0
45420.0,54,5110.0,79.84375,1.5053510527487937,16442.42000549867,256.9128125859168,1775823.7539999993,27747.246156250003,26,6119.0,0.0,26,6119.0
45425.0,56,5387.0,82.87692307692308,1.2379638365175776,16619.72900477129,255.6881385349429,1775823.5359999994,27320.36209230769,26,6234.0,0.005447669537736065,26,6234.0
45430.0,55,5653.0,91.1774193548387,1.179046429513624,16793.50366761149,270.86296238083054,1775819.2419999996,28642.24583870967,27,6352.0,0.09379668957551444,27,6352.0
45435.0,56,5930.0,97.21311475409836,0.6282968514948284,17059.246950775334,279.6597860782842,1775819.2419999996,29111.790852459013,28,6474.0,0.0015050685179790542,28,6474.0
45440.0,49,5793.0,94.9672131147541,1.0239685537641456,17282.919844984393,283.3265548358097,1775816.8899999997,29111.752295081966,21,6195.0,0.03160588194773892,21,6195.0
45445.0,45,5843.0,92.74603174603175,2.5663803473278723,17529.542398718993,278.2467047415713,1775819.8899999997,28187.617301587296,17,6011.0,0.06574851537391746,17,6011.0
45450.0,41,5840.0,95.73770491803279,2.316206546368029,17524.70744157192,287.2902859274086,1730997.532,28377.008721311475,14,6070.0,0.14455571993952238,14,6070.0
45455.0,48,6022.0,100.36666666666666,1.1850476380881376,17496.574090574533,291.60956817624225,1686223.9059999997,28103.731766666668,21,6184.0,0.06002433090493416,21,6184.0
45460.0,46,6179.0,106.53448275862068,1.1271944480897536,17445.759924549086,300.7889642163635,1641449.7609999997,28300.85794827586,20,6234.0,0.06303429978576856,20,6234.0
45465.0,51,6418.0,103.51612903225806,1.7281813083106061,17707.6507927888,285.6072708514323,1686449.7569999993,27200.80253225806,24,6330.0,0.08421174968120743,24,6330.0
45470.0,51,6669.0,105.85714285714286,1.8286877407720394,17978.87894603781,285.3790308894891,1708944.4289999993,27126.102047619042,25,6436.0,0.01522389387154714,25,6436.0
45475.0,55,6938.0,117.59322033898304,0.38814331858575013,18137.53780594416,307.41589501600265,1731440.8599999992,29346.455254237288,28,6558.0,0.05321826256362954,28,6558.0
45480.0,51,7060.0,119.66101694915254,0.7542323571003133,18421.20481789709,312.22381047283216,1731440.8599999992,29346.455254237288,23,6456.0,0.03844431121156128,23,6456.0
45485.0,47,7194.0,114.19047619047619,1.9963890714425157,18696.859771924566,296.77555193531055,1731443.8599999992,27483.23587301587,19,6373.0,0.06511761036081108,19,6373.0
45490.0,45,7346.0,114.78125,2.8871655815770545,18814.0238825095,293.9691231642109,1709013.7179999994,26703.339343749998,16,6240.0,0.20613084913571472,16,6240.0
45495.0,43,7541.0,121.62903225806451,2.113695084691739,18892.244055121162,304.71361379227676,1664100.3639999996,26840.328451612902,16,6333.0,0.10441051493742497,16,6333.0
45500.0,50,7780.0,129.66666666666666,1.3470525319418767,18824.73345606111,313.7455576010185,1619267.6049999995,26987.793416666667,24,6457.0,0.11106601110554085,24,6457.0
45505.0,49,7977.0,132.95,1.1051550368084377,18906.444580251475,315.1074096708579,1619384.0229999996,26989.733716666666,23,6523.0,0.039239458170725786,23,6523.0
45510.0,53,8233.0,132.79032258064515,1.5247128802678795,19177.540655640027,309.3151718651617,1664414.0199999998,26845.387419354844,26,6630.0,0.05659490375697072,26,6630.0
45515.0,55,8495.0,132.734375,1.1483749362991842,19408.850554409455,303.2632899126477,1686925.6499999997,26358.21328125,27,6742.0,0.03506083644679087,27,6742.0
45520.0,55,8770.0,139.20634920634922,0.812482649386682,19648.811390971227,311.8858950947812,1731941.7959999994,27491.139619047615,29,6867.0,0.08052618711856065,29,6867.0
45525.0,51,8884.0,130.64705882352942,1.634325506909093,19942.55099803525,293.27280879463586,1776969.6759999995,26131.907000000003,24,6755.0,0.13463921057130426,24,6755.0
45530.0,52,9049.0,133.0735294117647,2.3445227332337377,20230.72748311644,297.51069828112406,1776969.6759999995,26131.907000000003,24,6681.0,0.1102199399551625,24,6681.0
45535.0,49,9237.0,137.86567164179104,1.9132950493487362,20465.633765343136,305.4572203782557,1754473.2419999996,26186.16779104478,22,6723.0,0.07140800718553873,22,6723.0
45540.0,53,9485.0,150.55555555555554,1.002316009783358,20380.3411919805,323.49747923778585,1664586.0479999995,26422.000761904765,26,6830.0,0.04359593649973683,26,6830.0
45545.0,53,9707.0,147.07575757575756,1.3262541240993833,20498.80272726971,310.58792011014714,1619649.4859999998,24540.143727272727,27,6905.0,0.05132088495556824,27,6905.0
45550.0,56,9981.0,144.65217391304347,1.5370334759296038,20796.03911931416,301.391871294408,1664685.351,24125.874652173912,30,7025.0,0.11544477390941454,30,7025.0
45555.0,62,10276.0,144.73239436619718,0.8360727863193393,21095.996877610123,297.1267165860581,1709725.3320000002,24080.63847887324,35,7165.0,0.07144417373535854,35,7165.0
45560.0,64,10595.0,149.22535211267606,0.5602338909948281,21409.787082188315,301.5462969322299,1732245.0580000002,24397.817718309863,38,7329.0,0.04905598620875179,38,7329.0
45565.0,62,10777.0,149.68055555555554,0.7480251488246519,21732.80935587471,301.84457438714867,1754758.5060000003,24371.64591666667,35,7337.0,0.023552743167492365,35,7337.0
45570.0,59,10992.0,148.54054054054055,1.7872805477286842,22060.254335493264,298.11154507423316,1754760.09,23712.974189189194,31,7383.0,0.0647348443988567,31,7383.0
45575.0,55,11190.0,153.2876712328767,2.2052486322711644,22248.451516327586,304.77330844284364,1709745.82,23421.17561643836,28,7389.0,0.06629273918265514,28,7389.0
45580.0,57,11453.0,161.30985915492957,1.4372219113585838,22476.947886687874,316.57673079842067,1664721.9,23446.787323943667,30,7518.0,0.07715617106040606,30,7518.0
45585.0,61,11748.0,167.82857142857142,0.8034046015097396,22653.695060046608,323.6242151435229,1642243.9679999999,23460.628114285715,35,7670.0,0.03544019578647759,35,7670.0
45590.0,52,11039.0,159.9855072463768,1.53624798124383,22791.43421245766,330.310640760256,1619766.5599999998,23474.87768115942,26,6958.0,0.09472452640400153,26,6958.0
45595.0,56,11307.0,154.8904109589041,2.401073440248618,23093.169771152814,316.344791385655,1664819.6529999997,22805.748671232875,29,6919.0,0.0241157177861499,29,6919.0
45600.0,56,11587.0,160.93055555555554,2.2825809237654013,23185.776885763273,322.0246789689345,1687349.94,23435.415833333333,30,7044.0,0.021210914727147787,30,7044.0
45605.0,60,11878.0,160.51351351351352,1.346400905112062,22717.25211280816,306.98989341632654,1732396.788,23410.767405405404,34,7180.0,0.04977060513356557,34,7180.0
45610.0,55,12025.0,167.01388888888889,1.7269644790359555,22930.838342438732,318.4838658672046,1754919.7199999995,24373.885,29,7185.0,0.10014490176030277,29,7185.0
45615.0,55,12192.0,167.013698630137,1.8723042984371199,23249.090382489998,318.48069017109594,1777446.0559999994,24348.576109589038,27,7208.0,0.08343515907053196,27,7208.0
45620.0,57,12430.0,167.97297297297297,1.740162291404448,23489.33239875983,317.4234107940518,1754936.4789999996,23715.357824324325,30,7329.0,0.041614050337762935,30,7329.0
45625.0,59,12712.0,181.6,1.0581208575825394,23624.61620276437,337.49451718234826,1664848.8959999995,23783.555657142857,33,7469.0,0.02993782538258859,33,7469.0
45630.0,50,12545.0,179.21428571428572,1.3691472790696069,23872.010390338597,341.0287198619801,1642339.3969999999,23461.991385714286,24,7299.0,0.07900705253416745,24,7299.0
45635.0,55,12809.0,175.46575342465752,1.9660285732499403,24181.050878958205,331.2472723144962,1687403.592,23115.11769863014,29,7276.0,0.08107093749936202,29,7276.0
45640.0,61,13102.0,181.97222222222223,1.5295291897133916,24399.02708191773,338.87537613774634,1709936.1269999999,23749.112875,35,7414.0,0.0221530624150138,35,7414.0
45645.0,64,13418.0,191.68571428571428,0.7409044706345418,24449.74771801481,349.2821102573545,1709933.0509999995,24427.61501428572,36,7566.0,3.4268529095112474e-05,36,7566.0
45650.0,58,13577.0,202.6417910447761,0.965463337735203,24616.5590778026,367.4113295194419,1709933.0509999995,25521.38882089552,30,7561.0,0.035425461388014806,30,7561.0
45655.0,55,13764.0,205.43283582089552,1.5092764038957516,24918.775298380428,371.9220193788124,1709933.0509999995,25521.38882089552,27,7555.0,0.07435705206758457,27,7555.0
45660.0,53,13928.0,211.03030303030303,1.4486631385178734,25127.944158640523,380.72642664606855,1687416.3759999995,25566.91478787879,26,7614.0,0.06592711322230248,26,7614.0
45665.0,54,14173.0,211.53731343283582,1.1828790418515132,25233.950436714425,376.6261259211109,1642400.0079999994,24513.432955223878,28,7764.0,0.05476005251667269,28,7764.0
45670.0,56,14331.0,207.69565217391303,1.4573964079780504,25378.753644149303,367.8080238282507,1642470.6739999994,23803.922811594206,27,7766.0,0.13252582275873243,27,7766.0
45675.0,57,14605.0,205.70422535211267,1.4495769277714263,25684.406262681558,361.7522008828388,1687573.8759999992,23768.64614084507,29,7870.0,0.026680052961738903,29,7870.0
45680.0,59,14890.0,209.71830985915494,1.6888288288597,25954.945360415142,365.56261071007236,1710124.2969999996,24086.25770422535,33,8003.0,0.07135825700685117,33,8003.0
45685.0,62,15193.0,208.12328767123287,1.1917045351283364,26223.908521771053,359.2316235859049,1755230.3889999993,24044.251904109584,36,8151.0,0.04008925866952729,36,8151.0
45690.0,54,14287.0,204.1,1.2183100987171254,26440.257040512814,377.7179577216117,1777774.0569999993,25396.77224285714,25,7609.0,0.10636649205237465,25,7609.0
45695.0,52,14176.0,194.1917808219178,1.2148318456112963,26760.906142616117,366.58775537830314,1777774.5009999995,24353.075356164383,19,7485.0,0.0731571796122087,19,7485.0
45700.0,51,14358.0,196.68493150684932,1.6549558209320476,27087.52339715769,371.06196434462595,1777774.5009999995,24353.075356164383,24,7578.0,0.04743132062052751,24,7578.0
45705.0,56,14609.0,208.7,1.2874022921490902,27333.456100203224,390.4779442886176,1710131.5339999998,24430.450485714286,30,7699.0,0.042916432200039656,30,7699.0
45710.0,60,14863.0,209.33802816901408,1.1623260724656737,27355.567721885604,385.289686223741,1710148.6909999999,24086.60128169014,33,7797.0,0.01896939264103087,33,7797.0
45715.0,62,15168.0,223.05882352941177,0.8556914741069032,27049.104176927565,397.7809437783466,1687615.5419999997,24817.87561764706,34,7942.0,0.03152535751609601,34,7942.0
45720.0,64,15484.0,231.1044776119403,0.5376820912728693,27340.349055226998,408.06491127204475,1687614.606,25188.277701492538,36,8093.0,0.00012491599459368377,36,8093.0
45725.0,64,15804.0,225.77142857142857,0.4886039585690014,27628.346864454255,394.69066949220377,1687621.3999999997,24108.877142857145,36,8248.0,0.0,36,8248.0
45730.0,53,11051.0,157.87142857142857,1.8184599321056862,27944.695196651275,399.2099313807325,1687621.3999999997,24108.877142857145,29,5790.0,0.10484529976551873,29,5790.0
45735.0,46,7214.0,103.05714285714286,2.476596294505346,28238.032334449545,403.40046192070776,1687621.3999999997,24108.877142857145,31,4611.0,0.07303065237092575,31,4611.0
45740.0,43,3823.0,56.220588235294116,2.5522286698348164,25358.646209259106,372.9212677832223,1607290.4949999999,23636.62492647059,36,6360.0,0.01847190361066307,36,6360.0
45745.0,44,1783.0,27.859375,1.868979119691455,20317.064324146068,317.45413006478236,1445686.1940000001,22588.84678125,40,6993.0,0.000761943231622906,40,6993.0
45750.0,39,1506.0,22.818181818181817,1.8148042474923087,17501.55327962729,265.1750496913226,1448494.333,21946.883833333333,31,6660.0,0.02879115050121699,31,6660.0
45755.0,41,1377.0,20.25,1.9284560022561432,16498.92003802331,242.63117702975458,1491259.4000000001,21930.28529411765,27,6495.0,0.04518349286663413,27,6495.0
45760.0,43,1383.0,20.043478260869566,1.258063401614087,16576.76088442735,240.2429113685123,1574423.045,22817.725289855072,27,6618.0,0.02763221689769357,27,6618.0
45765.0,57,1598.0,22.194444444444443,1.0022504805158148,16243.317605265183,225.60163340646082,1616431.602,22450.438916666666,36,6837.0,0.005590169666876395,36,6837.0
45770.0,57,1714.0,23.47945205479452,1.4383591189185423,16232.603560508602,222.36443233573416,1703252.8639999998,23332.23101369863,32,6887.0,0.05543226002927317,32,6887.0
45775.0,62,2012.0,26.826666666666668,1.3996725775871626,16399.82708728252,218.66436116376684,1680727.6779999998,22409.702373333334,34,7031.0,0.03464567350882313,34,7031.0
45780.0,63,2326.0,31.013333333333332,1.8162211709876188,16730.05363138079,223.06738175174377,1680727.6779999998,22409.702373333334,35,7195.0,0.023677498795394172,35,7195.0
45785.0,65,2646.0,36.24657534246575,0.7235229054250487,16848.90897761455,230.8069722960896,1680720.6909999999,23023.57110958904,37,7365.0,0.009613152979926095,37,7365.0
45790.0,57,2695.0,37.95774647887324,1.3375375105459923,17153.640819571883,241.6005749235476,1680720.6909999999,23672.1224084507,29,6986.0,0.11183116933754322,29,6986.0
45795.0,56,2825.0,39.7887323943662,0.9381257271702801,17478.591402372873,246.1773436953924,1680720.6909999999,23672.1224084507,27,7053.0,0.04377873337633759,27,7053.0
45800.0,59,3007.0,41.763888888888886,1.0000511055965622,17624.472097240665,244.78433468389807,1658194.3779999998,23030.47747222222,31,7191.0,0.021236369150464108,31,7191.0
45805.0,60,3266.0,45.361111111111114,1.0993703436748963,17723.101462442548,246.15418697836867,1658278.2579999997,23031.642472222225,34,7372.0,0.00752532810401247,34,7372.0
45810.0,49,1961.0,27.23611111111111,1.8828064996155591,17959.455616895673,249.4368835679954,1680929.8369999998,23346.247736111112,22,6341.0,0.0911078121982783,22,6341.0
45815.0,54,2223.0,30.45205479452055,2.9231765552699898,18175.9971436009,248.98626224110816,1703579.3729999997,23336.70373972603,26,6069.0,0.056805962202469085,26,6069.0
45820.0,54,2487.0,36.5735294117647,2.1869209225830635,17612.314070275563,259.0046186805228,1681050.6809999996,24721.33354411765,26,6189.0,0.02262052360911008,26,6189.0
45825.0,56,2764.0,42.52307692307692,1.227788452070877,17195.79345528547,264.5506685428534,1681049.8129999996,25862.304815384618,28,6316.0,6.911030949024651e-05,28,6316.0
45830.0,50,2887.0,48.11666666666667,1.4075116851419882,17161.044426709468,286.01740711182435,1681045.0649999997,28017.417750000004,22,6293.0,0.008945355524781944,22,6293.0
45835.0,51,3138.0,54.10344827586207,1.314971759129148,17343.526222315555,299.0263141778543,1681042.0649999997,28983.483879310344,22,6389.0,0.06355578585018071,22,6389.0
45840.0,51,3389.0,59.45614035087719,1.1669139978418899,17557.975173409424,308.0346521650775,1681041.9849999996,29491.96464912281,23,6491.0,4.788344580941224e-06,23,6491.0
45845.0,51,3644.0,60.733333333333334,1.2715432244952505,17721.463401202298,295.3577233533716,1681047.6189999997,28017.460316666667,23,6596.0,0.0,23,6596.0
45850.0,47,3597.0,59.95,2.0089371653964725,17955.2518181138,299.2541969685632,1681048.8429999996,28017.48071666667,17,6280.0,0.17702408151526397,17,6280.0
45855.0,43,3568.0,60.47457627118644,1.8274928797938348,18178.827670931067,308.1157232361196,1681048.8429999996,28492.353271186443,15,5993.0,0.08592360389388265,15,5993.0
45860.0,43,3598.0,62.03448275862069,1.910679411232399,18391.550949628258,317.0957060280734,1658399.7049999996,28593.098362068966,16,5890.0,0.14106674002879513,16,5890.0
45865.0,49,3774.0,63.96610169491525,1.145636407683285,18184.222348005882,308.2071584407776,1636057.1109999998,27729.78154237288,22,6017.0,0.07157704325103535,22,6017.0
45870.0,46,3952.0,66.98305084745763,1.5650677669753255,18009.320564647423,305.24272143470205,1636387.812,27735.3866440678,19,6101.0,0.12032567584849924,19,6101.0
45875.0,51,4188.0,67.54838709677419,1.5074881517937049,18056.590162198452,291.2353251967491,1636554.036,26396.032838709678,23,6197.0,0.06316328053031711,23,6197.0
45880.0,54,4442.0,70.5079365079365,1.3344988443501455,18314.194940015648,290.7015069843754,1681952.823,26697.663857142863,27,6311.0,0.03449523623524611,27,6311.0
45885.0,54,4712.0,77.24590163934427,0.8055040598827736,18523.706426386347,303.66731846534987,1704646.41,27945.023114754098,28,6441.0,0.09600698828331732,28,6441.0
45890.0,51,4840.0,78.06451612903226,1.1335319544184044,18808.19168270075,303.35793036614115,1727346.6879999998,27860.430451612905,24,6207.0,0.10011438501638381,24,6207.0
45895.0,50,5003.0,80.69354838709677,1.6660754011823145,19086.285159926265,307.84330903106877,1727346.6879999998,27860.430451612905,22,5979.0,0.056433637774921434,22,5979.0
45900.0,47,5163.0,84.63934426229508,1.6508805258954682,19142.55751918339,313.8124183472687,1704792.0879999998,27947.411278688523,19,6067.0,0.06584493854239597,19,6067.0
45905.0,50,5380.0,85.39682539682539,1.1818506349058713,18980.428856280654,301.2766485123913,1636991.4769999997,25983.991698412698,23,6176.0,0.03769028992585075,23,6176.0
45910.0,49,5573.0,89.88709677419355,1.604325263023252,19034.397435243212,307.00641024585843,1614452.6959999998,26039.559612903227,23,6240.0,0.11068044484157576,23,6240.0
45915.0,53,5831.0,91.109375,1.2051537871277545,19317.990796533293,301.8436061958329,1659872.2279999997,25935.5035625,26,6357.0,0.06789056883809541,26,6357.0
45920.0,57,6106.0,92.51515151515152,1.3787895082291086,19609.070405026167,297.10712734888153,1705289.3939999996,25837.71809090909,30,6493.0,0.035624880851751944,30,6493.0
45925.0,59,6394.0,96.87878787878788,1.0106071826227478,19850.63294320204,300.76716580609167,1705292.1699999997,25837.76015151515,31,6637.0,0.023233851771624004,31,6637.0
45930.0,53,6535.0,100.53846153846153,1.2245544076614636,20109.17877098239,309.3719810920367,1705293.7619999996,26235.288646153847,25,6391.0,0.06417844698300848,25,6391.0
45935.0,49,6668.0,101.03030303030303,2.0749827736152526,20392.237413270195,308.97329414045754,1705293.7619999996,25837.78427272727,21,6246.0,0.07815258626185337,21,6246.0
45940.0,47,6828.0,105.04615384615384,1.7600259735240082,20654.560833274656,317.76247435807176,1682583.0119999996,25885.892492307696,20,6248.0,0.08706719880488716,20,6248.0
45945.0,52,7063.0,110.359375,1.1414686665701792,20541.506171180932,320.9610339247021,1637425.2599999998,25584.7696875,26,6376.0,0.06410939479519503,26,6376.0
45950.0,51,7270.0,117.25806451612904,0.7887950219630933,20319.876072349714,327.73993665080184,1592337.9419999998,25682.870032258063,25,6459.0,0.03290542493152913,25,6459.0
45955.0,57,7543.0,114.28787878787878,0.9816301999194379,20618.950679168796,312.4083436237696,1637790.4359999998,24815.006606060604,30,6588.0,0.04268713607152018,30,6588.0
45960.0,60,7825.0,116.7910447761194,1.1873304404328697,20887.681480897507,311.75644001339555,1683239.8939999999,25122.983492537314,33,6734.0,0.025613993939972372,33,6734.0
45965.0,60,8123.0,114.40845070422536,0.7990634675097038,21195.78139721678,298.53213235516597,1705970.734,24027.75681690141,34,6892.0,0.008278925754863137,34,6892.0
45970.0,58,8293.0,120.18840579710145,1.3467054746594556,21477.421775000927,311.2669822463902,1705970.734,24724.213536231888,30,6847.0,0.09445737523278727,30,6847.0
45975.0,55,8469.0,122.73913043478261,1.486982291448907,21787.99498584858,315.76804327316785,1705970.734,24724.213536231888,27,6846.0,0.048721666653083195,27,6846.0
45980.0,54,8689.0,124.12857142857143,2.0547637553737563,22075.080775130362,315.35829678757665,1683243.277,24046.332528571427,26,6816.0,0.059659917940453576,26,6816.0
45985.0,53,8922.0,131.2058823529412,1.8386426772109943,22176.972455710216,326.1319478780914,1637864.858,24086.24791176471,26,6950.0,0.06719436241518037,26,6950.0
45990.0,56,9195.0,139.3181818181818,0.9124844270777548,22140.305560632838,335.45917516110364,1592558.6209999998,24129.676075757572,30,7097.0,0.05885741426979313,30,7097.0
45995.0,50,8511.0,127.02985074626865,1.5974895757286396,22287.469384036656,332.6487967766665,1592629.7539999997,23770.59334328358,23,6409.0,0.0978067693061323,23,6409.0
46000.0,53,8767.0,127.05797101449275,2.3804337750628832,22568.390805163617,327.07812761106703,1638112.7099999997,23740.763913043476,26,6389.0,0.05524745353036715,26,6389.0
46005.0,54,9032.0,123.72602739726027,2.3057800197858427,22414.91564161078,307.05363892617527,1660857.4819999996,22751.472356164384,28,6514.0,0.09707620708054134,28,6514.0
46010.0,56,9305.0,134.85507246376812,1.3515213667695913,22206.472913345875,321.83294077312877,1706323.964,24729.332811594202,30,6647.0,0.04992397153940828,30,6647.0
46015.0,56,9396.0,138.1764705882353,1.2365699317693921,22406.59723033052,329.50878279897836,1751796.2829999998,25761.710044117648,29,6608.0,0.0776402571190439,29,6608.0
46020.0,59,9679.0,140.2753623188406,1.3488034190865927,22713.40677416978,329.1798083213012,1751796.815,25388.359637681162,31,6738.0,0.023446731338824488,31,6738.0
46025.0,60,9977.0,142.52857142857144,1.4582720335960944,22901.054510394115,327.1579215770588,1751799.8969999999,25025.71281428571,32,6886.0,0.03695569107869182,32,6886.0
46030.0,64,10278.0,146.82857142857142,0.9120884712146502,23141.254284101276,330.58934691573256,1751801.5259999998,25025.736085714285,34,7037.0,0.054855152783241296,34,7037.0
46035.0,50,9366.0,137.73529411764707,1.4937808679414517,23393.376865889753,344.02024802779056,1751798.5259999998,25761.743029411762,22,6442.0,0.07314442204523991,22,6442.0
46040.0,47,9399.0,138.22058823529412,1.8878684915579735,23685.387909295452,348.3145280778743,1751798.5259999998,25761.743029411762,17,6177.0,0.1304077917400292,17,6177.0
46045.0,47,9484.0,141.55223880597015,1.2212745874974644,23617.514577089667,352.50021756850236,1729088.2699999998,25807.287611940294,18,6248.0,0.04491297463064216,18,6248.0
46050.0,49,9654.0,148.52307692307693,1.1905042021223176,23786.993470153335,365.9537456946667,1683645.5469999998,25902.239184615384,22,6365.0,0.04532100542400212,22,6365.0
46055.0,53,9773.0,143.72058823529412,1.480850460244606,24060.314500573728,353.82815442020194,1683672.6969999997,24759.892602941174,24,6368.0,0.04234348156228088,24,6368.0
46060.0,55,10039.0,152.1060606060606,1.4414831175113658,23809.989894746646,360.7574226476763,1683726.4259999997,25511.006454545455,28,6490.0,0.03442058139539033,28,6490.0
46065.0,58,10316.0,161.1875,0.9826958906457873,24046.88202437303,375.7325316308286,1683724.8319999997,26308.200500000003,30,6627.0,0.03562716255267508,30,6627.0
46070.0,60,10611.0,171.1451612903226,0.41755121240629806,24260.091173849316,391.291793126602,1683721.8319999997,27156.803741935484,32,6781.0,6.712777563916025e-05,32,6781.0
46075.0,54,10735.0,178.91666666666666,0.6487615194510118,24331.678461702028,405.5279743617004,1683718.7779999997,28061.97963333333,26,6680.0,0.02127343977586341,26,6680.0
46080.0,49,10860.0,181.0,1.631709100758424,24606.72175983129,410.11202933052135,1683718.7779999997,28061.97963333333,21,6530.0,0.055576938879761895,21,6530.0
46085.0,45,10998.0,166.63636363636363,1.9610141306401425,24614.904540964413,372.9530991055214,1638291.4629999998,24822.597924242426,18,6622.0,0.08859244734398637,18,6622.0
46090.0,47,11204.0,175.0625,1.9535243544135632,24602.685269880876,384.41695734188863,1592900.3339999998,24889.06771875,21,6759.0,0.14566970233675558,21,6759.0
46095.0,48,11180.0,172.0,1.4230854919927305,24773.664592886016,381.13330142901555,1615759.5779999997,24857.839661538463,20,6643.0,0.12428398233571994,20,6643.0
46100.0,52,11424.0,170.50746268656715,1.5600155827673972,25063.746476474513,374.08576830558974,1638552.8539999996,24456.012746268658,25,6675.0,0.04868859665316176,25,6675.0
46105.0,54,11686.0,171.85294117647058,1.7497081098593381,25302.419775787144,372.09440846745804,1684140.9859999998,24766.77920588235,28,6783.0,0.04081861879441564,28,6783.0
46110.0,58,11966.0,178.59701492537314,1.3391154313547966,25476.296224851518,380.2432272365899,1729719.4199999997,25816.70776119403,31,6908.0,0.01793966729251398,31,6908.0
46115.0,52,12103.0,186.2,1.8353295709767234,25629.073179475225,394.2934335303882,1729716.4199999997,26611.021846153846,24,6815.0,0.04823382612399544,24,6815.0
46120.0,49,12243.0,194.33333333333334,1.9785731994601667,25839.72891292257,410.1544271892471,1729716.4199999997,27455.816190476187,21,6727.0,0.0999310302553449,21,6727.0
46125.0,47,12404.0,196.88888888888889,1.6782740179116147,26094.894768838672,414.20467887045515,1706917.4549999996,27093.92785714285,21,6800.0,0.05638524706721034,21,6800.0
46130.0,51,12648.0,210.8,0.9313386257125316,26112.37611828382,435.20626863806353,1638649.0899999996,27310.818166666664,24,6901.0,0.06337397874273984,24,6901.0
46135.0,51,12878.0,211.11475409836066,0.7796122157760292,26167.18206534878,428.970197792603,1615976.3269999998,26491.41519672131,25,6988.0,0.015852647085236826,25,6988.0
46140.0,55,13144.0,208.63492063492063,1.420513317020007,26451.642813154,419.86734624053975,1661589.2339999997,26374.43228571428,29,7099.0,0.05134538785239453,29,7099.0
46145.0,57,13420.0,200.29850746268656,1.0637209919583506,26728.18629460121,398.9281536507644,1707195.8179999997,25480.534597014925,30,7220.0,0.04459631482123208,30,7220.0
46150.0,62,13715.0,211.0,0.5665935634978372,27013.91576921714,415.5987041418023,1707195.8179999997,26264.551046153847,34,7357.0,0.07553213606971654,34,7357.0
46155.0,57,13865.0,213.30769230769232,0.6757785448411934,27324.06605691825,420.3702470295115,1707195.8179999997,26264.551046153847,29,7262.0,0.024651004512507978,29,7262.0
46160.0,53,14024.0,209.3134328358209,1.5367276112296173,27622.20738896336,412.2717520740799,1707196.5579999997,25480.54564179104,25,7201.0,0.05767131521654461,25,7201.0
46165.0,49,14198.0,202.82857142857142,2.26761920121737,27914.63061660527,398.7804373800753,1707199.5579999997,24388.56511428571,22,7218.0,0.07576365529269967,22,7218.0
46170.0,53,14435.0,212.27941176470588,1.5615490975225534,28037.86386414688,412.32152741392457,1661667.4149999998,24436.28551470588,26,7332.0,0.08383810642710052,26,7332.0
46175.0,54,14618.0,218.17910447761193,1.0490412557816917,27862.611501707714,415.85987315981674,1593483.856,23783.34113432836,28,7376.0,0.028978515641853424,28,7376.0
46180.0,57,14897.0,212.81428571428572,1.6252200902260072,28168.790868538017,402.41129812197175,1639136.014,23416.22877142857,31,7500.0,0.09011958075952535,31,7500.0
46185.0,60,15187.0,210.93055555555554,1.1098416002656992,28437.74614071496,394.968696398819,1684776.6130000001,23399.675180555558,33,7635.0,0.03557482254663231,33,7635.0
46190.0,65,15504.0,224.69565217391303,0.37596407802239584,28682.977239574422,415.69532231267283,1707600.35,24747.83115942029,39,7797.0,0.00017403510192333228,39,7797.0
46195.0,55,14963.0,216.85507246376812,0.9867510099252399,29009.48887204826,420.4273749572212,1707600.35,24747.83115942029,27,7369.0,0.05756134425849195,27,7369.0
46200.0,52,15021.0,217.69565217391303,1.549271854347099,29321.29196799896,424.946260405782,1707600.35,24747.83115942029,23,7164.0,0.0738237000878377,23,7164.0
46205.0,51,15189.0,213.92957746478874,1.5075242554568025,29487.225541348802,415.3130357936451,1662013.236,23408.637126760565,23,7250.0,0.03929656320001859,23,7250.0
46210.0,57,15431.0,217.33802816901408,1.3173641334285107,29350.05089119015,413.38099846746707,1662028.171,23408.847478873242,28,7370.0,0.08237639536977084,28,7370.0
46215.0,55,15665.0,223.78571428571428,1.4712480466868463,29319.76347748315,418.8537639640451,1684860.323,24069.433185714286,29,7462.0,0.04755106693692786,29,7462.0
46220.0,59,15954.0,227.9142857142857,1.4583079237417245,29522.221200839285,421.74601715484704,1684904.311,24070.061585714284,33,7596.0,0.0663596812931176,33,7596.0
46225.0,63,16258.0,232.25714285714287,1.238276809493833,29822.541002163103,426.03630003090154,1707743.0949999997,24396.329928571427,35,7742.0,0.027266429440040128,35,7742.0
46230.0,64,16575.0,251.13636363636363,0.4039829031723114,30091.07275959369,455.9253448423288,1707742.153,25874.88110606061,36,7894.0,1.8009415716389132e-05,36,7894.0
46235.0,59,16710.0,249.40298507462686,0.632588294352086,30385.05378908198,453.5082655086863,1707739.609,25488.650880597015,29,7812.0,0.013877404113186512,29,7812.0
46240.0,53,16879.0,251.92537313432837,1.887002501136323,30684.513307111003,457.9778105538956,1707739.609,25488.650880597015,25,7748.0,0.07455354186820479,25,7748.0
46245.0,52,17036.0,246.8985507246377,1.7348270519677875,30849.706660327913,447.0971979757668,1684949.604,24419.55947826087,24,7840.0,0.09146024766746039,24,7840.0
46250.0,55,17252.0,257.4925373134328,1.1065819308884286,30967.243855674613,462.1976694876808,1639363.167,24468.106970149256,28,7966.0,0.07845214385181248,28,7966.0
46255.0,47,16281.0,243.0,1.6619214302795282,31023.46732255358,463.03682570975496,1616645.5019999999,24129.037343283584,21,7112.0,0.08083964363521666,21,7112.0
46260.0,50,16523.0,239.46376811594203,2.803306481754817,31299.31580330027,453.613272511598,1662366.501,24092.268130434786,24,6949.0,0.07715119882341837,24,6949.0
46265.0,54,16781.0,226.77027027027026,2.5581461909439143,31400.281854468398,424.3281331684919,1685230.926,22773.390891891893,28,7062.0,9.627752912935108e-05,28,7062.0
46270.0,56,17059.0,258.469696969697,1.6775482029455582,30852.467470011605,467.4616283335091,1685228.5059999998,25533.765242424244,28,7201.0,0.1077268067871283,28,7201.0
46275.0,52,17184.0,281.7049180327869,0.8171645970981312,30824.421542665237,505.31838594533184,1685218.336,27626.530098360658,24,7117.0,0.05968819332983886,24,7117.0
46280.0,50,17328.0,284.0655737704918,1.426332824286237,31101.925967754123,509.8676388156413,1685218.336,27626.530098360658,22,6969.0,0.04427789677865341,22,6969.0
46285.0,46,17487.0,286.672131147541,1.6175616335376286,31353.66871178563,513.9945690456661,1662351.156,27251.658295081972,19,7049.0,0.08374414564243289,19,7049.0
46290.0,48,17704.0,281.015873015873,1.3079106852361688,31365.844946891295,497.8705547125602,1639632.091,26025.906206349206,22,7162.0,0.09224078604589415,22,7162.0
46295.0,52,17918.0,284.41269841269843,1.3767727109358023,31296.827302394206,496.7750365459397,1616970.055,25666.19134920635,25,7216.0,0.07492652429325805,25,7216.0
46300.0,55,18185.0,284.140625,1.0755083046873153,31583.39850535502,493.4906016461721,1639849.383,25622.646609375,29,7323.0,0.05015581167917445,29,7323.0
46305.0,59,18474.0,288.65625,0.366985779500824,31838.26585403721,497.47290396933164,1685610.42,26337.6628125,33,7452.0,0.020354268461492693,33,7452.0
46310.0,63,18778.0,284.5151515151515,0.4695505447304317,32149.860886857972,487.1191043463331,1731373.3699999999,26232.92984848485,36,7596.0,0.03756253510042281,36,7596.0
46315.0,55,18722.0,275.3235294117647,1.1322130609894674,32457.735866035262,477.319645088754,1754248.5140000002,25797.772264705884,28,7464.0,0.05775784079312465,28,7464.0
46320.0,57,19003.0,279.45588235294116,1.4590991815083958,32760.94355035199,481.7785816228235,1754248.5140000002,25797.772264705884,28,7501.0,0.017777833854855127,28,7501.0
46325.0,58,19291.0,267.93055555555554,1.3801200340113466,32964.23438926869,457.8365887398429,1754254.286,24364.642861111108,30,7620.0,0.00839245806800069,30,7620.0
46330.0,60,19591.0,279.87142857142857,1.6754873057195319,33152.61677007695,473.6088110010994,1754250.772,25060.72531428572,32,7750.0,0.07441120220186331,32,7750.0
46335.0,54,19559.0,287.63235294117646,0.8898625138792882,33283.00176735246,489.4559083434187,1754253.948,25797.85217647059,26,7561.0,0.06524089227754762,26,7561.0
46340.0,52,19621.0,280.3,2.0079238684114773,33585.42481496522,479.791783070932,1754254.692,25060.78131428572,24,7432.0,0.08552752541028522,24,7432.0
46345.0,52,19772.0,286.5507246376812,1.9234872200945348,33816.87167048485,490.09958942731674,1731394.0690000001,25092.667666666668,24,7520.0,0.051933665782937254,24,7520.0
46350.0,54,19971.0,302.59090909090907,0.986776322211537,33755.109318550574,511.4410502810695,1662891.096,25195.319636363638,27,7651.0,0.05328970817532921,27,7651.0
46355.0,51,20102.0,309.26153846153846,1.1630373862712824,33766.91357392594,519.4909780603995,1617267.991,24881.046015384614,25,7658.0,0.023238308402919065,25,7658.0
46360.0,54,20367.0,303.9850746268657,1.662297668695559,34060.03030402013,508.3586612540319,1663085.727,24822.175029850747,28,7746.0,0.06375585535085643,28,7746.0
46365.0,57,20649.0,303.6617647058824,1.2169772534835086,34292.93572366266,504.30787828915675,1685995.44,24794.05058823529,31,7868.0,0.015546423793173546,31,7868.0
46370.0,59,20939.0,322.1384615384615,0.9132094146505613,34456.585327816894,530.1013127356447,1708903.656,26290.825476923077,32,7996.0,0.05556011322996677,32,7996.0
46375.0,55,21089.0,329.515625,1.0835444880464697,34751.12448327581,542.9863200511847,1708903.656,26701.619625,27,7879.0,0.07572138496438474,27,7879.0
46380.0,53,21267.0,332.296875,1.5727082546027498,35039.40638171905,547.4907247143605,1708903.656,26701.619625,25,7803.0,0.06066743194160164,25,7803.0
46385.0,48,21416.0,324.4848484848485,2.4269281145788684,35306.13770565976,534.9414803887845,1685989.1469999999,25545.290106060605,21,7679.0,0.10365844688126014,21,7679.0
46390.0,50,21640.0,327.8787878787879,2.153374750911857,35267.20947240014,534.3516586727295,1640337.375,24853.596590909092,22,7788.0,0.18060438814149618,22,7788.0
46395.0,53,21890.0,336.7692307692308,1.0583817085324678,35239.369951392655,542.1441530983486,1617583.776,24885.90424615385,26,7878.0,0.047930554931148936,26,7878.0
46400.0,48,21215.0,331.484375,1.1298031484819533,35334.622130157695,552.1034707837142,1594762.946,24918.17103125,21,7291.0,0.12448189050147306,21,7291.0
46405.0,48,21221.0,303.15714285714284,1.2190665127698341,35642.327637635455,509.176109109078,1640619.925,23437.4275,20,6958.0,0.09376196458695107,20,6958.0
46410.0,55,21464.0,298.1111111111111,1.2620899147353648,35595.3118585712,494.37933136904456,1686470.3560000001,23423.19938888889,27,7046.0,0.11011227262340681,27,7046.0
46415.0,60,21729.0,285.9078947368421,1.1807719457075667,35925.43663663913,472.703113639989,1709390.9200000002,22491.98578947368,32,7160.0,0.054297524409278146,32,7160.0
46420.0,59,21856.0,280.20512820512823,1.863060336204736,36261.50495374781,464.8910891506131,1755234.168,22503.002153846155,33,7131.0,0.0397060572285051,33,7131.0
46425.0,62,22164.0,291.63157894736844,1.7348309043198449,36049.78309378402,474.33925123400036,1755223.861,23095.05080263158,35,7271.0,0.057111423728198454,35,7271.0
46430.0,65,22478.0,307.9178082191781,1.0956418131887165,36004.2032938683,493.2082642995658,1732340.865,23730.696780821916,37,7420.0,3.3226011115403353e-05,37,7420.0
46435.0,65,22803.0,330.4782608695652,0.7267140221813397,36220.444106836854,524.9339725628531,1732339.921,25106.375666666663,37,7575.0,2.573183567745371e-07,37,7575.0
46440.0,55,16168.0,244.96969696969697,0.8309070895768327,36468.569419008345,552.5540821061871,1732339.691,26247.571075757576,31,5736.0,0.024786047321427352,31,5736.0
46445.0,47,10914.0,153.71830985915494,2.459257933809778,36745.76797230959,517.5460277790085,1732346.723,24399.249619718314,31,4889.0,0.050205916130948935,31,4889.0
46450.0,39,4941.0,71.6086956521739,3.5237864996669486,33735.33066122381,488.9178356699103,1650856.757,23925.46024637681,32,6987.0,0.09180556769624454,32,6987.0
46455.0,43,1714.0,25.582089552238806,2.3419974713556146,29364.82688930185,438.28099834778874,1570619.651,23442.084343283583,40,8797.0,0.021938910439451894,40,8797.0
46460.0,38,1325.0,20.384615384615383,2.1867099369577545,23428.440319307265,360.4375433739578,1491880.4210000003,22952.006476923074,32,8989.0,0.03567203203250759,32,8989.0
46465.0,39,1269.0,19.227272727272727,1.9562775700037436,21843.131040162785,330.95653091155737,1535887.894,23271.028696969697,29,8877.0,0.04674966661720838,29,8877.0
46470.0,43,1225.0,17.5,1.738785872052177,21938.753348949842,313.4107621278549,1659061.7050000003,23700.8815,28,8984.0,0.02701561380161839,28,8984.0
46475.0,51,1401.0,19.458333333333332,1.5232524562006762,21992.953922601064,305.45769336945926,1762898.4720000003,24484.701,32,9149.0,0.011395505118340246,32,9149.0
46480.0,53,1546.0,21.47222222222222,1.5311806617275125,21408.211126549133,297.33626564651564,1786513.485,24812.68729166667,30,9207.0,0.05595900314705826,30,9207.0
46485.0,60,1837.0,24.824324324324323,1.4281517135090547,21477.98643649409,290.24305995262284,1809481.1039999998,24452.447351351348,34,9343.0,0.00686045245732816,34,9343.0
46490.0,63,2148.0,29.027027027027028,1.7105635527926926,21770.438538056605,294.1951153791433,1809482.0699999998,24452.460405405403,35,9486.0,0.04254703431922048,35,9486.0
46495.0,65,2465.0,34.71830985915493,0.6281940434038045,21837.35383118777,307.56836381954616,1786599.844,25163.378084507043,37,9633.0,0.035926547053236425,37,9633.0
46500.0,59,2554.0,36.48571428571429,0.9872532972266106,22131.22866502761,316.1604095003946,1786596.844,25522.81205714286,30,9436.0,0.04238637866132583,30,9436.0
46505.0,57,2710.0,37.12328767123287,1.0921278849247082,22463.838308450744,307.72381244453084,1786596.844,24473.929369863014,28,9549.0,0.018397587018927967,28,9549.0
46510.0,57,2886.0,40.083333333333336,1.3113702061413852,22723.289970556318,315.60124959105997,1763674.918,24495.484972222224,30,9663.0,0.04760399977384998,30,9663.0
46515.0,61,3154.0,44.42253521126761,0.6123773896573119,22882.43533054844,322.2878215570204,1786676.972,25164.464394366194,34,9818.0,0.003490312809870015,34,9818.0
46520.0,51,2005.0,28.239436619718308,1.6122679486285714,23190.338462828247,326.6244853919472,1786672.7880000002,25164.40546478873,24,8837.0,0.04945485274742062,24,8837.0
46525.0,53,2265.0,31.458333333333332,2.958511996730648,23479.94097496767,326.11029131899545,1786672.7880000002,24814.899833333337,25,8603.0,6.161872035450212e-06,25,8603.0
46530.0,53,2530.0,37.205882352941174,2.2094749091321395,23166.844323898196,340.68888711615006,1763796.5579999997,25938.184676470588,25,8698.0,0.03618862956864428,25,8698.0
46535.0,56,2805.0,44.523809523809526,1.2013467396434805,22625.571766934245,359.1360597926071,1763791.44,27996.689523809524,28,8803.0,1.19883709508882e-05,28,8803.0
46540.0,50,2937.0,51.526315789473685,0.9370700960568051,22554.511851006668,395.69319036853824,1763784.3199999998,30943.58456140351,22,8770.0,0.03328409443235402,22,8770.0
46545.0,50,3187.0,53.11666666666667,1.374371504308033,22818.50806535349,380.3084677558915,1763785.7569999998,29396.42928333334,22,8845.0,0.0048936900663413855,22,8845.0
46550.0,50,3437.0,59.258620689655174,1.848004753460875,23023.867618605957,396.96323480355096,1763785.295,30410.091293103447,22,8925.0,0.032932731358146144,22,8925.0
46555.0,50,3687.0,68.27777777777777,0.6512518002444125,23150.913456657752,428.7206195677362,1763785.295,32662.690648148146,22,9005.0,0.06673788902728163,22,9005.0
46560.0,48,3665.0,69.15094339622641,0.4675861236512614,23393.4066220618,441.38503060493963,1763785.295,33278.967830188674,20,8752.0,0.022434968484513918,20,8752.0
46565.0,44,3690.0,62.54237288135593,1.7784308715705233,23650.74937804867,400.8601589499775,1763791.295,29894.767711864406,16,8505.0,0.0883485182128951,16,8505.0
46570.0,41,3652.0,59.868852459016395,2.6570448879882314,23692.12374356362,388.39547120596103,1740882.222,28539.05281967213,12,8410.0,0.2514545445356976,12,8410.0
46575.0,44,3806.0,62.39344262295082,1.6195444459557495,23757.532662836373,389.467748571088,1741027.637,28541.43667213115,17,8522.0,0.10200607244411972,17,8522.0
46580.0,46,4006.0,66.76666666666667,1.791556500604865,23633.080188144446,393.88466980240725,1718260.1949999998,28637.669916666662,20,8612.0,0.13416957374685098,20,8612.0
46585.0,50,4248.0,69.63934426229508,1.5353191229902299,23733.959786127747,389.0813079693073,1741441.0289999999,28548.213590163934,24,8694.0,0.07380295252195111,24,8694.0
46590.0,54,4506.0,73.8688524590164,1.0772287243826981,23971.25744076661,392.97143345519027,1787546.807,29304.046016393444,27,8792.0,0.01308526090655588,27,8792.0
46595.0,57,4780.0,78.36065573770492,0.40893885946408476,24214.726296424127,396.9627261708873,1810594.2899999998,29681.87360655738,29,8906.0,0.031537582578533126,29,8906.0
46600.0,50,4911.0,79.20967741935483,1.1468358770883231,24505.74945016035,395.25402338968314,1833641.7259999998,29574.866548387097,23,8632.0,0.05773088004035481,23,8632.0
46605.0,47,5051.0,80.17460317460318,2.087231072536846,24779.58777589012,393.3267900934939,1833641.7259999998,29105.424222222224,19,8409.0,0.1114090074444536,19,8409.0
46610.0,46,5232.0,83.04761904761905,1.9030082407763027,25047.14391314485,397.57371290706106,1833641.7259999998,29105.424222222224,18,8467.0,0.0845004647848711,18,8467.0
46615.0,49,5444.0,92.27118644067797,0.8393031348228214,24839.843350742543,421.01429408038194,1741744.355,29521.09076271187,22,8555.0,0.04796901498031655,22,8555.0
46620.0,50,5665.0,97.67241379310344,0.66997434518707,24730.77659823559,426.392699969579,1718963.923,29637.309017241383,24,8627.0,0.02964711358126848,24,8627.0
46625.0,53,5919.0,91.06153846153846,1.6076079882135517,25014.745414571003,384.84223714724607,1765100.2670000002,27155.38872307692,26,8721.0,0.06610799502242265,26,8721.0
46630.0,54,6186.0,95.16923076923077,1.5916741096693958,25283.51621286865,388.97717250567155,1788160.9149999998,27510.167923076922,28,8828.0,0.10400521006888779,28,8828.0
46635.0,61,6471.0,101.109375,0.13553405199569668,25555.884966791375,399.3107026061153,1811223.5250000001,28300.367578125,33,8950.0,0.019179256929099095,33,8950.0
46640.0,57,6633.0,103.640625,0.614502854217987,25868.36577370719,404.1932152141749,1811223.5250000001,28300.367578125,29,8727.0,0.016887426235281777,29,8727.0
46645.0,53,6793.0,99.8970588235294,1.7330483925462332,26166.14773695778,384.7962902493792,1811226.9689999998,26635.690720588234,25,8592.0,0.05731303235159485,25,8592.0
46650.0,49,6972.0,99.6,2.3825395974107666,26439.733659012003,377.71048084302873,1788166.854,25545.24077142857,22,8560.0,0.1357688151827982,22,8560.0
46655.0,51,7203.0,104.3913043478261,1.7496096076402707,26290.81293465453,381.026274415283,1742338.065,25251.276304347826,25,8663.0,0.08189651959247155,25,8663.0
46660.0,54,7379.0,110.13432835820896,1.3421050136527493,26120.772370198418,389.862274182066,1696513.0480000002,25321.090268656713,28,8695.0,0.08136598724163259,28,8695.0
46665.0,57,7658.0,110.98550724637681,1.4558253220863875,26424.743918920016,382.9673031727538,1742675.9740000002,25256.173536231883,31,8814.0,0.04344635102081273,31,8814.0
46670.0,60,7953.0,115.26086956521739,1.0664259629508253,26674.367080032556,386.5850301453993,1788836.029,25925.15984057971,33,8949.0,0.009456481222685038,33,8949.0
46675.0,63,8261.0,123.29850746268657,0.3481526680804424,26911.221539846425,401.6600229827825,1811913.4510000004,27043.48434328358,37,9097.0,0.014874918074959515,37,9097.0
46680.0,53,8148.0,119.82352941176471,1.2177906196781503,27226.683389301932,400.3924027838519,1834991.7450000003,26985.172720588234,26,8898.0,0.055261513435828115,26,8898.0
46685.0,55,8338.0,115.80555555555556,1.2236330641012916,27546.442251331704,382.5894757129402,1834994.7450000003,25486.038125,26,8957.0,0.017303359210128738,26,8957.0
46690.0,55,8537.0,121.95714285714286,1.588593211144093,27696.779370500153,395.6682767214307,1811932.0180000002,25884.743114285717,27,9057.0,0.09040719799751086,27,9057.0
46695.0,58,8796.0,129.35294117647058,0.7019376934093579,27995.278522663986,411.6952723921175,1765766.013,25967.147249999998,32,9187.0,0.008864690261115797,32,9187.0
46700.0,58,9066.0,129.5142857142857,1.3750290200732809,28200.856376133528,402.86937680190755,1788861.7650000001,25555.168071428572,32,9307.0,0.017880130887635667,32,9307.0
46705.0,59,9358.0,135.6231884057971,1.4444636397486093,28439.162634751377,412.1617773152374,1811954.645,26260.212246376814,32,9437.0,0.029605581513662365,32,9437.0
46710.0,61,9659.0,142.0441176470588,1.070108632172575,28734.328136656513,422.5636490684781,1811954.555,26646.390514705883,33,9568.0,0.017498043978117595,33,9568.0
46715.0,63,9972.0,153.41538461538462,0.37585749644826305,28903.565064451097,444.67023176078607,1788897.285,27521.496692307694,35,9711.0,3.0444975170480425e-06,35,9711.0
46720.0,57,10095.0,157.734375,0.6863919610603592,29194.508361138694,456.16419314279193,1788897.285,27951.520078125002,29,9623.0,0.04409609912349383,29,9623.0
46725.0,54,10240.0,146.28571428571428,1.6259940026738724,29498.064127400587,421.40091610572273,1788901.7920000001,25555.739885714287,26,9547.0,0.06228754275053174,26,9547.0
46730.0,52,10355.0,152.27941176470588,1.804247527478155,29632.874371581394,435.77756428796164,1742769.718,25628.966441176468,25,9640.0,0.10330955924818844,25,9640.0
46735.0,54,10591.0,155.75,0.8240851989355134,29806.161744567322,438.325908008343,1742844.222,25630.062088235296,28,9768.0,0.054916483434903574,28,9768.0
46740.0,48,9426.0,138.61764705882354,1.6338774928211746,29867.734251324917,439.2313860488958,1742989.923,25632.20475,21,8835.0,0.08062742890813801,21,8835.0
46745.0,51,9672.0,134.33333333333334,3.11192102762275,30153.841919160273,418.8033599883372,1766110.135,24529.307430555556,25,8601.0,0.0654325645574564,25,8601.0
46750.0,56,9934.0,136.08219178082192,2.629621676805106,30093.521298734315,412.2400177908811,1789232.667,24510.036534246574,27,8725.0,0.07471392700748641,27,8725.0
46755.0,56,10209.0,159.515625,1.169318177782221,29292.2105663336,457.69079009896245,1789226.133,27956.658328125,28,8844.0,0.002415698777187145,28,8844.0
46760.0,51,10350.0,172.5,1.23363189393957,29437.391977883148,490.6231996313858,1789222.005,29820.366749999997,23,8822.0,0.057668388770606545,23,8822.0
46765.0,52,10606.0,173.86885245901638,1.4708421363706523,29709.45706146981,487.0402796962265,1789222.005,29331.508278688518,24,8901.0,2.7498486248955746e-05,24,8901.0
46770.0,52,10866.0,184.16949152542372,1.4725325701445724,29913.179798201178,507.0030474271386,1789221.629,30325.790322033896,24,8981.0,0.028839782640837596,24,8981.0
46775.0,55,11128.0,195.2280701754386,0.3415794533724129,30057.937188434174,527.3322313760382,1789220.4869999997,31389.83310526316,25,9063.0,0.00011030379477303835,25,9063.0
46780.0,47,11110.0,198.39285714285714,1.121527700668668,30308.044004699274,541.215071512487,1789220.4869999997,31950.365839285714,19,8849.0,0.0513049050138461,19,8849.0
46785.0,44,11159.0,199.26785714285714,1.9500763552288556,30554.244016005177,545.6115002858068,1789220.4869999997,31950.365839285714,16,8660.0,0.1535138253266695,16,8660.0
46790.0,42,11198.0,199.96428571428572,1.7984550290921502,30794.010083048564,549.8930371972959,1789220.4869999997,31950.365839285714,14,8593.0,0.09288586372196662,14,8593.0
46795.0,44,11327.0,209.75925925925927,1.0986400586882394,30676.746864526565,568.0879048986401,1743150.3439999998,32280.561925925926,17,8674.0,0.07531289265428068,17,8674.0
46800.0,43,11496.0,221.07692307692307,0.9899274882588336,30492.20019648043,586.3884653169315,1697107.0459999999,32636.673961538465,17,8713.0,0.08615265349336393,17,8713.0
46805.0,46,11722.0,183.15625,1.8312404461292056,30753.549894171047,480.5242170964227,1743451.5979999998,27241.431218749996,20,8769.0,0.1022098524310219,20,8769.0
46810.0,52,11961.0,178.52238805970148,2.4187330560851827,31007.850264863544,462.80373529647085,1789794.9019999998,26713.356746268655,25,8838.0,0.1969273801990706,25,8838.0
46815.0,55,12223.0,185.1969696969697,0.7878341768468438,31246.054784208307,473.42507248800484,1812959.8799999997,27469.08909090909,29,8930.0,0.08895673658297745,29,8930.0
46820.0,56,12363.0,181.80882352941177,0.8758334178691942,31563.542088487422,464.1697365954034,1859284.3579999998,27342.417029411765,30,8748.0,0.04522604517506519,30,8748.0
46825.0,54,12538.0,184.38235294117646,1.7885924747870456,31866.056785411172,468.61848213839966,1859284.3579999998,27342.417029411765,26,8632.0,0.059135782513111655,26,8632.0
46830.0,52,12754.0,184.84057971014494,1.9673652004859088,32094.00356363462,465.13048642948735,1836162.3339999998,26611.04831884058,24,8622.0,0.06532095737081836,24,8622.0
46835.0,53,12994.0,193.9402985074627,1.7289464613818886,31926.618498977416,476.51669401458827,1766922.3939999999,26371.976029850746,26,8715.0,0.05012537011068444,26,8715.0
46840.0,50,13141.0,205.328125,1.168148829025392,31940.090449736002,499.06391327712504,1697596.1079999998,26524.9391875,24,8700.0,0.06567295275393001,24,8700.0
46845.0,54,13404.0,200.0597014925373,1.6102426435236985,32233.88107488214,481.1027026101812,1743939.2499999998,26028.944029850747,28,8794.0,0.04479656882663531,28,8794.0
46850.0,58,13685.0,204.2537313432836,1.5474859560247503,32466.970265739306,484.5816457573032,1790278.9039999996,26720.580656716418,31,8905.0,0.07786182748051759,31,8905.0
46855.0,61,13978.0,211.78787878787878,0.4516008485742334,32679.08057234731,495.1375844295047,1813448.5499999996,27476.493181818183,34,9027.0,0.014840952695260772,34,9027.0
46860.0,56,14148.0,217.66153846153847,0.949227541130488,32984.587677409596,507.4551950370707,1813448.5499999996,27899.208461538463,28,8930.0,0.017611143449589344,28,8930.0
46865.0,52,14332.0,210.76470588235293,1.7963005248052397,33283.4758819911,489.4628806175162,1813448.5499999996,26668.36102941176,24,8846.0,0.05534267570091797,24,8846.0
46870.0,49,14494.0,213.14705882352942,2.7464733909934504,33563.46325037781,493.58034191732077,1813448.5499999996,26668.36102941176,22,8807.0,0.16888791834146835,22,8807.0
46875.0,51,14724.0,230.0625,1.4376962757325322,33442.92272831236,522.5456676298809,1720943.5229999998,26889.742546875,24,8896.0,0.06794677499196133,24,8896.0
46880.0,56,14991.0,227.13636363636363,1.0353227317965463,33563.94425261805,508.5446098881525,1697845.4679999999,25724.93133333333,30,9007.0,0.05195531280513833,30,9007.0
46885.0,45,10120.0,146.66666666666666,1.9691079334134702,33742.97323698703,489.02859763749353,1697887.528,24607.065623188406,23,5148.0,0.09337405890866102,23,5148.0
46890.0,41,6545.0,92.1830985915493,2.9255227930010244,34023.25119466001,479.2007210515496,1744261.2389999998,24567.05970422535,27,4279.0,0.11401846161754778,27,4279.0
46895.0,37,3396.0,47.166666666666664,4.153700230070198,32494.951943258424,451.3187769897004,1726440.0389999996,23978.333874999997,32,2470.0,0.07799696288562426,32,2470.0
46900.0,38,1493.0,22.28358208955224,3.2034610575914493,22310.397943648244,332.991014084302,1483958.2,22148.629850746267,38,5423.0,0.04030545986402559,38,5423.0
46905.0,47,1706.0,24.37142857142857,2.2066800903113966,15998.668743316935,228.55241061881327,1493835.601,21340.508585714284,45,6448.0,0.025135798239477203,45,6448.0
46910.0,42,1196.0,17.085714285714285,2.2184450237160935,11992.247771364211,171.317825305203,1497770.9479999999,21396.727828571427,34,6196.0,0.04830119443802749,34,6196.0
46915.0,42,1255.0,17.676056338028168,2.0937814835764743,11851.892694641872,166.9280661217164,1540781.605,21701.149366197184,29,6144.0,0.05747798381087697,29,6144.0
46920.0,49,1410.0,19.315068493150687,1.536580147266523,12030.862046464628,164.80632940362497,1664929.286,22807.250493150685,32,6281.0,0.022215442250320742,32,6281.0
46925.0,56,1648.0,21.68421052631579,1.4093440955999754,11792.115308304927,155.15941195138063,1684751.2970000003,22167.78022368421,36,6448.0,0.011036805974807521,36,6448.0
46930.0,54,1509.0,18.8625,2.0598447088649583,12109.399832155557,151.3674979019445,1770001.8170000005,22125.0227125,31,6283.0,0.0925317894732434,31,6283.0
46935.0,61,1788.0,22.632911392405063,2.0114848566083277,12145.334886625562,153.73841628639954,1793195.5880000002,22698.678329113925,33,6355.0,0.04048845199525437,33,6355.0
46940.0,63,2096.0,27.57894736842105,1.5701321213144919,12208.567394880956,160.63904466948625,1770024.1960000002,23289.792052631583,35,6511.0,0.03124413616171642,35,6511.0
46945.0,66,2419.0,34.55714285714286,0.7469992629862028,12345.487139009421,176.3641019858489,1770023.154,25286.045057142856,38,6679.0,8.584842711780077e-05,38,6679.0
46950.0,59,2520.0,37.61194029850746,0.6514942782755022,12459.667578124689,185.9651877332044,1770023.154,26418.25602985075,30,6561.0,0.010971112396043948,30,6561.0
46955.0,56,2683.0,38.88405797101449,1.0515401749133435,12734.14817587958,184.55287211419687,1770023.6260000002,25652.516318840582,26,6526.0,0.018539871765719158,26,6526.0
46960.0,50,2810.0,40.72463768115942,1.6280549165226281,12908.69434488565,187.08252673747324,1770015.0520000001,25652.392057971017,23,6628.0,0.059364110596226295,23,6628.0
46965.0,53,3041.0,42.83098591549296,1.4086031892679771,13074.760807436802,184.15156066812398,1723664.0030000003,24276.957788732398,27,6762.0,0.08228090534339501,27,6762.0
46970.0,45,1929.0,27.956521739130434,1.7978582207381493,13085.191816157656,189.64046110373425,1700563.0170000002,24645.840826086955,19,5856.0,0.11061811858186048,19,5856.0
46975.0,51,2171.0,30.577464788732396,2.808510648726158,13370.973182096346,188.32356594501906,1747017.9610000001,24605.88677464789,25,5629.0,0.059451301861730484,25,5629.0
46980.0,55,2437.0,34.81428571428572,2.273080573914469,13286.416504668163,189.80595006668813,1770244.5680000002,25289.208114285713,29,5750.0,0.03035208961393939,29,5750.0
46985.0,56,2713.0,40.492537313432834,1.2834864815900993,12580.248892140216,187.76490883791374,1793467.9020000002,26768.177641791044,30,5881.0,0.02723013370817838,30,5881.0
46990.0,52,2783.0,43.484375,1.4504946226610649,12759.16943695219,199.36202245237803,1793466.2880000002,28022.91075,24,5840.0,0.09841749381638915,24,5840.0
46995.0,53,3045.0,47.578125,1.442516030299665,13042.809717949076,203.79390184295434,1793466.2880000002,28022.91075,25,5906.0,0.037178284669360524,25,5906.0
47000.0,55,3317.0,53.5,1.1691567916517827,13251.151572905816,213.7282511759003,1793465.1020000002,28926.856483870968,27,6023.0,5.095382181762644e-06,27,6023.0
47005.0,55,3592.0,57.935483870967744,1.3444721498348655,13468.014325958778,217.22603751546424,1793465.1020000002,28926.856483870968,27,6143.0,0.0,27,6143.0
47010.0,48,3587.0,60.79661016949152,1.2922590482843328,13625.412562939528,230.93919598202592,1793460.1960000002,30397.63044067797,20,5971.0,0.05532704910370956,20,5971.0
47015.0,44,3606.0,61.11864406779661,2.116268466596485,13850.777160722902,234.75893492750683,1793460.1960000002,30397.63044067797,16,5846.0,0.06421234359823656,16,5846.0
47020.0,41,3663.0,63.1551724137931,1.7922649344797947,13942.31086520683,240.38467008977292,1770288.5660000003,30522.21665517241,14,5904.0,0.10495438034698905,14,5904.0
47025.0,47,3851.0,68.76785714285714,0.861885226466385,13984.58046318844,249.7246511283651,1723930.1190000004,30784.466410714285,20,6013.0,0.04309751050977041,20,6013.0
47030.0,45,4023.0,73.14545454545454,0.7583348568013645,13983.620125394365,254.24763864353395,1700821.0800000003,30924.019636363642,19,6077.0,0.04667207859019977,19,6077.0
47035.0,48,4256.0,72.13559322033899,1.1474757138026206,14245.83411675712,241.45481553825636,1747350.772,29616.114779661017,22,6160.0,0.04819672544003524,22,6160.0
47040.0,52,4508.0,73.90163934426229,1.3555707938992867,14517.195071761675,237.9868044551095,1770616.5990000002,29026.501622950822,26,6267.0,0.023577217348910967,26,6267.0
47045.0,54,4777.0,74.640625,0.9793333176802315,14731.46387278119,230.17912301220616,1770621.7910000004,27665.965484375003,26,6382.0,0.043955740936644,26,6382.0
47050.0,51,4903.0,77.82539682539682,1.707544730145288,14998.50999043947,238.07158714983285,1770621.7910000004,28105.107793650794,23,6242.0,0.07305512637259412,23,6242.0
47055.0,49,5059.0,80.3015873015873,1.4535287088002555,15275.863860634136,242.4740295338752,1770621.7910000004,28105.107793650794,21,6111.0,0.07419574281088188,21,6111.0
47060.0,50,5207.0,78.89393939393939,1.481359619427045,15562.596949765728,235.79692348129896,1770623.3820000004,26827.626999999997,23,6206.0,0.059062700110794335,23,6206.0
47065.0,52,5439.0,86.33333333333333,1.103041488210841,15371.439097400864,243.99109678414075,1701088.1270000006,27001.39884126984,25,6330.0,0.06100711538221963,25,6330.0
47070.0,50,5625.0,89.28571428571429,1.2207591757129614,15505.196180561441,246.11422508827687,1701196.6200000006,27003.120952380952,24,6392.0,0.060583845019516684,24,6392.0
47075.0,54,5890.0,89.24242424242425,1.4543047161143179,15794.392997928388,239.30898481709676,1747771.3140000007,26481.383545454548,28,6512.0,0.04150591333933624,28,6512.0
47080.0,60,6172.0,92.11940298507463,1.2565790730641937,16065.160929544263,239.7785213364816,1794343.2560000008,26781.242626865675,33,6649.0,0.02773212991835569,33,6649.0
47085.0,61,6471.0,98.04545454545455,0.36062064128112975,16285.70261257345,246.75306988747656,1817628.2380000008,27539.82178787879,34,6801.0,0.026853425396351167,34,6801.0
47090.0,55,6611.0,100.16666666666667,1.2328807429369162,16593.588613852025,251.41800930078827,1817628.2380000008,27539.82178787879,27,6653.0,0.057766519281608794,27,6653.0
47095.0,51,6761.0,102.43939393939394,1.9074672350052084,16882.449218384623,255.7946851270398,1817628.2380000008,27539.82178787879,23,6451.0,0.0719993327689442,23,6451.0
47100.0,49,6935.0,106.6923076923077,2.4246779870629993,17115.200279046763,263.31077352379634,1794362.5500000007,27605.577692307692,22,6391.0,0.09869151567816135,22,6391.0
47105.0,48,7162.0,110.18461538461538,2.205736136330379,16877.451320214463,259.6530972340686,1724800.2880000004,26535.38904615385,22,6472.0,0.09620490004951056,22,6472.0
47110.0,54,7411.0,114.01538461538462,1.444575657845634,16758.049393140194,257.8161445098492,1678464.1840000004,25822.525907692307,25,6576.0,0.11290353437955483,25,6576.0
47115.0,48,7077.0,107.22727272727273,1.845847256616619,16931.726204396557,256.54130612722076,1678538.1110000003,25432.39562121212,22,6150.0,0.07521249574662155,22,6150.0
47120.0,51,7326.0,107.73529411764706,2.4876905585733304,17143.49881071624,252.11027662817997,1701872.6930000002,25027.539602941175,25,6198.0,0.13887994560604658,25,6198.0
47125.0,55,7588.0,108.4,1.7253432629601877,17094.057725249626,244.20082464642323,1748471.5110000002,24978.164442857145,28,6315.0,0.05299483587703165,28,6315.0
47130.0,58,7872.0,117.49253731343283,0.9650116856888947,17137.347141717262,255.78130062264586,1771766.7550000001,26444.279925373135,32,6454.0,0.047738267627237034,32,6454.0
47135.0,51,5581.0,79.72857142857143,1.4739862819411556,17379.892876602655,248.2841839514666,1818357.334,25976.533342857143,27,3948.0,0.07523810819335419,27,3948.0
47140.0,49,4253.0,59.901408450704224,2.066224049302958,17682.234630461022,249.04555817550747,1841648.874,25938.716535211268,31,4093.0,0.03267485744796737,31,4093.0
47145.0,41,2255.0,32.214285714285715,2.245947323425362,17932.395714873783,256.177081641054,1841648.2080000003,26309.260114285717,34,4689.0,0.05609510444854558,34,4689.0
47150.0,42,1384.0,20.96969696969697,1.7310914222570237,16853.936785097867,255.362678562089,1757128.8260000001,26623.16403030303,39,4866.0,0.0003614832243784345,39,4866.0
47155.0,36,690.0,10.952380952380953,1.370090027278217,12145.207430952387,192.78107033257749,1633035.644,25921.2006984127,25,4499.0,0.04276430345982541,25,4499.0
47160.0,41,690.0,10.78125,1.2447847001730739,12197.804886997268,190.5907013593323,1676042.3480000002,26188.1616875,23,4468.0,0.02948074961546825,23,4468.0
47165.0,46,740.0,10.422535211267606,1.5179060433943992,12443.887295889808,175.26601825196917,1738407.1610000003,24484.607901408453,25,4579.0,0.01680202699672533,25,4579.0
47170.0,49,933.0,13.32857142857143,1.7952123983899566,12684.349183022206,181.2049883288887,1734623.9080000003,24780.341542857142,26,4723.0,0.061977672448809876,26,4723.0
47175.0,54,876.0,12.695652173913043,1.5127943470740466,12843.841058373162,186.14262403439366,1711383.0700000003,24802.653188405802,28,4668.0,0.04403978789560442,28,4668.0
47180.0,55,1143.0,17.059701492537314,1.6776820228514229,12741.155429833647,190.16649895274102,1711379.2700000005,25542.974179104476,27,4698.0,0.046969094809245694,27,4698.0
47185.0,55,1418.0,21.815384615384616,1.573296676813976,12875.265354915033,198.08100546023124,1711378.8930000002,26328.90604615385,27,4797.0,0.00535195498112998,27,4797.0
47190.0,57,1701.0,27.885245901639344,0.6242979495034472,12892.330030844578,211.34967263679633,1711376.9890000003,28055.360475409838,29,4935.0,6.68126690653112e-06,29,4935.0
47195.0,52,1806.0,29.60655737704918,1.0148971206933335,13082.385186313775,214.4653309231767,1711377.6060000001,28055.370590163937,24,4844.0,0.029381207522613067,24,4844.0
47200.0,47,1904.0,31.21311475409836,1.6628937282872738,13356.203197756719,218.95415078289705,1711377.6060000001,28055.370590163937,19,4757.0,0.1122275723155863,19,4757.0
47205.0,47,2024.0,31.625,1.7473193628730102,13512.179970891313,211.12781204517682,1688091.681,26376.432515625,20,4759.0,0.09878959269276744,20,4759.0
47210.0,50,2239.0,35.53968253968254,1.2986104001104772,13516.884896358226,214.5537285136226,1664900.686,26426.995015873017,24,4948.0,0.09682250492413307,24,4948.0
47215.0,50,2415.0,37.15384615384615,1.2038451859317811,13576.136515116621,208.86363869410178,1665049.6720000003,25616.1488,23,4994.0,0.07784401458373479,23,4994.0
47220.0,54,2680.0,40.60606060606061,1.5665874439655856,13865.234557601041,210.07931147880362,1688403.6560000002,25581.873575757574,28,5113.0,0.03429093179082609,28,5113.0
47225.0,58,2963.0,42.32857142857143,1.2073941348613912,14160.313371112725,202.29019101589603,1735114.5790000001,24787.351128571427,32,5261.0,0.016637080837953584,32,5261.0
47230.0,62,3268.0,46.68571428571428,1.1365041121936217,14384.237876715422,205.48911252450606,1781825.3410000002,25454.647728571428,35,5431.0,0.09344951566425486,35,5431.0
47235.0,51,3166.0,45.88405797101449,0.9494890717443272,14674.266037068117,212.6705222763495,1805176.5610000002,26161.979144927536,25,5182.0,0.058903219259600355,25,5182.0
47240.0,56,3356.0,47.267605633802816,1.314356312851108,14992.079422588904,211.15604820547753,1805177.3250000002,25425.03274647887,26,5192.0,0.033712631155020274,26,5192.0
47245.0,52,3544.0,50.628571428571426,1.3849562933791058,15090.63806327335,215.58054376104784,1781850.7800000003,25455.01114285714,24,5309.0,0.01753776468542731,24,5309.0
47250.0,56,3795.0,55.80882352941177,1.141147099788101,15372.675936776805,226.06876377612943,1735132.8270000003,25516.659220588233,30,5452.0,0.04396070714063966,30,5452.0
47255.0,55,3995.0,58.75,1.3762782988819027,15557.041505176196,228.7800221349441,1735143.3210000002,25516.813544117646,29,5517.0,0.00036852523207877116,29,5517.0
47260.0,58,4283.0,64.89393939393939,1.4385408853402732,15600.122374270642,236.36549051925212,1711834.5130000003,25936.886560606057,30,5662.0,0.030230867539589472,30,5662.0
47265.0,58,4573.0,69.28787878787878,1.1723071823943105,15811.602709917115,239.5697380290472,1711835.1360000002,25936.896,30,5807.0,0.0,30,5807.0
47270.0,58,4863.0,79.72131147540983,0.6520911120122719,16010.212711338976,262.46250346457344,1711834.7540000004,28062.864819672126,30,5952.0,0.0,30,5952.0
47275.0,53,4971.0,80.1774193548387,0.7114275863863555,16297.94720749032,262.87011624984393,1711838.4660000002,27610.297838709677,25,5826.0,0.06466078312328186,25,5826.0
47280.0,51,5110.0,82.41935483870968,1.5368676856036076,16581.270876946244,267.43985285397173,1711838.4660000002,27610.297838709677,23,5704.0,0.1147410974847947,23,5704.0
47285.0,49,5208.0,77.73134328358209,1.5004236856241693,16712.04137729928,249.4334533925265,1688546.1710000003,25202.18165671642,22,5806.0,0.05757118980823016,22,5806.0
47290.0,54,5430.0,78.69565217391305,1.6623018283658235,16844.81185403427,244.12770802948216,1688651.5680000004,24473.21113043478,26,5959.0,0.12300166625789519,26,5959.0
47295.0,44,4557.0,67.01470588235294,1.8687353113352971,16840.37970412835,247.65264270776993,1665455.8640000003,24491.998,18,5181.0,0.08568234463783858,18,5181.0
47300.0,50,4797.0,68.52857142857142,2.839897007522638,17116.29403333519,244.51848619050278,1712258.6670000004,24460.838099999997,24,5085.0,0.09926366587033089,24,5085.0
47305.0,56,5057.0,72.24285714285715,2.2481634416631957,17072.15049967793,243.88786428111328,1759060.9330000004,25129.441899999998,29,5210.0,0.027720444190095835,29,5210.0
47310.0,58,5337.0,86.08064516129032,0.7742975505899965,16579.611099716152,267.4130822534863,1759053.2170000004,28371.82608064516,30,5352.0,9.899861964371746e-05,30,5352.0
47315.0,55,5519.0,90.47540983606558,0.8109541420983617,16730.887761814494,274.276848554336,1759049.9330000004,28836.884147540983,25,5389.0,0.0,25,5389.0
47320.0,53,5784.0,93.29032258064517,1.5088317465302048,17012.249365407348,274.3911187968927,1759050.6210000003,28371.78420967742,25,5509.0,0.054945482650560755,25,5509.0
47325.0,54,6050.0,99.18032786885246,1.2739448365379467,17227.326794514054,282.4151933526894,1759048.9990000003,28836.868836065576,26,5630.0,0.07719324999958771,26,5630.0
47330.0,57,6326.0,109.06896551724138,0.1844421123040642,17433.084019544644,300.57041413008005,1759045.9990000003,30328.379293103444,29,5761.0,0.02619447261143099,29,5761.0
47335.0,47,6111.0,105.36206896551724,1.0046714751786234,17709.91158439346,305.3433031791975,1759045.9990000003,30328.379293103444,19,5348.0,0.041426005736595474,19,5348.0
47340.0,45,6167.0,106.32758620689656,1.6155618043423998,17968.894076940112,309.80851856793294,1759045.9990000003,30328.379293103444,16,5376.0,0.04113259128033065,16,5376.0
47345.0,42,6176.0,99.61290322580645,2.029949551535016,18193.678671075577,293.44643017863825,1735644.9100000004,27994.27274193548,15,5446.0,0.04127230256509477,15,5446.0
47350.0,45,6355.0,105.91666666666667,1.920454883191316,18034.39684153552,300.5732806922587,1712383.7490000005,28539.729150000003,19,5598.0,0.16460360763009702,19,5598.0
47355.0,47,6507.0,108.45,1.7659553434688662,18216.36769048153,303.6061281746921,1759254.6110000005,29320.910183333333,20,5617.0,0.12777042698044017,20,5617.0
47360.0,49,6745.0,114.32203389830508,1.1794954575195224,18271.648157044285,309.6889518143099,1735959.7930000005,29423.04733898305,22,5719.0,0.016070847908049177,22,5719.0
47365.0,52,7001.0,116.68333333333334,1.272578266719887,18506.92348135408,308.44872468923467,1735961.5530000008,28932.692549999996,24,5831.0,1.0305442876634282e-05,24,5831.0
47370.0,52,7261.0,123.0677966101695,1.2193271468233104,18730.822208379395,317.471562853888,1735959.6510000005,29423.044932203393,24,5946.0,0.06055161927372456,24,5946.0
47375.0,48,7343.0,126.60344827586206,1.2329723844744085,18961.90401308474,326.9293795359438,1735959.6510000005,29930.33881034483,20,5631.0,0.03328542665334402,20,5631.0
47380.0,44,7439.0,128.25862068965517,1.6173278358142158,19219.736893492114,331.3747740257261,1735959.6510000005,29930.33881034483,16,5469.0,0.0912618913270882,16,5469.0
47385.0,45,7559.0,132.6140350877193,1.275091808954384,19245.61274894674,337.6423289288901,1712663.9860000005,30046.73659649123,18,5549.0,0.058727127334097184,18,5549.0
47390.0,47,7764.0,141.16363636363636,0.5673072271939847,19055.212675195777,346.4584122762867,1666080.7520000003,30292.377309090913,21,5692.0,0.052350645116385056,21,5692.0
47395.0,47,7957.0,137.18965517241378,0.9412556062055921,19164.212541456167,330.4174576113132,1689659.4880000001,29132.060137931036,20,5750.0,0.038374960640990025,20,5750.0
47400.0,50,8199.0,138.96610169491527,1.543316594063634,19427.436936746162,329.2785921482399,1713128.526,29036.076711864407,24,5857.0,0.07043292238618466,24,5857.0
47405.0,53,8457.0,134.23809523809524,0.6647832969480176,19662.356938084005,312.10090377911104,1760057.9440000001,27937.42768253968,27,5980.0,0.0064951747227667885,27,5980.0
47410.0,58,8744.0,141.03225806451613,0.7976847846787528,19938.32248440974,321.58584652273754,1760057.9440000001,28388.03135483871,30,6123.0,0.08304532892568423,30,6123.0
47415.0,53,8868.0,143.03225806451613,0.67670197197106,20231.895558965753,326.32089611235074,1760057.9440000001,28388.03135483871,25,5947.0,0.02338115302490453,25,5947.0
47420.0,51,9034.0,141.15625,1.595213696203413,20519.53699760049,320.6177655875076,1760058.7120000003,27500.917375,23,5791.0,0.043150133466230436,23,5791.0
47425.0,47,9172.0,145.5873015873016,1.9012205855172368,20778.775275515854,329.8218297700928,1736588.9720000003,27564.904317460318,20,5889.0,0.06735262765302229,20,5889.0
47430.0,50,9392.0,156.53333333333333,0.5029883553752745,20308.47144303153,338.47452405052536,1643188.7940000002,27386.4799,23,6012.0,0.06427875047624415,23,6012.0
47435.0,48,9541.0,151.44444444444446,1.6350931542100142,20591.546345589486,326.8499419934839,1666681.7100000002,26455.26523809524,22,6045.0,0.10914868843747147,22,6045.0
47440.0,53,9794.0,150.6769230769231,1.7694793117981624,20868.035282896595,321.04669665994754,1713653.3370000003,26363.89749230769,26,6163.0,0.1198712350719607,26,6163.0
47445.0,56,10061.0,145.81159420289856,1.1651992321778673,21125.22429229252,306.16267090279007,1737143.3990000002,25175.991289855076,30,6295.0,0.012725083306035527,30,6295.0
47450.0,61,10357.0,156.92424242424244,0.8319166428597224,21333.85270242929,323.2401924610498,1760628.3120000002,26676.186545454544,33,6452.0,0.04590750371914668,33,6452.0
47455.0,52,10387.0,157.37878787878788,1.0219731410809583,21638.869585025444,327.8616603791733,1760628.3120000002,26676.186545454544,24,6188.0,0.06702365136970367,24,6188.0
47460.0,54,10537.0,159.65151515151516,1.0332907768463924,21945.8745084694,332.51325012832416,1760628.3120000002,26676.186545454544,25,6300.0,0.028912189732042494,25,6300.0
47465.0,53,10729.0,155.4927536231884,1.6418573625483126,22252.30817542089,322.49721993363596,1760628.3120000002,25516.352347826087,25,6420.0,0.027976160938658606,25,6420.0
47470.0,57,10969.0,161.30882352941177,1.1467055362878584,22197.124892816737,326.42830724730476,1713812.0750000002,25203.118749999998,28,6565.0,0.060497945161727615,28,6565.0
47475.0,47,7953.0,118.70149253731343,1.5873083374846624,22450.375052106992,335.0802246583133,1737311.831,25930.027328358206,25,4728.0,0.058676061613571376,25,4728.0
47480.0,46,5937.0,86.04347826086956,2.2077569637513204,22738.505175512284,329.543553268294,1784319.8090000001,25859.707376811595,28,5269.0,0.08809477338222416,28,5269.0
47485.0,39,2930.0,43.088235294117645,2.7737814687302245,22831.467879491196,335.75688058075275,1760917.9890000003,25895.852779411765,31,5401.0,0.03049215760848442,31,5401.0
47490.0,36,1502.0,23.107692307692307,2.9470674220437254,21525.23251162745,331.1574232558069,1719166.0330000005,26448.7082,33,6392.0,0.03002232231368474,33,6392.0
47495.0,44,1696.0,25.696969696969695,1.778077513226008,17831.3071694589,270.17132074937723,1636455.0760000006,24794.77387878788,36,6553.0,0.00023076288893225525,36,6553.0
47500.0,37,725.0,11.153846153846153,2.3415158528275257,15496.552033401918,238.40849282156793,1638711.6940000004,25210.94913846154,25,5783.0,0.0630211039393994,25,5783.0
47505.0,40,916.0,14.3125,2.9751487589196506,14863.717976160131,232.245593377502,1596391.4520000003,24943.6164375,26,5644.0,0.06041457227051404,26,5644.0
47510.0,48,1139.0,17.0,2.259825748111819,14953.419779546017,223.18536984397036,1725750.0030000003,25757.462731343283,28,5762.0,0.02339128343041133,28,5762.0
47515.0,55,1398.0,23.694915254237287,0.6601982283392283,14213.253799485796,240.90260677094562,1768864.9700000004,29980.762203389833,28,5887.0,0.033419494002109515,28,5887.0
47520.0,50,1312.0,23.017543859649123,0.686836476245208,14409.533629875485,252.79883561185054,1768863.3440000003,31032.690245614034,22,5573.0,0.020809274825545874,22,5573.0
47525.0,46,1335.0,20.53846153846154,2.1841902373871798,14681.975886878447,225.87655210582216,1768873.4000000001,27213.436923076926,18,5403.0,0.06844852317945313,18,5403.0
47530.0,43,1298.0,20.28125,2.747544472924229,14729.654769767782,230.15085577762153,1745471.995,27272.999921875,16,5467.0,0.19585836193128475,16,5467.0
47535.0,49,1473.0,23.758064516129032,0.8376293121179605,14689.830212175286,236.93274535766582,1698637.1420000002,27397.37325806452,22,5593.0,0.05153049120034215,22,5593.0
47540.0,47,1361.0,22.311475409836067,1.1682385275734328,14644.664532557614,240.07646774684613,1675312.3280000002,27464.136524590165,21,5531.0,0.050955294069244206,21,5531.0
47545.0,48,1581.0,25.095238095238095,1.9220676317461989,14915.179253889853,236.74887704587064,1722416.935,27339.951349206345,22,5513.0,0.09819997121803552,22,5513.0
47550.0,52,1831.0,28.609375,1.5725884506397674,15146.767579511801,236.66824342987184,1745972.087,27280.813859375,25,5580.0,0.004857082921899282,25,5580.0
47555.0,55,2104.0,35.06666666666667,0.9443331675932157,15148.577486192467,252.47629143654106,1745968.5590000001,29099.47598333333,27,5699.0,1.0249707296759113e-05,27,5699.0
47560.0,49,2225.0,38.36206896551724,0.804173743370908,15300.89200804495,263.8084828973267,1745968.5590000001,30102.906189655176,21,5518.0,0.05192860951196298,21,5518.0
47565.0,47,2349.0,39.813559322033896,1.5893793413167554,15568.756387017589,263.8772268986031,1745968.5590000001,29592.687440677964,19,5364.0,0.06649010570886629,19,5364.0
47570.0,43,2470.0,42.58620689655172,1.7590251089323226,15807.110487785074,272.5363877204322,1722410.2030000002,29696.727637931035,17,5335.0,0.10171280418787626,17,5335.0
47575.0,46,2694.0,44.9,1.3583826944940218,15716.521860169965,261.94203100283266,1699086.6560000004,28318.110933333333,20,5451.0,0.07589697951486674,20,5451.0
47580.0,45,2830.0,47.96610169491525,1.6863168140977616,15534.24473859948,263.29228370507593,1675819.4120000005,28403.71884745763,18,5446.0,0.13054838100983207,18,5446.0
47585.0,49,3063.0,47.859375,1.4842112903904163,15801.984622736776,246.90600973026207,1699390.2600000005,26552.9728125,23,5514.0,0.04535939544580876,23,5514.0
47590.0,53,3322.0,50.333333333333336,1.6255665975386977,16066.58141106354,243.43305168278084,1746537.8850000007,26462.695227272725,27,5628.0,0.13785182126736603,27,5628.0
47595.0,59,3597.0,53.6865671641791,1.1163186096467992,16311.894663425286,243.4611143794818,1793685.2510000006,26771.42165671642,32,5758.0,0.04558873653432654,32,5758.0
47600.0,53,3730.0,55.67164179104478,1.1639765196815244,16535.562788989497,246.79944461178343,1817249.9930000005,27123.134223880596,27,5610.0,0.05191764833020325,27,5610.0
47605.0,50,3885.0,55.5,2.5491622164917653,16807.111089494338,240.1015869927763,1817252.9930000005,25960.757042857145,22,5503.0,0.07175069939174651,22,5503.0
47610.0,48,4070.0,58.98550724637681,2.2316165076799486,17048.038052996308,247.07301526081605,1793699.2270000004,25995.64097101449,21,5593.0,0.1022159806229153,21,5593.0
47615.0,54,4314.0,66.36923076923077,0.7134827428685432,16854.526551775438,259.3004084888529,1676100.2270000002,25786.15733846154,27,5710.0,0.036578372064422486,27,5710.0
47620.0,53,4501.0,69.24615384615385,0.9631390674591134,17030.114642479664,262.0017637304563,1676181.9860000003,25787.41516923077,27,5761.0,0.04038178738930624,27,5761.0
47625.0,56,4776.0,69.21739130434783,1.3784820007672156,17333.50729319094,251.21025062595558,1723345.4820000003,24976.021478260867,30,5892.0,0.0335593626023427,30,5892.0
47630.0,59,5067.0,73.43478260869566,1.4932919527429576,17613.28380967543,255.26498274891918,1746926.7370000002,25317.778797101448,33,6038.0,0.020070310106074296,33,6038.0
47635.0,61,5367.0,81.31818181818181,0.6286356573935266,17834.067751510775,270.21314775016316,1770508.7750000004,26825.89053030303,34,6190.0,0.04918542371488423,34,6190.0
47640.0,58,5531.0,85.0923076923077,0.7043201342880433,18143.699248154106,279.13383458698615,1770508.7750000004,27238.596538461537,30,6088.0,0.018716579897856328,30,6088.0
47645.0,53,5697.0,82.56521739130434,1.8545368107075106,18447.044434567662,267.34847006619793,1770511.7750000004,25659.590942028983,25,6076.0,0.061265993400501394,25,6076.0
47650.0,52,5874.0,86.38235294117646,1.823817282830922,18557.07317975938,272.89813499646147,1699842.2260000003,24997.679794117645,23,6113.0,0.08831143860637831,23,6113.0
47655.0,53,6113.0,89.8970588235294,1.2708588837385026,18702.29640563393,275.0337706710871,1699941.7060000002,24999.142735294117,27,6239.0,0.05350960481846939,27,6239.0
47660.0,48,5537.0,83.89393939393939,1.7094559395146494,18714.251196908237,283.54926055921567,1652881.875,25043.664772727272,21,5638.0,0.11577606144916612,21,5638.0
47665.0,50,5781.0,83.78260869565217,2.5072066182463346,18996.723456368,275.3148327009854,1700079.1579999998,24638.82837681159,24,5633.0,0.06647260026057202,24,5633.0
47670.0,56,6046.0,87.6231884057971,2.129851990765287,18993.937779287884,275.2744605693897,1747277.8269999998,25322.867057971012,29,5753.0,0.03310728748468753,29,5753.0
47675.0,58,6324.0,97.29230769230769,0.6343408858508868,18653.1729500129,286.9718915386599,1770867.968,27244.122584615383,30,5886.0,0.017981568951858012,30,5886.0
47680.0,54,6476.0,101.1875,1.3864489680593166,18925.735774341774,295.71462147409034,1794467.6,28038.55625,27,5892.0,0.06126862654479155,27,5892.0
47685.0,56,6751.0,100.76119402985074,1.4410828573181182,19218.03119376712,286.8362864741363,1794470.6,26783.14328358209,27,6012.0,0.06390099408573441,27,6012.0
47690.0,57,7031.0,108.16923076923077,1.264266313888289,19446.23433862735,299.1728359788823,1794468.9700000002,27607.214923076925,29,6138.0,0.05668247167165323,29,6138.0
47695.0,60,7325.0,116.26984126984127,0.5044925512825628,19684.868688822313,312.45823315590985,1794468.9700000002,28483.63444444444,32,6277.0,0.014400850102633235,32,6277.0
47700.0,53,7323.0,120.04918032786885,0.7659041105495569,19941.53116809336,326.91034701792404,1794465.9700000002,29417.47491803278,25,6178.0,0.029034716707353907,25,6178.0
47705.0,48,7374.0,111.72727272727273,2.1334478367788585,20226.700352612123,306.4651568577595,1794470.0300000003,27188.939848484846,20,6099.0,0.06480330569289529,20,6099.0
47710.0,45,7465.0,114.84615384615384,2.8335624747381343,20378.827762757934,313.52042711935286,1770894.3300000003,27244.528153846157,18,6100.0,0.18942383861308731,18,6100.0
47715.0,49,7665.0,125.65573770491804,0.9632244250448869,20344.559469674652,333.5173683553223,1676572.452,27484.794295081963,22,6213.0,0.06341274566453235,22,6213.0
47720.0,48,7849.0,130.81666666666666,1.0799476026660335,20401.967588996078,340.03279314993466,1653058.6720000003,27550.977866666664,22,6281.0,0.028156406789091308,22,6281.0
47725.0,53,8102.0,128.6031746031746,1.6472050114813641,20679.02608622357,328.23850930513606,1700321.6160000004,26989.232,27,6389.0,0.04774310137341581,27,6389.0
47730.0,54,8367.0,128.72307692307692,1.67009010661323,20916.818523913982,321.7972080602151,1747574.5030000005,26885.761584615386,27,6509.0,0.0926453493760146,27,6509.0
47735.0,58,8644.0,137.20634920634922,0.6394963463525235,21146.440201786827,335.65778098074327,1771202.2590000005,28114.321571428572,31,6640.0,0.006822629916958897,31,6640.0
47740.0,54,8797.0,139.63492063492063,0.8206522127993445,21443.90940865904,340.3795144231594,1771202.2590000005,28114.321571428572,26,6575.0,0.04038621345790494,26,6575.0
47745.0,51,8955.0,137.76923076923077,1.6687548818804085,21734.5465836773,334.37763974888145,1771206.8390000006,27249.335984615387,23,6520.0,0.07684710245626439,23,6520.0
47750.0,47,9131.0,140.47692307692307,2.4849038016928064,22008.191267971437,338.5875579687913,1771206.8390000006,27249.335984615387,20,6418.0,0.1007451979112645,20,6418.0
47755.0,49,9354.0,150.8709677419355,1.4587864794036176,21783.590689560133,351.3482369283892,1653280.3450000004,26665.812016129035,22,6525.0,0.08511151104843967,22,6525.0
47760.0,51,9606.0,154.93548387096774,1.197501245212494,21955.330552408323,354.11823471626326,1653341.3990000002,26666.796758064516,25,6646.0,0.04853053460874568,25,6646.0
47765.0,51,9793.0,144.01470588235293,1.433360974051997,22085.184862509817,324.7821303310268,1653437.4690000003,24315.25689705883,25,6688.0,0.06717923876917507,25,6688.0
47770.0,58,10069.0,143.84285714285716,1.8371276574838393,22383.183285034178,319.759761214774,1700725.5690000001,24296.079557142857,30,6816.0,0.13614536843132483,30,6816.0
47775.0,59,10352.0,147.88571428571427,0.740796099293664,22669.01085938017,323.84301227685955,1724364.675,24633.781071428573,33,6957.0,0.023315918012065905,33,6957.0
47780.0,65,10675.0,148.26388888888889,0.5261591946337714,22973.763873204858,319.0800537945119,1771644.5320000001,24606.174055555555,39,7135.0,0.02146901889403112,39,7135.0
47785.0,56,9830.0,134.65753424657535,1.0991288350167632,23268.518616371104,318.746830361248,1818925.5190000003,24916.787931506846,29,6731.0,0.052963593791476735,29,6731.0
47790.0,55,9835.0,134.72602739726028,1.3671511628378352,23596.783806152704,323.2436137829138,1818925.5190000003,24916.787931506846,25,6473.0,0.0608452110360517,25,6473.0
47795.0,54,10046.0,137.6164383561644,1.255992091426715,23909.448299661766,327.5266890364625,1795277.0620000004,24592.836465753422,25,6587.0,0.026208305237119832,25,6587.0
47800.0,58,10307.0,149.3768115942029,0.7608095082392295,23998.381237272864,347.802626627143,1724349.3230000006,24990.569898550722,31,6725.0,0.030655552692940263,31,6725.0
47805.0,59,10466.0,141.43243243243242,1.4691265135485498,24322.85861414344,328.68727856950596,1771655.5870000003,23941.291716216212,32,6762.0,0.02923336757127948,32,6762.0
47810.0,60,10762.0,151.57746478873239,1.7028014532283706,23952.41854831051,337.35800772268317,1771651.3900000004,24952.83647887324,32,6907.0,0.05140631265311447,32,6907.0
47815.0,61,11064.0,158.05714285714285,1.3788068395956272,24131.83835761112,344.7405479658731,1748052.5220000003,24972.178885714286,33,7054.0,0.0278151842846794,33,7054.0
47820.0,63,11373.0,172.3181818181818,0.39029677472658475,24288.522958972288,368.0079236207922,1748049.6630000004,26485.600954545458,35,7208.0,0.00462674584230465,35,7208.0
47825.0,57,11494.0,171.55223880597015,0.9934655774088235,24594.906777118314,367.08816085251226,1748049.6630000004,26090.29347761194,29,7115.0,0.041475229036691895,29,7115.0
47830.0,57,11646.0,166.37142857142857,1.7729394094867934,24891.745991638272,355.5963713091182,1748051.9850000003,24972.171214285714,27,7082.0,0.12293255832698145,27,7082.0
47835.0,51,11758.0,172.91176470588235,1.6308074035928728,25019.702517028694,367.9368017210103,1700813.0170000002,25011.95613235294,24,7115.0,0.08039326842929209,24,7115.0
47840.0,55,11996.0,176.41176470588235,1.1646632763848774,25220.48863401423,370.8895387355035,1700861.2950000002,25012.666102941177,28,7263.0,0.07997408278384864,28,7263.0
47845.0,48,11278.0,163.44927536231884,1.6193221159516398,25184.319403092308,364.9901362767001,1653686.1450000003,23966.46586956522,22,6572.0,0.06645847726981559,22,6572.0
47850.0,53,11534.0,162.45070422535213,2.728636320243188,25470.555243403353,358.74021469582175,1701051.0400000003,23958.46535211268,26,6534.0,0.10356643407391752,26,6534.0
47855.0,59,11799.0,161.63013698630138,1.9163713697938858,25310.836753513624,346.7237911440223,1748408.4880000004,23950.80120547945,30,6658.0,0.04742340957240973,30,6658.0
47860.0,60,12089.0,177.77941176470588,1.0408047270509557,25062.713526476364,368.5693165658288,1772079.7140000002,26059.99579411765,33,6802.0,0.030158329893987933,33,6802.0
47865.0,57,12255.0,188.53846153846155,1.1375696527659824,25297.267372370745,389.1887288057037,1772078.0800000003,27262.739692307692,29,6815.0,0.06681648996905765,29,6815.0
47870.0,58,12542.0,192.95384615384614,1.0412325623090972,25596.52940140387,393.792760021598,1772078.0800000003,27262.739692307692,30,6947.0,9.8975919342718e-05,30,6947.0
47875.0,58,12832.0,203.68253968253967,0.9142578404196378,25801.94648352978,409.5547060877742,1772077.4060000002,28128.212793650793,30,7082.0,2.4385554572761035e-07,30,7082.0
47880.0,58,13122.0,215.11475409836066,0.5647943924802388,26062.340077436616,427.2514766792887,1772076.2000000002,29050.42950819672,30,7217.0,0.0,30,7217.0
47885.0,51,13126.0,205.09375,1.2112233009157833,26287.71471319985,410.7455423937477,1772083.2640000002,27688.801,23,7063.0,0.027120373635101804,23,7063.0
47890.0,46,13161.0,205.640625,2.7842924394726793,26556.398288311,414.9437232548593,1772083.2640000002,27688.801,18,6873.0,0.14841208217677468,18,6873.0
47895.0,42,13200.0,206.25,1.9530180993266764,26819.537580075044,419.05527468867245,1772083.2640000002,27688.801,16,6942.0,0.08448931500219808,16,6942.0
47900.0,52,13438.0,216.74193548387098,0.8830292062941133,26629.74325299208,429.51198795148525,1677544.152,27057.16374193548,25,7083.0,0.05631397693040406,25,7083.0
47905.0,49,13652.0,223.80327868852459,1.2285697127565216,26673.730224539617,437.2742659760593,1653971.7280000001,27114.29062295082,23,7201.0,0.06291278831872871,23,7201.0
47910.0,53,13906.0,213.93846153846152,1.4631840291481895,26959.335116108217,414.75900178628035,1701403.9710000004,26175.445707692306,27,7319.0,0.04118230349927609,27,7319.0
47915.0,57,14183.0,214.8939393939394,1.4772686663420378,27222.103962177494,412.456120639053,1748830.0870000005,26497.425560606058,30,7451.0,0.03398753900323319,30,7451.0
47920.0,59,14468.0,226.0625,0.343560151391761,27478.49804749046,429.3515319920385,1772538.7850000006,27695.918515625,33,7591.0,0.03674155820143979,33,7591.0
47925.0,50,14024.0,206.23529411764707,1.3692035212932572,27791.326356371403,408.6959758289912,1796255.0750000007,26415.51580882353,23,6953.0,0.06646127462395199,23,6953.0
47930.0,45,14032.0,206.35294117647058,2.3591560637115414,28079.919452751084,412.9399919522219,1796255.0750000007,26415.51580882353,16,6617.0,0.1452943000391838,16,6617.0
47935.0,45,14198.0,208.7941176470588,1.4712064617215277,27918.286228892284,410.5630327778278,1772613.9180000005,26067.85173529412,17,6677.0,0.04869848384537085,17,6677.0
47940.0,50,14428.0,221.96923076923076,1.2217242830890285,28034.732073751267,431.3035703654042,1701549.4370000004,26177.683646153844,22,6766.0,0.056863358791547504,22,6766.0
47945.0,53,14631.0,215.16176470588235,1.5095406498104527,28071.00001025758,412.8088236802587,1725275.8060000003,25371.703029411765,27,6833.0,0.03689963209597973,27,6833.0
47950.0,56,14902.0,219.14705882352942,1.5609218898202457,27997.251921869305,411.7242929686663,1772724.8160000003,26069.482588235296,30,6949.0,0.09499764714213953,30,6949.0
47955.0,59,15190.0,223.38235294117646,1.042631318806144,28278.784902893494,415.8644838660809,1796450.1400000004,26418.38441176471,32,7080.0,0.029551577481620468,32,7080.0
47960.0,63,15505.0,231.4179104477612,0.31681211493197253,28417.222512769058,424.1376494443145,1772811.1720000003,26459.868238805975,35,7230.0,0.0005583630172966064,35,7230.0
47965.0,57,15654.0,233.6417910447761,1.078270511058702,28705.523065947567,428.44064277533687,1772811.1720000003,26459.868238805975,29,7115.0,0.012173413299043116,29,7115.0
47970.0,52,15797.0,235.77611940298507,1.6824752280412478,29003.254409896916,432.8843941775659,1772811.1720000003,26459.868238805975,24,7044.0,0.07536165340785872,24,7044.0
47975.0,53,15968.0,234.8235294117647,1.6999475821778478,29282.411855631355,430.62370375928464,1749086.3350000002,25721.857867647057,26,7061.0,0.062112346863133445,26,7061.0
47980.0,53,16209.0,249.36923076923077,1.0537349564288383,29145.18904493276,448.3875237681963,1678115.4330000002,25817.16050769231,27,7188.0,0.07551059329507603,27,7188.0
47985.0,51,16368.0,248.0,0.9432102051555066,29210.869107439812,442.5889258703002,1654502.445,25068.218863636368,25,7212.0,0.028723723735599112,25,7212.0
47990.0,56,16640.0,244.7058823529412,1.641439195919944,29510.82766296868,433.9827597495394,1701999.291,25029.401338235293,30,7329.0,0.04626606925843306,30,7329.0
47995.0,59,16925.0,245.28985507246378,1.4834597923553512,29792.006324601305,431.76820760291747,1749488.332,25354.90336231884,32,7459.0,0.06159243147200894,32,7459.0
48000.0,63,17226.0,265.0153846153846,0.12320345770692528,29973.670691412324,461.13339525249734,1773232.64,27280.50215384615,36,7604.0,0.013997623726317094,36,7604.0
48005.0,58,17399.0,241.65277777777777,1.1939657235140286,30305.038820196743,420.90331694717696,1773238.64,24628.314444444444,30,7529.0,0.037136530413287405,30,7529.0
48010.0,55,17570.0,237.43243243243242,2.4191897018269537,30610.939547968777,413.6613452428214,1773240.5639999998,23962.710324324325,25,7445.0,0.13697137308021579,25,7445.0
48015.0,55,17767.0,246.76388888888889,1.6471161374146615,30765.73015330562,427.30180768480034,1725818.086,23969.69563888889,28,7544.0,0.06887084135347252,28,7544.0
48020.0,59,18040.0,257.7142857142857,0.9637099079284255,30842.85196503851,440.61217092912153,1678439.264,23977.703771428573,33,7703.0,0.06746596334451177,33,7703.0
48025.0,52,17245.0,246.35714285714286,1.6021445921447313,30971.58077883843,442.45115398340613,1678530.592,23979.00845714286,24,6923.0,0.08676378713266943,24,6923.0
48030.0,53,17502.0,246.50704225352112,2.523073966727378,31264.300627969827,440.34226236577217,1702290.622,23975.92425352113,27,6855.0,0.032794612065345626,27,6855.0
48035.0,58,17776.0,240.21621621621622,2.4006115531642416,31262.682867806958,422.4686874027966,1749809.536,23646.074810810813,30,6974.0,0.031053300471867395,30,6974.0
48040.0,59,18063.0,273.6818181818182,1.1344895757271898,30696.06529153395,465.0918983565749,1797311.237,27231.988439393943,32,7106.0,0.045794314176373176,32,7106.0
48045.0,55,18198.0,279.96923076923076,1.1697496534882066,30956.395346146634,476.25223609456367,1797310.2750000001,27650.927307692305,27,7080.0,0.06816721442684537,27,7080.0
48050.0,57,18479.0,284.2923076923077,1.1194259450864148,31252.38234619357,480.8058822491319,1797310.2750000001,27650.927307692305,29,7196.0,0.031186354738088826,29,7196.0
48055.0,57,18764.0,288.67692307692306,1.4303914566818208,31495.409698168452,484.54476458720706,1797310.345,27650.928384615385,29,7316.0,0.004786934346856317,29,7316.0
48060.0,57,19049.0,302.36507936507934,1.0934570828175065,31714.976411395153,503.41232399039933,1797312.881,28528.77588888889,29,7436.0,0.04331159058306011,29,7436.0
48065.0,50,19019.0,297.171875,1.1999284205149137,31918.33997324599,498.72406208196867,1797313.949,28083.030453125,22,7281.0,0.035716065813715274,22,7281.0
48070.0,46,19052.0,297.6875,2.7271697243344373,32185.403008891783,502.89692201393433,1797313.949,28083.030453125,18,7166.0,0.1388651561723617,18,7166.0
48075.0,44,19124.0,308.4516129032258,1.7910304008807139,32373.173053363684,522.1479524736079,1749789.4200000002,28222.41,17,7139.0,0.10334464731808306,17,7139.0
48080.0,50,19326.0,322.1,1.0007922552073945,32348.922932907462,539.1487155484577,1702394.8580000002,28373.247633333332,23,7251.0,0.04738139651705389,23,7251.0
48085.0,49,19543.0,315.2096774193548,1.270072509419083,32397.76917781038,522.5446641582321,1678738.1590000002,27076.421919354838,23,7345.0,0.03343987927811604,23,7345.0
48090.0,52,19795.0,299.92424242424244,1.9027152954734372,32568.25223508347,493.4583671982343,1702599.2030000002,25796.95762121212,26,7442.0,0.11473430164722453,26,7442.0
48095.0,56,20061.0,295.0147058823529,1.5548390690928369,32843.88460685529,482.9983030419894,1750173.2270000002,25737.84157352941,29,7553.0,0.03157654683370656,29,7553.0
48100.0,59,20349.0,308.3181818181818,0.43477466466081555,33112.02910606766,501.697410697995,1773960.5570000003,26878.19025757576,33,7686.0,0.02755956850549458,33,7686.0
48105.0,54,19741.0,303.7076923076923,0.6298831075313298,33423.28998654232,514.2044613314202,1773960.5570000003,27291.700876923074,25,7204.0,0.03353231498721384,25,7204.0
48110.0,49,19717.0,303.33846153846156,1.1800865935754867,33725.78177899004,518.8581812152316,1773960.5570000003,27291.700876923074,20,6932.0,0.06166608217882822,20,6932.0
48115.0,48,19884.0,305.9076923076923,1.1407809217487832,33993.99753617301,522.9845774795849,1726376.012,26559.630953846154,19,7000.0,0.041100522978437345,19,7000.0
48120.0,52,20096.0,314.0,1.2308555909402303,34020.58345131509,531.5716164267984,1726375.61,26974.618906249998,26,7109.0,0.00723539341451341,26,7109.0
48125.0,54,20323.0,307.92424242424244,1.2242987836354589,33622.744236150815,509.4355187295579,1750185.1300000001,26517.956515151513,28,7195.0,0.02088051459027943,28,7195.0
48130.0,57,20604.0,307.5223880597015,1.7319044318042816,33918.265304925306,506.24276574515403,1773997.3420000002,26477.572268656717,30,7319.0,0.11312048057788544,30,7319.0
48135.0,59,20893.0,321.4307692307692,0.5404286036820446,34051.85767114295,523.8747334021994,1750253.037,26926.9698,31,7446.0,0.03836156250308908,31,7446.0
48140.0,62,21199.0,321.1969696969697,0.3832812140455239,34341.426035605036,520.3246369031068,1750253.821,26518.997287878785,34,7601.0,0.008801425880484102,34,7601.0
48145.0,57,21323.0,323.07575757575756,1.0857450774781465,34652.18265056686,525.0330704631343,1750253.821,26518.997287878785,29,7497.0,0.014419863861662718,29,7497.0
48150.0,53,21475.0,330.38461538461536,1.2508232303283293,34942.29014645317,537.5736945608182,1750253.821,26926.98186153846,25,7404.0,0.048173183412200324,25,7404.0
48155.0,52,21622.0,332.6461538461538,1.15445586675943,35089.2291567528,539.8342947192738,1726506.161,26561.633246153844,24,7511.0,0.04178959131990253,24,7511.0
48160.0,53,21832.0,346.53968253968253,0.820016326839452,35203.07185941939,558.7789184034825,1678976.986,26650.428349206348,27,7652.0,0.052905042865162406,27,7652.0
48165.0,49,21614.0,317.8529411764706,1.412628551604566,35216.39382087658,517.8881444246556,1679168.5800000003,24693.65558823529,22,7315.0,0.06445005709624486,22,7315.0
48170.0,54,21872.0,312.45714285714286,2.336367378671308,35506.15064967274,507.2307235667536,1726848.4370000004,24669.263385714283,26,7396.0,0.06640912205909091,26,7396.0
48175.0,58,22142.0,320.8985507246377,1.4511320372818652,35588.00556366274,515.7681965748222,1750684.4610000004,25372.238565217394,32,7513.0,0.04382699129848535,32,7513.0
48180.0,62,22442.0,345.26153846153846,0.39316619664855545,35614.6472389542,547.9176498300646,1774518.6970000004,27300.287646153844,35,7652.0,0.025340482552676694,35,7652.0
48185.0,57,22601.0,332.36764705882354,1.123411678751606,35933.66254273672,528.4362138637754,1774518.6970000004,26095.863191176468,29,7506.0,0.01922594194911876,29,7506.0
48190.0,54,22767.0,329.95652173913044,2.036612761234867,36184.592065720106,524.4143777640597,1774520.6250000005,25717.690217391304,24,7275.0,0.08390322030544152,24,7275.0
48195.0,49,22931.0,342.25373134328356,1.9288603263549111,36275.80793914734,541.4299692410052,1726948.3830000004,25775.349,23,7355.0,0.08372826658430321,23,7355.0
48200.0,55,23187.0,356.7230769230769,1.0885177047112322,36254.517203863055,557.7618031363546,1679447.7830000003,25837.6582,28,7465.0,0.07948927651250055,28,7465.0
48205.0,47,23144.0,356.0615384615385,1.4923756987448296,36261.89980654076,557.8753816390887,1655791.6220000002,25473.717261538462,21,7340.0,0.08846263497674715,21,7340.0
48210.0,54,23398.0,344.0882352941176,1.6255385059794802,36546.0197692606,537.4414671950091,1703503.3120000002,25051.519294117646,27,7367.0,0.05505421331007316,27,7367.0
48215.0,59,23666.0,319.81081081081084,1.9743932199103036,36846.08062780913,497.9200084839073,1751214.0720000002,23665.055027027025,30,7477.0,0.05836861898748268,30,7477.0
48220.0,58,23949.0,347.0869565217391,1.3279194203298026,36949.123397705065,535.4945419957259,1775065.0100000002,25725.579855072465,32,7600.0,0.04256389950066285,32,7600.0
48225.0,56,24096.0,365.09090909090907,1.126696140403912,37058.726446934925,561.49585525659,1798917.6690000002,27256.32831818182,28,7507.0,0.08899537864158574,28,7507.0
48230.0,54,24280.0,367.8787878787879,1.646767769686928,37356.020246868364,566.0003067707328,1798917.6690000002,27256.32831818182,26,7434.0,0.048524913907674654,26,7434.0
48235.0,51,24453.0,376.2,1.6232208199160578,37604.907785911986,578.5370428601848,1775079.1150000002,27308.909461538457,24,7523.0,0.05576331628086992,24,7523.0
48240.0,53,24695.0,398.30645161290323,0.7936748298029357,37614.9629239252,606.6929503858906,1703653.7320000003,27478.285999999996,26,7628.0,0.03502755227489589,26,7628.0
48245.0,50,24700.0,357.9710144927536,1.624691930900053,37657.0328086387,545.7540986759236,1679954.94,24347.17304347826,24,7484.0,0.05727020321809223,24,7484.0
48250.0,54,24961.0,351.5633802816901,2.317129334568395,37948.29711411997,534.4830579453517,1727681.4579999999,24333.54166197183,28,7585.0,0.13285777982637562,28,7585.0
48255.0,59,25242.0,360.6,0.7632911536731065,38115.17679987118,544.5025257124457,1751546.29,25022.089857142855,33,7706.0,0.026521622135867704,33,7706.0
48260.0,66,25560.0,375.88235294117646,0.18457913827185257,38306.30042145015,563.3279473742672,1775412.3139999998,26109.00461764706,39,7863.0,0.020951384499000265,39,7863.0
48265.0,61,25741.0,378.54411764705884,0.6626502510626198,38635.60016130037,568.1705906073585,1775412.3139999998,26109.00461764706,33,7822.0,0.015641936137432706,33,7822.0
48270.0,56,25922.0,370.3142857142857,1.6449925972966435,38951.06992555055,556.4438560792936,1775413.9579999999,25363.056542857143,28,7812.0,0.05170120796384208,28,7812.0
48275.0,53,26116.0,378.4927536231884,1.9273630268751754,39085.58151572759,566.4577031264869,1727747.714,25039.821942028986,26,7853.0,0.06211282611892808,26,7853.0
48280.0,56,26367.0,393.53731343283584,0.8629708106667512,39187.68989188063,584.890893908666,1680091.618,25075.99429850746,29,7974.0,0.05028279791038128,29,7974.0
48285.0,50,26309.0,392.67164179104475,1.4983887295632077,39310.05675290353,586.7172649687096,1656297.423,24720.857059701495,24,7833.0,0.08105270514204406,24,7833.0
48290.0,54,26570.0,379.57142857142856,1.7309696858626613,39605.06693840976,565.7866705487107,1704067.7910000002,24343.825585714287,28,7872.0,0.04669928112904422,28,7872.0
48295.0,59,26850.0,372.9166666666667,1.8818100282105827,39817.70727730369,553.0237121847737,1751827.383,24330.935875000003,32,7992.0,0.045564642835991515,32,7992.0
48300.0,60,27145.0,393.40579710144925,1.480209435938844,39977.06809051719,579.3777984132926,1775708.4409999999,25734.904942028985,34,8127.0,0.03178266120034456,34,8127.0
48305.0,50,26358.0,382.0,1.2826113487017323,40120.302658586465,581.4536617186448,1799585.7449999999,26080.952826086952,23,7486.0,0.05574579648626012,23,7486.0
48310.0,46,26166.0,379.2173913043478,2.0268008806345175,40419.05675362845,585.7834312120067,1799585.7449999999,26080.952826086952,17,7097.0,0.16327598156836334,17,7097.0
48315.0,46,26308.0,392.65671641791045,1.341451027160284,40586.122138553335,605.7630169933334,1751857.552,26147.127641791045,18,7151.0,0.05456934982213336,18,7151.0
48320.0,53,26545.0,396.1940298507463,0.899165304352614,40579.51913563286,605.6644647109381,1727987.2029999997,25790.8537761194,27,7257.0,0.00990737607736527,27,7257.0
48325.0,53,26749.0,382.12857142857143,1.7756512102057738,40558.23575279238,579.4033678970341,1751884.222,25026.917457142856,27,7311.0,0.001665418207477863,27,7311.0
48330.0,56,27022.0,391.6231884057971,1.7899626247773495,40351.285047325706,584.801232569938,1775776.795,25735.89557971014,29,7423.0,0.091620280051368,29,7423.0
48335.0,60,27311.0,407.6268656716418,0.7900784832589922,40511.79771953958,604.6536973065611,1751920.159,26148.062074626865,32,7544.0,0.007873479608672731,32,7544.0
48340.0,62,27619.0,418.469696969697,0.7438538801537702,40809.27427900582,618.3223375606946,1751920.159,26544.244833333334,34,7682.0,0.023038227731204064,34,7682.0
48345.0,57,27760.0,420.6060606060606,0.6089091150573184,41051.09107576242,621.9862284206429,1751921.241,26544.261227272727,29,7619.0,0.019405168979958788,29,7619.0
48350.0,52,27893.0,422.6212121212121,1.9045007576341502,41348.04378345045,626.4855118704616,1751921.241,26544.261227272727,24,7564.0,0.08397245009211464,24,7564.0
48355.0,50,28042.0,431.4153846153846,1.7008862909035969,41614.21949480811,640.2187614585865,1728024.253,26584.98850769231,23,7576.0,0.0961559773685962,23,7576.0
48360.0,53,28271.0,448.74603174603175,0.7899387627922041,41529.566474326304,659.1994678464495,1680384.813,26672.774809523806,27,7717.0,0.047975433748725906,27,7717.0
48365.0,53,28485.0,425.14925373134326,1.0089308650005333,41632.6082056607,621.3822120247863,1680496.9730000002,25082.04437313433,27,7771.0,0.03942184506416555,27,7771.0
48370.0,59,28759.0,399.43055555555554,1.6392936317561815,41936.98495084934,582.4581243173517,1704424.5590000004,23672.56331944444,31,7886.0,0.12528164869242617,31,7886.0
48375.0,60,29049.0,397.93150684931504,1.0944818166539598,42251.58517568628,578.7888380230999,1752262.5410000002,24003.596452054797,34,8016.0,0.05513474155873014,34,8016.0
48380.0,69,29378.0,408.02777777777777,0.26489919296443165,42532.35654372818,590.7271742184467,1776180.4150000003,24669.172430555554,42,8184.0,0.03268236492518087,42,8184.0
48385.0,59,29236.0,406.05555555555554,0.6463020051049951,42881.64569096614,595.5784123745298,1776180.4150000003,24669.172430555554,31,7729.0,0.0261291951810633,31,7729.0
48390.0,57,29393.0,408.2361111111111,1.0612916487436044,43217.04159637597,600.2366888385552,1776180.4150000003,24669.172430555554,28,7541.0,0.04912818209172538,28,7541.0
48395.0,58,29586.0,405.28767123287673,0.862773810860081,43241.625058805555,592.3510282028158,1752258.7380000004,24003.54435616438,28,7646.0,0.021902037558490062,28,7646.0
48400.0,61,29851.0,414.59722222222223,1.0565540858149816,43563.0354282222,605.0421587253084,1728335.3070000003,24004.657041666665,35,7790.0,0.021909247279571935,35,7790.0
48405.0,59,30022.0,395.0263157894737,1.7535892767783554,43471.2297296702,571.9898648640815,1776219.2970000003,23371.30653947368,33,7815.0,0.08035223262123148,33,7815.0
48410.0,62,30328.0,404.37333333333333,1.8258693283738523,43620.207859444905,581.6027714592656,1776216.073,23682.880973333333,34,7953.0,0.08378435894764417,34,7953.0
48415.0,65,30644.0,419.7808219178082,1.0806022219746714,43773.164124797804,599.6323852712026,1752353.6570000001,24004.844616438357,37,8099.0,0.0008762863604866117,37,8099.0
48420.0,67,30978.0,448.95652173913044,0.3554550942894865,44006.41264944458,637.7740963687619,1752352.4390000002,25396.41215942029,39,8263.0,2.315432055041904e-07,39,8263.0
48425.0,56,30994.0,430.47222222222223,1.073576368363181,44296.436999355356,615.2282916577133,1752353.5150000001,24338.24326388889,28,7988.0,0.028636917779636114,28,7988.0
48430.0,54,31143.0,432.5416666666667,1.7236436473356316,44613.207779083714,619.6278858206074,1752353.5150000001,24338.24326388889,25,8021.0,0.11702802690558668,25,8021.0
48435.0,57,31296.0,440.7887323943662,1.1026148452987916,44773.905465644915,630.6183868400693,1728488.0050000001,24344.901478873242,28,8119.0,0.03693489571295462,28,8119.0
48440.0,59,31517.0,456.768115942029,0.6000828860736813,44853.71441926555,650.053832163269,1728540.9660000002,25051.318347826087,33,8306.0,0.016079641691923465,33,8306.0
48445.0,51,30358.0,421.6388888888889,2.048744150407542,45109.70224762768,626.5236423281624,1776475.9610000004,24673.277236111113,23,7306.0,0.08379214877091463,23,7306.0
48450.0,50,30605.0,419.24657534246575,2.947324670849597,45342.13175174215,621.1250924896186,1776473.9070000004,24335.259000000002,24,7074.0,0.05421935959323143,24,7074.0
48455.0,54,30870.0,434.7887323943662,2.7871189689801548,45107.13816906835,635.311805198146,1752585.4110000003,24684.301563380282,26,7171.0,0.014285327159202428,26,7171.0
48460.0,55,31143.0,502.30645161290323,0.9684993362219619,44310.39221030968,714.6837453275754,1752577.2630000003,28267.37520967742,27,7274.0,0.014830328276135629,27,7274.0
48465.0,52,31249.0,538.7758620689655,0.5692978412562513,44459.3715325535,766.5408884923019,1752574.4730000002,30216.801258620693,24,7069.0,0.018947942864451787,24,7069.0
48470.0,48,31384.0,541.1034482758621,1.4872783313656295,44725.22699147434,771.1246033012818,1752574.4730000002,30216.801258620693,20,6904.0,0.07029348723236879,20,6904.0
48475.0,44,31503.0,543.1551724137931,1.4773188079925597,44758.529666679475,771.6987873565428,1704750.7340000004,29392.25403448276,16,6848.0,0.08033192102461545,16,6848.0
48480.0,45,31675.0,536.8644067796611,1.7068666838982716,45014.03334469382,762.9497177066747,1728752.0510000004,29300.88222033899,19,6950.0,0.05561366491584737,19,6950.0
48485.0,41,31609.0,501.73015873015873,1.7467501177489637,44779.674084541126,710.7884775323988,1681109.0870000005,26684.271222222225,15,6838.0,0.08700651481035099,15,6838.0
48490.0,47,31829.0,497.328125,2.481769128933764,44876.24382831461,701.1913098174158,1705227.1940000004,26644.174906250002,20,6843.0,0.1650667656580258,20,6843.0
48495.0,50,32063.0,485.8030303030303,1.772620556100542,45145.97469267951,684.0299195860532,1753223.0340000005,26563.985363636366,23,6925.0,0.0568801366984444,23,6925.0
48500.0,56,32336.0,505.25,0.910571380628395,45230.477738878915,706.7262146699829,1777213.1560000002,27768.9555625,30,7038.0,0.014939317140288821,30,7038.0
48505.0,52,32474.0,523.7741935483871,1.335103283621654,45360.75565938409,731.6250912803888,1801209.1460000002,29051.760419354843,24,6874.0,0.04811854657910451,24,6874.0
48510.0,48,32638.0,526.4193548387096,1.7958974536376422,45633.30530129095,736.0210532466283,1801209.1460000002,29051.760419354843,20,6752.0,0.05163019106840632,20,6752.0
48515.0,48,32805.0,529.1129032258065,1.7960578459910923,45886.84501032181,740.1104033922873,1777207.8290000001,28664.642403225804,20,6821.0,0.06049444254959045,20,6821.0
48520.0,50,33020.0,569.3103448275862,0.7414359901972923,45664.10052008924,787.3120779325731,1681506.0700000003,28991.48396551724,23,6911.0,0.06492626906800666,23,6911.0
48525.0,47,33143.0,534.5645161290323,1.2241787695213988,45802.221106978875,738.7455017254659,1681595.3900000004,27122.506290322584,21,6887.0,0.054601229499399884,21,6887.0
48530.0,51,33385.0,513.6153846153846,2.183697029930531,46073.51994073515,708.8233837036177,1729620.9480000003,26609.553046153847,24,6969.0,0.1330139153862865,24,6969.0
48535.0,53,33642.0,517.5692307692308,1.522111059696145,46329.16489714543,712.7563830330067,1753630.7980000007,26978.93535384616,27,7066.0,0.07818798150839756,27,7066.0
48540.0,59,33925.0,547.1774193548387,0.22403072014779993,46489.864446087566,749.8365233239929,1777631.7660000008,28671.480096774198,32,7186.0,0.0006688064924138039,32,7186.0
48545.0,54,34068.0,532.3125,1.0774423226809966,46784.06356328328,731.0009931763011,1777631.7660000008,27775.496343749997,26,7048.0,0.02017811081292427,26,7048.0
48550.0,51,34206.0,518.2727272727273,2.0322596208130723,47061.72461397558,713.0564335450848,1777633.7020000005,26933.84396969697,21,6956.0,0.14262596586060508,21,6956.0
48555.0,45,34350.0,528.4615384615385,1.9996567187166119,47324.60188894504,728.0707982914624,1753624.7540000004,26978.84236923077,19,6950.0,0.06543674060340852,19,6950.0
48560.0,49,34592.0,557.9354838709677,1.1359192352941003,47127.23337423754,760.1166673264119,1681859.1000000003,27126.75967741936,23,7048.0,0.08005918148724023,23,7048.0
48565.0,49,34763.0,543.171875,1.3677644044505837,47210.070593991266,737.6573530311136,1657951.9260000002,25905.49884375,23,7073.0,0.03885099082432832,23,7073.0
48570.0,52,35016.0,530.5454545454545,1.9222446236308202,47490.21364379871,719.5486915727079,1706009.9060000002,25848.63493939394,26,7166.0,0.1011649113810619,26,7166.0
48575.0,59,35287.0,511.40579710144925,1.0504852868705972,47747.58193937147,691.9939411503112,1754055.7210000001,25421.0974057971,30,7277.0,0.032880406480767746,30,7277.0
48580.0,60,35581.0,539.1060606060606,0.4685013297745728,47978.736961773604,726.9505600268731,1778082.81,26940.648636363636,34,7411.0,0.02490147645578573,34,7411.0
48585.0,57,35747.0,541.6212121212121,0.9204680039261554,48291.26120118798,731.6857757755757,1778082.81,26940.648636363636,29,7364.0,0.055619959832541414,29,7364.0
48590.0,53,35919.0,544.2272727272727,1.4319593472577763,48591.220357739,736.230611480894,1778082.81,26940.648636363636,25,7344.0,0.041222313259220635,25,7344.0
48595.0,52,36122.0,555.723076923077,1.3583758450306609,48868.21104848914,751.8186315152176,1754057.164,26985.49483076923,25,7437.0,0.04694005207628299,25,7437.0
48600.0,55,36374.0,586.6774193548387,0.5951474103791442,48835.86088034154,787.6751754893799,1682102.2090000003,27130.68079032258,28,7553.0,0.03474422515821362,28,7553.0
48605.0,49,35890.0,512.7142857142857,2.108889788872199,49041.50530039393,700.5929328627706,1682159.7330000002,24030.853328571433,23,7001.0,0.10317857630616033,23,7001.0
48610.0,50,36136.0,501.8888888888889,3.4368557357066924,49316.385573431326,684.9497996309906,1730241.3190000001,24031.129430555557,24,7007.0,0.19485512605840044,24,7007.0
48615.0,55,36396.0,505.5,1.5736570253788034,49338.174851725285,685.2524284961843,1778318.495,24698.867986111112,28,7107.0,0.019647710644170025,28,7107.0
48620.0,63,36703.0,564.6615384615385,0.20241740313634624,49111.95320877889,755.5685109042907,1802349.1099999999,27728.447846153846,36,7253.0,0.02549461825328995,36,7253.0
48625.0,57,36850.0,566.9230769230769,0.6368766842057892,49427.35103558375,760.4207851628269,1802349.1099999999,27728.447846153846,29,7187.0,0.02364753106389011,29,7187.0
48630.0,53,37027.0,552.6417910447761,1.9023511029361775,49727.6239688893,742.2033428192432,1802350.762,26900.757641791046,25,7159.0,0.04769029121247882,25,7159.0
48635.0,49,37180.0,546.7647058823529,2.3522340094711915,50015.73345780694,735.5254920265729,1802350.762,26505.158264705882,22,7242.0,0.055562785518293585,22,7242.0
48640.0,52,37417.0,603.5,0.40458494503247233,49818.00890092348,803.5162725955403,1658282.9920000003,26746.49987096774,26,7362.0,0.048841302939578585,26,7362.0
48645.0,45,26017.0,388.3134328358209,1.6207268729769755,50115.43139593289,747.9915133721325,1706396.2670000005,25468.601,21,5325.0,0.07177143402287148,21,5325.0
48650.0,38,15892.0,233.7058823529412,2.9535735540868546,50389.600299071404,741.0235338098737,1730450.3670000006,25447.799514705883,24,6414.0,0.10589530119782564,24,6414.0
48655.0,38,5789.0,81.53521126760563,3.1556316598959597,50598.88183987047,712.6603076038097,1778552.1030000006,25050.029619718312,33,6535.0,0.04683879814546968,33,6535.0
48660.0,42,1399.0,21.196969696969695,2.6356422706216356,45870.76759844057,695.0116302794028,1694736.4220000005,25677.824575757575,36,8661.0,0.014409165615056318,36,8661.0
48665.0,41,1458.0,22.09090909090909,2.0167822525634853,35597.6911149028,539.3589562864063,1571891.8800000006,23816.54363636364,32,9593.0,0.018101851449669443,32,9593.0
48670.0,43,1554.0,22.852941176470587,2.5587836267047877,35818.33244979999,526.7401830852937,1704648.0940000005,25068.354323529413,29,9578.0,0.07267898136834874,29,9578.0
48675.0,46,1698.0,24.970588235294116,2.3349829576296157,36079.267949472276,530.5774698451805,1724839.9200000006,25365.292941176474,27,9616.0,0.0601826781286555,27,9616.0
48680.0,51,1922.0,28.264705882352942,1.031308377998341,33705.690711429896,495.6719222269102,1655043.9700000002,24338.881911764707,32,9746.0,0.034977158674114155,32,9746.0
48685.0,51,1761.0,24.458333333333332,1.71735259982968,33830.78382143852,469.8719975199795,1743621.3720000007,24216.963499999998,27,9638.0,0.07303247414232138,27,9638.0
48690.0,54,1965.0,26.554054054054053,1.8656010077391116,34140.59891820562,461.3594448406165,1811925.8380000007,24485.4842972973,29,9600.0,0.11948786847792504,29,9600.0
48695.0,62,2262.0,29.763157894736842,1.3763240856037091,34447.39345891426,453.255177090977,1860062.3840000005,24474.50505263158,36,9728.0,0.03460602827936413,36,9728.0
48700.0,66,2588.0,34.972972972972975,0.7386816910671492,34647.30563817304,468.20683294828456,1884133.2450000006,25461.260067567568,40,9884.0,0.006386344532625667,40,9884.0
48705.0,63,2788.0,38.72222222222222,0.6238764545607469,34713.81417146333,482.1363079369907,1884131.2150000008,26168.48909722222,35,9866.0,0.012600620963653799,35,9866.0
48710.0,58,2983.0,41.43055555555556,1.6831772110423464,35038.596300716454,486.6471708432843,1884131.2150000008,26168.48909722222,30,9859.0,0.04864399890926954,30,9859.0
48715.0,54,3196.0,44.388888888888886,2.210686615261041,35343.21953335557,490.87804907438306,1884131.2150000008,26168.48909722222,27,9802.0,0.08686387612854615,27,9802.0
48720.0,56,3453.0,50.779411764705884,2.055354124821695,35299.85573386035,519.1155254979466,1787964.1150000005,26293.589926470588,29,9798.0,0.08094203905192746,29,9798.0
48725.0,55,3728.0,51.77777777777778,2.2777369114156003,35330.253559206474,490.69796610009024,1739943.4240000006,24165.88088888889,29,9881.0,0.10113859748070335,29,9881.0
48730.0,58,4003.0,53.373333333333335,2.6056044731244077,35560.64402609448,474.1419203479266,1764065.5510000004,23520.87401333333,29,9942.0,0.128670630117858,29,9942.0
48735.0,60,4287.0,59.541666666666664,1.56091146533653,35655.58458256084,495.21645253556744,1691924.5040000004,23498.951444444447,34,10056.0,0.06601144873938243,34,10056.0
48740.0,63,4599.0,64.77464788732394,0.8136667868716511,35899.47369428423,505.6263900603416,1667884.5740000005,23491.332028169014,37,10198.0,0.07553595373183322,37,10198.0
48745.0,57,4316.0,59.94444444444444,1.53612963807492,36199.085651903115,502.7650784986545,1691979.7890000003,23499.719291666665,30,9778.0,0.10107827127877524,30,9778.0
48750.0,58,4601.0,63.02739726027397,2.152163834141951,36507.233463648045,500.0990885431242,1716064.5360000003,23507.733369863014,32,9860.0,0.049274176796164124,32,9860.0
48755.0,62,4897.0,65.29333333333334,1.6958286697649556,36478.27283041414,486.37697107218867,1764229.505,23523.06006666667,34,9986.0,0.044065706795231786,34,9986.0
48760.0,64,5203.0,71.27397260273973,1.0612700775426174,36544.77234345302,500.61331977332924,1812380.1320000002,24827.12509589041,36,10121.0,0.03550535200928605,36,10121.0
48765.0,56,5351.0,74.31944444444444,1.3019763982124246,36800.5536824565,511.1188011452293,1836456.6579999998,25506.342472222226,29,10152.0,0.08858425856097919,29,10152.0
48770.0,57,5613.0,75.85135135135135,1.9856146835478063,37119.93205765444,501.62070348181686,1884618.242,25467.814081081084,29,10212.0,0.08134334266738394,29,10212.0
48775.0,58,5898.0,78.64,2.656662479537583,37393.17232619622,498.57563101594974,1908679.9429999997,25449.065906666667,29,10290.0,0.09713792138800446,29,10290.0
48780.0,57,6183.0,87.08450704225352,1.5796956008584049,37576.03060610226,529.2398676915813,1812327.96,25525.745915492957,29,10395.0,0.06717681797594106,29,10395.0
48785.0,62,6486.0,86.48,1.2786420498694873,37848.93190126095,504.65242535014596,1788229.7519999999,23843.063359999996,34,10518.0,0.04944118417721553,34,10518.0
48790.0,57,6136.0,82.91891891891892,1.5935007872209463,38114.44215918899,515.0600291782296,1764127.2850000001,23839.557905405407,27,10200.0,0.08355315947990595,27,10200.0
48795.0,53,6230.0,83.06666666666666,1.9637542419463652,38433.47412480192,512.4463216640256,1788201.361,23842.684813333333,27,10076.0,0.12251220107824401,27,10076.0
48800.0,58,6510.0,86.8,1.7350973126934,38627.2572430817,515.0300965744227,1836340.6019999997,24484.541360000003,32,10155.0,0.0601751226668506,32,10155.0
48805.0,64,6813.0,86.24050632911393,1.6114599988931984,38876.53006834826,492.1079755487121,1884481.2239999997,23854.19270886076,37,10294.0,0.02115727340779982,37,10294.0
48810.0,53,5459.0,71.82894736842105,1.8029993481385904,38658.34563424741,508.6624425558868,1908553.3989999997,25112.544723684212,27,9577.0,0.09986199602778922,27,9577.0
48815.0,49,5131.0,65.78205128205128,2.2270536304129323,38880.982135804246,498.4741299462083,1956690.9229999997,25085.781064102564,21,9093.0,0.10552116402815913,21,9093.0
48820.0,50,5353.0,68.62820512820512,1.5877557087941365,39179.486288935455,502.3011062684034,1956670.8769999999,25085.524064102567,24,9161.0,0.06005663636738197,24,9161.0
48825.0,59,5626.0,76.02702702702703,0.9436044852984242,39020.703021321475,527.3067975854252,1884427.8210000002,25465.240824324323,33,9267.0,0.009361055762337315,33,9267.0
48830.0,58,5759.0,77.82432432432432,1.2951721261245548,39351.184418736055,531.7727624153521,1884431.7570000002,25465.294013513514,32,9183.0,0.020602464088471245,32,9183.0
48835.0,60,6024.0,82.52054794520548,1.4542148854379464,38963.714723973986,533.749516766767,1860354.844,25484.312931506855,33,9173.0,0.026217800652494048,33,9173.0
48840.0,62,6330.0,86.71232876712328,1.5067386240813598,38958.9171279076,533.6837962727071,1860351.3940000003,25484.26567123288,34,9300.0,0.020939514753561716,34,9300.0
48845.0,63,6644.0,88.58666666666667,1.0857311129847842,39180.960655976465,522.4128087463528,1860353.566,24804.714213333333,35,9434.0,0.021193106644593403,35,9434.0
48850.0,61,6784.0,95.54929577464789,1.1431125680581544,39223.62923098226,552.4454821265109,1860350.566,26202.120647887325,33,9432.0,0.07910008071859631,33,9432.0
48855.0,58,6941.0,97.7605633802817,1.1823760269801098,39546.93996685763,556.9991544627837,1860350.566,26202.120647887325,30,9442.0,0.040258413829460216,30,9442.0
48860.0,56,7127.0,97.63013698630137,1.3430882085687987,39792.25840526367,545.0994302090915,1836271.9860000005,25154.41076712329,29,9504.0,0.053511448965225174,29,9504.0
48865.0,59,7387.0,104.04225352112677,1.0948736967399024,39936.121723172284,562.4805876503141,1788155.1980000003,25185.28447887324,32,9643.0,0.05337706366192652,32,9643.0
48870.0,56,7540.0,106.19718309859155,1.3770810488445104,40188.57763206886,566.0363046770264,1788183.2520000003,25185.679605633803,30,9653.0,0.05821550660041634,30,9653.0
48875.0,60,7829.0,107.24657534246575,1.7821263912035281,40433.21571695327,553.8796673555246,1812312.6260000004,24826.200356164387,33,9744.0,0.05958648982854092,33,9744.0
48880.0,62,8132.0,112.94444444444444,1.345191855087086,40704.87620295341,565.3455028187974,1836415.9170000004,25505.776625,36,9877.0,0.03005196216133971,36,9877.0
48885.0,66,8449.0,112.65333333333334,0.8358511016924385,40901.7002971901,545.3560039625348,1884622.0610000005,25128.294146666667,39,10024.0,0.024841072054109375,39,10024.0
48890.0,54,8299.0,112.14864864864865,1.725137408559619,41186.28607717042,556.5714334752761,1908720.5660000003,25793.52116216216,28,9444.0,0.09939403583195461,28,9444.0
48895.0,50,8277.0,110.36,1.7932072611248997,41508.079259798855,553.4410567973183,1932819.7500000002,25770.93,21,9154.0,0.13295196837314574,21,9154.0
48900.0,52,8478.0,116.13698630136986,1.167849250341308,41694.084235240465,571.1518388389106,1884672.208,25817.427506849315,25,9226.0,0.0419674852195949,25,9226.0
48905.0,58,8744.0,118.16216216216216,1.0996249025538347,41730.929340446484,563.9314775736016,1860569.3099999998,25142.828513513512,31,9333.0,0.011229578408701169,31,9333.0
48910.0,62,8994.0,118.34210526315789,1.261013118613759,41774.57456089563,549.6654547486272,1884679.0249999997,24798.408223684208,33,9418.0,0.049230877786672206,33,9418.0
48915.0,66,9307.0,122.46052631578948,1.0870917138566674,41795.06028440507,549.9350037421723,1884720.7399999998,24798.957105263155,38,9560.0,0.017365834131379973,38,9560.0
48920.0,65,9628.0,128.37333333333333,1.3970578211612648,41920.71637164642,558.9428849552858,1884717.0819999995,25129.561093333334,37,9705.0,0.07107597439687649,37,9705.0
48925.0,68,9958.0,132.77333333333334,0.9553527412303776,42252.92973213369,563.3723964284496,1884716.3959999997,25129.551946666666,40,9855.0,0.001161367457564231,40,9855.0
48930.0,57,9981.0,140.57746478873239,1.0728370259936937,42511.72754954124,598.7567260498769,1884716.3959999997,26545.30135211267,29,9556.0,0.050786293919485234,29,9556.0
48935.0,57,10142.0,138.93150684931507,1.2915640402726534,42829.09952000326,586.6999934247023,1884716.9119999995,25818.03989041096,26,9510.0,0.0519999982522416,26,9510.0
48940.0,54,10283.0,142.81944444444446,1.61246199079525,43116.73407275876,598.8435287883162,1860614.2019999996,25841.86391666667,26,9594.0,0.051180689068944345,26,9594.0
48945.0,56,10525.0,150.35714285714286,0.9945091893542986,43170.86766410374,616.7266809157678,1836570.2759999996,26236.718228571423,30,9721.0,0.041206676019639385,30,9721.0
48950.0,51,9717.0,140.82608695652175,1.4855253876866223,43221.64135716733,626.4005993792368,1860709.3709999998,26966.802478260866,24,8968.0,0.04555842220473166,24,8968.0
48955.0,53,9976.0,144.57971014492753,2.4621272825720903,43415.89930244446,629.215931919485,1884848.5259999998,27316.64530434783,27,8854.0,0.03201565316036183,27,8854.0
48960.0,55,10249.0,150.72058823529412,2.2267423525673284,43557.732990809964,640.5548969236759,1860776.761,27364.36413235294,27,8949.0,0.01655457214603374,27,8949.0
48965.0,56,10528.0,159.5151515151515,1.078548232574919,42712.384394119705,647.1573393048441,1860777.023,28193.591257575754,28,9048.0,2.062483800077405e-06,28,9048.0
48970.0,52,10675.0,166.796875,1.999618670562266,42949.46287499519,671.0853574218,1860775.793,29074.621765625,24,9015.0,0.11436447150776995,24,9015.0
48975.0,54,10939.0,170.921875,1.3513188239483327,43230.34121762702,675.4740815254223,1860775.793,29074.621765625,25,9097.0,0.013686108440899548,25,9097.0
48980.0,55,11210.0,180.80645161290323,1.2338761275635206,43438.055016616796,700.6137905905936,1860774.563,30012.4929516129,27,9190.0,1.3365107988242889e-06,27,9190.0
48985.0,55,11485.0,194.66101694915255,0.9121215446480169,43675.21246843641,740.2578384480746,1860771.0189999999,31538.49184745763,27,9285.0,0.0,27,9285.0
48990.0,49,11469.0,197.74137931034483,0.9440687355952045,43884.394637646,756.6274937525174,1860772.679,32082.287568965512,21,9078.0,0.02575281486788751,21,9078.0
48995.0,44,11469.0,194.38983050847457,1.9405365509857035,44135.0640979992,748.0519338643935,1860771.293,31538.49649152542,16,8882.0,0.06088782013066365,16,8882.0
49000.0,41,11501.0,194.9322033898305,1.7394735593240152,44353.702733676226,751.7576734521397,1836637.8549999997,31129.455169491524,14,8912.0,0.15050598295038758,14,8912.0
49005.0,47,11676.0,197.89830508474577,0.910876938138372,44271.15184902823,750.358505915733,1812688.9279999998,30723.54115254237,20,9004.0,0.05771759798043242,20,9004.0
49010.0,49,11904.0,198.4,1.2591172684508074,44542.147738740096,742.3691289790016,1836877.278,30614.621299999995,23,9108.0,0.08461646149942517,23,9108.0
49015.0,52,12160.0,196.1290322580645,0.8201291407897993,44480.07832778272,717.420618190044,1837111.772,29630.835032258066,26,9194.0,0.015762835226505647,26,9194.0
49020.0,56,12436.0,200.58064516129033,0.9036872563754629,44757.84337034967,721.9006995217691,1861297.676,30020.930258064516,30,9300.0,6.765203193510995e-05,30,9300.0
49025.0,58,12725.0,201.984126984127,0.3609554742014439,45042.1988250419,714.9555369054272,1861297.676,29544.407555555554,30,9410.0,0.0011744699096958827,30,9410.0
49030.0,54,12871.0,204.3015873015873,1.154807754229326,45337.67359221544,719.6456125748484,1861297.676,29544.407555555554,26,9195.0,0.10736646078981267,26,9195.0
49035.0,49,13016.0,206.6031746031746,1.5402484349163885,45622.32541895935,724.1638955390373,1861297.676,29544.407555555554,21,9049.0,0.06873781994071027,21,9049.0
49040.0,48,13183.0,209.25396825396825,1.4383635162067003,45637.54538151286,724.4054822462357,1813089.054,28779.191333333332,21,9010.0,0.07187908488110098,21,9010.0
49045.0,50,13408.0,206.27692307692308,1.4642929021364282,45615.95537131925,701.783928789527,1789100.11,27524.617076923078,24,9121.0,0.05323567983187522,24,9121.0
49050.0,50,13599.0,209.2153846153846,1.8456474608103812,45597.715838048694,701.5033205853647,1789311.9470000002,27527.87610769231,23,9142.0,0.15275316078209644,23,9142.0
49055.0,53,13857.0,206.82089552238807,1.3155583774699633,45888.49436598224,684.9029009848097,1813517.4630000002,27067.424820895525,27,9230.0,0.03655221947746954,27,9230.0
49060.0,59,14141.0,207.9558823529412,1.1966760654723856,46165.148938055514,678.8992490890518,1861926.762,27381.275911764707,33,9344.0,0.042196630788066486,33,9344.0
49065.0,62,14442.0,212.38235294117646,0.42853934301234536,46427.85299894546,682.7625441021393,1910337.902,28093.20444117647,35,9475.0,0.02051353485281646,35,9475.0
49070.0,55,14594.0,214.61764705882354,1.210125791514899,46721.46389198664,687.0803513527446,1934539.862,28449.11561764706,29,9309.0,0.04746545350927818,29,9309.0
49075.0,53,14780.0,214.20289855072463,2.095699543841716,47020.014207483626,681.4494812678786,1934540.215,28036.814710144925,25,9176.0,0.08777052730083253,25,9176.0
49080.0,51,14963.0,223.32835820895522,1.6374116112795882,47098.77204387573,702.9667469235184,1886251.9760000003,28153.01456716418,24,9255.0,0.05856789112886624,24,9255.0
49085.0,55,15216.0,227.1044776119403,0.8927292070256677,47046.78252787999,702.1907839982086,1789639.4150000005,26711.036044776123,28,9355.0,0.0379680596808306,28,9355.0
49090.0,50,14878.0,215.6231884057971,1.7951611177116062,47191.84682609772,683.93980907388,1789741.0720000004,25938.276405797104,22,8899.0,0.09518958160270975,22,8899.0
49095.0,53,15130.0,213.09859154929578,2.3283641807789577,47482.78830355301,668.7716662472257,1838171.8320000004,25889.74411267606,26,8938.0,0.04432604318173922,26,8938.0
49100.0,57,15409.0,220.12857142857143,1.974880666761052,47646.00742952273,680.657248993182,1862384.4060000004,26605.491514285717,31,9047.0,0.061296061514491115,31,9047.0
49105.0,61,15703.0,245.359375,0.4061319422313226,47414.62025089574,740.853441420246,1886591.7190000005,29477.995609375,34,9169.0,0.026093456879122477,34,9169.0
49110.0,56,15863.0,251.79365079365078,0.7200355161478018,47713.78932197115,757.3617352693833,1886591.7190000005,29945.900301587306,28,9092.0,0.015653607606264053,28,9092.0
49115.0,54,16037.0,242.9848484848485,1.6387557119192464,48002.862774556044,727.3161026447888,1886592.2390000005,28584.73089393939,24,9049.0,0.05076944588244679,24,9049.0
49120.0,48,16184.0,245.21212121212122,1.8220785040276362,48275.00877219007,731.4395268513646,1862375.3060000003,28217.807666666664,21,9116.0,0.08721418235212287,21,9116.0
49125.0,52,16419.0,248.77272727272728,1.1235431569838492,48215.59382952625,730.5393004473674,1789881.1750000003,27119.411742424243,26,9212.0,0.08421481073786519,26,9212.0
49130.0,48,16429.0,248.92424242424244,1.6477235138393767,48413.832081434135,733.5429103247598,1789933.2290000003,27120.20043939394,22,9105.0,0.11448636254423876,22,9105.0
49135.0,53,16684.0,245.35294117647058,1.3809126583041078,48707.211518053526,716.2825223243166,1838390.5830000003,27035.155632352944,27,9152.0,0.04394486765580353,27,9152.0
49140.0,58,16965.0,249.48529411764707,1.554990853831092,48953.65952652155,719.9067577429639,1862621.8800000004,27391.49823529412,32,9263.0,0.01101141402201888,32,9263.0
49145.0,59,17258.0,246.54285714285714,1.3491170216054553,49114.8022207427,701.6400317248957,1886860.1580000003,26955.14511428572,32,9383.0,0.029045243716804676,32,9383.0
49150.0,54,17402.0,259.7313432835821,1.6189817111822902,49303.65518822048,735.8754505704552,1886857.2500000005,28162.04850746269,26,9303.0,0.1310485228026037,26,9303.0
49155.0,51,17550.0,258.0882352941176,1.8563862507808455,49598.264198737386,729.3862382167263,1886860.3420000006,27747.946205882356,23,9249.0,0.096324653047365,23,9249.0
49160.0,52,17736.0,268.72727272727275,1.172579986194367,49731.50031041239,753.5075804607937,1838462.2190000005,27855.488166666666,25,9330.0,0.05231919254788069,25,9330.0
49165.0,56,17990.0,276.7692307692308,0.5735313988764678,49836.881589936085,766.7212552297862,1790072.2440000004,27539.572984615388,29,9446.0,0.034188505394786024,29,9446.0
49170.0,54,18217.0,271.8955223880597,1.2499000734836287,50050.43314198059,747.021390178815,1790117.5620000002,26718.17256716418,28,9518.0,0.07441832224134082,28,9518.0
49175.0,59,18500.0,264.2857142857143,1.4864509058598696,50353.46867932597,719.335266847514,1838619.803,26265.997185714285,32,9631.0,0.01943119440891095,32,9631.0
49180.0,61,18796.0,268.51428571428573,0.9534801902271118,50652.07655834502,723.6010936906433,1862863.271,26612.332442857147,35,9757.0,0.032706840280983605,35,9757.0
49185.0,64,19110.0,281.02941176470586,0.3395375409036916,50918.8079268075,748.8059989236399,1887116.033,27751.70636764706,38,9901.0,0.024254059240494244,38,9901.0
49190.0,55,18313.0,273.32835820895525,0.768674716619476,51235.111985005744,764.7031639553096,1887116.033,28165.910940298512,27,9364.0,0.05643714193862936,27,9364.0
49195.0,53,18360.0,266.0869565217391,1.0277453030385233,51551.88550417026,747.1287754227576,1887116.269,27349.511144927535,23,9088.0,0.04633759828961309,23,9088.0
49200.0,50,18514.0,272.2647058823529,1.1557072623750873,51541.16252229631,757.9582723867106,1887115.439,27751.69763235294,22,9158.0,0.026929026772081432,22,9158.0
49205.0,56,18767.0,253.6081081081081,1.3283739931892289,51827.65760605605,700.37375143319,1862886.019,25174.135391891894,29,9263.0,0.023273719718155183,29,9263.0
49210.0,53,18622.0,255.0958904109589,2.1009501603418177,51862.76455227487,710.4488294832175,1862904.55,25519.2404109589,27,9031.0,0.1357174221486681,27,9031.0
49215.0,58,18899.0,262.4861111111111,1.8933750569558674,51771.45194827501,719.0479437260419,1887171.058,26210.709138888888,30,9081.0,0.04335846703122282,30,9081.0
49220.0,61,19197.0,259.4189189189189,1.9181932265267219,52084.140002139735,703.839729758645,1887171.8660000002,25502.32251351351,33,9199.0,8.875788253599958e-05,33,9199.0
49225.0,61,19502.0,291.07462686567163,1.0814131106218563,51788.43753340627,772.9617542299446,1862964.016,27805.433074626868,33,9324.0,0.0,33,9324.0
49230.0,55,19612.0,301.7230769230769,0.8152366818741441,52072.512972676624,801.1155841950253,1862961.729,28660.949676923075,27,9182.0,0.030598390596656814,27,9182.0
49235.0,53,19761.0,304.0153846153846,1.566230663624399,52358.68882023102,805.5182895420157,1862961.729,28660.94967692308,25,9075.0,0.07577031394847189,25,9075.0
49240.0,51,19900.0,315.87301587301585,1.314568964789364,52448.47497049242,832.5154757221022,1814504.537,28801.65931746032,23,9057.0,0.07936551776068372,23,9057.0
49245.0,52,20099.0,309.2153846153846,0.9646074482000562,52450.87732130335,806.9365741738977,1790393.7340000004,27544.518984615388,25,9167.0,0.049774266147993844,25,9167.0
49250.0,47,20052.0,308.4923076923077,1.7204199832242226,52605.04086173108,809.308320949709,1790475.5920000004,27545.77833846154,21,9031.0,0.08103340850127833,21,9031.0
49255.0,50,20299.0,307.56060606060606,1.9323231949051871,52749.936547768055,799.2414628449706,1814862.7500000005,27497.920454545456,24,9054.0,0.11702786879064844,24,9054.0
49260.0,55,20560.0,306.86567164179104,1.5978512791136041,52965.222244436,790.5257051408357,1863459.9330000004,27812.83482089552,28,9145.0,0.044110474473983446,28,9145.0
49265.0,56,20837.0,306.4264705882353,1.6499664108678955,53148.53246186658,781.596065615685,1887758.1360000002,27761.14905882353,30,9252.0,0.04396098856553734,30,9252.0
49270.0,54,20980.0,317.8787878787879,1.591206928032592,53253.22687855351,806.8670739174773,1912054.3000000003,28970.519696969703,24,9138.0,0.13498768509286016,24,9138.0
49275.0,50,21145.0,325.3076923076923,2.0627189132339265,53525.455773141264,823.4685503560196,1912054.3000000003,29416.22,22,9019.0,0.06663335150914687,22,9019.0
49280.0,46,21301.0,338.1111111111111,2.0005007590213304,53640.54338185547,851.4371965373882,1863517.1080000002,29579.63663492064,19,9008.0,0.1358987651087506,19,9008.0
49285.0,50,21526.0,331.16923076923075,1.391149873634038,53785.06159390652,827.4624860601,1839295.6430000002,28296.856046153847,24,9099.0,0.058881573165690135,24,9099.0
49290.0,51,21733.0,344.968253968254,1.3532249229777613,53688.97969858202,852.2060269616194,1790900.452,28426.991301587303,24,9136.0,0.09501342954787075,24,9136.0
49295.0,56,21990.0,328.2089552238806,1.46437800924469,53973.767210101265,805.5786150761384,1815214.4220000003,27092.752567164178,28,9224.0,0.04970610135077573,28,9224.0
49300.0,57,22269.0,332.3731343283582,1.3000292717661588,54232.42659184664,809.4392028633828,1863828.8630000001,27818.34123880597,31,9333.0,0.06409201765536261,31,9333.0
49305.0,61,22565.0,341.8939393939394,0.5210461625468316,54508.68055667057,825.8890993434935,1888133.9549999998,28608.09022727273,34,9458.0,0.04877000731040132,34,9458.0
49310.0,58,22735.0,339.32835820895525,0.8633596624238492,54822.46183481038,818.2456990270207,1888138.095,28181.16559701493,30,9378.0,0.04268197441291181,30,9378.0
49315.0,53,22906.0,341.8805970149254,1.5774248436854355,55123.11560519424,822.7330687342424,1888138.095,28181.16559701493,25,9313.0,0.06819092561235847,25,9313.0
49320.0,51,23098.0,355.3538461538462,1.9826388658189011,55264.273739083284,850.2195959858967,1839580.647,28301.240723076924,24,9244.0,0.09335222029862636,24,9244.0
49325.0,52,23337.0,338.2173913043478,1.774436172426211,55314.58056421194,801.6605878871295,1791079.371,25957.67204347826,26,9343.0,0.0755410045663356,26,9343.0
49330.0,55,23606.0,347.1470588235294,1.7263735632023234,55387.479028368674,814.5217504171865,1766884.409,25983.59425,29,9457.0,0.0824138874985371,29,9457.0
49335.0,51,23194.0,341.0882352941176,0.9753541492435291,55572.164877833726,817.2377187916725,1766935.481,25984.34530882353,25,9072.0,0.10471065538988897,25,9072.0
49340.0,52,23299.0,332.84285714285716,1.1990958042232949,55887.11627942933,798.3873754204191,1815582.1570000001,25936.88795714286,24,8827.0,0.09332953928292871,24,8827.0
49345.0,56,23568.0,331.943661971831,1.2468621353942169,56207.91932850834,791.6608356127936,1839901.6220000002,25914.10735211268,29,8921.0,0.03554283675882381,29,8921.0
49350.0,59,23846.0,326.6575342465753,1.2876892472903538,56317.26593248663,771.4693963354332,1864218.2460000003,25537.236246575343,33,9039.0,0.04243329585867167,33,9039.0
49355.0,59,23965.0,328.28767123287673,1.7344735075793396,56183.31622364055,769.634468816994,1888534.5760000001,25870.336657534248,32,9006.0,0.028621429029214378,32,9006.0
49360.0,59,24257.0,332.28767123287673,1.5241344919552002,56314.70656611136,771.4343365220733,1912851.1340000003,26203.440191780825,33,9110.0,0.051137318317821354,33,9110.0
49365.0,64,24565.0,327.53333333333336,1.391535384057467,56511.11153144585,753.4814870859445,1912874.3700000003,25504.991599999998,36,9245.0,0.01852265904934714,36,9245.0
49370.0,65,24887.0,345.65277777777777,1.138075828231152,56768.97583629498,788.4579977263191,1912870.8220000004,26567.65030555556,37,9387.0,0.04284788658874548,37,9387.0
49375.0,54,24882.0,350.4507042253521,1.203215424753674,56967.228168402704,802.355326315531,1912867.7720000006,26941.799605633805,26,9054.0,0.057094268562413085,26,9054.0
49380.0,55,25007.0,352.2112676056338,1.7037052260586234,57283.04655941643,806.8034726678369,1912867.7720000006,26941.799605633805,24,9050.0,0.055765127004668055,24,9050.0
49385.0,51,25156.0,344.6027397260274,1.365225094143108,57341.91077024022,785.5056269895919,1888569.3560000004,25870.81309589041,24,9130.0,0.03145392870511599,24,9130.0
49390.0,57,25405.0,357.8169014084507,1.4587194547607658,57598.63107629554,811.248325018247,1839942.8550000002,25914.688098591545,30,9251.0,0.09741502326174667,30,9251.0
49395.0,57,25637.0,361.0845070422535,1.2414855150936774,57769.0971003868,813.6492549350254,1864283.074,26257.50808450704,31,9334.0,0.021834109791002143,31,9334.0
49400.0,61,25934.0,365.2676056338028,1.1372599254917,57908.10293512151,815.6070835932607,1839985.414,25915.28752112676,34,9460.0,5.913984226067958e-05,34,9460.0
49405.0,62,26242.0,374.8857142857143,1.3270883417233525,58140.6397666442,830.580568094917,1839981.7240000002,26285.4532,34,9590.0,6.037900324364097e-07,34,9590.0
49410.0,62,26552.0,396.2985074626866,0.7155358070887777,58414.32964760313,871.8556663821361,1839981.7240000002,27462.413791044775,34,9720.0,0.04960079359669511,34,9720.0
49415.0,59,26660.0,403.93939393939394,0.42117747018747226,58686.29479893518,889.1862848323509,1839981.7240000002,27878.51096969697,30,9707.0,0.013134319532207258,30,9707.0
49420.0,54,26824.0,406.42424242424244,1.042445885711166,58997.81070194915,893.9062227568049,1839981.7240000002,27878.51096969697,26,9636.0,0.04978513391890303,26,9636.0
49425.0,49,26945.0,402.1641791044776,1.1326306479699306,59266.149006295185,884.5693881536591,1839982.564,27462.42632835821,22,9712.0,0.039501429272775244,22,9712.0
49430.0,53,27179.0,424.671875,0.7480635844307455,59295.171989514565,926.4870623361649,1791364.7210000001,27990.073765625002,27,9824.0,0.028662819093727126,27,9824.0
49435.0,43,26140.0,396.06060606060606,1.8370135363710158,59587.20635066015,902.8364598584868,1840123.0280000002,27880.651939393938,17,8938.0,0.10886366482526452,17,8938.0
49440.0,49,26369.0,393.56716417910445,2.704000519411335,59739.97831184214,891.6414673409273,1864561.8240000003,27829.28095522388,22,8701.0,0.05079742926013665,22,8701.0
49445.0,52,26619.0,369.7083333333333,2.4811511209082004,59631.462519880704,828.214757220565,1888939.5740000003,26235.271861111112,26,8781.0,0.024435461555298896,26,8781.0
49450.0,57,26890.0,407.42424242424244,1.5700898068661275,59013.17570262108,894.1390257972893,1888932.9100000004,28620.19560606061,27,8874.0,0.08750954188388768,27,8874.0
49455.0,52,27037.0,429.1587301587302,1.2198079427530681,59195.28126956763,939.6076391994861,1888931.6920000005,29983.04273015873,24,8841.0,0.027977605361107962,24,8841.0
49460.0,53,27299.0,433.3174603174603,1.5656871874044522,59474.10436606967,944.0334026360264,1888931.6920000005,29983.04273015873,25,8923.0,0.06734848415503754,25,8923.0
49465.0,55,27566.0,430.71875,1.4027465668043377,59707.46688205379,932.9291700320903,1888934.3820000004,29514.599718750003,27,9010.0,0.013964136892290365,27,9010.0
49470.0,55,27840.0,456.39344262295083,1.1655774989138605,59910.13844280729,982.1334170952013,1888933.6900000002,30966.126065573768,27,9104.0,0.057496503448517554,27,9104.0
49475.0,51,27821.0,463.68333333333334,0.9593205830770017,60119.35533956363,1001.9892556593936,1888931.218,31482.186966666668,21,8850.0,0.04583211198536285,21,8850.0
49480.0,46,27890.0,464.8333333333333,2.2168356839325036,60382.62473604906,1006.3770789341506,1888931.218,31482.186966666668,18,8703.0,0.10978898314900543,18,8703.0
49485.0,43,27913.0,473.10169491525426,1.850981414043363,60398.99129773745,1023.7117169108041,1840285.073,31191.272423728817,16,8744.0,0.13282683693862632,16,8744.0
49490.0,47,28097.0,492.9298245614035,0.8046125572674256,60321.520267942484,1058.2722854024994,1791690.746,31433.17098245614,21,8835.0,0.07451750056147859,21,8835.0
49495.0,47,28294.0,496.3859649122807,0.8666995256688163,60448.80390221657,1060.5053316178344,1791779.77,31434.732807017543,21,8902.0,0.03470491006295511,21,8902.0
49500.0,51,28541.0,483.7457627118644,1.3254277925813296,60712.84711121883,1029.0313069698104,1840612.5410000002,31196.822728813564,25,8979.0,0.08040487608367786,25,8979.0
49505.0,54,28799.0,443.0615384615385,1.2217146574505393,60961.83976441316,937.8744579140485,1889443.8870000006,29068.367492307694,27,9067.0,0.012835884802225517,27,9067.0
49510.0,57,29076.0,468.96774193548384,1.05718646992945,61217.50140182089,987.3790548680786,1889443.6230000001,30474.897145161292,29,9171.0,0.10635107938897648,29,9171.0
49515.0,53,29201.0,470.98387096774195,0.763500929975592,61509.994571407915,992.0966866356111,1889443.6230000001,30474.897145161292,25,8994.0,0.030761271095360546,25,8994.0
49520.0,50,29348.0,473.35483870967744,1.5364012066480566,61791.33490024757,996.6344338749609,1889443.6230000001,30474.897145161292,22,8830.0,0.06220169419129005,22,8830.0
49525.0,46,29514.0,461.15625,1.8629357908049218,62047.201504207915,969.4875235032486,1865029.1300000001,29141.08015625,19,8778.0,0.08519842365286515,19,8778.0
49530.0,48,29730.0,464.53125,1.7297991869479956,61977.774640377946,968.4027287559056,1816405.401,28381.334390625,22,8874.0,0.12177873858452573,22,8874.0
49535.0,48,29900.0,467.1875,1.5406209853290118,61777.145399127854,965.2678968613724,1792310.7270000002,28004.855109375,21,8874.0,0.06760746932999855,21,8874.0
49540.0,54,30159.0,463.9846153846154,1.5035843334047787,62061.31507734698,954.789462728415,1816741.4590000003,27949.8686,27,8962.0,0.07354585956407357,27,8962.0
49545.0,58,30436.0,454.2686567164179,1.3295366854595387,62336.11688479004,930.3898042505976,1865606.2000000002,27844.86865671642,32,9071.0,0.0482314598213098,32,9071.0
49550.0,60,30729.0,472.75384615384615,0.526482883539106,62555.29581754118,962.3891664237101,1914456.4440000001,29453.17606153846,33,9194.0,0.04440325517767885,33,9194.0
49555.0,56,30886.0,467.969696969697,0.8010813277768871,62857.83592988565,952.3914534831159,1914456.688,29006.919515151516,28,9026.0,0.02639480360636293,28,9026.0
49560.0,52,31067.0,470.7121212121212,2.0298110525858126,63148.09649216849,956.7893407904318,1914456.688,29006.919515151516,24,8947.0,0.055461614753313335,24,8947.0
49565.0,51,31236.0,446.22857142857146,1.9448289987457896,63440.104795791834,906.287211368455,1914459.688,27349.424114285714,24,9021.0,0.05819957383981625,24,9021.0
49570.0,54,31482.0,477.0,1.3519423680027995,63367.90544934596,960.1197795355449,1816926.4640000002,27529.188848484846,27,9123.0,0.10534312533582911,27,9123.0
49575.0,54,31715.0,487.9230769230769,0.9743940526061269,63395.56523122146,975.316388172638,1792657.7640000002,27579.350215384617,28,9200.0,0.033059721152059816,28,9200.0
49580.0,57,31994.0,463.6811594202899,1.291482192091167,63702.55390944105,923.2254189774067,1841550.9760000003,26689.144579710144,31,9309.0,0.04278219831312066,31,9309.0
49585.0,58,32284.0,467.8840579710145,1.597786872460393,63995.45094028915,927.470303482451,1865990.7990000003,27043.34491304348,32,9429.0,0.028932886359214267,32,9429.0
49590.0,62,32587.0,493.74242424242425,0.39978798735882043,64257.485690962145,973.598268044881,1890429.4190000005,28642.869984848487,34,9558.0,0.029692637704437273,34,9558.0
49595.0,58,32742.0,496.09090909090907,0.7152626474288675,64564.96688965433,978.2570740856715,1890429.4190000005,28642.869984848487,30,9448.0,0.01692772447156168,30,9448.0
49600.0,53,32899.0,498.469696969697,1.7920992184824702,64862.66395917498,982.7676357450755,1890429.4190000005,28642.869984848487,25,9408.0,0.0905436764518497,25,9408.0
49605.0,50,33077.0,472.5285714285714,1.8411589429732487,64998.66581157971,928.5523687368529,1841615.9650000003,26308.7995,23,9420.0,0.0892385571742755,23,9420.0
49610.0,53,33318.0,482.8695652173913,1.6324821662330102,65191.11831211175,944.7988161175615,1817214.5270000002,26336.442420289855,27,9524.0,0.08186288269234146,27,9524.0
49615.0,50,33217.0,495.7761194029851,0.8597915965120674,65169.207670775904,972.6747413548641,1768472.6690000002,26395.114462686568,24,9300.0,0.0693131229664097,24,9300.0
49620.0,54,33470.0,478.14285714285717,1.1636107638075885,65482.33788430418,935.4619697757739,1817397.6670000001,25962.82381428571,28,9327.0,0.08078757403389276,28,9327.0
49625.0,58,33748.0,444.05263157894734,1.6561982446192602,65812.09989646189,865.9486828481824,1866320.9650000003,24556.854802631577,31,9435.0,0.05729340999698439,31,9435.0
49630.0,64,34044.0,436.46153846153845,1.4013467892450393,65855.88658725133,844.3062382980937,1890776.545,24240.724935897433,36,9561.0,0.09363985243523426,36,9561.0
49635.0,61,34250.0,444.8051948051948,1.4540136015430447,66099.73400061655,858.4381039041108,1890797.8580000002,24555.816337662334,35,9598.0,0.05066967812654111,35,9598.0
49640.0,67,34573.0,454.9078947368421,0.9261288116776438,66366.65354161922,873.2454413370948,1890797.0710000002,24878.90882894737,38,9744.0,0.037814836180905906,38,9744.0
49645.0,69,34910.0,459.3421052631579,0.9863295586899432,66676.92047118313,877.3279009366199,1890796.6630000004,24878.903460526315,41,9907.0,0.00022965167928822863,41,9907.0
49650.0,69,35255.0,482.94520547945206,0.74575393207005,66986.87013327226,917.6283579900307,1890795.9690000003,25901.314643835616,41,10094.0,0.021231459546107116,41,10094.0
49655.0,65,35376.0,484.6027397260274,0.6785782719361063,67240.40784752449,921.1014773633492,1890796.5010000004,25901.32193150685,35,10068.0,0.016858669749769996,35,10068.0
49660.0,58,35528.0,486.6849315068493,1.8335031521286995,67566.9089219166,925.5740948207753,1890796.5010000004,25901.32193150685,30,10063.0,0.07566934431879552,30,10063.0
49665.0,56,35699.0,495.81944444444446,1.6484313030509612,67849.0786987866,942.3483152609252,1866335.6610000003,25921.328625,29,10104.0,0.0761639022454224,29,10104.0
49670.0,60,35964.0,513.7714285714286,0.8284549471643929,67923.63543343484,970.3376490490695,1817497.719,25964.253128571425,34,10283.0,0.0386855987760376,34,10283.0
49675.0,60,36200.0,517.1428571428571,1.0408430325697342,68037.12723318322,971.958960474046,1817613.3410000002,25965.904871428567,33,10349.0,0.04018706432416517,33,10349.0
49680.0,62,36504.0,521.4857142857143,1.0676097673558673,68257.4329333601,975.1061847622872,1817676.3950000003,25966.805642857144,36,10483.0,0.039854841385436636,36,10483.0
49685.0,65,36820.0,472.05128205128204,0.9708736456880152,68556.72733826864,878.932401772675,1866648.8900000004,23931.39602564103,39,10629.0,0.007459019707413292,39,10629.0
49690.0,68,37156.0,482.54545454545456,1.187093910338606,68867.0192409394,894.3768732589533,1891134.4840000004,24560.188103896104,41,10794.0,0.07448763299306216,41,10794.0
49695.0,56,35379.0,459.46753246753246,1.3094098347394434,69219.83095617197,898.9588435866493,1891134.4840000004,24560.188103896104,28,9457.0,0.04961829350322746,28,9457.0
49700.0,59,35670.0,457.3076923076923,2.772068017191219,69544.21776069068,891.5925353934703,1891134.7490000005,24245.31729487179,30,8973.0,0.05946522679847875,30,8973.0
49705.0,60,35960.0,473.1578947368421,2.5829284049475736,69405.47760374148,913.2299684702829,1891133.5070000004,24883.33561842105,32,9087.0,0.020931979777227244,32,9087.0
49710.0,61,36263.0,533.2794117647059,1.0757917998808992,68202.55309277771,1002.9787219526137,1891127.2670000002,27810.695102941176,33,9210.0,3.5879917483659334e-06,33,9210.0
49715.0,54,36261.0,566.578125,1.2036394261098025,68240.7072396715,1066.261050619867,1891122.0410000004,29548.781890625003,26,9032.0,0.01966051456816456,26,9032.0
49720.0,51,36351.0,567.984375,1.7344470422011806,68524.88055353271,1070.7012586489484,1891122.0410000004,29548.781890625003,23,8927.0,0.07681766661411273,23,8927.0
49725.0,49,36410.0,568.90625,1.878645395707587,68732.4242366921,1073.944128698314,1866664.8590000004,29166.638421875003,22,8924.0,0.07202028360457942,22,8924.0
49730.0,51,36621.0,600.344262295082,0.9976831017113873,68582.9199478956,1124.3101630802555,1793377.6290000002,29399.633262295087,24,9034.0,0.06586461644765819,24,9034.0
49735.0,46,36660.0,591.2903225806451,1.561170287558159,68640.55115855977,1107.1056638477387,1768997.5890000002,28532.219177419356,20,8962.0,0.08946297780895118,20,8962.0
49740.0,49,36902.0,576.59375,2.227822584242097,68906.6488081891,1076.666387627955,1818037.8550000002,28406.841484375,23,9010.0,0.07153242981716015,23,9010.0
49745.0,54,37155.0,562.9545454545455,1.5658922502981245,69109.11901023853,1047.1078637914927,1842553.34,27917.47484848485,28,9093.0,0.005114021126380521,28,9093.0
49750.0,56,37432.0,584.875,1.3711528108550084,69263.33453452564,1082.2396021019636,1891593.486,29556.14821875,30,9200.0,0.12420720295859981,30,9200.0
49755.0,51,37554.0,586.78125,1.0003753316756,69487.0949170642,1085.7358580791283,1940629.381,30322.334078125,24,9047.0,0.06168915245318137,24,9047.0
49760.0,50,37707.0,571.3181818181819,2.0377514350469332,69773.6339422004,1057.1762718515208,1940630.201,29403.487893939397,22,8942.0,0.05501175193060435,22,8942.0
49765.0,48,37906.0,574.3333333333334,2.003815249073753,69850.28792075255,1058.3376957689784,1867156.9530000002,28290.256863636365,21,9006.0,0.06385233754185975,21,9006.0
49770.0,51,38144.0,605.4603174603175,1.2952787431197472,69873.96094571966,1109.1104912018993,1793731.151,28471.923031746035,24,9087.0,0.10999188702503138,24,9087.0
49775.0,53,38316.0,589.4769230769231,1.0730842730684547,70044.47626785461,1077.607327197763,1793799.6090000004,27596.91706153846,26,9093.0,0.03329874487841805,26,9093.0
49780.0,55,38584.0,567.4117647058823,1.618754645845423,70341.00080374669,1034.4264824080394,1842860.3830000006,27100.88798529412,29,9193.0,0.08741721684423556,29,9193.0
49785.0,59,38869.0,563.3188405797101,1.0030289985517726,70574.13248954205,1022.8135143411894,1891915.4480000006,27419.064463768118,32,9308.0,0.04746906833419651,32,9308.0
49790.0,62,39171.0,576.0441176470588,1.0324075972793356,70882.47723694175,1042.3893711314959,1891915.4480000006,27822.286,34,9434.0,0.02512854910238517,34,9434.0
49795.0,56,39321.0,595.7727272727273,1.0769249605227935,71135.83736458226,1077.8157176451857,1891915.4480000006,28665.385575757577,28,9359.0,0.05155838524083405,28,9359.0
49800.0,54,39501.0,607.7076923076924,1.5820049789169996,71425.35866396358,1098.8516717532855,1891915.4480000006,29106.391507692308,26,9281.0,0.06084793243532249,26,9281.0
49805.0,50,39649.0,583.0735294117648,1.9401264350518512,71699.81703882932,1054.4090741004316,1867386.9680000006,27461.573058823535,23,9278.0,0.06992908672822074,23,9278.0
49810.0,54,39886.0,586.5588235294117,1.5827660440149276,71747.96534809956,1055.1171374720525,1818433.1410000003,26741.663838235294,26,9380.0,0.12689957856511674,26,9380.0
49815.0,54,40136.0,608.1212121212121,1.303097219490842,71714.1148315119,1086.57749744715,1769530.2800000003,26811.064848484846,28,9477.0,0.07741880648700977,28,9477.0
49820.0,56,40412.0,594.2941176470588,1.0773481242231417,72015.57880526742,1059.0526294892268,1818615.6180000002,26744.347323529415,30,9583.0,0.05998820731349359,30,9583.0
49825.0,63,40709.0,589.9855072463768,0.7783422611947571,72311.33475188413,1047.990358722958,1867710.838,27068.273014492755,36,9710.0,0.000500357275171139,36,9710.0
49830.0,63,41024.0,603.2941176470588,0.7514979596730698,72622.3153142365,1067.9752252093601,1892255.288,27827.283647058823,37,9855.0,0.04132352910133485,37,9855.0
49835.0,60,41187.0,588.3857142857142,0.8978774306114845,72929.2090198737,1041.8458431410531,1916793.6190000002,27382.765985714286,31,9823.0,0.030827566146579683,31,9823.0
49840.0,54,41362.0,590.8857142857142,2.0563678917380606,73239.6977488642,1046.2813964123459,1916793.6190000002,27382.765985714286,26,9807.0,0.0724542703429072,26,9807.0
49845.0,51,41557.0,569.2739726027397,2.6638172204207793,73536.88691586611,1007.3546152858376,1916796.6190000002,26257.48793150685,24,9739.0,0.09885683019880978,24,9739.0
49850.0,54,41805.0,614.7794117647059,1.8592082271844046,73499.33677787734,1080.8725996746666,1794166.0120000003,26384.794294117648,27,9835.0,0.11893955454358436,27,9835.0
49855.0,57,42081.0,618.8382352941177,0.7496782077333636,73639.83656404166,1082.9387730006126,1769683.391,26024.75575,31,9950.0,0.042358101146093424,31,9950.0
49860.0,51,41592.0,611.6470588235294,1.6858052256979406,73805.23969829635,1085.37117203377,1769751.097,26025.751426470593,25,9372.0,0.10798840137360091,25,9372.0
49865.0,55,41856.0,558.08,2.7205432551330957,74102.57802012561,988.0343736016748,1818865.801,24251.544013333336,28,9357.0,0.057502141054278505,28,9357.0
49870.0,56,42131.0,577.1369863013699,2.383391415970154,73975.31835658316,1013.360525432646,1843416.9490000003,25252.28697260274,30,9462.0,0.09979627726958357,30,9462.0
49875.0,61,42426.0,623.9117647058823,0.5613840627427514,73849.30201393772,1086.0191472637903,1892516.24,27831.121176470588,35,9587.0,0.038862208039455545,35,9587.0
49880.0,59,42581.0,626.1911764705883,0.740241091314364,74154.81108112937,1090.5119276636674,1917068.2060000002,28192.1795,32,9564.0,0.030450643165771826,32,9564.0
49885.0,55,42761.0,619.7246376811594,1.8194859433407033,74464.87853324771,1079.2011381630107,1917068.2060000002,27783.5971884058,27,9539.0,0.03833732466125644,27,9539.0
49890.0,52,42975.0,596.875,2.2449887306550615,74765.83095270184,1038.4143187875259,1917070.1439999999,26625.97422222222,25,9624.0,0.08602413121447598,25,9624.0
49895.0,55,43230.0,635.7352941176471,1.2279892529392005,74776.08761813445,1099.6483473255066,1794359.98,26387.64676470588,28,9727.0,0.03953788749799846,28,9727.0
49900.0,49,43175.0,644.4029850746268,1.3993784994429157,74954.10566484243,1118.7179949976485,1769835.941,26415.46180597015,23,9562.0,0.08713978877268012,23,9562.0
49905.0,53,43435.0,629.4927536231884,1.8645439634150929,75250.57131367204,1090.5879900532184,1818967.073,26361.841637681162,27,9603.0,0.06723779615048313,27,9603.0
49910.0,58,43711.0,633.4927536231884,1.4293049954717836,75445.0657086131,1093.40674940019,1868085.1300000001,27073.697536231884,31,9709.0,0.00881315813262001,31,9709.0
49915.0,60,44003.0,656.7611940298508,0.7250599217198086,75559.8726560981,1127.7592933745989,1892643.858,28248.415791044776,34,9831.0,3.248334603999633e-05,34,9831.0
49920.0,51,42960.0,660.9230769230769,1.264293783456795,75771.35541538334,1165.7131602366667,1892643.858,29117.597815384615,22,9271.0,0.03959374447388897,22,9271.0
49925.0,46,42878.0,612.5428571428571,1.2694479641147458,76057.82452038159,1086.5403502911654,1892649.858,27037.855114285714,17,9046.0,0.05468985289686542,17,9046.0
49930.0,48,43043.0,623.8115942028985,1.8297353649499275,76330.36614483039,1106.2371905047885,1868097.624,27073.878608695653,21,9099.0,0.11889627981209895,21,9099.0
49935.0,57,43288.0,618.4,0.9239568632352759,76629.53148692427,1094.7075926703467,1843535.8930000002,26336.227042857146,31,9198.0,0.025956418699207003,31,9198.0
49940.0,58,43530.0,604.5833333333334,1.4406370959972936,76356.38174771205,1060.5053020515566,1892704.5920000002,26287.56377777778,31,9287.0,0.06320289550942489,31,9287.0
49945.0,58,43819.0,617.169014084507,1.6680937868206087,76266.99534009621,1074.1830329591019,1892736.176,26658.256,32,9402.0,0.045604255078771944,32,9402.0
49950.0,63,44124.0,639.4782608695652,0.9842109306538271,76555.63919707501,1109.5020173489131,1892736.0500000003,27430.957246376813,35,9530.0,0.016643360246416515,35,9530.0
49955.0,65,44445.0,663.3582089552239,0.35605780392326947,76814.75771782592,1146.4889211615807,1892733.0500000003,28249.74701492537,37,9671.0,3.2519758307924727e-06,37,9671.0
49960.0,53,44424.0,673.0909090909091,1.0176488821439962,77112.8258816349,1168.3761497217406,1892733.0500000003,28677.773484848483,25,9176.0,0.06219552507477765,25,9176.0
49965.0,49,44483.0,644.6811594202899,1.2478690070941498,77421.73726283366,1122.0541632294735,1892734.446,27430.934,20,9084.0,0.05730755730715654,20,9084.0
49970.0,50,44616.0,656.1176470588235,1.6209354436725842,77688.19009878229,1142.473383805622,1868171.3079999997,27473.107470588235,22,9145.0,0.05784354491335587,22,9145.0
49975.0,54,44843.0,679.439393939394,0.7676128828945816,77591.96390531093,1175.6358167471358,1843646.9650000003,27934.044924242422,28,9258.0,0.03764491740895501,28,9258.0
49980.0,56,45071.0,693.4,0.5820916699607038,77535.71264823855,1192.8571176652085,1868255.538,28742.392892307693,29,9343.0,0.00513303757588864,29,9343.0
49985.0,59,45356.0,667.0,1.1996350450460211,77849.41436925804,1144.844328959677,1868255.538,27474.346147058826,32,9453.0,4.9923638045281644e-05,32,9453.0
49990.0,62,45656.0,681.4328358208955,1.0290723602559133,77977.58470325336,1163.8445478097517,1843715.601,27518.143298507464,32,9573.0,0.07903166255179102,32,9573.0
49995.0,61,45957.0,707.0307692307692,0.3118139547804817,78253.97386040917,1203.907290160141,1843715.601,28364.8554,33,9694.0,0.0008557467158686,33,9694.0
50000.0,58,46106.0,709.3230769230769,0.5431390495864257,78567.4157402266,1208.7294729265632,1843715.601,28364.8554,30,9604.0,0.039783734767573214,30,9604.0
50005.0,56,46280.0,670.7246376811594,1.4040820406341221,78882.02957460213,1143.21781992177,1843718.601,26720.559434782608,28,9511.0,0.05928385262200006,28,9511.0
50010.0,55,46449.0,663.5571428571428,1.5760590125547609,79185.07283442654,1131.2153262060936,1843718.8220000004,26338.84031428572,27,9602.0,0.09934492411515403,27,9602.0
50015.0,59,46670.0,657.3239436619718,0.7031921157430202,79094.42080926463,1114.005926891051,1794688.2340000004,25277.299070422538,31,9730.0,0.04312591952404368,31,9730.0
50020.0,57,46872.0,660.169014084507,1.4330693262287943,79287.67559796611,1116.7278253234663,1794776.2880000004,25278.539267605633,31,9789.0,0.07382950878989206,31,9789.0
50025.0,61,47169.0,646.1506849315068,1.435032665707713,79606.01427024047,1090.4933461676774,1844056.5850000004,25261.04910958904,34,9915.0,0.06402493821196889,34,9915.0
50030.0,66,47483.0,650.4520547945206,0.7233977182846975,79888.77119462985,1094.3667286935595,1893331.7150000003,25936.05089041096,39,10060.0,0.00038743868317702535,39,10060.0
50035.0,66,47812.0,664.0555555555555,0.7116976481320983,80168.3269633912,1113.4489856026553,1917969.8290000004,26638.469847222223,40,10219.0,0.020248365104949137,40,10219.0
50040.0,56,47666.0,680.9428571428572,1.030432173252924,80491.66743700393,1149.8809633857709,1917969.5590000004,27399.565128571434,28,9789.0,0.0410591550729317,28,9789.0
50045.0,52,47799.0,637.32,1.7439157218840853,80797.9636651591,1077.3061822021211,1917975.6710000006,25573.00894666667,22,9700.0,0.055016575397704055,22,9700.0
50050.0,51,47984.0,657.3150684931506,2.0250747915652734,80904.42618799338,1108.2798107944295,1868812.9250000005,25600.17705479452,23,9773.0,0.08420542368338063,23,9773.0
50055.0,60,48243.0,679.4788732394367,0.7325650691885164,81052.49860147612,1141.584487344734,1844188.985,25974.492746478874,32,9883.0,0.0269869080883198,32,9883.0
50060.0,52,47424.0,658.6666666666666,1.3404386292673136,81380.81387186625,1130.2890815536982,1868844.821,25956.178069444446,24,9235.0,0.034509321297936685,24,9235.0
50065.0,54,47683.0,681.1857142857143,2.339714474367907,81277.66129479159,1161.1094470684511,1893499.581,27049.994014285716,27,9040.0,0.033984874208975474,27,9040.0
50070.0,54,47952.0,666.0,2.8548841488433903,81566.15829821819,1132.8633096974747,1893501.265,26298.628680555557,27,9104.0,0.027615760697713765,27,9104.0
50075.0,56,48228.0,753.5625,1.6333814890609117,80691.76092306687,1260.80876442292,1868939.9950000003,29202.187421875,28,9200.0,0.0001628914280333836,28,9200.0
50080.0,51,48340.0,819.3220338983051,0.8235742296045911,80731.7045572589,1368.3339755467616,1868937.487,31676.906559322033,23,9019.0,0.056712777796621885,23,9019.0
50085.0,48,48458.0,781.5806451612904,1.7759976514827127,81006.02974508627,1306.5488668562302,1868940.487,30144.201403225805,20,8720.0,0.04339343551679207,20,8720.0
50090.0,44,48589.0,783.6935483870968,2.0294519465282392,81250.99452525523,1310.4999116976653,1844285.187,29746.53527419355,17,8768.0,0.12403379429905718,17,8768.0
50095.0,48,48800.0,762.5,1.4838000382165846,81179.3344014462,1268.4271000225974,1819844.2679999997,28435.066687500002,22,8874.0,0.09630194357924049,22,8874.0
50100.0,46,48825.0,775.0,1.7675596136051197,80949.82815542544,1284.9179072289753,1795521.285,28500.33785714286,19,8769.0,0.10927625487665772,19,8769.0
50105.0,50,49065.0,732.3134328358209,1.662542941865529,81236.67989196735,1212.4877595816024,1820200.7449999999,27167.17529850746,24,8799.0,0.01731241307818159,24,8799.0
50110.0,55,49334.0,725.5,1.6792799270999321,81483.63837783964,1198.2887996741129,1869564.701,27493.59854411765,29,8898.0,0.08231881001313869,29,8898.0
50115.0,58,49618.0,763.3538461538461,0.9022151160899342,81649.56819992274,1256.147203075735,1894245.7330000002,29142.242046153846,32,9012.0,0.044006455335060826,32,9012.0
50120.0,53,49766.0,765.6307692307693,0.9504976216155777,81846.85805427711,1259.1824316042637,1918923.206,29521.895476923077,27,8840.0,0.06944919935595942,27,8840.0
50125.0,51,49944.0,756.7272727272727,2.050723675881732,82136.86282923694,1244.497921655105,1918923.206,29074.594030303026,23,8757.0,0.042999300486140125,23,8757.0
50130.0,47,50098.0,770.7384615384616,1.823234843239098,82367.64429553854,1267.1945276236693,1894263.739,29142.519061538464,20,8819.0,0.09432921314557463,20,8819.0
50135.0,51,50335.0,811.8548387096774,0.8706954569635247,82166.97790990597,1325.2738372565486,1795813.243,28964.729725806454,25,8905.0,0.03994956670027747,25,8905.0
50140.0,50,50511.0,814.6935483870968,1.1336601245643707,82346.47217909276,1328.1689061143993,1795877.74,28965.769999999997,24,8921.0,0.055514365842516705,24,8921.0
50145.0,54,50770.0,757.7611940298508,1.3350881234304819,82633.69513796084,1233.3387334024007,1845267.645,27541.30813432836,27,9010.0,0.031929583549762657,27,9010.0
50150.0,56,51043.0,761.8358208955224,1.8122071091348677,82913.3972494379,1237.5133917826554,1869962.0610000002,27909.881507462687,30,9113.0,0.059846969069551365,30,9113.0
50155.0,61,51333.0,802.078125,0.48294074791050823,83110.80828781961,1298.6063794971817,1894653.2290000003,29603.956703124997,33,9229.0,0.037094595852072164,33,9229.0
50160.0,56,51486.0,817.2380952380952,0.6419838883205419,83412.82617076144,1324.0131138216102,1894653.2290000003,30073.860777777783,28,9146.0,0.013835483262930841,28,9146.0
50165.0,51,51643.0,748.4492753623189,1.9373771499336674,83713.47902709416,1213.2388264796257,1894659.2290000003,27458.829405797103,23,9065.0,0.049990325486945125,23,9065.0
50170.0,52,51834.0,740.4857142857143,2.265184285536171,83858.27434056766,1197.9753477223956,1845323.642,26361.766314285716,22,9135.0,0.12210928405977178,22,9135.0
50175.0,51,52046.0,765.3823529411765,0.9555461903657836,83889.64522051897,1233.671253242926,1796069.012,26412.77958823529,24,9229.0,0.06195017859880972,24,9229.0
50180.0,55,52298.0,757.9420289855072,1.3121731783634198,84199.78131050327,1220.2866856594676,1820780.027,26388.11633333333,29,9329.0,0.062067195413764056,29,9329.0
50185.0,60,52585.0,751.2142857142857,1.2609230918899548,84388.10334210745,1205.5443334586782,1845567.089,26365.244128571423,33,9446.0,0.038402809827016174,33,9446.0
50190.0,62,52891.0,755.5857142857143,1.031216816351402,84682.8453164311,1209.7549330918732,1870276.0010000002,26718.22858571428,36,9582.0,0.015047775201754108,36,9582.0
50195.0,67,53208.0,771.1304347826087,0.29145355599923,84967.56697744751,1231.4140141659063,1894983.798,27463.53330434782,37,9726.0,0.02425634521996813,37,9726.0
50200.0,59,53379.0,773.6086956521739,1.0666987241016028,85293.92258485449,1236.1438055776011,1894983.798,27463.53330434782,31,9682.0,0.04204431422971115,31,9682.0
50205.0,56,53571.0,765.3,1.7292118141562445,85604.4012967848,1222.9200185254977,1894983.798,27071.197114285715,28,9650.0,0.07125836747201947,28,9650.0
50210.0,54,53759.0,779.1159420289855,1.3209327830588555,85897.50618845751,1244.8913940356167,1870270.0019999999,27105.362347826085,26,9741.0,0.06161112131012931,26,9741.0
50215.0,58,54004.0,806.0298507462686,0.6521238870062549,85974.61957299251,1283.2032772088435,1820948.805,27178.340373134328,31,9866.0,0.03233102446165563,31,9866.0
50220.0,50,53509.0,798.6417910447761,1.6413934546894142,86185.24167003768,1286.3468905975774,1820995.581,27179.038522388055,24,9302.0,0.07411905568157752,24,9302.0
50225.0,54,53771.0,736.5890410958904,2.29189617124946,86381.13126436765,1183.3031680050362,1845772.8580000005,25284.55969863014,28,9310.0,0.03384133631343265,28,9310.0
50230.0,57,54051.0,750.7083333333334,2.272208909600208,86417.97633041996,1200.2496712558332,1870501.5160000003,25979.18772222222,31,9420.0,0.07548804020669063,31,9420.0
50235.0,61,54348.0,849.1875,0.14975679455309648,86137.46518558785,1345.89789352481,1870493.1440000003,29226.455375,33,9539.0,0.018955332003372582,33,9539.0
50240.0,58,54509.0,851.703125,0.5068813341919854,86451.35751284636,1350.8024611382239,1870493.1440000003,29226.455375,30,9461.0,0.012542457058405603,30,9461.0
50245.0,54,54671.0,803.9852941176471,1.481025993536206,86755.58893499167,1275.8174843381132,1870496.5820000004,27507.302676470586,26,9412.0,0.04484388623141475,26,9412.0
50250.0,51,54847.0,783.5285714285715,1.8666655888452761,86926.65600527909,1241.8093715039872,1845822.2480000001,26368.88925714286,24,9492.0,0.11223232148255521,24,9492.0
50255.0,56,55088.0,798.3768115942029,1.0254960432976081,86957.3745863304,1260.2518055989917,1796507.044,26036.333971014494,29,9600.0,0.046708653972482875,29,9600.0
50260.0,52,55118.0,798.8115942028985,1.5141872126794682,87163.74147129277,1263.242630018736,1796564.098,26037.16084057971,26,9507.0,0.10936056715797443,26,9507.0
50265.0,56,55388.0,780.112676056338,1.6240609963217356,87467.53894031302,1231.9371681734233,1846061.168,26000.86152112676,30,9578.0,0.06446554787572505,30,9578.0
50270.0,62,55681.0,773.3472222222222,1.3946691664093975,87728.8706143753,1218.4565363107681,1895558.9910000002,26327.208208333337,35,9701.0,0.00019308790499775733,35,9701.0
50275.0,61,55986.0,777.5833333333334,1.3928918741917329,87963.04035337993,1221.7088937969436,1920303.9150000003,26670.887708333335,35,9836.0,0.04710211870882604,35,9836.0
50280.0,51,55184.0,799.768115942029,1.8612211182503835,88107.77218133243,1276.9242345120645,1945051.8260000001,28189.156898550722,23,9216.0,0.06518081822801325,23,9216.0
50285.0,48,55180.0,777.1830985915493,1.9690839364191115,88378.82417127152,1244.7721714263596,1945054.8260000001,27395.1383943662,18,8921.0,0.07691625440644262,18,8921.0
50290.0,46,55319.0,790.2714285714286,2.2626794301955018,88405.10885201777,1262.9301264573971,1945054.8260000001,27786.49751428571,18,8968.0,0.1272593807705533,18,8968.0
50295.0,54,55540.0,841.5151515151515,0.8725687634658749,88505.1547559677,1340.987193272238,1846136.919,27971.7715,27,9048.0,0.023138418505279906,27,9048.0
50300.0,56,55794.0,820.5,1.0538439357986087,88543.73086498775,1302.1136891909964,1870901.098,27513.25144117647,29,9144.0,0.0022017583962588468,29,9144.0
50305.0,57,56065.0,849.469696969697,1.496478357345122,88460.02285379688,1340.3033765726798,1870896.178,28346.911787878787,30,9243.0,0.00015830227471262567,30,9243.0
50310.0,58,56354.0,880.53125,0.957081965478237,88595.50873144207,1384.3048239287828,1846201.218,28846.894031249998,30,9353.0,0.02010951333122398,30,9353.0
50315.0,60,56651.0,899.2222222222222,0.539265106621384,88877.12020541732,1410.7479397685288,1846201.218,29304.78123809523,32,9470.0,0.0,32,9470.0
50320.0,55,56784.0,930.8852459016393,0.5284218792139326,89144.82481191268,1461.3905706870933,1846198.218,30265.54455737705,27,9356.0,0.04246599682072031,27,9356.0
50325.0,52,56939.0,849.8358208955224,1.4888720225359677,89439.58217157351,1334.9191368891566,1846202.7989999999,27555.265656716412,24,9255.0,0.061577651902608575,24,9255.0
50330.0,49,57059.0,851.6268656716418,2.0712484801775175,89726.63207143784,1339.203463752804,1846202.7989999999,27555.265656716412,22,9324.0,0.11889844577969275,22,9324.0
50335.0,53,57285.0,867.9545454545455,0.9303819076176205,89726.80624906791,1359.497064379817,1821593.5559999999,27599.90236363636,26,9429.0,0.06924659061623138,26,9429.0
50340.0,56,57516.0,884.8615384615384,0.9141403960826001,89767.2204888774,1381.0341613673443,1796965.72,27645.626461538457,30,9518.0,0.05382470424642837,30,9518.0
50345.0,58,57801.0,825.7285714285714,1.1924396203364782,90083.21788402143,1286.903112628878,1846551.42,26379.306,32,9633.0,0.027801550397097405,32,9633.0
50350.0,64,58103.0,795.931506849315,1.2861359919719813,90367.20314138572,1237.9068923477494,1896139.116,25974.508438356163,35,9765.0,0.09417575453264179,35,9765.0
50355.0,64,58415.0,822.7464788732394,0.45945984180969995,90661.60160888864,1276.9239663223757,1920930.524,27055.35949295775,38,9907.0,0.01897936680552922,38,9907.0
50360.0,61,58590.0,825.2112676056338,0.9164444022542491,90997.0292157648,1281.6482988135886,1920930.524,27055.35949295775,33,9807.0,0.057044225060597496,33,9807.0
50365.0,58,58769.0,816.2361111111111,1.6152671234185259,91321.34034163321,1268.3519491893503,1920930.524,26679.590611111114,30,9731.0,0.0424037119882632,30,9731.0
50370.0,54,58977.0,830.6619718309859,1.7621808259295093,91495.4564547045,1288.668400770486,1896198.324,26707.018647887326,27,9760.0,0.076150658102564,27,9760.0
50375.0,59,59237.0,846.2428571428571,0.8137583097312127,91469.8683519808,1306.7124050282969,1797194.5720000002,25674.208171428574,30,9877.0,0.047939466168623705,30,9877.0
50380.0,49,58678.0,838.2571428571429,1.8439746828044739,91650.96734772483,1309.2995335389267,1797277.348,25675.390685714287,22,9253.0,0.0757301872261201,22,9253.0
50385.0,53,58932.0,830.0281690140845,2.2803329202073184,91843.29118426851,1293.5674814685708,1822146.678,25664.037718309857,27,9245.0,0.07201407812659523,27,9245.0
50390.0,58,59204.0,833.8591549295775,1.9166908117183186,91860.68838013623,1293.812512396285,1871756.1690000005,26362.76294366197,31,9349.0,0.058396077856562915,31,9349.0
50395.0,60,59497.0,915.3384615384615,0.5325089073568644,91608.46327134196,1409.3609734052607,1896551.0670000005,29177.70872307693,34,9472.0,0.02320984338235001,34,9472.0
50400.0,56,59673.0,947.1904761904761,0.6255338887129532,91829.65400352277,1457.6135556114727,1896550.3650000005,30103.974047619053,28,9396.0,0.01654635295025305,28,9396.0
50405.0,51,59841.0,819.7397260273973,2.0224766192373607,92136.58720080067,1262.1450301479547,1896562.4010000003,25980.3068630137,23,9320.0,0.06591367636003441,23,9320.0
50410.0,48,60008.0,810.918918918919,2.688659796704863,92299.85477526016,1247.2953348008134,1871828.7190000005,25294.982689189193,22,9384.0,0.18814714137512384,22,9384.0
50415.0,57,60266.0,848.8169014084507,0.7547938368538448,92348.75455593027,1300.686683886342,1797534.2530000007,25317.383845070424,30,9485.0,0.0646043414836317,30,9485.0
50420.0,55,60248.0,848.5633802816901,1.2124883878055384,92556.35653994688,1303.61065549221,1797608.0270000007,25318.42291549296,29,9383.0,0.05455253674769289,29,9383.0
50425.0,57,60528.0,829.1506849315068,1.924572952682743,92868.54499270226,1272.1718492150999,1847252.7050000005,25304.831575342465,31,9424.0,0.08289784595300945,31,9424.0
50430.0,61,60821.0,789.8831168831168,1.7827011544087605,93193.11429697051,1210.300185674942,1896893.4570000004,24634.979961038964,34,9543.0,0.004207501914862751,34,9543.0
50435.0,64,61133.0,849.0694444444445,1.419454215458682,93259.57648896807,1295.271895680112,1896892.1950000003,26345.724930555552,36,9681.0,3.3074533484387555e-05,36,9681.0
50440.0,53,60597.0,891.1323529411765,1.108409054220375,93440.0397944214,1374.118232270903,1896888.6350000002,27895.42110294118,25,9164.0,0.059850152673325954,25,9164.0
50445.0,50,60642.0,891.7941176470588,1.4889521447720966,93728.58623967628,1378.361562348181,1896886.6350000002,27895.391691176475,21,8900.0,0.05823271617111666,21,8900.0
50450.0,49,60809.0,921.3484848484849,1.2346095714565533,93722.49186985692,1420.0377556038932,1872062.6230000004,28364.585196969696,22,8963.0,0.06275996019779759,22,8963.0
50455.0,56,61054.0,925.060606060606,0.7389581155957018,93750.16608734916,1420.4570619295334,1847240.1920000003,27988.487757575756,30,9071.0,0.004664519118115649,30,9071.0
50460.0,57,61299.0,928.7727272727273,1.0696910100424797,93671.33302864809,1419.2626216461838,1896919.6230000001,28741.206409090908,30,9163.0,0.01761036349981592,30,9163.0
50465.0,58,61586.0,892.5507246376811,1.177697857489904,93983.77425111199,1362.0836847987243,1896919.6230000001,27491.588739130435,31,9278.0,0.03286969224769586,31,9278.0
50470.0,60,61885.0,923.6567164179105,1.205873159540945,94124.92419579631,1404.849614862632,1872157.8330000003,27942.6542238806,32,9397.0,0.08143527516128395,32,9397.0
50475.0,63,62192.0,956.8,0.2207176329274455,94413.52612991407,1452.515786614063,1872157.7010000006,28802.42616923077,35,9524.0,0.000862426101472998,35,9524.0
50480.0,59,62322.0,930.179104477612,0.6156032556627087,94711.85433151409,1413.6097661420015,1872159.1920000005,27942.67450746269,31,9421.0,0.018748652496250056,31,9421.0
50485.0,53,62449.0,892.1285714285714,1.9666103463082716,95021.08698960855,1357.4440998515508,1872162.1920000005,26745.17417142857,25,9330.0,0.07079855182493956,25,9330.0
50490.0,50,62593.0,894.1857142857143,1.9951150604199759,95314.69652946907,1361.6385218495584,1872162.1920000005,26745.17417142857,23,9322.0,0.10783467683908647,23,9322.0
50495.0,55,62834.0,924.0294117647059,0.7826518488822655,95189.13206433735,1399.8401774167262,1797834.4590000005,26438.742044117647,29,9469.0,0.0437074409866158,29,9469.0
50500.0,56,63038.0,927.0294117647059,1.2602715901587995,95376.13608575007,1402.5902365551487,1797913.2350000006,26439.900514705885,30,9503.0,0.05233589589364401,30,9503.0
50505.0,59,63325.0,891.9014084507043,1.381763646308799,95556.97954397892,1345.8729513236472,1822868.3660000004,25674.20233802817,33,9620.0,0.036314612109527654,33,9620.0
50510.0,62,63625.0,896.1267605633802,1.3687809285713939,95813.7321059699,1349.4891845911252,1872603.4870000004,26374.697000000004,35,9750.0,0.02757139453847507,35,9750.0
50515.0,64,63938.0,926.6376811594203,0.4510878794264172,96080.47863733611,1392.4707048889293,1897470.6770000004,27499.57502898551,38,9893.0,0.03073828146466299,38,9893.0
50520.0,56,63773.0,937.8382352941177,0.8250951356340205,96403.76446536205,1417.7024186082654,1897470.6770000004,27903.98054411765,28,9541.0,0.03243858932056997,28,9541.0
50525.0,52,63900.0,887.5,1.6218624381525697,96723.74939239422,1343.3854082276982,1897473.6770000004,26353.801069444442,23,9441.0,0.051782357179321024,23,9441.0
50530.0,55,64097.0,890.2361111111111,1.6803881905442988,96879.02685363438,1345.542039633811,1847799.0090000003,25663.875125000002,25,9519.0,0.10845168515103148,25,9519.0
50535.0,56,64343.0,919.1857142857143,1.148864782895888,97073.40624939019,1386.76294641986,1822926.2260000003,26041.803228571433,30,9628.0,0.022944058800070506,30,9628.0
50540.0,57,64601.0,936.2463768115942,1.37300877773949,97074.5073199932,1406.8769176810615,1847813.8130000003,26779.910333333337,31,9729.0,0.04034127257859239,31,9729.0
50545.0,60,64895.0,927.0714285714286,1.421259053522952,97274.93569461312,1389.6419384944734,1897591.4530000002,27108.44932857143,34,9854.0,0.028582024433988305,34,9854.0
50550.0,61,65197.0,944.8840579710145,1.358879411788024,97411.46480854809,1411.760359544176,1897670.3370000003,27502.468652173913,34,9984.0,0.04552149407092012,34,9984.0
50555.0,65,65510.0,977.7611940298508,0.11292011366720194,97685.58071339958,1457.993741991039,1897666.8990000002,28323.386552238804,35,10117.0,0.00023477895333514333,35,10117.0
50560.0,56,65591.0,964.5735294117648,1.1340981288006826,98005.27540444884,1441.2540500654243,1897667.2930000005,27906.871955882354,27,9931.0,0.050752027795780544,27,9931.0
50565.0,51,65716.0,912.7222222222222,1.8085871946695815,98320.51111188147,1365.562654331687,1897673.6870000004,26356.57898611111,23,9897.0,0.10411167860151785,23,9897.0
50570.0,51,65873.0,941.0428571428571,1.5205898498118477,98469.90867846874,1406.7129811209825,1872774.0350000004,26753.91478571429,24,9970.0,0.0858983245306937,24,9970.0
50575.0,58,66124.0,944.6285714285714,0.6647577906020123,98777.48922548808,1411.1069889355445,1872790.8610000003,26754.155157142857,31,10092.0,0.014761688713993304,31,10092.0
50580.0,47,65099.0,971.6268656716418,1.4176459304196483,98680.6443510258,1472.845438075012,1823180.1570000004,27211.64413432836,21,9196.0,0.04660649876612864,21,9196.0
50585.0,51,65345.0,895.1369863013699,2.752127548119686,98975.62358028226,1355.8304600038673,1848100.9500000002,25316.451369863014,25,8993.0,0.000949729417670372,25,8993.0
50590.0,54,65610.0,911.25,3.0670883975583627,99166.69843959896,1377.3152561055415,1848100.9500000002,25668.068750000002,26,9083.0,0.11848107640268005,26,9083.0
50595.0,57,65884.0,1062.6451612903227,0.7594504015239154,98208.35572368327,1584.005737478763,1848092.0160000003,29807.935741935482,29,9177.0,0.017928849818720515,29,9177.0
50600.0,54,66022.0,1119.0169491525423,0.4201895588181325,98416.36508190498,1668.0739844390678,1848087.75,31323.521186440677,26,9001.0,0.02108050718098443,26,9001.0
50605.0,50,66180.0,1103.0,1.2445037810246158,98694.89697890263,1644.9149496483776,1848087.75,30801.462500000005,22,8831.0,0.06303361958115968,22,8831.0
50610.0,46,66301.0,1069.3709677419354,1.7567153419328159,98964.32804455237,1596.1988394282646,1848089.446,29807.894290322576,19,8788.0,0.09112363624894726,19,8788.0
50615.0,49,66516.0,1072.8387096774193,1.6402559003153865,98871.44988812675,1594.7008046472054,1823407.512,29409.79858064516,23,8901.0,0.05425528163789033,23,8901.0
50620.0,44,66504.0,1090.2295081967213,1.6575487142538405,98654.60462940035,1617.288600481973,1798814.3080000002,29488.759147540983,17,8749.0,0.1176900037955302,17,8749.0
50625.0,48,66735.0,1076.3709677419354,1.8484584665483257,98918.32550066755,1595.4568629139926,1823754.8040000002,29415.40006451613,22,8780.0,0.06646651516889861,22,8780.0
50630.0,51,66983.0,1080.3709677419354,1.6658290075062394,99104.15795834131,1598.4541606184082,1873635.4300000006,30219.926290322583,25,8858.0,0.03091538511742247,25,8858.0
50635.0,53,67243.0,1084.5645161290322,1.2837666349835157,99246.94099182305,1600.7571127713395,1923511.8700000008,31024.385000000006,26,8948.0,0.037063351430275504,26,8948.0
50640.0,48,67349.0,1141.5084745762713,1.4424936570335911,99397.91605355295,1684.7104415856436,1923512.0030000007,32601.898355932204,20,8756.0,0.06569871037029901,20,8756.0
50645.0,43,67470.0,1038.0,2.546509392069796,99661.00481623865,1533.246227942133,1923518.0030000007,29592.58466153846,15,8538.0,0.09159655968229594,15,8538.0
50650.0,43,67625.0,1073.4126984126983,2.8573213685998313,99694.07652276575,1582.4456590915202,1873758.8920000007,29742.20463492064,16,8573.0,0.2163797294311901,16,8573.0
50655.0,46,67830.0,1094.032258064516,1.278700717570525,99807.48743748188,1609.7981844755138,1848895.7600000005,29820.89935483871,19,8632.0,0.07064657978801565,19,8632.0
50660.0,48,68052.0,1097.6129032258063,1.3221436170706786,99687.307494977,1607.8597983060808,1774305.587,28617.832048387103,22,8696.0,0.06661075739475328,22,8696.0
50665.0,51,68304.0,1067.25,1.7710683051497726,99965.74395275627,1561.964749261817,1824215.2240000002,28503.362875,25,8778.0,0.07066015551210844,25,8778.0
50670.0,55,68570.0,1054.923076923077,1.1174795972208706,100232.68439078254,1542.0412983197314,1874112.634,28832.50206153846,28,8874.0,0.02885861830917109,28,8874.0
50675.0,60,68861.0,1093.031746031746,0.15708505074906862,100496.01960972932,1595.174914440148,1899063.34,30143.86253968254,34,8995.0,5.514199221924403e-05,34,8995.0
50680.0,55,69011.0,1095.4126984126983,0.8735547573513548,100799.01298553759,1599.9843331037716,1899063.34,30143.86253968254,27,8875.0,0.05085483237792812,27,8875.0
50685.0,51,69168.0,1048.0,1.8093359151812258,101088.96300143478,1531.6509545671934,1899064.752,28773.708363636364,23,8802.0,0.06385298399957746,23,8802.0
50690.0,48,69354.0,1066.9846153846154,2.212648702787615,101330.53240774876,1558.9312678115195,1874124.388,28832.682892307694,21,8824.0,0.0926608460303176,21,8824.0
50695.0,51,69584.0,1122.3225806451612,1.153043950885,101178.39972090206,1631.9096729177752,1799498.473,29024.168919354837,25,8925.0,0.08332442962856519,25,8925.0
50700.0,53,69798.0,1125.774193548387,1.0168713238702312,101298.29062952014,1633.843397250325,1799577.098,29025.43706451613,26,8969.0,0.0573025091171115,26,8969.0
50705.0,55,70067.0,1061.621212121212,1.4222498068422655,101592.6665834368,1539.2828270217701,1824541.926,27644.57463636363,29,9068.0,0.03527589395119162,29,9068.0
50710.0,61,70350.0,1034.5588235294117,1.0493356188189649,101849.13361231815,1497.781376651738,1874476.273,27565.82754411765,32,9181.0,0.0743434212157434,32,9181.0
50715.0,63,70648.0,1038.9411764705883,0.7030597292731549,102132.3680487381,1501.9465889520313,1899442.695,27932.98080882353,37,9309.0,0.04477576232159719,37,9309.0
50720.0,56,70795.0,997.112676056338,1.2071247854021894,102451.50543906345,1442.9789498459645,1949375.3690000006,27455.99111267606,30,9266.0,0.09252356918084602,30,9266.0
50725.0,55,70965.0,958.9864864864865,2.0145789375742793,102769.49216741536,1388.7769211812888,1949378.3690000006,26342.95093243243,27,9249.0,0.06408384514076147,27,9249.0
50730.0,55,71190.0,988.75,1.8984824142558274,102953.3891992488,1429.9081833229002,1899480.0580000007,26381.667472222223,28,9344.0,0.09374255598738022,28,9344.0
50735.0,61,71461.0,978.917808219178,0.8311638065717766,103240.84893350917,1414.2582045686188,1849551.0110000006,25336.315219178083,32,9460.0,0.03271665678343791,32,9460.0
50740.0,57,71664.0,1009.3521126760563,1.1781570641103718,103314.14133954707,1455.1287512612269,1799705.2220000005,25347.96087323944,31,9501.0,0.045855734219426424,31,9501.0
50745.0,60,71962.0,985.7808219178082,1.5935556389322183,103633.33821916419,1419.6347701255365,1849655.6060000004,25337.74802739726,34,9629.0,0.0750365679124012,34,9629.0
50750.0,65,72274.0,990.054794520548,0.9760014280875553,103902.75641836654,1423.3254303885824,1899600.6490000004,26021.926698630137,38,9771.0,0.02197819313450878,38,9771.0
50755.0,67,72607.0,1052.2753623188405,0.13813905539839394,104171.47919274446,1509.731582503543,1899599.6570000004,27530.429811594204,40,9930.0,0.01504115258649095,40,9930.0
50760.0,57,72177.0,1046.0434782608695,0.5663219156015655,104506.86111434625,1514.5921900629896,1899599.6570000004,27530.429811594204,29,9614.0,0.02823692331420334,29,9614.0
50765.0,55,72309.0,964.12,1.1168083830018336,104845.69752873211,1397.9426337164284,1899606.7850000004,25328.09046666667,26,9600.0,0.03061632572491383,26,9600.0
50770.0,56,72509.0,966.7866666666666,1.7213399776245604,105174.13481316992,1402.3217975089321,1899606.7850000004,25328.09046666667,28,9692.0,0.03603420293487294,28,9692.0
50775.0,59,72773.0,996.8904109589041,0.9099782705393465,105482.3523948504,1444.9637314363072,1849654.5110000004,25337.733027397262,33,9825.0,0.037227552387310986,33,9825.0
50780.0,56,71997.0,986.2602739726027,1.758564646442512,105614.43361403006,1446.773063205891,1874651.0170000005,25680.15091780822,29,9103.0,0.05296758530071675,29,9103.0
50785.0,57,72274.0,1003.8055555555555,2.5853392453951827,105596.30239118097,1466.6153109886245,1899643.9280000003,26383.94344444445,29,8999.0,0.03333288813287349,29,8999.0
50790.0,57,72559.0,1036.557142857143,1.9232787632904205,105299.67213454566,1504.2810304935094,1874687.2780000004,26781.246828571428,29,9104.0,0.0004983263288495014,29,9104.0
50795.0,58,72849.0,1120.753846153846,1.1556768399049868,104955.17851066052,1614.6950540101616,1874682.6370000006,28841.27133846154,30,9214.0,0.009293803177113168,30,9214.0
50800.0,53,72991.0,1177.274193548387,1.1517946986389713,105169.68274412985,1696.2852055504814,1874681.7950000004,30236.803145161288,25,9176.0,0.0800353123602682,25,9176.0
50805.0,54,73261.0,1110.0151515151515,1.3712192378573864,105459.60452584272,1597.8727958461016,1874684.7950000004,28404.31507575758,26,9266.0,0.02027936087418003,26,9266.0
50810.0,55,73536.0,1131.323076923077,1.6576093428824692,105689.56966395132,1625.9933794454048,1874684.5170000005,28841.30026153846,27,9361.0,0.07444697229820024,27,9361.0
50815.0,56,73814.0,1153.34375,0.7823241610875104,105923.89324238908,1655.0608319123294,1874680.3750000005,29291.880859375,28,9459.0,0.009563872375182967,28,9459.0
50820.0,53,73796.0,1209.7704918032787,0.9476299236173908,106144.52671841362,1740.0742084985836,1874677.3750000005,30732.41598360656,25,9274.0,0.020480123140097152,25,9274.0
50825.0,48,73795.0,1153.046875,1.7982631914246694,106428.13571599635,1662.939620562443,1874677.3750000005,29291.833984375,20,9119.0,0.07421651820697239,20,9119.0
50830.0,48,73841.0,1190.983870967742,1.6539609422969486,106490.55152944187,1717.5895407974497,1824748.0730000003,29431.420532258064,21,9183.0,0.14105317730674927,21,9183.0
50835.0,51,74040.0,1213.7704918032787,0.5846104481604028,106478.01721456162,1745.5412658124853,1799887.3360000004,29506.3497704918,25,9306.0,0.038679004180815366,25,9306.0
50840.0,52,74263.0,1178.7777777777778,0.9720167821216728,106620.80354688752,1692.3937070934526,1799981.9560000002,28571.14215873016,26,9405.0,0.014811955814932151,26,9405.0
50845.0,54,74528.0,1129.2121212121212,1.481514077974325,106913.40638818669,1619.9000967907075,1850078.4580000003,28031.491787878782,28,9500.0,0.0020226104784154047,28,9500.0
50850.0,56,74808.0,1150.8923076923077,1.304665022040787,107176.50344458906,1648.8692837629083,1875124.2040000004,28848.064676923077,30,9610.0,0.09086307763777511,30,9610.0
50855.0,60,75097.0,1173.390625,0.4217997772499653,107424.58501004484,1678.5091407819505,1900167.4740000004,29690.11678125,33,9727.0,0.046074130134438555,33,9727.0
50860.0,50,48993.0,765.515625,1.183903842954847,107723.787748364,1683.1841835681876,1900167.4740000004,29690.11678125,26,5843.0,0.06072875559493948,26,5843.0
50865.0,43,29488.0,446.7878787878788,2.4957671151108927,107996.96742610361,1636.3176882742969,1900168.8900000001,28790.437727272725,28,5969.0,0.07812196456591022,28,5969.0
50870.0,35,9953.0,153.12307692307692,3.4348477743273365,103864.46887361,1597.914905747846,1857933.648,28583.594584615385,29,7086.0,0.022097476462955616,29,7086.0
50875.0,38,1370.0,21.746031746031747,2.418829661990884,81449.9512986904,1292.856369820482,1694212.5540000002,26892.262761904763,33,8208.0,0.0395274095889059,33,8208.0
50880.0,35,1277.0,21.283333333333335,1.94967711419062,63744.890476363296,1062.414841272722,1572420.5610000002,26207.00935,29,8014.0,0.0464898192361181,29,8014.0
50885.0,39,1236.0,17.91304347826087,2.3479277804885608,61816.577768357594,895.8924314254724,1713832.1180000002,24838.14663768116,26,7858.0,0.055265383403535914,26,7858.0
50890.0,44,1270.0,17.397260273972602,2.821251042102579,62090.13691046038,850.5498206912384,1806642.4910000004,24748.527273972602,24,7825.0,0.16409978728786281,24,7825.0
50895.0,52,1467.0,20.661971830985916,1.1604964267721922,59790.0471193413,842.1133397090326,1780249.2250000003,25073.932746478873,27,7959.0,0.04446385056091785,27,7959.0
50900.0,52,1582.0,22.92753623188406,1.3742427242511988,59609.01756597656,863.8988053040082,1730436.5300000003,25078.790289855075,26,7964.0,0.07603117881814564,26,7964.0
50905.0,57,1860.0,26.197183098591548,1.6370010412772937,59919.14379240787,843.93160270997,1780601.9300000004,25078.90042253521,31,8075.0,0.044279345023647304,31,8075.0
50910.0,60,2154.0,30.338028169014084,1.5396449190716064,60165.55315910074,847.402157170433,1830764.0110000002,25785.408605633806,33,8209.0,0.04818197004700729,33,8209.0
50915.0,65,2461.0,34.66197183098591,0.6289893023629006,60404.43714385431,850.7667203359765,1855843.5250000001,26138.6411971831,37,8356.0,6.384443925517787e-05,37,8356.0
50920.0,53,1959.0,28.391304347826086,1.1197385485579117,60644.146294915525,878.9006709408048,1855841.2110000004,26896.249434782607,25,7902.0,0.06378824382931009,25,7902.0
50925.0,51,2035.0,29.071428571428573,1.5768157532487452,60953.79463500842,870.7684947858348,1855841.2110000004,26512.0173,22,7689.0,0.06341182620892713,22,7689.0
50930.0,51,2215.0,32.10144927536232,1.4280996741519822,61007.91731675593,884.1727147355933,1855840.3820000004,26896.237420289854,24,7770.0,0.05334076185513221,24,7770.0
50935.0,56,2472.0,37.45454545454545,0.6575359756793566,61096.066479585,925.6979769634095,1805672.2230000005,27358.670045454546,30,7896.0,0.00556752483520034,30,7896.0
50940.0,56,2693.0,41.43076923076923,0.7261570349989885,61081.38779054871,939.713658316134,1830766.3800000004,28165.63661538461,30,7731.0,0.02935360829891501,30,7731.0
50945.0,54,2924.0,41.77142857142857,1.6472904063625673,61190.771516313805,874.1538788044835,1830909.0100000002,26155.843,27,7571.0,0.07141713156388148,27,7571.0
50950.0,52,3149.0,44.98571428571429,1.7049954785477521,61300.55537858643,875.722219694092,1805935.3839999998,25799.076914285713,25,7666.0,0.10957768922154654,25,7666.0
50955.0,57,3415.0,48.785714285714285,0.9506467193088363,61424.00586979434,877.4857981399194,1806071.806,25801.025799999996,31,7785.0,0.07215227099072663,31,7785.0
50960.0,53,2714.0,38.77142857142857,1.376743155537938,61397.018473824086,877.1002639117729,1806319.7810000002,25804.5683,25,7076.0,0.07113757517025032,25,7076.0
50965.0,56,2987.0,40.36486486486486,2.2943510903694557,61703.026627788706,833.8246841593071,1831432.6060000001,24749.089270270266,29,7032.0,0.03107083834384792,29,7032.0
50970.0,58,3265.0,42.96052631578947,2.138008739377701,61709.2092527068,811.9632796408793,1881641.548,24758.44142105263,32,7156.0,0.05517137152087968,32,7156.0
50975.0,63,3566.0,50.94285714285714,1.0752663730754326,61353.233269344215,876.4747609906318,1881634.1379999998,26880.487685714284,35,7291.0,0.004699727257489994,35,7291.0
50980.0,57,3655.0,54.55223880597015,0.7704846642084965,61563.158164497654,918.8531069328008,1881632.5779999997,28084.068328358204,29,7239.0,0.037630795909914,29,7239.0
50985.0,59,3946.0,58.8955223880597,0.9693009976398376,61871.2632331296,923.4516900467104,1881632.5779999997,28084.068328358204,30,7330.0,0.021296135697967716,30,7330.0
50990.0,59,4237.0,63.23880597014925,1.2096838028583579,62176.60593662624,928.0090438302425,1881632.5779999997,28084.068328358204,31,7452.0,6.650241150291772e-07,31,7452.0
50995.0,59,4532.0,68.66666666666667,1.0344350411819543,62373.098493236226,945.0469468672155,1881629.008,28509.530424242424,31,7577.0,0.0,31,7577.0
51000.0,56,4758.0,78.0,0.8537249784560643,62477.054196077996,1024.2140032143936,1881628.156,30846.363213114753,28,7633.0,0.0,28,7633.0
51005.0,56,5038.0,77.50769230769231,1.2657440896270213,62770.223684418364,965.6957489910521,1881631.156,28948.171630769233,28,7743.0,0.0012096749411274917,28,7743.0
51010.0,57,5323.0,83.171875,1.3544038482193692,63029.627342309635,984.8379272235883,1881628.156,29400.4399375,29,7858.0,0.08028703647029473,29,7858.0
51015.0,59,5611.0,91.98360655737704,0.022734769034788972,63268.89568089001,1037.1950111621318,1881627.1659999997,30846.346983606556,31,7976.0,0.0030629560462113064,31,7976.0
51020.0,49,4431.0,70.33333333333333,0.9461569815397151,63564.3710832337,1008.9582711624399,1881628.014,29867.111333333334,24,6093.0,0.03637540468137897,24,6093.0
51025.0,39,3268.0,51.87301587301587,2.327846229349036,63838.774996487096,1013.3138888331288,1881628.014,29867.111333333334,24,5212.0,0.025692974123458574,24,5212.0
51030.0,32,2343.0,37.19047619047619,2.7725293309937005,64073.11267176503,1017.033534472461,1881628.704,29867.122285714286,26,8248.0,0.048748324197146455,26,8248.0
51035.0,35,1963.0,32.71666666666667,2.5420905348728677,52018.474331909245,866.9745721984875,1707373.994,28456.233233333332,32,9338.0,0.03259698878827424,32,9338.0
51040.0,33,1480.0,24.262295081967213,2.1610795491362578,45823.47022020023,751.204429839348,1760127.4099999997,28854.54770491803,26,8907.0,0.04322133358452801,26,8907.0
51045.0,38,1323.0,20.045454545454547,2.5432432216467165,39859.872893509455,603.9374680834765,1812652.8619999997,27464.437303030303,24,8620.0,0.051043046207965924,24,8620.0
51050.0,41,1112.0,16.848484848484848,2.3482896498815298,39775.222435654505,602.6548853887048,1855626.458,28115.552393939397,22,8696.0,0.09299918736523106,22,8696.0
51055.0,50,1263.0,19.734375,0.8232503616357439,39335.94384701194,614.6241226095615,1827142.684,28549.104437500002,26,8861.0,0.06976895874942964,26,8861.0
51060.0,51,1316.0,20.5625,0.9232990058194421,39447.80551011064,616.3719610954788,1827286.7380000001,28551.355281250002,25,8895.0,0.05250488105637052,25,8895.0
51065.0,54,1581.0,22.91304347826087,1.7228008968140704,39747.54988986157,576.0514476791531,1877664.938,27212.53533333333,28,8929.0,0.04398243356440007,28,8929.0
51070.0,60,1862.0,25.86111111111111,1.739253152905748,40013.085411462365,555.7372973814216,1928034.081,26778.251125,31,9045.0,0.1058080151004144,31,9045.0
51075.0,63,2158.0,31.27536231884058,0.8042380538329322,40198.67916934803,582.589553178957,1928030.371,27942.469144927534,35,9173.0,0.0008259925918541354,35,9173.0
51080.0,52,1598.0,24.21212121212121,1.231915404017102,40409.35346300458,612.262931257645,1928030.371,29212.581378787883,24,8514.0,0.07300251663846752,24,8514.0
51085.0,50,1672.0,24.955223880597014,1.4251383057112537,40709.68289283677,607.6072073557723,1928030.371,28776.57270149254,21,8253.0,0.0676153908338638,21,8253.0
51090.0,50,1822.0,28.46875,1.154663007600436,40503.74812142699,632.8710643972968,1877799.343,29340.614734374998,22,8321.0,0.056414222847761146,22,8321.0
51095.0,56,2049.0,31.045454545454547,1.0369771837033892,40787.9402530506,617.9990947431907,1852608.365,28069.823712121215,28,8424.0,0.017043760955968143,28,8424.0
51100.0,53,2260.0,34.76923076923077,1.2043950251409745,40508.30933573618,623.2047590113258,1903020.0640000005,29277.231753846154,26,8250.0,0.042185024756233876,26,8250.0
51105.0,50,2479.0,38.13846153846154,1.7703028856165228,40600.385076967395,624.6213088764216,1903145.5620000002,29279.162492307696,24,8084.0,0.1353750609541961,24,8084.0
51110.0,47,2698.0,40.878787878787875,1.5097299187779976,40703.855838399904,616.7250884606048,1903271.0540000002,28837.44021212121,21,8039.0,0.09646413758341936,21,8039.0
51115.0,55,2957.0,45.49230769230769,0.8403190609916048,40654.92492528886,625.4603834659825,1878299.9120000002,28896.921723076925,28,8133.0,0.06281548124945319,28,8133.0
51120.0,51,3004.0,46.9375,1.0459646796972812,40612.45632964325,634.569630150676,1853331.5220000003,28958.30503125,25,8037.0,0.0482237060504864,25,8037.0
51125.0,54,3267.0,44.148648648648646,1.8861593399211762,40920.82971762112,552.9841853732582,1903759.7690000003,25726.483364864867,28,8113.0,0.04541206114550583,28,8113.0
51130.0,58,3546.0,47.91891891891892,2.2180258093337404,41136.72318789509,555.901664701285,1954175.4830000002,26407.776797297298,31,8227.0,0.09200970225177682,31,8227.0
51135.0,62,3843.0,53.375,0.6865150436266035,41344.51994722115,574.2294437114047,1979383.0720000004,27491.43155555556,36,8359.0,0.03549039652764213,36,8359.0
51140.0,61,3987.0,56.957142857142856,0.7830275733902989,41621.6268048634,594.5946686409054,1979383.0720000004,28276.901028571425,33,8182.0,0.03412125031727582,33,8182.0
51145.0,56,4178.0,59.68571428571428,1.8368347757979475,41935.10708425957,599.0729583465655,1979383.0720000004,28276.901028571425,28,7985.0,0.039186340319846816,28,7985.0
51150.0,53,4381.0,60.84722222222222,2.239079205067042,42235.90958854693,586.6098553964853,1979384.7800000003,27491.455277777783,26,8079.0,0.06828251123080459,26,8079.0
51155.0,55,4635.0,70.22727272727273,1.1444349815547377,41767.94010739768,632.8475773848133,1803348.034,27323.455060606062,29,8207.0,0.07634329935960246,29,8207.0
51160.0,54,4792.0,71.5223880597015,1.2901202897067057,41989.946959654866,626.7156262635056,1828600.872,27292.550328358207,27,8199.0,0.07831205806391006,27,8199.0
51165.0,57,5069.0,73.46376811594203,1.579806227885733,42297.17104431185,613.0024789030703,1853821.807,26866.982710144926,31,8311.0,0.023773195447377094,31,8311.0
51170.0,60,5364.0,78.88235294117646,1.2289465096505363,42511.20177089605,625.1647319249422,1904267.2650000001,28003.93036764706,34,8441.0,0.0521908775593241,34,8441.0
51175.0,63,5668.0,80.97142857142858,0.624928806521323,42758.49675660159,610.8356679514515,1954702.7880000002,27924.325542857143,36,8580.0,0.02616598211174574,36,8580.0
51180.0,54,5502.0,79.73913043478261,1.395499153773212,43070.38824954452,624.2085253557175,1954702.7880000002,28329.02591304348,26,8196.0,0.08070892377498821,26,8196.0
51185.0,54,5668.0,77.64383561643835,1.257558580257063,43390.70344136968,594.3931978269819,1954703.094,26776.754712328766,23,8156.0,0.04129145051310439,23,8156.0
51190.0,51,5850.0,79.05405405405405,2.053058687492658,43712.49336525638,590.7093698007618,1954706.4000000001,26414.951351351356,24,8244.0,0.13118104693265098,24,8244.0
51195.0,58,6107.0,86.01408450704226,1.06306923945932,43869.564793286714,617.8811942716437,1879101.929,26466.22435211268,31,8360.0,0.03791914569531831,31,8360.0
51200.0,53,5354.0,74.36111111111111,1.505762264659807,43847.38391546593,608.9914432703604,1879156.254,26099.39241666667,25,7629.0,0.03459263239599171,25,7629.0
51205.0,55,5624.0,76.0,2.623895067130182,43847.80924570163,592.5379627797516,1879154.598,25393.981054054057,28,7554.0,0.018305453532915097,28,7554.0
51210.0,56,5896.0,83.04225352112677,2.0393037897936614,43747.55690303003,616.162773282113,1879154.1739999999,26466.960197183096,28,7659.0,0.06260455614980141,28,7659.0
51215.0,61,6194.0,93.84848484848484,0.6860538652596332,43421.09642873494,657.8954004353781,1879145.332,28471.898969696977,33,7782.0,0.007965621118086462,33,7782.0
51220.0,56,6353.0,100.84126984126983,0.8963312631981256,43608.3245246195,692.1956273749128,1879144.6239999998,29827.69244444444,28,7771.0,0.04100702110541735,28,7771.0
51225.0,56,6633.0,102.04615384615384,1.2261092430065679,43898.079830231065,675.3550743112473,1879146.048,28909.9392,28,7871.0,0.0,28,7871.0
51230.0,56,6913.0,111.5,1.166437612429754,44100.44379430666,711.2974805533332,1879145.4819999998,30308.79809677419,28,7976.0,0.0,28,7976.0
51235.0,56,7193.0,121.91525423728814,0.3703651750156922,44281.101139183855,750.5271379522687,1879145.4819999998,31849.92342372882,28,8081.0,0.035883427624548304,28,8081.0
51240.0,53,7209.0,122.1864406779661,0.5749530001455733,44564.77544553325,755.3351770429363,1879145.4819999998,31849.92342372882,25,7961.0,0.02056659017567988,25,7961.0
51245.0,49,7272.0,117.29032258064517,1.5571261668124095,44839.768987708485,723.2220804469108,1879148.4819999998,30308.846483870966,21,7855.0,0.06759046899705881,21,7855.0
51250.0,46,7275.0,113.671875,2.260578680416681,45101.79227365389,704.715504275842,1879150.478,29361.726218750002,17,7823.0,0.17462540216877231,17,7823.0
51255.0,47,7457.0,120.2741935483871,1.09924876480556,44972.714845311784,725.3663684727707,1828838.279,29497.391596774196,21,7972.0,0.05914431144330699,21,7972.0
51260.0,49,7674.0,123.7741935483871,1.572115493572829,44991.517087643806,725.6696304458678,1828996.536,29499.94412903226,22,8024.0,0.11973438993523612,22,8024.0
51265.0,52,7924.0,123.8125,1.394879036773307,45271.47089203811,707.3667326880957,1854280.181,28973.127828124998,26,8109.0,0.052112902985335385,26,8109.0
51270.0,56,8195.0,126.07692307692308,1.1791025066587304,45552.69910497543,700.8107554611606,1904847.871,29305.351861538464,30,8215.0,0.02955773365749408,30,8215.0
51275.0,62,8484.0,130.52307692307693,0.37378159761233726,45788.65080671012,704.4407816416942,1955411.519,30083.25413846154,33,8339.0,0.025662379512852135,33,8339.0
51280.0,54,8626.0,132.7076923076923,1.1675485693501257,46095.765772467625,709.1656272687326,1955411.519,30083.25413846154,26,8169.0,0.05968783507727048,26,8169.0
51285.0,51,8801.0,129.4264705882353,2.335975491746442,46384.41809657679,682.1237955378939,1955414.519,28756.095867647062,23,8073.0,0.12572261233337112,23,8073.0
51290.0,48,8963.0,131.80882352941177,2.415193525415478,46663.553974341914,686.2287349167931,1955414.519,28756.095867647062,21,8054.0,0.11111841473419856,21,8054.0
51295.0,53,9202.0,143.78125,1.0027704039321286,46584.216271386715,727.8783792404174,1854463.1840000001,28975.98725,27,8162.0,0.05207433910474404,27,8162.0
51300.0,54,9441.0,149.85714285714286,0.8178814718473387,46501.191398599825,738.114149184124,1829408.3090000001,29038.22712698413,27,8236.0,0.050084644747844506,27,8236.0
51305.0,57,9720.0,140.8695652173913,1.3951002467569151,46809.85082178113,678.4036350982773,1854708.2150000003,26879.829202898552,31,8350.0,0.04608610214692161,31,8350.0
51310.0,59,10012.0,143.02857142857144,1.433492243506754,47105.028439549016,672.9289777078429,1905291.6010000005,27218.451442857142,33,8477.0,0.10771565875655653,33,8477.0
51315.0,65,10322.0,147.45714285714286,0.3205021245260384,47397.35123926252,677.10501770375,1955884.1750000003,27941.202500000003,38,8622.0,0.03203727749636799,38,8622.0
51320.0,62,10495.0,149.92857142857142,0.697654511958051,47737.17411721103,681.9596302458716,1955884.1750000003,27941.202500000003,34,8523.0,0.025607533481242478,34,8523.0
51325.0,57,10684.0,150.4788732394366,1.7568231795138285,48057.11044399907,676.8607104788599,1955884.1750000003,27547.664436619718,29,8454.0,0.05319861792967126,29,8454.0
51330.0,54,10899.0,151.375,1.9994832062522525,48328.71156462223,671.2321050641975,1930601.4190000002,26813.908597222224,27,8513.0,0.08061028296315148,27,8513.0
51335.0,56,11159.0,159.4142857142857,1.3404389270826595,48330.708462470546,690.4386923210077,1854879.344,26498.276342857145,30,8631.0,0.03915618349405902,30,8631.0
51340.0,54,11346.0,166.85294117647058,1.3076161068746277,48319.25763654756,710.5773181845225,1804444.921,26535.954720588237,28,8664.0,0.08388024384545638,28,8664.0
51345.0,58,11630.0,161.52777777777777,1.306722134502218,48633.908362360715,675.4709494772319,1855062.9500000002,25764.763194444444,32,8783.0,0.03257000163866314,32,8783.0
51350.0,63,11933.0,165.73611111111111,1.3106954058944729,48898.07120930126,679.1398779069617,1905672.1860000002,26467.66925,36,8921.0,0.037884017388933544,36,8921.0
51355.0,64,12250.0,175.0,0.44795538483064,49138.5607997293,701.9794399961327,1930978.8440000003,27585.412057142858,38,9073.0,0.031702967863993,38,9073.0
51360.0,55,11617.0,163.61971830985917,1.2544432083873818,49468.65949838051,696.7416830757817,1956281.2200000002,27553.256619718308,28,8658.0,0.051134863974953815,28,8658.0
51365.0,51,11664.0,151.4805194805195,1.6753314842579372,49797.86287877608,646.725491932157,1956287.2200000002,25406.327532467534,22,8418.0,0.061184733722968655,22,8418.0
51370.0,51,11862.0,158.16,1.8967249444350094,49995.09182775939,666.6012243701251,1905701.8290000004,25409.357720000004,23,8495.0,0.1216159702226253,23,8495.0
51375.0,59,12115.0,163.71621621621622,0.9040891854123589,50135.737767007435,677.5099698244245,1905712.7290000003,25752.874716216214,33,8613.0,0.020229622764945793,33,8613.0
51380.0,53,11286.0,150.48,1.6858859928191265,50211.94242429822,669.4925656573097,1905724.2810000002,25409.65708,27,7815.0,0.030912360289350748,27,7815.0
51385.0,55,11559.0,156.2027027027027,2.9172648585446215,50164.608871608856,677.9001198866061,1931041.7670000002,26095.159013513512,28,7733.0,0.02575551366054634,28,7733.0
51390.0,56,11831.0,166.6338028169014,2.3197148318904497,50027.58418424578,704.6138617499405,1905757.029,26841.64829577465,28,7838.0,0.030965090587537842,28,7838.0
51395.0,59,12118.0,189.34375,0.9087978303428048,49497.542875568564,773.3991074307589,1905749.1770000001,29777.330890625002,31,7950.0,0.00017646862778012825,31,7950.0
51400.0,53,12243.0,204.05,0.7270695489481038,49680.20975353302,828.0034958922168,1905745.1790000002,31762.419650000003,25,7873.0,0.03979070582093297,25,7873.0
51405.0,48,12357.0,196.14285714285714,1.493056315770892,49960.57947950937,793.0250711033232,1905746.6070000003,30249.946142857145,20,7806.0,0.05424410488790163,20,7806.0
51410.0,47,12490.0,204.75409836065575,1.503307455055787,50096.50954419628,821.2542548228895,1855145.1450000003,30412.21549180328,20,7870.0,0.08124958706856884,20,7870.0
51415.0,50,12706.0,208.29508196721312,0.8857585064653645,50251.030635105395,823.7873874607442,1855211.3170000003,30413.300278688526,24,7967.0,0.06012692481065283,24,7967.0
51420.0,48,12728.0,208.65573770491804,1.134535008238473,50335.306415761064,825.1689576354275,1829962.941,29999.392475409837,22,7864.0,0.06301748290922861,22,7864.0
51425.0,50,12973.0,196.56060606060606,1.899663635369468,50617.29696155112,766.9287418416835,1880658.9560000002,28494.83266666667,24,7926.0,0.07948146291936983,24,7926.0
51430.0,54,13230.0,191.7391304347826,1.8838589200214302,50803.36074501568,736.2805905074737,1931345.164,27990.50962318841,27,8018.0,0.11539590670306564,27,8018.0
51435.0,57,13505.0,204.62121212121212,1.0758629026492426,50991.37115807288,772.5965326980738,1931341.4500000002,29262.749242424245,29,8123.0,0.023264203806872535,29,8123.0
51440.0,53,13642.0,216.53968253968253,0.8137283663655231,51190.77111638712,812.5519224823353,1931341.4500000002,30656.213492063496,25,8032.0,0.04307546021652945,25,8032.0
51445.0,51,13784.0,208.84848484848484,1.7691259864729585,51484.17888250319,780.0633164015635,1931344.4500000002,29262.7946969697,23,7962.0,0.05462534378890167,23,7962.0
51450.0,49,13954.0,218.03125,1.7114364764590273,51624.36166013653,806.6306509396334,1880702.0960000001,29385.97025,22,8035.0,0.11422139926673397,22,8035.0
51455.0,54,14185.0,214.92424242424244,0.8864321634267853,51773.70730630341,784.4501107015667,1855424.2719999999,28112.488969696973,25,8135.0,0.05840272942788381,25,8135.0
51460.0,52,14364.0,220.98461538461538,1.5074382623534581,51843.81317172086,797.5971257187821,1830187.838,28156.73596923077,26,8166.0,0.07140568088213124,26,8166.0
51465.0,55,14635.0,218.43283582089552,1.4509005967699409,52134.97148175024,778.1339027126899,1880920.682,28073.443014925375,29,8272.0,0.06936189361104728,29,8272.0
51470.0,59,14919.0,222.67164179104478,1.094275959473701,52384.35023699285,781.8559736864603,1931643.36,28830.497910447764,32,8391.0,0.02939973795095237,32,8391.0
51475.0,61,15219.0,234.13846153846154,0.6503686919030055,52633.36392722968,809.744060418918,1931643.36,29717.590153846155,33,8521.0,0.00038237040229319055,33,8521.0
51480.0,55,15365.0,247.82258064516128,0.6392181077922846,52905.88178310949,853.3206739211206,1931643.074,31155.533451612904,27,8413.0,0.017180328285687153,27,8413.0
51485.0,51,15532.0,228.41176470588235,1.9970010113950243,53198.89503852703,782.3366917430443,1931650.218,28406.620852941174,23,8324.0,0.06491038019837687,23,8324.0
51490.0,47,15685.0,237.65151515151516,2.863860623250267,53294.03099724153,807.4853181400231,1881002.3370000003,28500.035409090906,19,8167.0,0.18619081476354418,19,8167.0
51495.0,49,15880.0,244.30769230769232,1.643952129037304,53418.66085487323,821.8255516134341,1855711.8480000002,28549.413046153844,22,8250.0,0.09734739284936222,22,8250.0
51500.0,55,16140.0,248.30769230769232,0.8261112675327139,53365.75572096712,821.0116264764172,1805168.2510000002,27771.819246153846,29,8363.0,0.05519328849650065,29,8363.0
51505.0,49,16003.0,246.2,1.5687458606108233,53438.87321071106,822.1365109340161,1805311.3620000002,27774.020953846153,23,8070.0,0.10894036438610653,23,8070.0
51510.0,54,16264.0,235.71014492753622,1.8978720207617374,53728.05467309533,778.6674590303669,1856072.9740000002,26899.60831884058,27,8157.0,0.031935011229009616,27,8157.0
51515.0,57,16544.0,239.768115942029,1.7550451802462501,53815.975828527684,779.9416786743144,1881451.1720000003,27267.408289855077,31,8272.0,0.01635860198189307,31,8272.0
51520.0,61,16835.0,255.07575757575756,0.5417807197012615,53882.73936834595,816.4051419446356,1932208.7080000003,29275.889515151517,34,8398.0,0.036530430574797844,34,8398.0
51525.0,56,16974.0,246.0,1.0013593550893962,54185.68998224285,785.2998548151138,1957588.3040000002,28370.844985507247,30,8355.0,0.02819068127435603,30,8355.0
51530.0,52,17158.0,245.11428571428573,2.272497711090601,54486.327899968805,778.3761128566974,1982968.4910000002,28328.1213,26,8345.0,0.11137103259702913,26,8345.0
51535.0,50,17355.0,247.92857142857142,1.8669054909069258,54742.599823675526,782.0371403382218,1932200.3,27602.861428571425,23,8384.0,0.08410291639186056,23,8384.0
51540.0,56,17619.0,262.97014925373134,1.1060632363821987,54779.3047721739,817.6015637637894,1856150.876,27703.74441791045,29,8488.0,0.04161447669718929,29,8488.0
51545.0,51,17649.0,255.7826086956522,1.4097766852841667,54932.28827762141,796.1201199655276,1830825.388,26533.70127536232,25,8409.0,0.08096344407273985,25,8409.0
51550.0,55,17921.0,252.40845070422534,1.7688578556978416,55232.994253827674,777.9294965327839,1881592.96,26501.309295774645,29,8463.0,0.10399652236675302,29,8463.0
51555.0,62,18210.0,249.45205479452054,1.4204902168499876,55550.193409341475,760.9615535526227,1932368.63,26470.80315068493,35,8587.0,0.02611391599807031,35,8587.0
51560.0,63,18522.0,260.8732394366197,0.8582597314099293,55675.01403303915,784.1551272259031,1957748.678,27573.925042253522,37,8733.0,0.01980631927500678,37,8733.0
51565.0,53,17755.0,250.07042253521126,1.7508821729899642,55907.24881151064,787.4260395987409,1983127.573,27931.374267605635,25,8063.0,0.053988151774741505,25,8063.0
51570.0,49,17672.0,252.45714285714286,1.778502310313524,56181.67292344405,802.5953274777718,1983127.573,28330.393900000003,19,7731.0,0.10939293920527922,19,7731.0
51575.0,50,17825.0,254.64285714285714,1.251014164453699,56101.31495198166,801.4473564568804,1957746.054,27967.80077142857,23,7796.0,0.03804710314102651,23,7796.0
51580.0,52,18060.0,269.55223880597015,1.1727050466957212,56273.347740243735,839.9007125409508,1881625.8730000001,28083.968253731342,26,7890.0,0.05139596067227737,26,7890.0
51585.0,54,18218.0,264.0289855072464,1.3698676192204347,56271.35759575272,815.5269216775756,1907026.3330000003,27638.06279710145,27,7894.0,0.01864281273246105,27,7894.0
51590.0,56,18489.0,280.1363636363636,1.3695725849270548,56014.04652553042,848.6976746292487,1881659.7950000004,28509.99689393939,30,8002.0,0.00010030734228309691,30,8002.0
51595.0,58,18776.0,284.4848484848485,1.3555375969007464,56308.39692012954,853.1575290928718,1881659.7950000004,28509.99689393939,30,8117.0,0.0257080249250428,30,8117.0
51600.0,60,19070.0,312.62295081967216,0.182287317908929,56463.07277217537,925.6241438061537,1881659.3650000002,30846.874836065577,32,8236.0,2.000566739265296e-05,32,8236.0
51605.0,55,19205.0,286.64179104477614,0.9455325870067106,56765.976723297026,847.2533839298062,1881665.3650000002,28084.55768656716,27,8180.0,0.028214426278096075,27,8180.0
51610.0,51,19358.0,280.5507246376812,2.156100253768331,57058.91181079699,826.9407508811156,1881665.3690000004,27270.512594202897,23,8132.0,0.15463653797311713,23,8132.0
51615.0,50,19503.0,282.6521739130435,2.211242074597979,57348.19074730617,831.1331992363212,1881665.3690000004,27270.512594202897,22,8029.0,0.0882863992409083,22,8029.0
51620.0,53,19715.0,294.25373134328356,1.4826505287310006,57317.619289950504,855.4868550738877,1830969.2800000003,27327.899701492533,27,8173.0,0.10100904015706079,27,8173.0
51625.0,58,19994.0,302.93939393939394,0.820854052011857,57440.46719424936,870.3101090037779,1805640.9940000002,27358.19687878788,32,8287.0,0.050460960174819436,32,8287.0
51630.0,55,20191.0,305.92424242424244,1.2026723693135002,57567.654237146344,872.2371854113081,1805743.5320000004,27359.750484848486,29,8319.0,0.0507481814797573,29,8319.0
51635.0,62,20473.0,288.3521126760563,1.2418585749149578,57873.8778397099,815.1250399959141,1856598.8890000002,26149.280126760565,33,8436.0,0.01185248305082175,33,8436.0
51640.0,60,20771.0,292.5492957746479,1.6605425841446524,58152.176098280084,819.0447337785928,1882024.823,26507.391873239434,34,8569.0,0.05917286321700077,34,8569.0
51645.0,64,21078.0,305.4782608695652,0.5431340219069114,58380.92848869296,846.1004128796083,1932873.739,28012.66288405797,38,8711.0,0.04592402419966596,38,8711.0
51650.0,54,20881.0,294.09859154929575,1.1756991651485917,58705.52102323724,826.8383242709468,1983725.148,27939.790816901404,27,8239.0,0.08113562516328394,27,8239.0
51655.0,54,21003.0,287.71232876712327,1.648656660654531,59021.802725648464,808.517845556828,2009149.9820000003,27522.602493150687,24,8074.0,0.07461324672604051,24,8074.0
51660.0,52,21220.0,290.6849315068493,1.7217404565829908,59242.90652295692,811.54666469804,1983763.1970000004,27174.838315068493,24,8154.0,0.07120195100602435,24,8154.0
51665.0,56,21478.0,286.37333333333333,1.4158681278363894,59264.58572555561,790.1944763407413,1932935.0400000003,25772.4672,30,8262.0,0.03416483981268493,30,8262.0
51670.0,60,21709.0,293.36486486486484,1.6759958544454903,59353.04759224928,802.0682107060711,1932937.6060000001,26120.77845945946,33,8331.0,0.04799596355589889,33,8331.0
51675.0,62,22015.0,301.5753424657534,1.1280087700082344,59374.861492346616,813.3542670184466,1958368.8980000003,26826.97120547945,36,8472.0,0.042403493367966914,36,8472.0
51680.0,64,22333.0,314.5492957746479,0.9620557848259442,59563.278148965015,838.9194105488027,1932981.2920000004,27225.08861971831,36,8617.0,0.009702377762080744,36,8617.0
51685.0,65,22655.0,306.14864864864865,1.3036199256344176,59896.66474467445,809.4143884415463,1932984.2920000004,26121.40935135135,37,8764.0,1.907626963361442e-05,37,8764.0
51690.0,58,22783.0,320.88732394366195,1.1850332072408296,60139.06956270572,847.0291487705028,1932982.6950000003,27225.10838028169,30,8669.0,0.0640376871083071,30,8669.0
51695.0,55,22925.0,318.40277777777777,1.9371406418886705,60451.51596341979,839.6043883808302,1932982.6950000003,26846.981874999998,27,8595.0,0.055729967908852485,27,8595.0
51700.0,55,23097.0,329.95714285714286,1.2958382590699795,60598.66616704682,865.6952309578113,1882173.0260000003,26888.186085714286,28,8697.0,0.07179657329939673,28,8697.0
51705.0,61,23359.0,338.536231884058,0.6452324704951176,60770.41777843423,880.7306924410757,1856823.5000000002,26910.485507246376,34,8841.0,0.031631985148911274,34,8841.0
51710.0,49,22299.0,327.9264705882353,1.5698560981258378,60831.769357152356,894.5848434875346,1831517.381,26934.079132352937,23,7931.0,0.07153175244143378,23,7931.0
51715.0,51,22550.0,313.19444444444446,2.730949144891521,61119.08233102589,848.8761434864706,1882431.7530000003,26144.885458333334,25,7726.0,0.041545235018158884,25,7726.0
51720.0,55,22816.0,316.8888888888889,2.568931599470641,61237.90084239701,850.526400588847,1907889.4540000001,26498.464638888887,28,7826.0,0.00046812733341423864,28,7826.0
51725.0,57,23100.0,350.0,0.9830345147579025,60333.11402006523,914.1380912131093,1907883.1600000001,28907.32060606061,29,7936.0,0.005074669788961743,29,7936.0
51730.0,53,23234.0,368.7936507936508,1.2575056806146716,60536.88147932513,960.9028806242079,1907878.726,30283.7893015873,25,7851.0,0.09396932577726033,25,7851.0
51735.0,49,23373.0,365.203125,1.461072807729024,60824.64557195091,950.3850870617326,1907879.205,29810.612578125,21,7787.0,0.06897859201219393,21,7787.0
51740.0,49,23540.0,356.6666666666667,1.8369620283009684,61107.914531053815,925.8774928947546,1907880.0690000001,28907.273772727276,22,7795.0,0.0832199178972923,22,7795.0
51745.0,51,23770.0,377.3015873015873,1.3029090724098775,61035.45618205003,968.8167647944448,1831640.127,29073.652809523806,25,7918.0,0.06221612140916235,25,7918.0
51750.0,48,23804.0,377.8412698412698,1.5460434943041552,61121.887701782434,970.1886936790861,1831748.921,29075.379698412697,21,7815.0,0.10962806679008343,21,7815.0
51755.0,51,24050.0,370.0,1.7770498374239567,61398.80058865898,944.5969321332148,1857225.625,28572.701923076922,24,7866.0,0.04308575940325622,24,7866.0
51760.0,54,24309.0,362.82089552238807,1.8647127013123506,61685.091196407455,920.6730029314546,1908180.103,28480.30004477612,28,7962.0,0.042807414662467076,28,7962.0
51765.0,57,24584.0,361.52941176470586,1.1332754153967548,61798.09726826864,908.7955480627742,1959138.0989999997,28810.85439705882,30,8072.0,0.029418766189504855,30,8072.0
51770.0,52,24711.0,380.16923076923075,1.474063948169901,61976.38435352329,953.4828362080501,1959136.0989999997,30140.55536923077,24,7962.0,0.07685725396169561,24,7962.0
51775.0,50,24876.0,382.7076923076923,2.0236365501419797,62255.690499802055,957.7798538431082,1959136.0989999997,30140.55536923077,22,7885.0,0.10957499292514765,22,7885.0
51780.0,49,25043.0,397.5079365079365,1.412821456842733,62475.18066808981,991.6695344141235,1908196.0239999997,30288.825777777773,22,7954.0,0.05944498996936244,22,7954.0
51785.0,52,25284.0,401.3333333333333,0.8762277978351045,62400.140792906066,990.478425284223,1831931.412,29078.27638095238,25,8052.0,0.034127911406457656,25,8052.0
51790.0,51,25493.0,392.2,1.492796243971119,62574.32717837006,962.6819565903083,1831999.057,28184.600876923076,25,8108.0,0.13145898884517113,25,8108.0
51795.0,54,25757.0,384.43283582089555,1.403437293923747,62868.8371749547,938.3408533575329,1882982.3020000001,28104.213462686563,28,8207.0,0.05352308095517981,28,8207.0
51800.0,58,26036.0,382.88235294117646,1.2966062901081015,63153.84699288462,928.7330440130089,1933955.0580000002,28440.515558823525,31,8321.0,0.046644441410562246,31,8321.0
51805.0,61,26330.0,387.20588235294116,0.87273719669447,63456.38441160405,933.1821237000595,1959446.6500000001,28815.391911764706,34,8450.0,0.014889335508828162,34,8450.0
51810.0,57,26474.0,401.1212121212121,0.947175550563279,63695.53214847606,965.0838204314551,1959446.8680000002,29688.588909090908,29,8353.0,0.060384600961635636,29,8353.0
51815.0,55,26655.0,380.7857142857143,1.9266765826791405,63993.74334998345,914.196333571192,1959450.6660000002,27992.15237142857,25,8311.0,0.08821295523654038,25,8311.0
51820.0,48,26816.0,388.6376811594203,2.695282761003609,64241.67753368727,931.0388048360472,1933972.0940000003,28028.581072463767,21,8242.0,0.12843142558466825,21,8242.0
51825.0,51,27049.0,416.1384615384615,1.6931568180649352,64146.13005442729,986.863539298881,1832180.352,28187.39003076923,24,8334.0,0.11404785427551511,24,8334.0
51830.0,55,27313.0,426.765625,0.7486564334561396,64281.6072026698,1004.4001125417157,1806747.1230000001,28230.423796875002,29,8445.0,0.0404564681828343,29,8445.0
51835.0,55,27528.0,430.125,0.8777423748297768,64422.62850414373,1006.6035703772458,1806813.6620000002,28231.46346875,29,8495.0,0.05665177522145428,29,8495.0
51840.0,59,27810.0,421.3636363636364,0.7324084883323064,64727.45449322292,980.7190074730742,1857821.5350000004,28148.811136363638,32,8612.0,0.011318252796907203,32,8612.0
51845.0,60,28107.0,379.8243243243243,1.5553923905346887,65017.39408546364,878.6134335873465,1883332.4410000003,25450.438391891894,34,8744.0,0.04584313390947101,34,8744.0
51850.0,61,28408.0,389.1506849315069,1.4095870045923833,65275.71970089445,894.187941108143,1934334.5610000002,26497.733712328765,35,8880.0,0.09691712244600896,35,8880.0
51855.0,54,27651.0,373.6621621621622,0.9570305882054837,65610.94241309672,886.6343569337391,1959834.6210000003,26484.251635135137,27,8381.0,0.05442682266784341,27,8381.0
51860.0,55,27653.0,373.68918918918916,1.5596902835855502,65942.98895768696,891.1214724011753,1959834.6210000003,26484.251635135137,26,8051.0,0.07379109094972133,26,8051.0
51865.0,53,27849.0,376.3378378378378,1.7586601888009297,66267.02608406481,895.5003524873625,1959834.6210000003,26484.251635135137,25,8142.0,0.05004165435990862,25,8142.0
51870.0,56,28105.0,395.84507042253523,1.0547471091849823,66122.82768589027,931.3074321956378,1857877.5190000003,26167.288999999997,30,8289.0,0.02963886958355579,30,8289.0
51875.0,56,28306.0,398.67605633802816,1.754802465143198,65958.45326385084,928.9922994908569,1883388.9800000004,26526.605352112674,30,8358.0,0.03515713811249787,30,8358.0
51880.0,60,28598.0,397.19444444444446,1.327628812037784,66074.6086837124,917.7028983848949,1934410.7620000006,26866.816138888888,34,8511.0,0.04122542929914765,34,8511.0
51885.0,63,28909.0,396.013698630137,1.3228064135058941,66300.50290403362,908.2260671785427,1934445.8390000006,26499.25806849315,36,8671.0,0.024464690064669104,36,8671.0
51890.0,64,29226.0,423.5652173913044,0.6561595373251352,66528.98512602497,964.1881902322464,1934442.3580000005,28035.39649275362,36,8819.0,0.028401016159615617,36,8819.0
51895.0,55,29267.0,418.1,1.1755339968839342,66822.06693009597,954.6009561442281,1934440.6540000006,27634.866485714287,26,8516.0,0.05413097257478562,26,8516.0
51900.0,54,29440.0,426.6666666666667,1.373984760390199,67127.1591385766,972.8573788199507,1934440.6540000006,28035.371797101452,25,8490.0,0.028782779519208344,25,8490.0
51905.0,55,29613.0,423.04285714285714,1.2895941555468646,67210.98063445484,960.1568662064975,1908940.3370000003,27270.57624285714,26,8582.0,0.030236671235331653,26,8582.0
51910.0,57,29839.0,438.80882352941177,1.1416148689016938,67354.28175729325,990.5041434896067,1883424.2600000002,27697.415588235293,31,8714.0,0.07318506892394396,31,8714.0
51915.0,49,28945.0,432.0149253731343,1.5585950326690872,67496.36727531043,1007.4084667956781,1908961.1240000005,28491.957074626866,23,7914.0,0.06100536936683917,23,7914.0
51920.0,52,29201.0,417.15714285714284,2.6416283513342846,67782.12975156809,968.3161393081156,1934499.6380000003,27635.709114285713,25,7765.0,0.03834590296940868,25,7765.0
51925.0,54,29467.0,420.95714285714286,2.532769080612096,67589.60575018312,965.5657964311877,1909011.9120000005,27271.598742857146,26,7856.0,0.0002286242450656735,26,7856.0
51930.0,54,29737.0,479.6290322580645,1.2001257779097627,67044.93426751679,1081.3699075405934,1909006.4620000003,30790.426806451615,26,7951.0,0.07002618532840071,26,7951.0
51935.0,52,29904.0,498.4,0.8858841081850052,67227.28104242192,1120.4546840403652,1909003.3140000002,31816.7219,24,7943.0,0.021953948228790706,24,7943.0
51940.0,53,30169.0,502.81666666666666,1.06490767672083,67504.39411235007,1125.0732352058353,1909003.3140000002,31816.7219,25,8033.0,0.03561903078761523,25,8033.0
51945.0,53,30434.0,483.07936507936506,1.4132364649384526,67777.84943015009,1075.8388798436524,1909004.8680000002,30301.664571428573,25,8123.0,0.005669662449119582,25,8123.0
51950.0,53,30699.0,529.2931034482758,1.0585031830229255,67902.45606242043,1170.732001076215,1909004.2860000003,32913.867,25,8213.0,0.03794419112658677,25,8213.0
51955.0,53,30964.0,543.2280701754386,0.5239966517588329,68157.93948060222,1195.753324221092,1909004.2860000003,33491.3032631579,25,8303.0,0.051536541037335584,25,8303.0
51960.0,50,30901.0,551.8035714285714,0.6048704941909105,68424.66230858702,1221.8689697961966,1909004.2860000003,34089.36225,22,8078.0,0.023602398681148253,22,8078.0
51965.0,45,30860.0,514.3333333333334,1.846437229773021,68689.03202182817,1144.8172003638026,1909007.2860000003,31816.7881,17,7905.0,0.07718729769998772,17,7905.0
51970.0,44,30916.0,490.73015873015873,2.290933539853237,68870.86819725871,1093.1883840834719,1883500.1870000004,29896.828365079367,16,7845.0,0.1719234579666497,16,7845.0
51975.0,45,31031.0,508.7049180327869,1.6301483374770138,68657.90051042462,1125.5393526299122,1832618.3220000002,30042.923311475413,19,7947.0,0.12241375527085534,19,7947.0
51980.0,47,31235.0,512.0491803278688,1.414861255781754,68640.90015942258,1125.2606583511897,1832804.2690000003,30045.97162295082,20,8037.0,0.06533191022049169,20,8037.0
51985.0,53,31486.0,499.77777777777777,1.4429328317174996,68914.22655660051,1093.876612009532,1883986.3050000004,29904.54452380953,26,8123.0,0.04263874089559111,26,8123.0
51990.0,55,31755.0,504.04761904761904,1.289812398585864,69172.5026188724,1097.9762320455936,1909573.2550000001,30310.68658730159,29,8227.0,0.03725760369166408,29,8227.0
51995.0,59,32034.0,516.6774193548387,0.13228394692026393,69420.28241774543,1119.6819744797651,1935156.6450000003,31212.203951612904,30,8340.0,0.0002906764235236053,30,8340.0
52000.0,52,32172.0,518.9032258064516,1.174764892926732,69713.83352377321,1124.4166697382775,1935156.6450000003,31212.203951612904,24,8177.0,0.04797843135563107,24,8177.0
52005.0,49,32332.0,489.8787878787879,2.1254185209867016,69995.35407888865,1060.5356678619496,1935159.6450000003,29320.600681818178,21,8017.0,0.12554233871335227,21,8017.0
52010.0,46,32473.0,499.5846153846154,1.9487250993527068,70112.24164799499,1078.649871507615,1909655.9000000001,29379.321538461536,19,8076.0,0.12298415927786316,19,8076.0
52015.0,51,32699.0,527.4032258064516,0.5639530254302326,70062.01225950132,1130.0324557984081,1833074.437,29565.71672580645,24,8167.0,0.04026142614511995,24,8167.0
52020.0,53,32936.0,531.2258064516129,0.6717950813631508,70204.78494476374,1132.3352410445764,1833180.9610000001,29567.434854838713,27,8259.0,0.026235855162708235,27,8259.0
52025.0,56,33209.0,481.28985507246375,1.4926403678985039,70510.0281992155,1021.8844666552972,1884398.506,27310.123275362323,30,8398.0,0.06694458130636305,30,8398.0
52030.0,60,33498.0,478.54285714285714,1.2634716206565046,70801.37217478387,1011.4481739254841,1935604.3020000001,27651.490028571432,33,8553.0,0.0990555127772642,33,8553.0
52035.0,65,33807.0,497.1617647058824,0.09778259591944179,71096.5018643413,1045.5367921226662,1935604.3020000001,28464.769147058825,37,8703.0,0.01274584240638924,37,8703.0
52040.0,61,33984.0,499.7647058823529,0.6711542708226479,71427.13048224404,1050.3989776800593,1935604.3020000001,28464.769147058825,33,8564.0,0.019751962206424452,33,8564.0
52045.0,57,34168.0,488.1142857142857,1.4852292488546401,71739.87676307606,1024.8553823296577,1935604.7370000002,27651.496242857145,29,8433.0,0.04352749116208678,29,8433.0
52050.0,53,34367.0,484.0422535211268,1.6513635123515154,72035.04731518112,1014.5781311997338,1909999.076,26901.39543661972,26,8531.0,0.08352777512983314,26,8531.0
52055.0,57,34624.0,494.62857142857143,1.1326044883063873,71993.83704353975,1028.4833863362815,1859003.2390000003,26557.18912857143,31,8672.0,0.0349348042150805,31,8672.0
52060.0,56,34815.0,497.35714285714283,1.1804916293193422,71991.0758929155,1028.4439413273637,1859229.715,26560.4245,29,8698.0,0.07026753843889588,29,8698.0
52065.0,59,35106.0,494.4507042253521,1.1048319343192736,72309.79054839595,1018.4477542027594,1884849.415,26547.17485915493,33,8824.0,0.01985037478741564,33,8824.0
52070.0,63,35414.0,485.1232876712329,1.4704994983360755,72632.75980186023,994.96931235425,1936093.915,26521.834452054794,37,8967.0,0.0374228085927967,37,8967.0
52075.0,66,35734.0,503.2957746478873,0.7096114234572971,72843.43642037763,1025.9638932447551,1961708.195,27629.69288732395,38,9119.0,0.023127252516302137,38,9119.0
52080.0,54,35332.0,512.0579710144928,1.2274202546788802,73142.57017988237,1060.037248983802,1961708.195,28430.55355072464,26,8669.0,0.04245674641481068,26,8669.0
52085.0,53,35475.0,473.0,1.6628052027232534,73461.76666604243,979.4902222138986,1961714.195,26156.189266666668,23,8555.0,0.054311210178234016,23,8555.0
52090.0,51,35625.0,488.013698630137,1.8613872594545873,73583.02307702538,1007.9866174934978,1910570.063,26172.192643835617,24,8635.0,0.11693342270093424,24,8635.0
52095.0,59,35868.0,505.1830985915493,0.8493443177473442,73752.1153106085,1038.7621874733588,1884959.016,26548.71853521127,32,8748.0,0.020620675736622327,32,8748.0
52100.0,52,35023.0,473.2837837837838,2.0738586005768105,74070.4819373988,1000.9524586134964,1910599.2980000002,25818.909432432436,24,7951.0,0.05132699939616107,24,7951.0
52105.0,52,35279.0,489.9861111111111,3.006007235814687,73886.13737879905,1026.1963524833197,1910702.1430000002,26537.529763888888,26,7845.0,0.033345305060718936,26,7845.0
52110.0,54,35544.0,522.7058823529412,2.2000463688982026,73638.86925265314,1082.9245478331338,1910697.2930000003,28098.48960294118,26,7940.0,0.045479912636609755,26,7940.0
52115.0,57,35823.0,587.2622950819672,0.7654967040990011,73146.48265374107,1199.1226664547717,1910689.5530000003,31322.77955737705,29,8044.0,1.5325960635315537e-05,29,8044.0
52120.0,52,35992.0,620.551724137931,0.8561434739281069,73367.54397268566,1264.9576547014765,1910686.4030000002,32942.869017241384,24,8038.0,0.030372811083930213,24,8038.0
52125.0,52,36252.0,584.7096774193549,1.3175305706325802,73641.83293618764,1187.771498970768,1910688.0210000002,30817.548725806453,24,8123.0,0.011337666056224221,24,8123.0
52130.0,52,36512.0,588.9032258064516,1.9759327921417333,73877.22705185301,1191.5681782556935,1910691.0450000002,30817.597500000003,24,8208.0,0.09056444817663509,24,8208.0
52135.0,54,36776.0,634.0689655172414,0.5249033902226944,74039.05607332956,1276.5354495401643,1910687.6090000002,32942.88981034483,26,8297.0,0.04791477715079104,26,8297.0
52140.0,51,36760.0,644.9122807017544,0.5583851611433951,74307.27433533386,1303.6363918479622,1910687.6090000002,33520.835245614035,23,8121.0,0.015198655249018393,23,8121.0
52145.0,47,36811.0,613.5166666666667,1.656910634400403,74578.27202883572,1242.9712004805947,1910687.6090000002,31844.79348333333,19,7968.0,0.046084792560136034,19,7968.0
52150.0,43,36806.0,593.6451612903226,2.0780730899090147,74835.81304478456,1207.0292426578155,1910687.6250000002,30817.542338709678,16,8017.0,0.16463326765812283,16,8017.0
52155.0,47,36985.0,626.8644067796611,0.959321122592163,74616.656737759,1264.689097250152,1833972.8540000003,31084.28566101695,20,8116.0,0.04444251069515507,20,8116.0
52160.0,47,37169.0,629.9830508474577,1.2900882195413408,74733.40789406846,1266.6679304079396,1834071.6300000001,31085.959830508476,21,8177.0,0.08429550679037592,21,8177.0
52165.0,52,37414.0,584.59375,1.480681188613457,75008.7478217873,1172.011684715426,1885443.813,29460.059578125,25,8256.0,0.04212081156556196,25,8256.0
52170.0,55,37676.0,598.031746031746,1.2851100254465415,75256.36197047347,1194.545428102753,1911129.252,30335.38495238095,28,8353.0,0.06076281665732079,28,8353.0
52175.0,59,37956.0,593.0625,0.5306383730558981,75527.57334111692,1180.118333454951,1911129.84,29861.403749999998,29,8460.0,0.00990992297275548,29,8460.0
52180.0,53,38095.0,614.4354838709677,1.0786169510471653,75779.45429823955,1222.2492628748316,1911129.8320000002,30824.67470967742,25,8303.0,0.049839647443305844,25,8303.0
52185.0,50,38256.0,617.0322580645161,1.8365197488087417,76055.77308758494,1226.7060175416925,1911129.8320000002,30824.67470967742,22,8155.0,0.12052236268458195,22,8155.0
52190.0,47,38390.0,629.344262295082,1.6561280362824156,76309.63453720429,1250.9776153640048,1885438.114,30908.82154098361,20,8128.0,0.07393078198302137,20,8128.0
52195.0,50,38611.0,654.4237288135594,0.9093602899306117,76095.69887121952,1289.7576079867715,1834350.2210000001,31090.681711864407,23,8222.0,0.05108691413939913,23,8222.0
52200.0,49,38807.0,669.0862068965517,0.8864791135447763,76093.73408940482,1311.9609325759448,1808833.235,31186.7799137931,23,8271.0,0.06444248722193155,23,8271.0
52205.0,54,39062.0,574.4411764705883,1.3842063090495371,76381.0063662968,1123.2500936220113,1860261.091,27356.780749999998,28,8361.0,0.0603202567847481,28,8361.0
52210.0,56,39335.0,578.4558823529412,1.7747290070493495,76660.1704005777,1127.3554470673187,1885968.401,27734.82942647059,30,8469.0,0.14201912389686613,30,8469.0
52215.0,60,39624.0,574.2608695652174,0.6374659672728705,76940.24667004637,1115.0760386963238,1937380.12,28077.97275362319,34,8593.0,0.061542832160082786,34,8593.0
52220.0,54,39357.0,570.3913043478261,0.9753432632868272,77242.44394608194,1119.4557093635062,1963088.77,28450.56188405797,28,8104.0,0.0463281591496161,28,8104.0
52225.0,54,39519.0,572.7391304347826,1.3400450574550644,77553.82065993073,1123.9684153613146,1963088.77,28450.56188405797,23,8026.0,0.058452601542412295,23,8026.0
52230.0,52,39722.0,567.4571428571429,1.4787996784121795,77825.02005287126,1111.7860007553031,1937404.341,27677.20487142857,24,8106.0,0.0319290100317128,24,8106.0
52235.0,54,39968.0,587.7647058823529,1.26493168094216,77746.36078984567,1143.3288351447889,1886078.9270000001,27736.45480882353,28,8213.0,0.009430799562227365,28,8213.0
52240.0,54,40130.0,581.5942028985507,1.6368146883525951,77872.75015734165,1128.5905819904583,1937516.689,28079.952014492752,27,8219.0,0.07043898078949273,27,8219.0
52245.0,56,40404.0,569.0704225352113,1.4656908612942203,77979.59546267835,1098.3041614461736,1963233.539,27651.176605633806,30,8328.0,0.029729683290208673,30,8328.0
52250.0,59,40695.0,573.169014084507,1.7812209112399409,78284.50431300151,1102.5986522957962,1963233.539,27651.176605633806,31,8448.0,0.0658173455140431,31,8448.0
52255.0,61,40994.0,602.8529411764706,0.7023968950424433,78346.33557459386,1152.1519937440266,1937609.6970000002,28494.26025,33,8572.0,0.0024284434039700572,33,8572.0
52260.0,54,41060.0,631.6923076923077,1.1230125482555706,78579.13805609285,1208.9098162475825,1937606.6970000002,29809.333799999997,26,8316.0,0.017632289373480357,26,8316.0
52265.0,49,41180.0,605.5882352941177,1.5576741504608937,78882.4615727183,1160.0361995987982,1937606.6970000002,28494.21613235294,21,8280.0,0.034896675350115466,21,8280.0
52270.0,48,41326.0,626.1515151515151,1.6871847058191083,78955.2989550139,1196.2924084093013,1886274.8220000002,28579.921545454545,21,8350.0,0.11104934654003427,21,8350.0
52275.0,51,41548.0,639.2,0.8072404387560739,79192.65958154722,1218.3486089468804,1886293.796,29019.90455384615,25,8452.0,0.01799241633940906,25,8452.0
52280.0,46,40920.0,620.0,1.4107632819440727,79087.70053715531,1198.2984929872016,1860780.914,28193.650212121207,19,7804.0,0.052761917634369486,19,7804.0
52285.0,47,41148.0,596.3478260869565,2.9412639504229654,79365.75592983562,1150.2283468092114,1886531.486,27341.036028985505,21,7744.0,0.06015471151179153,21,7744.0
52290.0,50,41392.0,608.7058823529412,2.4354836044906545,79319.2967992508,1166.4602470478055,1912278.8180000002,28121.747323529413,24,7823.0,0.09501021894349866,24,7823.0
52295.0,57,41668.0,683.0819672131148,0.5428066128697392,78985.62238243457,1294.8462685645004,1912271.07,31348.706065573773,29,7925.0,0.001229490464264757,29,7925.0
52300.0,52,41808.0,708.6101694915254,0.9352464571558091,79226.51197845119,1342.8222369229009,1912270.918,32411.37149152542,24,7895.0,0.03521327196044778,24,7895.0
52305.0,52,42068.0,689.639344262295,1.319039882872388,79496.9306010013,1303.2283705082173,1912272.3660000002,31348.727311475413,24,7975.0,5.037977201010232e-07,24,7975.0
52310.0,52,42328.0,729.7931034482758,1.2917193315627036,79680.74146339213,1373.8058872998636,1912271.776,32970.20303448276,24,8060.0,0.0,24,8060.0
52315.0,52,42588.0,774.3272727272728,0.4519683249489595,79840.83823225395,1451.6516042227981,1912271.776,34768.577745454546,24,8145.0,0.03509236544131951,24,8145.0
52320.0,48,42589.0,788.6851851851852,0.6550431384709421,80098.34880418588,1483.3027556330717,1912271.776,35412.44029629629,20,7917.0,0.029109033092000774,20,7917.0
52325.0,43,42607.0,710.1166666666667,2.015498713072236,80357.08565458283,1339.2847609097137,1912277.776,31871.296266666664,15,7658.0,0.04678573536992982,15,7658.0
52330.0,39,42653.0,699.2295081967213,2.802263193622218,80562.37115729829,1320.6946091360367,1886536.804,30926.832852459014,12,7688.0,0.2375601365977372,12,7688.0
52335.0,45,42819.0,725.7457627118644,1.460250623003423,80298.36827892548,1360.9892928631432,1835311.841,31106.980355932203,18,7767.0,0.07964858044189843,18,7767.0
52340.0,44,42935.0,740.2586206896551,0.9242541133619097,80291.10618396659,1384.3294169649414,1809708.463,31201.870051724138,18,7686.0,0.10074389265422805,18,7686.0
52345.0,48,43161.0,719.35,0.9385178200081747,80567.77071945141,1342.7961786575231,1861282.76,31021.379333333334,21,7709.0,0.035943788875457176,21,7709.0
52350.0,51,43399.0,711.4590163934427,0.8974011768111531,80793.53420271636,1324.484167257645,1912857.528,31358.32013114754,24,7787.0,0.041404450497871774,24,7787.0
52355.0,55,43659.0,682.171875,1.0227521645775701,81026.9441748628,1266.0460027322308,1938643.173,30291.299578125,27,7882.0,0.06013319747709206,27,7882.0
52360.0,50,43770.0,673.3846153846154,1.4046979855774373,81128.19637817107,1248.1260981257087,1938751.478,29826.945815384617,24,7828.0,0.039572822498888924,24,7828.0
52365.0,54,44037.0,667.2272727272727,1.7711591849504573,81416.48689202534,1233.5831347276562,1938751.478,29375.022393939395,27,7927.0,0.08504022259338782,27,7927.0
52370.0,56,44313.0,703.3809523809524,1.1164328951663,81603.90397782017,1295.300063140003,1938750.744,30773.82133333333,28,8028.0,0.03566517115068907,28,8028.0
52375.0,59,44603.0,743.3833333333333,0.24794058873016298,81801.58328170037,1363.3597213616729,1938747.744,32312.4624,31,8143.0,2.660625691896617e-06,31,8143.0
52380.0,52,44679.0,757.271186440678,0.6819389562322729,82082.76613200898,1391.2333242713385,1938747.744,32860.13125423729,24,7969.0,0.017553694023977887,24,7969.0
52385.0,48,44803.0,700.046875,2.0535484950640557,82361.48618179801,1286.8982215905942,1938751.9079999998,30292.9985625,20,7833.0,0.05815945465053414,20,7833.0
52390.0,45,44892.0,701.4375,2.5095272812104756,82624.57821642948,1291.0090346317104,1938751.9079999998,30292.9985625,18,7888.0,0.17227637618369296,18,7888.0
52395.0,49,45097.0,739.2950819672132,0.8710699005573777,82516.08094540727,1352.7226384492992,1861579.5339999998,30517.69727868852,22,7980.0,0.055173305076603334,22,7980.0
52400.0,48,45281.0,754.6833333333333,1.2246077687424193,82489.2804346237,1374.8213405770614,1835972.8339999998,30599.547233333335,22,8027.0,0.051140237365830524,22,8027.0
52405.0,52,45532.0,689.8787878787879,1.635915988357624,82771.7311022213,1254.1171379124435,1887606.7619999999,28600.102454545457,26,8113.0,0.052145740762668744,26,8113.0
52410.0,55,45798.0,673.5,1.724437096152272,83015.51546548531,1220.816403904196,1939238.096,28518.207294117645,28,8215.0,0.10133434307147132,28,8215.0
52415.0,59,46084.0,708.9846153846154,0.6101158023568217,83260.2018190744,1280.9261818319137,1939234.5139999997,29834.377138461543,31,8329.0,0.0024204419300433134,31,8329.0
52420.0,55,46230.0,711.2307692307693,0.828615438943484,83568.48749249394,1285.6690383460602,1939234.5139999997,29834.377138461543,27,8155.0,0.040638293063289976,27,8155.0
52425.0,54,46415.0,714.0769230769231,1.4852855416003226,83864.81383800002,1290.2279052,1939234.5139999997,29834.377138461543,26,8061.0,0.05394748050882399,26,8061.0
52430.0,50,46572.0,727.6875,1.616086861706542,83978.08288903987,1312.1575451412482,1913514.3639999998,29898.6619375,23,8087.0,0.062196463956235695,23,8087.0
52435.0,53,46806.0,742.952380952381,1.0487538563449437,83896.60248048879,1331.6921028649015,1836284.061,29147.366047619045,26,8192.0,0.050933765578256684,26,8192.0
52440.0,44,46306.0,723.53125,2.1732295656896925,83958.29609063294,1311.8483764161392,1810581.777,28290.340265625,18,7627.0,0.1327947855274924,18,7627.0
52445.0,48,46537.0,664.8142857142857,3.1427337290539135,84224.64505822516,1203.2092151175018,1862250.733,26603.5819,22,7611.0,0.12150173804145659,22,7611.0
52450.0,52,46787.0,668.3857142857142,2.404416673007753,84220.99745607896,1203.1571065154133,1913915.2510000002,27341.64644285714,25,7696.0,0.05062713228868486,25,7696.0
52455.0,58,47065.0,747.063492063492,0.5160616084888042,83970.99325598977,1332.8729088252342,1939736.9400000002,30789.475238095238,32,7809.0,0.03541671167998312,32,7809.0
52460.0,51,31669.0,479.8333333333333,1.0341948469032687,84271.96426273737,1276.8479433748082,1965565.634,29781.297484848485,28,4933.0,0.0333223283791025,28,4933.0
52465.0,43,19126.0,289.7878787878788,2.8233457034132727,84549.83604983063,1281.05812196713,1965565.634,29781.297484848485,28,5061.0,0.0824583667109446,28,5061.0
52470.0,38,7981.0,124.703125,2.9821265857295582,75737.84987957765,1183.4039043684004,1878502.004,29351.593812500003,31,7173.0,0.05309910989065687,31,7173.0
52475.0,42,1092.0,17.901639344262296,2.0738652455158717,54762.421686019894,897.7446178036051,1707451.724,27991.011868852456,37,9299.0,0.0024780038452328393,37,9299.0
52480.0,35,977.0,16.016393442622952,2.2086206866552742,46904.84715952387,768.9319206479323,1715311.243,28119.85644262295,30,9173.0,0.03219112937518697,30,9173.0
52485.0,45,1176.0,17.043478260869566,2.2314201245258043,45594.4486788119,660.7891112871288,1860618.43,26965.484492753625,30,9231.0,0.020840864069204306,30,9231.0
52490.0,49,1402.0,20.318840579710145,2.461416150070967,44380.311847372024,643.1929253242321,1909918.578,27679.97939130435,30,9341.0,0.060210313013318945,30,9341.0
52495.0,56,1665.0,24.850746268656717,1.2467031225358562,44559.70117742747,665.0701668272756,2005750.036,29936.56770149254,32,9453.0,0.04406188109979494,32,9453.0
52500.0,53,1475.0,23.046875,0.8967153755248387,44644.39261034348,697.5686345366169,2053659.4600000002,32088.4290625,27,9206.0,0.026092706447628903,27,9206.0
52505.0,50,1432.0,21.696969696969695,2.183282043394037,44925.39863863575,680.6878581611476,2053659.4600000002,31116.052424242425,22,8909.0,0.04618084590573038,22,8909.0
52510.0,47,1456.0,21.73134328358209,2.4023053682266475,45042.566175000415,672.2771070895582,2027870.964,30266.730805970146,20,8970.0,0.1350090021079628,20,8970.0
52515.0,50,1643.0,25.671875,1.2169779463063164,44844.23296749206,700.6911401170635,1924697.3699999999,30073.39640625,24,9138.0,0.06201824107684146,24,9138.0
52520.0,50,1845.0,28.828125,1.5168343245430742,44840.67348538292,700.6355232091082,1924895.466,30076.49165625,23,9170.0,0.09364883892569732,23,9170.0
52525.0,52,2101.0,31.833333333333332,1.5745217928515838,45130.31142525566,683.7925973523586,1950780.328,29557.277696969697,26,9256.0,0.06645863793371737,26,9256.0
52530.0,57,2378.0,35.492537313432834,1.2219901924463186,45402.98753103965,677.6565303140244,2002538.3340000003,29888.631850746267,31,9363.0,0.03826844387390164,31,9363.0
52535.0,63,2676.0,39.940298507462686,0.46135103817408063,45659.212916481236,681.4807897982274,2028417.733,30274.891537313433,35,9491.0,0.014956954524031498,35,9491.0
52540.0,56,2829.0,42.223880597014926,1.351846750622425,45958.0500306882,685.9410452341519,2054297.039,30661.149835820892,28,9375.0,0.06956421647014273,28,9375.0
52545.0,52,2997.0,44.73134328358209,2.0858535929202344,46249.40780526242,690.2896687352599,2054297.039,30661.149835820892,24,9177.0,0.07849752309614018,24,9177.0
52550.0,50,3188.0,49.04615384615385,1.7000815541514993,46380.734422637535,713.5497603482698,2002597.4440000001,30809.191446153844,23,9251.0,0.06946901390858444,23,9251.0
52555.0,53,3432.0,55.354838709677416,0.8429226390610113,46381.72781285287,748.092384078272,1925102.033,31050.03279032258,26,9348.0,0.048992738318377534,26,9348.0
52560.0,52,3646.0,59.77049180327869,0.7425221055505815,46436.213608286904,761.2494034145394,1899347.835,31136.84975409836,26,9403.0,0.038163247362273264,26,9403.0
52565.0,56,3919.0,55.19718309859155,1.4702931038685785,46741.8911053903,658.3364944421166,1951147.594,27480.952028169013,30,9506.0,0.04502674264583465,30,9506.0
52570.0,59,4205.0,58.40277777777778,1.9470856008350335,47033.52439563379,653.2433943838023,2002928.09,27818.445694444446,32,9622.0,0.12664893251005452,32,9622.0
52575.0,64,4507.0,63.478873239436616,0.3483608318309307,47308.87502032353,666.3221833848385,2028818.2750000001,28574.90528169014,38,9754.0,0.034612477438327675,38,9754.0
52580.0,64,4702.0,65.30555555555556,0.8274926931830385,47654.14849637133,661.8631735607127,2054709.7470000002,28537.635374999998,36,9689.0,0.03471957993625969,36,9689.0
52585.0,59,4903.0,68.09722222222223,1.5369406671644743,47982.027000212845,666.4170416696228,2054709.7470000002,28537.635374999998,31,9624.0,0.038443035758455,31,9624.0
52590.0,56,5124.0,70.1917808219178,1.5721650117327943,48176.68345391466,659.9545678618445,2028879.2270000004,27792.86612328767,29,9730.0,0.04650219216950497,29,9730.0
52595.0,59,5395.0,74.93055555555556,1.138315627694552,48339.15431381199,671.3771432473886,1951270.8360000004,27100.983833333335,32,9855.0,0.04285366748601682,32,9855.0
52600.0,56,5573.0,77.40277777777777,1.2814473137088103,48417.73468386872,672.4685372759542,1925518.7750000001,26743.316319444442,30,9875.0,0.086856435777777,30,9875.0
52605.0,61,5868.0,78.24,1.2525836581491716,48747.765137511364,649.9702018334848,1977323.0610000002,26364.307480000003,35,10000.0,0.03180489637070498,35,10000.0
52610.0,67,6192.0,83.67567567567568,1.0007512521996316,49030.96676937632,662.580632018599,2003221.954,27070.56694594595,40,10153.0,0.01959059970330623,40,10153.0
52615.0,69,6534.0,89.5068493150685,0.5326756403670577,49314.07011848077,675.5352071024761,2003221.3960000002,27441.388986301372,41,10315.0,4.674717340032105e-05,41,10315.0
52620.0,58,5780.0,81.40845070422536,1.1234117619132393,49612.483682913924,698.7673758156888,2003218.3960000002,28214.343605633807,30,9814.0,0.03294742906728631,30,9814.0
52625.0,51,5803.0,78.41891891891892,1.8133855557012026,49938.1983751231,674.8405185827447,2003218.3960000002,27070.51886486487,23,9498.0,0.08288008672848628,23,9498.0
52630.0,54,5990.0,83.19444444444444,1.6518113770237801,50144.70618348524,696.4542525484059,1951427.7320000003,27103.162944444444,26,9580.0,0.11540366760166394,26,9580.0
52635.0,59,6243.0,87.92957746478874,0.8762967924903166,50101.526283847845,705.6552997725046,1951529.9780000004,27486.33771830986,32,9707.0,0.017374058837901076,32,9707.0
52640.0,52,5488.0,77.29577464788733,1.7561242070026015,49800.046522850316,701.4091059556381,1977452.7660000003,27851.447408450706,25,8974.0,0.08846783406526267,25,8974.0
52645.0,53,5748.0,75.63157894736842,2.8474646946050157,50098.34009869535,659.1886855091492,2029306.7640000004,26701.404789473687,27,8892.0,0.05082190390281653,27,8892.0
52650.0,58,6027.0,81.44594594594595,2.023047715442421,50083.11827708569,676.798895636293,2029345.0960000001,27423.58237837838,31,8999.0,0.048985168929711,31,8999.0
52655.0,62,6332.0,93.11764705882354,0.7279741661031535,49557.236808735535,728.7828942461105,2029337.7620000003,29843.202382352945,34,9125.0,0.009326781959881573,34,9125.0
52660.0,57,6470.0,99.53846153846153,0.6716928670103937,49786.64909025114,765.9484475423253,2029336.7360000003,31220.565169230766,29,9026.0,0.028439031168837565,29,9026.0
52665.0,54,6644.0,99.16417910447761,1.4647736051638494,50084.69052684814,747.5326944305692,2029338.192,30288.629731343284,26,8968.0,0.05398991882564072,26,8968.0
52670.0,51,6793.0,101.38805970149254,1.8144058931528504,50374.998985837374,751.8656565050354,2029338.192,30288.629731343284,24,9049.0,0.06259093614163144,24,9049.0
52675.0,53,7034.0,108.21538461538462,1.0318351667457981,50361.83822586834,774.7975111672051,1951696.0170000002,30026.092569230772,27,9179.0,0.08893423728998912,27,9179.0
52680.0,51,7021.0,108.01538461538462,1.225326938559393,50440.21966286542,776.0033794286987,1951820.493,30028.007584615385,24,9037.0,0.07296736402685583,24,9037.0
52685.0,56,7289.0,104.12857142857143,1.6305481151113408,50742.650020121575,724.8950002874511,1977766.297,28253.804242857143,29,9092.0,0.022504883251284327,29,9092.0
52690.0,57,7569.0,106.6056338028169,1.8176514671549913,50901.15351861722,716.9176551917916,2029657.0150000001,28586.71852112676,31,9204.0,0.10787814851682478,31,9204.0
52695.0,61,7863.0,112.32857142857142,1.1180852082107822,51156.96389576153,730.8137699394503,2055598.813,29365.69732857143,34,9325.0,0.02955924844012382,34,9325.0
52700.0,57,8007.0,119.50746268656717,0.8410972267001429,51329.09970700321,766.105965776167,2055598.813,30680.579298507462,29,9220.0,0.04920393069445869,29,9220.0
52705.0,55,8186.0,122.17910447761194,1.5415337430923688,51633.71776370206,770.6525039358513,2055598.813,30680.579298507462,27,9150.0,0.04026936871402928,27,9150.0
52710.0,52,8359.0,128.6,1.283010025441205,51752.689774430524,796.195227298931,2003781.8930000002,30827.413738461542,24,9233.0,0.04801179966864044,24,9233.0
52715.0,55,8587.0,132.1076923076923,0.7650001274019751,51899.11909769786,798.4479861184284,1925996.6520000005,29630.717723076923,27,9342.0,0.03750138505830348,27,9342.0
52720.0,51,8742.0,130.47761194029852,1.5114476448880607,52079.66308974303,777.3084043245227,1952030.3320000006,29134.78107462687,25,9343.0,0.06653848119984018,25,9343.0
52725.0,55,9007.0,126.85915492957747,1.8445125924620906,52257.189322699924,736.0167510239423,1978069.9140000006,27860.139633802817,28,9438.0,0.08031153398667479,28,9438.0
52730.0,60,9293.0,130.88732394366198,1.463777759955252,52539.78195663796,739.9969289667318,2004029.8840000005,28225.77301408451,34,9554.0,0.03874341085234214,34,9554.0
52735.0,63,9600.0,141.1764705882353,0.42428428866312634,52745.54170221783,775.669730914968,2029987.1650000005,29852.75242647059,36,9690.0,0.030285712589558623,36,9690.0
52740.0,60,9776.0,145.91044776119404,0.7723752367854203,53064.01861177463,792.0002777876811,2029987.1650000005,30298.315895522388,32,9623.0,0.02271268012374041,32,9623.0
52745.0,55,9952.0,138.22222222222223,1.8959228428215193,53378.7271703686,741.3712106995637,2029991.3370000003,28194.324125,27,9564.0,0.06174134131391112,27,9564.0
52750.0,52,10142.0,140.86111111111111,2.211970911623239,53663.12637156805,745.3211996051118,2004030.3530000004,27833.754902777775,25,9580.0,0.12427385425879527,25,9580.0
52755.0,55,10393.0,146.38028169014083,1.2475659593330577,53706.39901157098,756.428155092549,1952237.7610000004,27496.306492957745,29,9690.0,0.08108391804641976,29,9690.0
52760.0,56,10615.0,151.64285714285714,1.0904226230786156,53800.576368630645,768.5796624090093,1926389.5390000006,27519.850557142858,30,9757.0,0.01977215743472272,30,9757.0
52765.0,60,10908.0,151.5,1.3787180599066957,54029.76778091442,750.413441401589,1952419.7930000005,27116.941569444447,34,9880.0,0.03980974371328702,34,9880.0
52770.0,63,11216.0,151.56756756756758,1.3450032425215566,54312.060809662915,733.9467676981474,2004375.7870000002,27086.15928378378,36,10018.0,0.054527389445025366,36,10018.0
52775.0,65,11535.0,160.20833333333334,0.47854191122964385,54586.72047313316,758.1488954601824,2030347.8930000006,28199.27629166667,39,10167.0,0.0006696298288045484,39,10167.0
52780.0,58,11029.0,153.18055555555554,0.8710950474081522,54928.77670089771,762.8996764013568,2030347.8930000006,28199.27629166667,29,9652.0,0.05347396361325547,29,9652.0
52785.0,56,11114.0,154.36111111111111,1.3066113873733152,55260.19720961774,767.5027390224687,2030347.8930000006,28199.27629166667,27,9419.0,0.05337529028555295,27,9419.0
52790.0,56,11330.0,161.85714285714286,0.9478957731502342,55259.27461827034,789.4182088324333,2004368.8160000003,28633.84022857143,28,9510.0,0.02220450230416238,28,9510.0
52795.0,61,11592.0,163.26760563380282,0.721243070922416,55316.84321896204,779.1104678727047,2004380.5160000005,28230.711492957747,34,9641.0,0.003966707392325966,34,9641.0
52800.0,62,11845.0,166.83098591549296,1.238421489955822,55455.14571127018,781.0583902995799,2030375.6620000005,28596.840309859155,35,9738.0,0.02332260563646621,35,9738.0
52805.0,65,12159.0,157.9090909090909,1.2727550386455064,55614.59377276721,722.2674515943793,2030378.0540000005,26368.54615584416,36,9875.0,0.04130766889331011,36,9875.0
52810.0,64,12476.0,166.34666666666666,1.353038055842702,55787.466330808325,743.8328844107775,2004454.8220000004,26726.064293333333,36,10015.0,0.062339924254832056,36,10015.0
52815.0,67,12806.0,175.42465753424656,0.2419383290100715,56103.574587805146,768.5421176411663,2004454.664,27458.28306849315,39,10165.0,0.0069776234384513495,39,10165.0
52820.0,61,12853.0,173.6891891891892,0.750702402107536,56417.481093433205,762.3983931545025,2004455.5520000004,27087.23718918919,33,9880.0,0.02516170389902738,33,9880.0
52825.0,59,13027.0,176.04054054054055,1.2847097124522326,56757.43788512174,766.9924038529965,2004455.5520000004,27087.23718918919,30,9903.0,0.03101383645144141,30,9903.0
52830.0,58,13169.0,180.3972602739726,0.9537189797158463,56860.9910142441,778.9176851266313,1978508.952,27102.862356164384,30,10009.0,0.04283254805825921,30,10009.0
52835.0,63,13434.0,181.54054054054055,0.9850195206943098,57166.96967320338,772.5266172054507,1978562.118,26737.325918918916,36,10165.0,0.028596581803376573,36,10165.0
52840.0,52,9295.0,127.32876712328768,1.5386097448273672,57210.899643339326,783.7109540183468,2030605.3140000002,27816.51115068493,28,6310.0,0.06052607189054386,28,6310.0
52845.0,49,7028.0,92.47368421052632,2.4054532646256472,57529.19841400247,756.9631370263484,2030606.7740000002,26718.51018421053,32,6446.0,0.04288793453619045,32,6446.0
52850.0,43,4026.0,55.15068493150685,3.008038470008504,55713.826659108956,763.2031049193009,1958253.7480000006,26825.39380821918,35,7572.0,0.03733888304850748,35,7572.0
52855.0,42,2097.0,31.772727272727273,2.11534418844903,36626.97806067131,554.9542130404743,1687288.3920000005,25564.975636363637,39,8090.0,0.020865380703468,39,8090.0
52860.0,35,628.0,9.515151515151516,2.7885975000967784,29134.96451579856,441.43885629997817,1694783.0040000002,25678.530363636368,27,7002.0,0.04509652478825068,27,7002.0
52865.0,40,814.0,11.628571428571428,3.7203159429768853,27599.66259800667,394.2808942572382,1744780.6640000003,24925.438057142863,27,6683.0,0.019928323866712033,27,6683.0
52870.0,45,1027.0,14.884057971014492,2.885208283546154,26785.982351896135,388.2026427811033,1841614.2210000001,26690.061173913047,27,6790.0,0.04186310071746315,27,6790.0
52875.0,53,1275.0,20.238095238095237,1.327197782508349,25718.576372003346,408.23137098418005,1890187.6830000002,30002.979095238097,28,6904.0,0.006875549406761259,28,6904.0
52880.0,50,1248.0,20.8,0.804353642310219,25825.802277469047,430.4300379578174,1938435.5990000004,32307.259983333333,24,6658.0,0.05493525945386556,24,6658.0
52885.0,50,1303.0,20.682539682539684,1.6735764333437777,26108.8026498283,414.42543888616325,1938438.5990000004,30768.866650793654,22,6483.0,0.05158300822244536,22,6483.0
52890.0,46,1308.0,21.442622950819672,1.8184523398001649,26117.896780944404,428.1622423105637,1886495.9200000004,30926.162622950822,19,6438.0,0.11958644236204492,19,6438.0
52895.0,53,1504.0,23.873015873015873,1.0165107348986995,26020.161742384127,413.0184403553035,1860690.0440000002,29534.762603174608,24,6566.0,0.061132995704761196,24,6566.0
52900.0,45,1352.0,21.806451612903224,1.778287807734012,25982.826671422747,419.0778495390765,1834838.9880000001,29594.177225806452,19,6432.0,0.08572109208829054,19,6432.0
52905.0,47,1566.0,24.46875,2.0718927524994775,26248.600849493323,410.134388273333,1886984.119,29484.126859375,20,6401.0,0.14280603794539817,20,6401.0
52910.0,52,1809.0,27.40909090909091,1.574298852413697,26459.209518620824,400.89711391849727,1939137.1029999997,29380.865196969695,25,6462.0,0.05662492684353847,25,6462.0
52915.0,56,2079.0,32.484375,1.2079936277844294,26600.01121265672,415.6251751977611,1965207.8489999997,30706.372640625,30,6577.0,0.04812963733221853,30,6577.0
52920.0,52,2207.0,36.18032786885246,0.8447845409808142,26628.929758871687,436.5398321126505,1991277.0689999997,32643.88637704918,25,6350.0,0.05292392470081232,25,6350.0
52925.0,48,2357.0,35.17910447761194,2.165918128780191,26913.08286851039,401.68780400761744,1991284.245,29720.66037313433,20,6197.0,0.060130152097486164,20,6197.0
52930.0,47,2530.0,38.333333333333336,2.5180913898687023,27114.103704016918,410.8197530911653,1965260.11,29776.66833333333,20,6268.0,0.1462097633507076,20,6268.0
52935.0,51,2760.0,43.125,0.9819310519318241,27017.85953922,422.15405530031234,1913351.2170000004,29896.112765625003,24,6364.0,0.04699643852170099,24,6364.0
52940.0,49,2917.0,46.301587301587304,1.0731823875815991,26989.57785380763,428.405997679486,1887491.9260000004,29960.189301587307,22,6372.0,0.024560070669910696,22,6372.0
52945.0,51,3168.0,49.5,1.807619909587508,27270.482398989352,426.1012874842082,1913574.3310000005,29899.598921874996,25,6461.0,0.05770274229698425,25,6461.0
52950.0,53,3432.0,51.223880597014926,1.768046705050803,27519.998574108886,410.7462473747592,1965739.8790000004,29339.401179104476,27,6570.0,0.03444194616397267,27,6570.0
52955.0,58,3709.0,59.82258064516129,0.7385416787865671,27674.84664973805,446.36849435061356,1965733.2910000004,31705.375661290323,30,6688.0,6.414782762453949e-05,30,6688.0
52960.0,52,3837.0,62.90163934426229,0.9930033783015613,27946.588768866495,458.1407994896145,1965733.2910000004,32225.135918032785,24,6505.0,0.06075234760547577,24,6505.0
52965.0,49,3975.0,62.109375,1.9629037917294687,28225.787395868807,441.02792806045,1965736.2910000004,30714.629546875,21,6286.0,0.04544091785033851,21,6286.0
52970.0,45,4134.0,65.61904761904762,2.1474200386714086,28478.69251773143,452.04273837668933,1939652.2700000005,30788.131269841266,18,6356.0,0.10575608755754605,18,6356.0
52975.0,51,4351.0,69.06349206349206,1.0730142597461207,28219.706598051685,447.93185076272505,1861721.943,29551.141952380956,24,6451.0,0.05333730023234819,24,6451.0
52980.0,50,4567.0,73.66129032258064,1.2387074834605745,28257.537386339285,455.76673203773015,1835773.095,29609.24346774194,24,6528.0,0.05918433005343948,24,6528.0
52985.0,55,4829.0,71.01470588235294,1.2013337376469466,28554.46395593254,419.91858758724317,1887980.812,27764.423705882353,29,6635.0,0.05484579265457503,29,6635.0
52990.0,59,5112.0,74.08695652173913,1.381625210581351,28834.825731262375,417.8960250907588,1940178.069,28118.52273913043,32,6763.0,0.12707672122044586,32,6763.0
52995.0,61,5411.0,78.42028985507247,0.36501381993450965,29138.21520154431,422.2929739354245,1966280.9759999998,28496.825739130432,35,6907.0,0.0018211647972334593,35,6907.0
53000.0,60,5597.0,81.1159420289855,0.641447395226057,29445.546118985105,426.74704520268244,1966281.7079999996,28496.836347826087,32,6912.0,0.012031930473523276,32,6912.0
53005.0,55,5781.0,82.58571428571429,1.7589648035516248,29761.30256782066,425.1614652545808,1966281.7079999996,28089.73868571429,27,6911.0,0.03786127193750981,27,6911.0
53010.0,52,5982.0,87.97058823529412,1.3441046233929652,29952.216490807597,440.4737719236411,1914099.3939999996,28148.520500000002,25,7014.0,0.07824560362227918,25,7014.0
53015.0,56,6241.0,94.56060606060606,0.617962972964475,30069.14608876718,455.5931225570783,1835849.2769999998,27815.898136363638,30,7146.0,0.03696844581589489,30,7146.0
53020.0,50,5732.0,85.55223880597015,1.5581647375816623,30283.8194279006,451.9973048940387,1862009.4529999997,27791.185865671647,23,6577.0,0.09578623980353257,23,6577.0
53025.0,54,5989.0,84.35211267605634,2.2842596831793593,30572.04573244429,430.5921934147082,1914245.677,26961.20671830986,27,6599.0,0.040996249128201066,27,6599.0
53030.0,56,6264.0,90.78260869565217,2.0492327957961236,30557.008444831088,442.85519485262427,1940364.709,28121.227666666666,30,6719.0,0.029155147512426604,30,6719.0
53035.0,58,6552.0,102.375,0.5579244041040707,30326.237719848566,473.8474643726335,1992585.3080000002,31134.1454375,32,6852.0,0.04004440861836155,32,6852.0
53040.0,50,5983.0,94.96825396825396,1.031923277899935,30589.896700966976,485.5539158883645,1992585.3080000002,31628.338222222224,22,6359.0,0.046940370000323736,22,6359.0
53045.0,47,6067.0,87.92753623188406,1.911823341381942,30883.84821160787,447.59200306678065,1992591.3080000002,28878.13489855073,17,6187.0,0.06801897406652754,17,6187.0
53050.0,44,6212.0,91.3529411764706,1.9814406515088332,30783.257631210585,452.69496516486134,1940417.691,28535.554279411765,17,6245.0,0.13280240592837003,17,6245.0
53055.0,51,6435.0,96.04477611940298,1.2883158239691872,31056.7945153529,463.5342464978043,1914311.463,28571.812880597015,24,6338.0,0.02152025015946431,24,6338.0
53060.0,47,6407.0,95.6268656716418,1.8271865568082097,31138.09157186042,464.7476354009017,1940442.4310000003,28961.827328358206,21,6231.0,0.06698422501525332,21,6231.0
53065.0,52,6657.0,100.86363636363636,1.79009883617084,31024.492258005346,470.06806451523244,1914369.1670000001,29005.59343939394,25,6265.0,0.04100490616002071,25,6265.0
53070.0,54,6923.0,109.88888888888889,1.650532453807176,31231.66480670945,495.74071121761017,1914368.7210000001,30386.805095238095,26,6367.0,0.04822886761422812,26,6367.0
53075.0,57,7195.0,116.04838709677419,0.7819132168814862,31336.235857241227,505.4231589877616,1914368.5790000001,30876.91256451613,27,6474.0,0.006812718702510449,27,6474.0
53080.0,51,7311.0,123.91525423728814,0.9850682101292981,31498.414979149802,533.871440324573,1914368.5790000001,32446.92506779661,23,6383.0,0.056645507941767724,23,6383.0
53085.0,48,7443.0,124.05,1.797489797457547,31766.43295150541,529.4405491917566,1914368.5790000001,31906.142983333335,20,6218.0,0.10227499324297878,20,6218.0
53090.0,44,7536.0,127.72881355932203,1.4238331464987624,31896.16255048668,540.6129245845199,1888286.174,32004.850406779664,17,6280.0,0.08672940893810892,17,6280.0
53095.0,49,7743.0,133.5,0.9595245926864289,31897.73148789098,549.9608877222582,1862284.98,32108.361724137932,22,6382.0,0.06299498491626884,22,6382.0
53100.0,49,7928.0,136.68965517241378,1.0214597820893183,31937.063205002098,550.6390207758982,1862430.774,32110.875413793106,22,6439.0,0.0795211867246185,22,6439.0
53105.0,50,8175.0,127.734375,1.4099880468080803,32213.493993069646,503.33584364171315,1888594.6420000002,29509.29128125,24,6527.0,0.051173720458202065,24,6527.0
53110.0,55,8437.0,129.8,1.6250579727857752,32480.406796667896,499.6985661025829,1940916.0890000002,29860.247523076923,28,6634.0,0.08618461768191867,28,6634.0
53115.0,57,8714.0,136.15625,0.5931656891750051,32714.254382042713,511.1602247194171,1967073.8950000003,30735.529609375,31,6756.0,0.04533187171232833,31,6756.0
53120.0,54,8856.0,136.24615384615385,0.8563345667561131,32997.6289807761,507.6558304734783,2019392.4370000002,31067.575953846157,28,6650.0,0.044606578113841354,28,6650.0
53125.0,52,9033.0,132.83823529411765,2.0888942765148513,33292.4572910921,489.59496016311874,2019395.4370000002,29696.991720588238,24,6596.0,0.08960998624343895,24,6596.0
53130.0,49,9217.0,133.57971014492753,2.283836472190709,33526.12510520056,485.88587108986286,1993265.396,28887.904289855072,21,6679.0,0.10431626391842709,21,6679.0
53135.0,52,9446.0,145.3230769230769,0.9840066253427174,33409.468103417945,513.9918169756609,1862643.825,28656.058846153846,25,6780.0,0.04030377773404309,25,6780.0
53140.0,52,9613.0,147.8923076923077,1.1424749324189112,33604.15851973225,516.9870541497266,1862699.426,28656.914246153847,26,6800.0,0.05690279209820993,26,6800.0
53145.0,55,9884.0,145.35294117647058,1.4869231471112998,33904.154281387564,498.59050413805244,1915036.209,28162.29719117647,29,6916.0,0.0533601203347673,29,6916.0
53150.0,58,10170.0,151.7910447761194,1.2120216209264736,34147.04011294744,509.6573151186183,1941200.5040000002,28973.14185074627,32,7047.0,0.03459629155334964,32,7047.0
53155.0,61,10467.0,158.5909090909091,0.6158986280617406,34379.66527198684,520.9040192725278,1967370.5280000002,29808.644363636362,34,7188.0,0.028524193901320286,34,7188.0
53160.0,56,10629.0,163.52307692307693,1.0109026854148375,34680.92227569091,533.5526503952445,1967370.5280000002,30267.23889230769,28,7122.0,0.01380165441921755,28,7122.0
53165.0,53,10804.0,156.57971014492753,1.783190813100128,34982.14689481842,506.98763615678877,1967373.5280000002,28512.659826086954,25,7057.0,0.05790190584856797,25,7057.0
53170.0,50,10960.0,158.84057971014494,2.1336230892869765,35274.130133794584,511.21927730137065,1967373.5280000002,28512.659826086954,23,7149.0,0.12974044812524618,23,7149.0
53175.0,54,11200.0,169.6969696969697,0.7571271362598337,35298.903425575794,534.8318700844816,1888989.0629999998,28621.046409090908,28,7264.0,0.035217817842177014,28,7264.0
53180.0,49,10674.0,156.97058823529412,1.5157268094988545,35356.951836468594,519.9551740657146,1889133.6600000001,27781.377352941177,22,6686.0,0.06954121375557962,22,6686.0
53185.0,51,10924.0,158.31884057971016,2.392742000860753,35641.24150367659,516.5397319373417,1915316.6800000002,27758.21275362319,25,6694.0,0.02455457138387139,25,6694.0
53190.0,56,11194.0,164.61764705882354,1.662385008304941,35654.037377208675,524.3240790765981,1941500.5129999998,28551.478132352942,29,6808.0,0.01074121494994162,29,6808.0
53195.0,59,11487.0,185.2741935483871,0.49571379767549745,35412.40059975734,571.1677516089893,1941493.4389999998,31314.410306451613,31,6936.0,1.519851786264405e-05,31,6936.0
53200.0,53,11630.0,193.83333333333334,0.7134064321592234,35639.39019878996,593.9898366464993,1941492.563,32358.209383333335,25,6873.0,0.04823648916017152,25,6873.0
53205.0,49,11774.0,178.3939393939394,1.7652699391905067,35925.532126908685,544.3262443471012,1941497.031,29416.621681818182,21,6828.0,0.07462858991456289,21,6828.0
53210.0,47,11948.0,183.8153846153846,2.3029392206111208,36181.52245082177,556.6388069357193,1915305.909,29466.244753846157,19,6841.0,0.11834102718965568,19,6841.0
53215.0,51,12149.0,192.84126984126985,1.0833184447647692,36131.71464297687,573.519280047252,1863061.8589999997,29572.410460317456,24,6948.0,0.09217992236437324,24,6948.0
53220.0,47,12172.0,193.20634920634922,1.3503982263451717,36236.646074989505,575.1848583331669,1836951.4309999996,29157.959222222224,21,6858.0,0.09048714164423564,21,6858.0
53225.0,51,12423.0,180.04347826086956,2.0443385982921556,36524.896492803775,529.3463259826634,1889372.1569999997,27382.20517391304,25,6935.0,0.08960380369942758,25,6935.0
53230.0,58,12687.0,176.20833333333334,1.6573008909318918,36726.38053217103,510.08861850237554,1941785.4339999994,26969.24213888889,31,7044.0,0.079087492508133,31,7044.0
53235.0,59,12974.0,188.02898550724638,1.0977538867148682,36876.46589920638,534.4415347711068,1967988.5319999997,28521.572927536232,33,7176.0,0.05089534616120199,33,7176.0
53240.0,53,12327.0,178.65217391304347,1.140983564931985,37147.809274428626,538.3740474554872,2020399.6259999997,29281.154,25,6705.0,0.09492294153355348,25,6705.0
53245.0,50,12422.0,177.45714285714286,1.4185452775036407,37462.20190116166,535.174312873738,2020399.6259999997,28862.8518,21,6463.0,0.08210129014315845,21,6463.0
53250.0,50,12620.0,185.58823529411765,1.1112919611683363,37470.81978923261,551.0414674887149,1994214.5189999994,29326.684102941173,22,6543.0,0.06451804503282696,22,6543.0
53255.0,59,12881.0,186.68115942028984,0.7199071156945064,37761.34458118778,547.2658634954752,1941795.633,28141.965695652172,30,6661.0,0.012662081683180651,30,6661.0
53260.0,56,13059.0,189.2608695652174,1.5256439371518078,37820.809934963676,548.1276802168651,1968013.955,28521.941376811596,30,6700.0,0.02772507150281882,30,6700.0
53265.0,58,13345.0,199.17910447761193,1.4951398349570804,37758.88761563579,563.5654868005342,1968010.8709999998,29373.296582089548,30,6825.0,0.055302200881614624,30,6825.0
53270.0,59,13636.0,203.52238805970148,1.5315332783367153,38056.22582306425,568.0033704934964,1968010.8709999998,29373.296582089548,31,6951.0,2.749018179671169e-05,31,6951.0
53275.0,59,13931.0,228.37704918032787,0.448238708615043,38086.553871821576,624.3697356036324,1941848.4409999996,31833.581,31,7081.0,2.7968923156999536e-07,31,7081.0
53280.0,53,14013.0,237.5084745762712,0.6059745090286921,38365.66732625159,650.2655479025693,1941848.1349999998,32912.68025423728,25,6951.0,0.01759616895671165,25,6951.0
53285.0,49,14140.0,211.044776119403,1.9865950355105904,38652.93363943934,576.9094573050647,1941858.3189999997,28982.959985074624,21,6849.0,0.07064023393587011,21,6849.0
53290.0,44,14222.0,212.26865671641792,3.5632061431775046,38914.57945798012,580.8146187758227,1941858.3189999997,28982.959985074624,17,6680.0,0.2533882475633284,17,6680.0
53295.0,49,14416.0,228.82539682539684,1.7229886948286517,38581.23984494426,612.4006324594327,1837244.3669999996,29162.608999999997,22,6710.0,0.1300538471100472,22,6710.0
53300.0,54,14674.0,232.9206349206349,0.8961421017250389,38639.59880071445,613.3269650907055,1811139.6099999996,28748.24777777777,28,6840.0,0.05521783974382647,28,6840.0
53305.0,48,14434.0,225.53125,1.7299589201246552,38822.19621394857,606.5968158429464,1837454.2959999999,28710.223375,21,6459.0,0.10504624056209952,21,6459.0
53310.0,52,14680.0,219.1044776119403,2.3082604245863663,38997.16675040061,582.0472649313522,1863777.2779999997,27817.571313432836,25,6536.0,0.05943918685241692,25,6536.0
53315.0,52,14938.0,222.955223880597,2.168810828202913,39141.48007096299,584.2011950889997,1890024.9039999999,28209.326925373134,26,6639.0,0.025889669440441947,26,6639.0
53320.0,55,15209.0,237.640625,1.0088974191337794,39066.11284725051,610.4080132382892,1942510.9409999999,30351.733453125,29,6755.0,0.053192909074482736,29,6755.0
53325.0,53,15337.0,239.640625,0.8468700742953941,39278.36869648905,613.7245108826414,1995005.8960000002,31171.967125,26,6703.0,0.02719055137262036,26,6703.0
53330.0,49,15513.0,238.66153846153847,2.1292417238285,39559.43616117568,608.6067101719335,2021251.0760000001,31096.1704,23,6668.0,0.1131902313004412,23,6668.0
53335.0,47,15706.0,237.96969696969697,1.6950656068683856,39722.55091058132,601.8568319785047,1995033.2160000005,30227.776,21,6749.0,0.09469673480858289,21,6749.0
53340.0,52,15956.0,249.3125,1.1229948620479662,39890.0175237997,623.2815238093706,1942565.6460000002,30352.58821875,25,6845.0,0.03929763336496999,25,6845.0
53345.0,49,15968.0,238.32835820895522,1.4558998519253226,40099.04481909122,598.4932062550927,1942607.9860000003,28994.14904477612,23,6756.0,0.05794323533415475,23,6756.0
53350.0,53,16228.0,238.64705882352942,1.9487242784190035,40294.907405729595,592.5721677313177,1968899.7450000003,28954.408014705885,27,6807.0,0.10019048510855587,27,6807.0
53355.0,57,16505.0,239.20289855072463,1.431056421597082,40599.38209235021,588.3968419181192,1995149.7070000004,28915.213144927537,31,6929.0,0.018118563190933537,31,6929.0
53360.0,61,16804.0,250.80597014925374,0.860968105753479,40704.17189596838,607.5249536711697,2021390.6570000001,30170.009805970152,33,7069.0,0.01657067111436256,33,7069.0
53365.0,53,16902.0,252.26865671641792,1.2916160558161482,40896.112422060665,610.3897376426963,2021390.6570000001,30170.009805970152,25,6967.0,0.02688196548299799,25,6967.0
53370.0,48,17037.0,254.28358208955223,2.302073130832712,41181.12693793248,614.6436856407831,2021390.6570000001,30170.009805970152,20,6928.0,0.10964960041835206,20,6928.0
53375.0,49,17201.0,252.9558823529412,2.124408905566711,41467.146637124955,609.8109799577201,2021390.6570000001,29726.333191176473,22,7011.0,0.07424467787855284,22,7011.0
53380.0,54,17439.0,264.22727272727275,1.1868196431930866,41452.80121933343,628.0727457474762,1916491.7589999998,29037.753924242425,27,7127.0,0.07518644713356244,27,7127.0
53385.0,51,17589.0,266.5,1.0679702401747873,41553.27344064859,629.5950521310393,1864060.058,28243.33421212121,25,7138.0,0.04677969272031983,25,7138.0
53390.0,56,17859.0,262.63235294117646,1.526649905385645,41854.40454382254,615.5059491738609,1916589.6639999999,28185.14211764706,30,7253.0,0.03261537158146946,30,7253.0
53395.0,59,18147.0,263.0,1.385754717184885,42120.52584306273,610.4424035226485,1969119.527,28537.964159420295,32,7386.0,0.05629619282195754,32,7386.0
53400.0,63,18451.0,283.8615384615385,0.32198608968724346,42326.449488603335,651.1761459785129,1969119.0770000003,30294.139646153846,35,7530.0,0.01660807372137863,35,7530.0
53405.0,52,17859.0,262.63235294117646,1.1929987349976707,42634.31251610642,626.9751840603885,1969122.0770000003,28957.677602941178,24,7093.0,0.040286151094773105,24,7093.0
53410.0,47,17864.0,255.2,2.2376374229039984,42928.29389173583,613.261341310512,1969122.121,28130.31601428572,18,6846.0,0.1362204453852987,18,6846.0
53415.0,49,17992.0,264.5882352941176,1.5198726158302391,43118.1052174794,634.0897826099913,1916601.088,28185.31011764706,21,6909.0,0.04066003616320802,21,6909.0
53420.0,55,18225.0,272.0149253731343,0.949163703488892,43214.374654317326,644.9906664823484,1916625.554,28606.351552238808,28,7028.0,0.03631782933836507,28,7028.0
53425.0,53,18436.0,283.6307692307692,1.1979657675671829,43072.570645511434,662.6549330078685,1916624.253,29486.52696923077,27,7101.0,0.0046150032749467645,27,7101.0
53430.0,57,18710.0,283.4848484848485,1.4009661224371521,43183.20871899818,654.2910411969424,1969195.503,29836.2955,30,7220.0,0.029128028126611024,30,7220.0
53435.0,60,18993.0,287.77272727272725,1.0347109333300415,43327.895999138724,656.4832727142231,1942944.031,29438.545924242422,30,7345.0,0.03053914552156236,30,7345.0
53440.0,59,19284.0,311.03225806451616,0.5666153312532812,43572.50120813523,702.7822775505686,1942941.009,31337.75820967742,31,7471.0,0.029602832731365172,31,7471.0
53445.0,51,19294.0,296.83076923076925,1.0768262234022443,43871.1859497227,674.9413223034261,1942944.009,29891.44629230769,22,7172.0,0.06251668599109007,22,7172.0
53450.0,51,19420.0,298.7692307692308,1.2391554383562937,44165.80103550342,679.4738620846681,1942944.009,29891.44629230769,22,7165.0,0.05675489169576171,22,7165.0
53455.0,51,19568.0,296.4848484848485,1.0989892377055452,44462.53606921103,673.67478892744,1942944.7460000003,29438.55675757576,24,7248.0,0.015971421267916158,24,7248.0
53460.0,54,19810.0,314.44444444444446,0.8851705229958735,44399.28482729587,704.7505528142202,1916655.422,30423.10193650794,28,7377.0,0.02701700838957153,28,7377.0
53465.0,54,20040.0,299.1044776119403,1.1397436541183177,44572.36051087198,665.2591121025666,1942967.1860000002,28999.51023880597,28,7455.0,0.010438995595597899,28,7455.0
53470.0,58,20323.0,307.92424242424244,1.4801858830935344,44734.11538116507,677.7896269873496,1916719.1120000002,29041.198666666667,30,7593.0,0.10399491846950028,30,7593.0
53475.0,60,20615.0,317.15384615384613,0.5686669950252718,45017.73692201006,692.5805680309238,1916718.804,29487.981599999996,32,7740.0,0.018275805622445268,32,7740.0
53480.0,63,20926.0,332.1587301587302,3.2341163463704806e-05,45286.4693314398,718.8328465307908,1916718.804,30424.107999999997,35,7898.0,4.754318652204278e-06,35,7898.0
53485.0,58,21059.0,329.046875,0.5365244982266096,45599.17328345465,712.487082553979,1916718.804,29948.7313125,30,7802.0,0.01813283954640473,30,7802.0
53490.0,53,21185.0,316.1940298507463,1.58371562169903,45900.48433930585,685.0818558105352,1916720.8200000003,28607.77343283582,25,7695.0,0.1005286152076544,25,7695.0
53495.0,50,21329.0,318.34328358208955,1.836569958504003,46031.786942183506,687.0415961519928,1890472.8250000002,28216.01231343284,23,7679.0,0.09361062401736595,23,7679.0
53500.0,53,21554.0,321.7014925373134,1.0519981848268893,46179.43517233085,689.245301079565,1890577.7540000002,28217.57841791045,26,7819.0,0.05610316570370174,26,7819.0
53505.0,45,20685.0,313.40909090909093,1.6509141832879675,46171.07940526492,699.5618091706808,1864438.982,28249.075484848487,19,7029.0,0.08381811138517392,19,7029.0
53510.0,49,20923.0,312.2835820895522,2.87356254809189,46300.75300194248,691.0560149543655,1890892.141,28222.27076119403,23,6895.0,0.08915603583643367,23,6895.0
53515.0,51,21172.0,311.3529411764706,2.119407971313246,46163.21103390556,678.8707504986113,1943582.9989999996,28582.10292647059,24,6984.0,0.010902876600195099,24,6984.0
53520.0,55,21442.0,345.83870967741933,1.1746924854696634,45711.44698863057,737.2814030424285,1969922.7729999998,31772.947951612907,29,7094.0,0.01793669466146896,29,7094.0
53525.0,50,21493.0,325.6515151515151,1.329616171171942,45909.453590687066,695.5977816770768,1996275.183,30246.59368181818,23,7024.0,0.06315644095341702,23,7024.0
53530.0,53,21755.0,329.6212121212121,2.0963454896949623,46191.61896176108,699.8730145721375,1996275.183,30246.59368181818,25,7075.0,0.13111795206366866,25,7075.0
53535.0,55,22021.0,323.8382352941176,1.6333699626073572,46478.0279423128,683.5004109163647,1996279.135,29357.046102941178,27,7171.0,0.034574165950126357,27,7171.0
53540.0,58,22306.0,343.16923076923075,1.0365955343458968,46549.93495121395,716.1528454032916,1996275.5649999997,30711.93176923077,30,7286.0,0.04585255623630872,30,7286.0
53545.0,51,22291.0,359.53225806451616,1.1253931992859256,46783.59354848258,754.5740894916547,1996275.399,32197.99030645161,23,7048.0,0.03875697872583974,23,7048.0
53550.0,47,22337.0,360.2741935483871,1.9186503454487442,47053.132554721975,758.9214928180965,1996275.399,32197.99030645161,19,6852.0,0.09271039374591494,19,6852.0
53555.0,46,22431.0,361.7903225806452,1.903755780164664,47130.4852900974,760.1691175822164,1970027.034,31774.629580645164,19,6799.0,0.07336783539163015,19,6799.0
53560.0,48,22631.0,377.18333333333334,1.344365694049155,47300.567529666696,788.3427921611114,1917360.5690000001,31956.00948333333,21,6900.0,0.08342101562180293,21,6900.0
53565.0,46,22775.0,373.3606557377049,1.5349262790388865,47040.322333116215,771.1528251330528,1864977.309,30573.39850819672,20,6914.0,0.06837197004913309,20,6914.0
53570.0,50,23016.0,371.2258064516129,1.7290219800121833,47148.104162455114,760.4532929428245,1891474.3730000001,30507.651177419357,23,6995.0,0.05066191369430943,23,6995.0
53575.0,54,23275.0,375.4032258064516,1.319290476764497,47388.935856992844,764.3376751127881,1917852.5550000002,30933.10572580645,28,7095.0,0.06318721595771598,28,7095.0
53580.0,57,23551.0,392.51666666666665,0.34723460978227383,47580.189998927526,793.0031666487922,1970603.989,32843.399816666664,31,7211.0,0.0449171057704919,31,7211.0
53585.0,52,23692.0,370.1875,1.2216074307773788,47877.037031975284,748.0787036246138,1996981.8930000002,31202.842078125,25,7008.0,0.04403605836437576,25,7008.0
53590.0,48,23839.0,361.1969696969697,2.2550956636674306,48154.05335014805,729.6068689416372,1996981.9410000006,30257.302136363636,20,6865.0,0.14847813080339387,20,6865.0
53595.0,47,24011.0,375.171875,1.7340329309253315,48195.35649680103,753.0524452625164,1944369.3220000004,30380.770656250003,20,6930.0,0.055459514584885336,20,6930.0
53600.0,51,24244.0,391.03225806451616,0.8797851566573758,48286.206010159214,778.8097743574069,1891738.4110000003,30511.909854838712,24,7025.0,0.05623669821260726,24,7025.0
53605.0,49,24413.0,375.5846153846154,1.3780842128369146,48267.247011376385,742.5730309442523,1865556.2670000002,28700.86564615385,23,7046.0,0.050593469223463736,23,7046.0
53610.0,54,24669.0,362.77941176470586,1.8163481219046054,48551.54686351036,713.9933362280934,1918333.675,28210.789338235296,27,7142.0,0.08456381340229983,27,7142.0
53615.0,59,24943.0,361.4927536231884,0.8632082528526418,48801.28100266376,707.2649420675909,1944723.101,28184.392768115944,31,7256.0,0.02563163391433187,31,7256.0
53620.0,62,25252.0,376.8955223880597,0.6280801045362855,49064.609577049174,732.3076056275994,1944723.101,29025.717925373134,34,7396.0,0.028740373417747093,34,7396.0
53625.0,57,25416.0,385.09090909090907,0.8708596713660197,49359.40923080386,747.8698368303614,1944723.101,29465.501530303027,29,7318.0,0.06304833893379944,29,7318.0
53630.0,55,25605.0,387.95454545454544,1.401258111536979,49660.5594801224,752.4327193957942,1944723.101,29465.501530303027,27,7267.0,0.05904501828585264,27,7267.0
53635.0,52,25768.0,396.4307692307692,1.4703745325062973,49935.86150714191,768.2440231867988,1918328.663,29512.748661538462,25,7288.0,0.06404473074025038,25,7288.0
53640.0,53,26011.0,412.87301587301585,0.8091511493967882,49852.11206092836,791.3033660464822,1865730.573,29614.771,27,7428.0,0.049008035523928,27,7428.0
53645.0,54,26223.0,380.04347826086956,1.3070770142103418,49942.634338986216,723.806294767916,1865869.559,27041.5878115942,27,7480.0,0.05306778316118515,27,7480.0
53650.0,56,26498.0,378.54285714285714,1.6843947803747983,50244.937333827605,717.7848190546798,1892276.3509999998,27032.519299999996,30,7595.0,0.12113497999931244,30,7595.0
53655.0,62,26793.0,372.125,0.710504927188699,50568.91866605075,702.3460925840382,1945092.89,27015.17902777778,36,7730.0,0.029219577640851004,36,7730.0
53660.0,68,27123.0,382.01408450704224,0.18378560465161609,50832.71906724887,715.9537896795616,1997911.0039999997,28139.5916056338,41,7900.0,0.017759474267910268,41,7900.0
53665.0,61,27299.0,379.15277777777777,0.7395580520663096,51178.40046742465,710.8111176031201,2024314.2399999998,28115.47555555556,35,7883.0,0.03705463790565019,35,7883.0
53670.0,58,27494.0,371.5405405405405,1.7950527545328174,51509.326508219645,696.0719798408059,2024316.0039999997,27355.621675675677,30,7887.0,0.06617982310288568,30,7887.0
53675.0,56,27728.0,374.7027027027027,2.031933645446051,51784.22707333368,699.7868523423467,1997926.4359999998,26999.005891891895,28,7997.0,0.043434803111586096,28,7997.0
53680.0,58,27991.0,405.6666666666667,0.7992176981598319,51790.67143654085,750.5894411092877,1865962.5579999997,27042.93562318841,32,8125.0,0.0471829664180983,32,8125.0
53685.0,51,27250.0,378.47222222222223,1.4505494177137013,52019.483956224016,722.4928327253336,1866021.6329999997,25916.967125,25,7387.0,0.05329188595749368,25,7387.0
53690.0,57,27521.0,366.94666666666666,2.466268073302532,52325.2432157061,697.6699095427481,1918857.7970000003,25584.77062666667,29,7338.0,0.06795212951197678,29,7338.0
53695.0,59,27801.0,356.4230769230769,2.4792835467595187,52477.86293607725,672.793114565093,1945279.506,24939.480846153845,33,7463.0,0.06982938415122315,33,7463.0
53700.0,64,28105.0,401.5,0.9631426585185845,51893.64139733683,741.337734247669,1971689.0659999999,28166.986657142854,36,7604.0,0.026934242789560903,36,7604.0
53705.0,58,28173.0,396.80281690140845,1.0299788585830363,52163.70612985436,734.7000863359771,1971688.1840000001,27770.256112676052,30,7554.0,0.037545823748898886,30,7554.0
53710.0,60,28473.0,401.0281690140845,1.5012556156256451,52478.07403722747,739.1278033412318,1971688.1840000001,27770.256112676052,32,7632.0,0.05492492044464214,32,7632.0
53715.0,61,28774.0,411.0571428571429,1.0326433694606876,52744.181686070086,753.4883098010012,1971684.5879999998,28166.922685714286,33,7763.0,0.0012590170496955084,33,7763.0
53720.0,63,29088.0,421.5652173913044,0.8353260196368532,52926.41261216629,767.0494581473374,1971684.6139999998,28575.139333333333,35,7907.0,0.0,35,7907.0
53725.0,56,29119.0,441.1969696969697,1.129809454077156,53110.91765045577,804.7108734917543,1971681.4459999998,29873.961303030304,28,7788.0,0.018683912290134816,28,7788.0
53730.0,51,29174.0,442.030303030303,1.7815329140760123,53402.371004487366,809.1268334013239,1971681.4459999998,29873.961303030304,23,7715.0,0.09239895366539755,23,7715.0
53735.0,52,29271.0,436.8805970149254,1.6236504623646486,53697.67372418293,801.4578167788497,1971681.4459999998,29428.08128358209,25,7800.0,0.04711698122806051,25,7800.0
53740.0,54,29497.0,468.2063492063492,0.6210905020325039,53545.6790959936,849.9314142221208,1866156.2279999997,29621.52742857143,27,7938.0,0.046644296148640414,27,7938.0
53745.0,51,29657.0,449.3484848484849,1.0802509104231588,53727.0681080916,814.0464864862364,1866223.597,28276.115106060603,25,7974.0,0.04128680906682253,25,7974.0
53750.0,55,29923.0,440.04411764705884,1.7852764639309677,54022.843575486964,794.4535819924555,1919131.4910000002,28222.52192647059,29,8080.0,0.04964906145355499,29,8080.0
53755.0,59,30207.0,450.85074626865674,0.9912079201339459,54272.473209394695,810.036913573055,1945585.6310000003,29038.591507462686,33,8204.0,0.03383178467012163,33,8204.0
53760.0,63,30514.0,476.78125,0.1944498041274808,54499.04407872985,851.547563730154,1945585.6310000003,30399.775484375,35,8343.0,4.09655701923887e-05,35,8343.0
53765.0,53,29519.0,427.81159420289856,1.0096885057632954,54807.70425429911,794.3145544101319,1945591.6310000003,28196.98015942029,24,7783.0,0.03649690431934813,24,7783.0
53770.0,48,29383.0,408.09722222222223,2.1364973962842773,55112.19006508682,765.447084237317,1945592.376,27022.11633333333,19,7422.0,0.15186877093548834,19,7422.0
53775.0,49,29526.0,415.85915492957747,1.5200260564944028,55404.93633210273,780.3512159451091,1919132.166,27030.030507042255,21,7486.0,0.05915648342909083,21,7486.0
53780.0,58,29761.0,431.3188405797101,0.7801970494267987,55148.76448184811,799.2574562586685,1919131.1730000002,27813.495260869564,32,7619.0,0.022541009460772872,32,7619.0
53785.0,60,30003.0,434.82608695652175,1.189922190053105,55006.96088587056,797.2023316792836,1972089.8290000001,28581.012014492757,33,7721.0,0.017996520694819152,33,7721.0
53790.0,59,30298.0,439.1014492753623,1.3789796162035661,55156.06323095198,799.3632352311885,1972184.327,28582.38155072464,33,7856.0,0.05070439949734972,33,7856.0
53795.0,64,30602.0,437.1714285714286,0.800847719827057,55432.43579445278,791.8919399207542,1972184.185,28174.059785714286,34,7992.0,0.00045016034596757486,34,7992.0
53800.0,63,30916.0,468.42424242424244,0.4962281911512097,55694.55920564257,843.8569576612514,1972181.185,29881.533106060608,35,8136.0,0.026308900381595644,35,8136.0
53805.0,56,31030.0,463.13432835820896,1.04947845783644,56010.27085801243,835.9741919106337,1972181.185,29435.540074626868,28,7985.0,0.06061519647093978,28,7985.0
53810.0,54,31153.0,464.97014925373134,1.6948921537549122,56312.28744155027,840.4819021126908,1972181.185,29435.540074626868,26,7860.0,0.06920789288415426,26,7860.0
53815.0,52,31304.0,481.6,1.492052068891196,56405.06335252229,867.7702054234198,1919315.561,29527.931707692307,25,7846.0,0.06680364719434093,25,7846.0
53820.0,54,31544.0,500.6984126984127,0.8300036680800739,56378.1314338035,894.890975139738,1866515.1909999999,29627.225253968252,28,7973.0,0.046983611787472776,28,7973.0
53825.0,55,31774.0,467.2647058823529,1.0116826169574273,56389.003696274835,829.250054356983,1866713.3169999998,27451.66642647059,28,8066.0,0.01758363772222,28,8066.0
53830.0,58,32055.0,464.5652173913044,1.706479718027841,56692.60679647417,821.631982557597,1893219.2529999998,27437.960188405796,32,8187.0,0.08237905840893012,32,8187.0
53835.0,61,32350.0,462.14285714285717,0.7608717801141858,56986.51604413942,814.0930863448489,1946225.243,27803.21775714286,35,8322.0,0.04539142817544381,35,8322.0
53840.0,68,32681.0,473.6376811594203,0.028545435080099612,57281.372691411954,830.164821614666,1972727.568,28590.25460869565,40,8493.0,0.0036747438916106523,40,8493.0
53845.0,63,32872.0,450.3013698630137,0.7882791045271402,57625.17010672407,789.3858918729323,1972731.0,27023.71232876712,35,8410.0,0.014826132112534982,35,8410.0
53850.0,58,33080.0,435.2631578947368,2.100583214971814,57954.49421858257,762.5591344550342,1972736.1999999997,25957.055263157894,30,8338.0,0.10849299347679588,30,8338.0
53855.0,55,33260.0,431.94805194805195,2.097092856354558,58275.80423148967,756.8286263829829,1972736.1999999997,25619.95064935065,28,8347.0,0.06514276934766529,28,8347.0
53860.0,63,33542.0,459.47945205479454,0.8067764921178612,58107.04785104925,795.9869568636888,1867007.486,25575.445013698627,37,8502.0,0.04957106830843298,37,8502.0
53865.0,52,32723.0,448.26027397260276,1.5657408821188763,58287.44624725009,798.4581677705496,1867109.2619999999,25576.83920547945,26,7717.0,0.05962128376010267,26,7717.0
53870.0,56,32997.0,445.9054054054054,2.531838474558456,58445.53588645604,789.8045390061626,1893730.3699999999,25590.950945945944,30,7653.0,0.05302368756959356,30,7653.0
53875.0,59,33284.0,437.94736842105266,2.4248144000418845,58451.3377883844,769.0965498471631,1946770.5260000003,25615.401657894734,32,7780.0,0.0318190854169684,32,7780.0
53880.0,60,33579.0,501.17910447761193,0.8700205529963261,57881.58752579643,863.9042914297975,1973276.0280000004,29451.88101492537,34,7915.0,0.013961074482817828,34,7915.0
53885.0,56,33730.0,481.85714285714283,1.1285304581693236,58142.624211052214,830.6089173007458,1999795.8390000004,28568.511985714285,29,7835.0,0.044257826194462946,29,7835.0
53890.0,54,33922.0,484.6,2.0189861111245087,58444.40923717321,834.9201319596172,1999795.8390000004,28568.511985714285,26,7775.0,0.056038395038084096,26,7775.0
53895.0,51,34098.0,494.17391304347825,1.4199616644694402,58730.02524892834,851.1597862163526,1973272.3000000003,28598.149275362317,24,7865.0,0.056828841916634475,24,7865.0
53900.0,55,34355.0,505.22058823529414,0.981741325546029,58767.59508253594,864.2293394490579,1893842.7620000003,27850.62885294118,29,7982.0,0.04376299873667182,29,7982.0
53905.0,48,34232.0,510.92537313432837,1.5903223497330878,58839.79243553456,878.2058572467845,1867452.2210000001,27872.421208955227,22,7832.0,0.059094976246947754,22,7832.0
53910.0,52,34481.0,499.72463768115944,1.9203481559008837,59127.63557898755,856.9222547679354,1920517.526,27833.58733333333,25,7808.0,0.08706197467187857,25,7808.0
53915.0,55,34751.0,503.6376811594203,1.9369047137175628,59272.51348636885,859.0219345850558,1947046.5499999998,28218.06594202898,29,7909.0,0.05757877347876061,29,7909.0
53920.0,59,35036.0,539.0153846153846,0.9338024364828956,59383.990292850634,913.5998506592405,1973571.8399999999,30362.64369230769,31,8031.0,0.02962601797041383,31,8031.0
53925.0,53,35188.0,517.4705882352941,1.183748866383363,59557.496656698844,875.8455390691009,1973576.495,29023.183749999997,25,7972.0,0.025882093937200736,25,7972.0
53930.0,50,35358.0,527.7313432835821,2.221246638156606,59822.94184925381,892.8797290933404,1973573.495,29456.320820895522,22,7931.0,0.10419633072783997,22,7931.0
53935.0,48,35503.0,529.8955223880597,2.425905280157925,60097.305749665145,896.9747126815697,1973573.495,29456.320820895522,21,7840.0,0.11132120796050798,21,7840.0
53940.0,51,35733.0,567.1904761904761,1.3611021689922973,60032.27366846074,952.8932328327103,1867563.7640000002,29643.869269841267,25,7942.0,0.08340022892421527,25,7942.0
53945.0,54,35995.0,553.7692307692307,1.149037059394543,60144.79089179029,925.3044752583121,1841104.2140000002,28324.680215384615,28,8061.0,0.05228208687650086,28,8061.0
53950.0,53,36179.0,532.0441176470588,1.5920750966341146,60347.04073321726,887.4564813708422,1867704.286,27466.239499999996,27,8085.0,0.138634988231869,27,8085.0
53955.0,56,36453.0,528.304347826087,1.6342179764884048,60584.91452717956,878.0422395243419,1894273.59,27453.240434782605,30,8199.0,0.05843282017436985,30,8199.0
53960.0,58,36737.0,532.4202898550725,1.1827473857360589,60828.79145975007,881.576687822465,1947362.2130000002,28222.640768115944,31,8323.0,0.041279506403899435,31,8323.0
53965.0,62,37036.0,521.6338028169014,1.3202200684250807,61147.90446003522,861.2380909864116,1973904.5170000002,27801.472070422533,36,8462.0,0.02773729088097052,36,8462.0
53970.0,52,36212.0,532.5294117647059,1.2736809235916426,61381.2068419699,902.6648064995575,2026990.1840000004,29808.679176470585,25,7753.0,0.07647529935137555,25,7753.0
53975.0,50,35881.0,505.36619718309856,1.6657346981096213,61683.9092548915,868.7874542942466,2026990.8120000004,28549.166366197187,18,7306.0,0.10521150969153768,18,7306.0
53980.0,45,36063.0,522.6521739130435,1.5481251475756976,61537.000616187695,891.8405886404016,2000471.3020000004,28992.337710144926,17,7363.0,0.0678687167700319,17,7363.0
53985.0,53,36307.0,550.1060606060606,1.0257833628502502,61796.231443411416,936.3065370213851,1920826.1610000003,29103.42668181818,26,7454.0,0.06420592454106759,26,7454.0
53990.0,57,36531.0,545.2388059701492,0.8125806657786827,61746.792375007324,921.5939160448852,1973937.6539999999,29461.75602985075,30,7539.0,0.003041123496682501,30,7539.0
53995.0,58,36820.0,549.5522388059702,1.1934562226099967,61766.02164426775,921.8809200636979,2000491.32,29858.07940298508,32,7665.0,0.024642156088253053,32,7665.0
54000.0,60,37117.0,571.0307692307692,0.8639505548259077,61757.641807218926,950.1175662649064,2000487.3380000002,30776.728276923077,32,7795.0,0.011608994681637378,32,7795.0
54005.0,61,37419.0,519.7083333333334,0.9698971966312698,61942.51131415302,860.3126571410141,1973980.6779999998,27416.398305555555,33,7927.0,0.016378212062529648,33,7927.0
54010.0,55,37211.0,509.73972602739724,2.3077807206329672,62236.583389186286,852.5559368381683,1973995.5580000002,27041.035041095893,27,7569.0,0.16444175300162206,27,7569.0
54015.0,58,37490.0,513.5616438356165,2.069195431852555,62539.67460972981,856.7078713661617,1973995.5580000002,27041.035041095893,30,7658.0,0.08858479714625703,30,7658.0
54020.0,62,37790.0,539.8571428571429,1.180845326263895,62544.06037077646,893.486576725378,1973991.932,28199.884742857146,34,7788.0,0.00014672448211681846,34,7788.0
54025.0,62,38100.0,586.1538461538462,0.5673296304764786,62615.07007909308,963.3087704475861,1973990.8480000002,30369.089969230772,34,7928.0,6.119395973994977e-07,34,7928.0
54030.0,55,38071.0,585.7076923076924,0.9898604705410146,62910.67396801284,967.8565225848129,1973989.02,30369.061846153847,27,7763.0,0.01938241143712687,27,7763.0
54035.0,50,38095.0,586.0769230769231,1.9961839210852417,63181.58211006503,972.0243401548469,1973989.02,30369.061846153847,22,7671.0,0.061795602352330226,22,7671.0
54040.0,47,38152.0,586.9538461538461,1.9202542272054939,63454.55241533254,976.2238833128085,1973989.02,30369.061846153847,20,7657.0,0.10639690096664492,20,7657.0
54045.0,51,38355.0,608.8095238095239,1.0626618699260058,63361.81933000581,1005.7431639683464,1894453.765,30070.69468253968,25,7829.0,0.049670257324812624,25,7829.0
54050.0,49,38464.0,610.5396825396825,1.1616509497959107,63407.480731924785,1006.4679481257904,1894597.828,30072.9813968254,22,7788.0,0.05902312522845395,22,7788.0
54055.0,52,38716.0,595.6307692307693,1.5930647072497044,63576.344504717454,978.097607764884,1894665.355,29148.697769230766,26,7870.0,0.05563731478741241,26,7870.0
54060.0,54,38982.0,581.820895522388,1.8582358197890756,63858.23073648058,953.1079214400088,1947861.8730000001,29072.565268656715,27,7975.0,0.025062594292777362,27,7975.0
54065.0,58,39258.0,585.9402985074627,0.9348370041946027,64028.36071051663,955.6471747838303,1974455.027,29469.478014925375,31,8091.0,0.013838152224367796,31,8091.0
54070.0,49,38976.0,609.0,1.31958880938592,64263.247531458816,1004.1132426790443,1974452.027,30850.812921875,21,7502.0,0.09576294651115975,21,7502.0
54075.0,45,38876.0,607.4375,1.2072027405218084,64552.45190217854,1008.6320609715397,1974452.027,30850.812921875,16,7160.0,0.058981895501438675,16,7160.0
54080.0,48,39042.0,600.6461538461539,1.08063755606563,64510.978457778976,992.4765916581381,1947851.833,29966.951276923075,20,7218.0,0.04093795407255562,20,7218.0
54085.0,51,39262.0,586.0,1.5317315179674,64797.63553005494,967.1288885082829,1921251.6360000002,28675.39755223881,25,7318.0,0.033341681598240275,25,7318.0
54090.0,51,39462.0,607.1076923076923,1.660717769743193,64335.39689363471,989.7753368251496,1947865.0690000001,29967.154907692307,25,7372.0,0.10653691235406654,25,7372.0
54095.0,56,39732.0,593.0149253731344,1.3857570703983642,64629.62101120186,964.6212091224157,1974486.057,29469.941149253733,29,7481.0,0.04201084696130449,29,7481.0
54100.0,58,40021.0,615.7076923076924,1.0254925304822953,64739.39754782568,995.9907315050106,1947959.5410000002,29968.60832307692,30,7600.0,0.02835381714203792,30,7600.0
54105.0,59,40316.0,620.2461538461539,0.5292565674985898,65001.494478502136,1000.0229919769561,1947961.029,29968.631215384612,31,7725.0,0.0005582558368259883,31,7725.0
54110.0,54,40426.0,652.0322580645161,0.9611244522138681,65265.71299827707,1052.6727902947916,1947960.571,31418.718887096773,26,7565.0,0.022431840182113857,26,7565.0
54115.0,49,40531.0,653.7258064516129,1.6398113055098025,65544.01759533581,1057.1615741183198,1947960.571,31418.718887096773,21,7305.0,0.060329462250866,21,7305.0
54120.0,48,40663.0,666.6065573770492,1.522687393668031,65655.42593806805,1076.3184580011155,1921411.506,31498.549278688526,21,7376.0,0.07255394945412043,21,7376.0
54125.0,49,40878.0,648.8571428571429,1.2319178779782443,65592.73868340868,1041.1545822763285,1868374.392,29656.736380952385,23,7508.0,0.059800645880052135,23,7508.0
54130.0,52,41097.0,622.6818181818181,1.7136034533748348,65719.48144404504,995.7497188491673,1895120.4030000002,28713.945499999998,25,7567.0,0.13664026066326806,25,7567.0
54135.0,55,41362.0,626.6969696969697,1.3686254327144778,65865.29128779632,997.9589589060047,1895226.9760000003,28715.56024242424,29,7672.0,0.009564013726768943,29,7672.0
54140.0,57,41645.0,621.5671641791045,1.3994021226909417,66143.53130096053,987.2168850889635,1948514.8480000005,29082.311164179104,31,7795.0,0.06088913355862716,31,7795.0
54145.0,61,41940.0,616.7647058823529,0.9721026473201635,66443.95668970307,977.117010142692,2001803.2160000005,29438.282588235295,34,7930.0,0.03609418585433422,34,7930.0
54150.0,56,42096.0,657.75,0.8206066570740277,66704.75513432141,1042.2617989737719,2001800.2160000005,31278.128375,28,7753.0,0.04290475702083643,28,7753.0
54155.0,53,42254.0,630.6567164179105,1.7925314822711331,66993.16747296462,999.8980219845465,2001800.8480000002,29877.624597014925,23,7544.0,0.03608797071575888,23,7544.0
54160.0,48,42429.0,642.8636363636364,2.1521409561057943,67048.67217392307,1015.8889723321684,1948637.8130000005,29524.815348484848,21,7621.0,0.11135997241998498,21,7621.0
54165.0,51,42658.0,636.6865671641791,1.5113183130954078,66998.17036082149,999.9726919525596,1868915.462,27894.26062686567,24,7715.0,0.10652951851596383,24,7715.0
54170.0,54,42886.0,649.7878787878788,1.2134216167398522,67039.46851298178,1015.749522923967,1842420.5620000002,27915.463060606064,28,7796.0,0.08130240858949858,28,7796.0
54175.0,57,43165.0,634.7794117647059,1.1503067983516035,67345.88084479905,990.3806006588097,1895733.5590000001,27878.434691176473,31,7915.0,0.042758491451519706,31,7915.0
54180.0,62,43469.0,648.7910447761194,0.45577638409829585,67624.48978365757,1009.3207430396657,1922390.8850000002,28692.40126865672,36,8059.0,0.0025926961690856784,36,8059.0
54185.0,65,43788.0,608.1666666666666,0.683716081817863,67947.1445937651,943.7103415800713,1975712.7880000002,27440.45538888889,38,8218.0,0.027076018456825963,38,8218.0
54190.0,54,43425.0,594.8630136986301,1.830839050871182,68270.72336489033,935.2153885601416,2002371.9620000003,27429.75290410959,27,7760.0,0.16366621136450002,27,7760.0
54195.0,53,43435.0,595.0,1.4921688139050253,68591.79911862932,939.6136865565661,2002371.9620000003,27429.75290410959,23,7523.0,0.08117421181733492,23,7523.0
54200.0,55,43644.0,597.8630136986301,1.4190082294166178,68919.84490134365,944.107464401968,2002371.9620000003,27429.75290410959,27,7621.0,0.03574151165988262,27,7621.0
54205.0,57,43897.0,627.1,1.020028872199834,68907.43401593044,984.3919145132918,1922458.886,27463.69837142857,30,7744.0,0.010195358941600764,30,7744.0
54210.0,50,43231.0,600.4305555555555,1.8495529458016682,68956.2883173781,957.7262266302516,1949129.903,27071.248652777776,23,7075.0,0.055909880206283256,23,7075.0
54215.0,53,43490.0,612.5352112676056,2.6494753425151796,68924.81608144329,970.772057485117,1922525.5950000002,27077.825281690144,27,7025.0,0.00016012627926156287,27,7025.0
54220.0,55,43764.0,634.2608695652174,2.2146343883431188,68875.22028893034,998.1915983902949,1922519.5129999998,27862.60163768116,27,7130.0,0.0238561937338462,27,7130.0
54225.0,58,44052.0,734.2,0.4454486313718559,68316.58965797261,1138.6098276328769,1922511.079,32041.85131666667,30,7248.0,1.5590064684429072e-05,30,7248.0
54230.0,45,30501.0,525.8793103448276,0.9962407179978721,68541.39528644927,1181.7481945939528,1922510.477,33146.732362068964,21,5285.0,0.05644177333900814,21,5285.0
54235.0,37,17017.0,283.6166666666667,2.181525177252497,68800.3486488055,1146.6724774800919,1922510.8250000002,32041.847083333338,21,5367.0,0.02424444357393948,21,5367.0
54240.0,29,6242.0,105.79661016949153,2.8013928165223816,68965.03415958694,1168.8988840607954,1922507.35,32584.870338983048,23,6448.0,0.025548966759622527,23,6448.0
54245.0,30,932.0,15.278688524590164,2.574575420202573,61096.25455695365,1001.5779435566171,1781541.7119999998,29205.601836065576,26,7537.0,0.029554267806349708,26,7537.0
54250.0,34,841.0,14.016666666666667,2.238893692392797,51148.4827100545,852.4747118342415,1741650.767,29027.51278333333,25,7379.0,0.12024643268764289,25,7379.0
54255.0,39,784.0,12.64516129032258,1.4891937568698361,49674.711903382624,801.2050306997196,1842559.9970000004,29718.70962903226,23,7277.0,0.06405982743309074,23,7277.0
54260.0,46,822.0,12.646153846153846,1.237742082736523,49801.41400621018,766.1756000955409,1865543.2540000004,28700.665446153846,24,7367.0,0.05724818233196821,24,7367.0
54265.0,52,1025.0,15.76923076923077,1.0893735803950029,49797.81628007076,766.1202504626269,1888623.6100000003,29055.74784615385,27,7557.0,0.07047288655773395,27,7557.0
54270.0,51,1034.0,15.666666666666666,1.3900437181254106,49970.07296769086,757.1223176922856,1915418.4000000001,29021.490909090906,24,7483.0,0.07057609163236823,24,7483.0
54275.0,54,1294.0,19.029411764705884,1.681243327539439,50265.167665832865,739.1936421446012,1942134.5000000002,28560.801470588234,28,7522.0,0.053268740204453394,28,7522.0
54280.0,56,1572.0,23.11764705882353,1.5527358528458897,50528.09451393035,743.0602134401523,1995574.0610000002,29346.677367647062,30,7626.0,0.032263230936817544,30,7626.0
54285.0,61,1866.0,27.850746268656717,0.817151309395006,50652.09816096694,756.001465089059,1995575.5530000003,29784.709746268658,33,7755.0,3.141258662126036e-05,33,7755.0
54290.0,54,2004.0,31.3125,1.1818326994294481,50845.540948562666,794.4615773212915,1995572.5530000003,31180.821140624997,26,7573.0,0.04941539842441469,26,7573.0
54295.0,51,2172.0,33.9375,1.7773879130742387,51128.83254406463,798.88800850101,1995572.5530000003,31180.821140624997,23,7452.0,0.09081164044402887,23,7452.0
54300.0,48,2319.0,36.80952380952381,2.2022464396481967,51328.031651155245,814.7306611294485,1968903.1410000003,31252.430809523816,21,7270.0,0.09509927461041258,21,7270.0
54305.0,48,2539.0,39.671875,1.9474615775707922,51287.40416134779,801.3656900210594,1915626.2650000004,29931.660390625002,22,7381.0,0.0924006029371034,22,7381.0
54310.0,51,2786.0,42.86153846153846,1.510290109729432,51153.749141241,786.9807560190926,1889156.131,29063.940476923075,24,7468.0,0.14029837529508027,24,7468.0
54315.0,52,2979.0,45.83076923076923,1.5428757687362256,51201.933349386774,787.7220515290275,1862582.599,28655.116907692303,26,7501.0,0.0694874823633381,26,7501.0
54320.0,55,3245.0,47.720588235294116,1.3780883034533096,51494.680042380314,757.274706505593,1916060.2690000003,28177.35689705882,28,7606.0,0.09210861607458103,28,7606.0
54325.0,59,3526.0,48.97222222222222,1.5389752994588284,51785.09477337636,719.237427408005,1969529.221,27354.57251388889,32,7728.0,0.05998519797456271,32,7728.0
54330.0,62,3825.0,53.87323943661972,1.2721410954722385,52094.573570811546,733.7263883212897,1996263.9190000002,28116.393225352112,36,7867.0,0.04032185274324433,36,7867.0
54335.0,54,3353.0,45.93150684931507,1.5030771185007432,52357.1647985002,717.2214355958931,2049732.919,28078.5331369863,26,7219.0,0.08700885997101165,26,7219.0
54340.0,51,3425.0,46.917808219178085,2.0402274281783646,52632.48200568237,720.9929041874299,2076466.869,28444.75163013699,22,6996.0,0.12293302237754941,22,6996.0
54345.0,48,3597.0,50.66197183098591,1.5102946033822948,52488.40028654328,739.2732434724405,2049800.1689999998,28870.424915492953,21,7068.0,0.08387355995168037,21,7068.0
54350.0,57,3851.0,55.81159420289855,0.9285612201327252,52725.09385918216,764.1317950606114,1996338.3320000002,28932.439594202897,30,7170.0,0.007498570737143725,30,7170.0
54355.0,58,4102.0,59.44927536231884,1.0816439120531853,53035.784545986004,768.6345586374782,1996344.8179999997,28932.533594202898,31,7267.0,0.003271072374302319,31,7267.0
54360.0,61,4397.0,66.62121212121212,0.7560133758302754,52763.27427897279,799.4435496814059,1969684.607,29843.706166666663,34,7401.0,0.00019715153579351915,34,7401.0
54365.0,62,4703.0,67.18571428571428,0.8254368561746449,52896.21880968713,755.6602687098161,1969688.109,28138.40155714286,34,7541.0,4.874606045742205e-06,34,7541.0
54370.0,62,5013.0,73.72058823529412,1.1421747908470752,53170.936454999275,781.9255361029306,1969688.109,28966.001602941174,34,7681.0,0.07534714493345425,34,7681.0
54375.0,55,5027.0,73.92647058823529,0.6208034408192704,53489.51960329053,786.6105824013314,1969688.109,28966.001602941174,26,7442.0,0.042720478624426954,26,7442.0
54380.0,57,5179.0,76.16176470588235,0.70253086093578,53811.77112431923,791.3495753576358,1969688.109,28966.001602941174,28,7485.0,0.012763224975959657,28,7485.0
54385.0,55,5353.0,78.72058823529412,1.0481952718949028,54126.97894507237,795.9849844863584,1969688.109,28966.001602941174,28,7595.0,0.011622843500054474,28,7595.0
54390.0,57,5613.0,83.77611940298507,0.8132032826777338,54167.47487390743,808.4697742374244,1942953.1940000001,28999.301402985075,31,7742.0,0.005064094795246217,31,7742.0
54395.0,55,5809.0,85.42647058823529,1.4837088075508562,54364.00286974048,799.4706304373599,1969724.9070000001,28966.54275,29,7803.0,0.02672788921990814,29,7803.0
54400.0,58,6092.0,88.28985507246377,1.7166248874461254,54664.93543080806,792.2454410262038,1996502.9470000002,28934.825318840583,30,7923.0,0.08375153205779322,30,7923.0
54405.0,59,6387.0,92.56521739130434,0.9310589248686355,54733.69210941054,793.2419146291386,1969835.4470000002,28548.339811594204,31,8048.0,0.0185981078807914,31,8048.0
54410.0,61,6691.0,98.3970588235294,1.2397668666281176,55018.80369191719,809.1000542928997,1969835.4470000002,28968.168338235293,33,8182.0,0.0685714549155781,33,8182.0
54415.0,55,6795.0,99.92647058823529,1.080222955830342,55293.02207334834,813.1326775492403,1969831.9090000002,28968.11630882353,27,8041.0,0.02031488406991124,27,8041.0
54420.0,52,6913.0,103.17910447761194,1.6753460439134367,55586.83534063196,829.6542588154025,1969831.9090000002,29400.476253731347,24,7936.0,0.048756724755033155,24,7936.0
54425.0,49,7052.0,102.20289855072464,2.0618278192425614,55831.76649772045,809.1560361988471,1943090.7250000003,28160.735144927537,22,7857.0,0.07532552742703594,22,7857.0
54430.0,50,7272.0,110.18181818181819,1.8968559721586689,55694.09250601602,843.8498864547882,1889737.4860000003,28632.38615151515,24,7997.0,0.1433548523069193,24,7997.0
54435.0,53,7528.0,114.06060606060606,0.8752332804640797,55833.897065130324,845.9681373504595,1916622.682,29039.737606060608,26,8093.0,0.05133015866718857,26,8093.0
54440.0,43,6124.0,91.40298507462687,1.660316044105062,55914.18482374612,834.5400719962109,1889952.8860000002,28208.252029850744,16,6971.0,0.07165601885246892,16,6971.0
54445.0,47,6348.0,90.68571428571428,3.458666461232176,56188.2649071629,802.6894986737556,1943555.1060000001,27765.072942857143,21,6609.0,0.08816069626065691,21,6609.0
54450.0,50,6590.0,94.14285714285714,3.012876663569946,56028.09980455803,800.4014257794003,1997155.8140000002,28530.797342857142,23,6675.0,0.07948111498706488,23,6675.0
54455.0,55,6852.0,110.51612903225806,1.1188261350340616,55092.59400708787,888.5902259207724,2023947.3280000002,32644.311741935482,28,6776.0,0.026965278410046964,28,6776.0
54460.0,51,6986.0,120.44827586206897,0.8147632895555906,55200.45645997636,951.7320079306271,2023945.6580000003,34895.61479310344,23,6746.0,0.02389755644393653,23,6746.0
54465.0,51,7241.0,120.68333333333334,1.269165975445894,55468.30256818979,924.47170946983,2023947.1540000003,33732.45256666667,23,6827.0,0.0,23,6827.0
54470.0,51,7496.0,127.05084745762711,1.7136032462679036,55693.94326445952,943.9651400755852,2023946.9780000004,34304.18606779661,23,6912.0,3.78754736241627e-07,23,6912.0
54475.0,51,7751.0,135.98245614035088,0.9431174983912348,55838.923745754015,979.6302411535794,2023950.2040000004,35507.89831578947,23,6997.0,0.07209500355055622,23,6997.0
54480.0,45,7684.0,139.70909090909092,1.3508332744223057,56054.63124248386,1019.1751134997068,2023950.2040000004,36799.094618181814,17,6731.0,0.1353292420643492,17,6731.0
54485.0,41,7691.0,126.08196721311475,2.3583901769419593,56303.94272528217,923.0154545128224,2023956.2040000004,33179.60990163935,13,6533.0,0.09388137718687128,13,6533.0
54490.0,38,7740.0,124.83870967741936,3.108993159074715,56463.89689195311,910.7080143863403,1997178.2320000003,32212.552129032258,11,6461.0,0.25304231791366477,11,6461.0
54495.0,43,7904.0,131.73333333333332,1.7135061681846724,56370.71683337478,939.511947222913,1943735.6330000001,32395.59388333333,16,6533.0,0.07540057805584331,16,6533.0
54500.0,37,5532.0,97.05263157894737,1.7811828062163868,56145.63581331894,985.0111546196305,1863573.2570000002,32694.267666666667,14,4615.0,0.16077199796161118,14,4615.0
54505.0,32,3439.0,58.28813559322034,2.4551345319979387,56390.009544489425,955.7628736354139,1917242.985,32495.64381355932,18,4682.0,0.0549323146739767,18,4682.0
54510.0,32,1587.0,26.89830508474576,2.6738561797518976,56596.53222492804,959.2632580496279,1970914.296,33405.32705084746,26,5754.0,0.03217415252887076,26,5754.0
54515.0,34,495.0,8.389830508474576,2.409913915488051,49206.612459002,834.0103806610507,1855492.731,31449.029338983055,28,6840.0,0.04353281717355953,28,6840.0
54520.0,33,526.0,8.766666666666667,2.4022098605915208,40934.32331164104,682.2387218606842,1840670.5840000003,30677.843066666665,24,7622.0,0.07548010628652303,24,7622.0
54525.0,37,598.0,9.64516129032258,2.7585612672141773,39523.47718090998,637.475438401774,1941961.2230000002,31321.955209677424,20,7540.0,0.12560865875146768,20,7540.0
54530.0,42,734.0,11.838709677419354,2.2091517124449007,39718.03705241746,640.613500845443,1964993.9030000002,31693.450048387094,20,7538.0,0.08651131613980925,20,7538.0
54535.0,47,949.0,16.084745762711865,0.8474111569437945,39511.62154940139,669.6885008373122,1907747.5520000001,32334.704271186438,24,7627.0,0.045709407242978915,24,7627.0
54540.0,47,1078.0,18.586206896551722,0.8595530914712516,39608.17524136485,682.8995731269802,1880986.898,32430.808586206895,22,7629.0,0.05600967064315817,22,7629.0
54545.0,51,1324.0,20.369230769230768,1.6481410086133046,39886.84726112158,613.6438040172551,1934688.346,29764.43609230769,26,7695.0,0.053497091260317035,26,7695.0
54550.0,54,1584.0,23.64179104477612,1.9976823307852958,40151.69377911209,599.2790116285387,1988374.951,29677.238074626865,28,7795.0,0.11136284974381198,28,7795.0
54555.0,59,1865.0,28.692307692307693,0.49957559538603663,40337.8583434036,620.582436052363,2015218.3499999999,31003.359230769227,34,7916.0,0.03616015432963595,34,7916.0
54560.0,56,2021.0,31.578125,0.611352171656029,40624.224849984756,634.7535132810118,2015218.3499999999,31487.78671875,29,7851.0,0.016704348725675312,29,7851.0
54565.0,53,2208.0,32.95522388059702,1.7036265662475867,40922.659227439945,610.7859586185065,2015221.3499999999,30077.930597014925,26,7798.0,0.051158572096558164,26,7798.0
54570.0,49,2374.0,34.911764705882355,1.9394931630962295,41197.80573288645,605.8500843071539,1988377.1779999998,29240.840852941175,23,7883.0,0.09431672765392304,23,7883.0
54575.0,53,2611.0,38.97014925373134,1.2108951574251061,41259.87746432786,615.819066631759,1934783.4,28877.364179104476,27,7987.0,0.03822289430734337,27,7987.0
54580.0,52,2784.0,42.18181818181818,1.320673263092748,41344.101465323874,626.4257797776345,1908043.41,28909.74863636363,27,8013.0,0.08599893524792565,27,8013.0
54585.0,56,3057.0,44.955882352941174,1.5007872265778661,41642.18789357697,612.3851160820142,1961764.8809999998,28849.483544117644,31,8126.0,0.04751241856374422,31,8126.0
54590.0,61,3348.0,49.23529411764706,1.068240115470275,41889.560615581395,616.0229502291382,2015480.1749999998,29639.414338235296,35,8257.0,0.0029946509732701,35,8257.0
54595.0,61,3652.0,54.507462686567166,0.5580809253004785,42123.55693595736,628.7098050142889,2042337.9589999998,30482.656104477614,36,8401.0,0.025387647185475298,36,8401.0
54600.0,53,3461.0,52.43939393939394,1.0635982512851865,42430.5308198608,642.8868306039517,2042337.9589999998,30944.51453030303,25,8189.0,0.03807544198954088,25,8189.0
54605.0,54,3619.0,51.7,1.0925372006942375,42748.185360614036,610.6883622944861,2042340.9589999998,29176.29941428571,24,8205.0,0.016435346969175448,24,8205.0
54610.0,52,3795.0,55.0,1.4482528718710674,43023.58646280995,623.5302385914482,2015494.5599999998,29210.066086956518,26,8294.0,0.09173012703650385,26,8294.0
54615.0,54,4039.0,60.28358208955224,0.8755616651049059,43309.115465487426,646.404708440111,1961771.3099999998,29280.168805970152,29,8409.0,0.014563839997824818,29,8409.0
54620.0,50,3353.0,48.594202898550726,1.8227470553799,43485.53324260427,630.225119458033,1988646.6439999999,28820.965855072463,24,7720.0,0.039351418855553946,24,7720.0
54625.0,52,3610.0,54.696969696969695,2.5683180725525183,43436.16392576993,658.1236958449987,1961806.334,29724.33839393939,25,7652.0,7.389880623894242e-06,25,7652.0
54630.0,52,3870.0,59.53846153846154,2.014527964742372,43387.38460825499,667.4982247423843,1961805.946,30181.629938461538,25,7742.0,0.024257082237621127,25,7742.0
54635.0,54,4139.0,70.15254237288136,0.8265637612845087,42986.70899402231,728.5882880342763,1961802.6300000001,33250.89203389831,27,7841.0,0.05240222907565154,27,7841.0
54640.0,50,4294.0,75.33333333333333,1.080385972694291,43184.67819021198,757.6259331616134,1961801.7380000001,34417.57435087719,23,7826.0,0.05691910355113361,23,7826.0
54645.0,51,4546.0,73.3225806451613,1.3778384667316765,43454.389888340476,700.8772562635559,1961806.2380000001,31642.03609677419,24,7908.0,9.09175263105463e-06,24,7908.0
54650.0,51,4801.0,78.70491803278688,1.9261696136132362,43681.64079293247,716.0924720152863,1961806.06,32160.755081967214,24,7993.0,0.06132293224180341,24,7993.0
54655.0,52,5057.0,88.71929824561404,0.5773563859808263,43842.5918574671,769.1682782011771,1961802.596,34417.58940350877,25,8079.0,0.05319526319911631,25,8079.0
54660.0,51,5050.0,90.17857142857143,0.4305844726254611,44112.54143357089,787.7239541709085,1961802.596,35032.18921428571,24,7931.0,0.016771819717832648,24,7931.0
54665.0,46,5040.0,85.42372881355932,1.5889048261069747,44381.836927004384,752.2345241865148,1961802.596,33250.89145762712,19,7781.0,0.06148951827162009,19,7781.0
54670.0,43,5068.0,84.46666666666667,1.7539319127995037,44485.913852636084,741.4318975439346,1934965.273,32249.421216666666,17,7835.0,0.12705097238620247,17,7835.0
54675.0,46,5241.0,88.83050847457628,1.0056094152285784,44455.55374840176,753.4839618373179,1908229.469,32342.872355932202,21,7959.0,0.04539112411176307,21,7959.0
54680.0,47,5427.0,91.98305084745763,1.5542572644003112,44575.390373668306,755.5150910791237,1908328.028,32344.54284745763,22,8035.0,0.11461137211044459,22,8035.0
54685.0,51,5672.0,91.48387096774194,1.4722792609577198,44846.38795111708,723.3288379212429,1962192.035,31648.258629032258,26,8120.0,0.05185112202257885,26,8120.0
54690.0,55,5934.0,94.19047619047619,1.2692384296542125,45097.12272748624,715.8273448807338,2016045.2369999997,32000.718047619044,29,8222.0,0.032044201764902316,29,8222.0
54695.0,60,6217.0,100.2741935483871,0.33911278690812474,45330.59324226346,731.1386006816687,2016045.8449999997,32516.86846774193,31,8339.0,5.072999258497698e-05,31,8339.0
54700.0,51,6340.0,103.93442622950819,1.24456261945688,45604.27236317125,747.6110223470698,2016045.8449999997,33049.9318852459,24,8116.0,0.05287051477821366,24,8116.0
54705.0,47,6469.0,106.04918032786885,2.032147481032621,45870.11689904889,751.9691294926048,2016045.8449999997,33049.9318852459,20,7854.0,0.09868495424734668,20,7854.0
54710.0,44,6617.0,108.47540983606558,1.8582582060737673,46058.23930593516,755.0531033759862,1989171.6559999997,32609.371409836065,18,7910.0,0.08747239647149954,18,7910.0
54715.0,48,6830.0,117.75862068965517,1.0011511056852311,45826.56403584822,790.1131730318657,1908668.8979999998,32908.08444827586,22,7998.0,0.06808712080596716,22,7998.0
54720.0,48,7022.0,121.06896551724138,1.0316735834860318,45942.12257243839,792.1055615937653,1908772.8199999998,32909.87620689655,23,8047.0,0.06418634754851026,23,8047.0
54725.0,52,7272.0,108.53731343283582,1.4459896622651556,46079.31516055163,687.7509725455465,1935833.9649999999,28893.04425373134,27,8137.0,0.06679495342964821,27,8137.0
54730.0,54,7536.0,112.4776119402985,1.8695241600250154,46353.66497123759,691.8457458393669,1962781.3109999998,29295.24344776119,29,8241.0,0.1355358269774093,29,8241.0
54735.0,59,7815.0,116.64179104477611,0.34266307225316445,46606.49647641346,695.6193503942304,2016676.8719999997,30099.65480597015,34,8360.0,0.03860207524201687,34,8360.0
54740.0,58,7981.0,117.36764705882354,0.8284371410001447,46930.586967347714,690.1556906962898,2043624.3059999996,30053.29861764706,33,8236.0,0.04149242257768353,33,8236.0
54745.0,55,8163.0,120.04411764705883,1.587054717837185,47237.40034209602,694.6676520896476,2043624.3059999996,30053.29861764706,28,8132.0,0.05493519588243491,28,8132.0
54750.0,53,8378.0,119.68571428571428,1.7914991573351342,47539.58392941537,679.1369132773624,2043626.0939999998,29194.658485714284,27,8231.0,0.05457237439954695,27,8231.0
54755.0,55,8638.0,130.87878787878788,1.0611172810652936,47327.63991429819,717.0854532469423,1909174.078,28926.879969696973,30,8356.0,0.04053312213635306,30,8356.0
54760.0,54,8798.0,131.3134328358209,1.3531476667421733,47478.161354794334,708.6292739521542,1936236.746,28899.05591044776,28,8356.0,0.07728389572831505,28,8356.0
54765.0,58,9076.0,131.53623188405797,1.2750635238910033,47783.51913700864,692.5147701015743,1963192.58,28452.066376811592,33,8474.0,0.022431865796027992,33,8474.0
54770.0,60,9371.0,135.81159420289856,1.2299433824837762,48036.20190332205,696.1768391785802,2017099.9930000002,29233.333231884055,35,8609.0,0.03911298781314171,35,8609.0
54775.0,62,9678.0,142.3235294117647,0.4413036875524416,48289.78130545007,710.1438427272069,2017100.0000000002,29663.23529411765,36,8752.0,0.00852603399801042,36,8752.0
54780.0,53,9316.0,139.044776119403,1.3748038987440874,48567.830937835875,724.8929990721771,2017097.0000000002,30105.92537313433,26,8295.0,0.06241191715433109,26,8295.0
54785.0,50,9457.0,133.19718309859155,1.2003620269218929,48883.254546781405,688.4965429124142,2017097.3000000003,28409.821126760562,22,8242.0,0.040848850471047866,22,8242.0
54790.0,51,9633.0,135.67605633802816,1.9148515911594253,49164.96910342897,692.4643535694221,1990153.1660000002,28030.326281690144,24,8265.0,0.1338186960979421,24,8265.0
54795.0,56,9874.0,141.05714285714285,1.1581228661971774,49288.946974459715,704.1278139208531,1963312.7880000002,28047.325542857143,30,8386.0,0.03743844888200207,30,8386.0
54800.0,63,10178.0,143.35211267605635,0.9531670571139808,49233.71478320526,693.4326025803556,1990292.8720000002,28032.293971830986,38,8545.0,0.028027274838502435,38,8545.0
54805.0,59,10416.0,138.88,1.6673642280406906,49333.28082153199,657.7770776204267,2044247.1970000002,27256.629293333335,34,8623.0,0.04550402853651033,34,8623.0
54810.0,62,10718.0,142.90666666666667,1.6339478003552261,49659.44183576311,662.1258911435082,2044247.1970000002,27256.629293333335,35,8761.0,0.051124262015558065,35,8761.0
54815.0,65,11038.0,151.2054794520548,0.8565738276284347,49844.12443094943,682.796225081499,2017315.2370000002,27634.455301369864,38,8911.0,0.002696675573352744,38,8911.0
54820.0,68,11376.0,162.5142857142857,0.34548272783209333,50112.31699198006,715.8902427425721,2017315.2370000002,28818.789099999998,41,9079.0,0.0206330160061247,41,9079.0
54825.0,58,11392.0,160.45070422535213,0.8989986890688314,50442.31327734725,710.4551165823555,2017316.2750000001,28412.90528169014,31,8921.0,0.03308795634165194,31,8921.0
54830.0,56,11540.0,162.53521126760563,1.3480246343683653,50764.89870920239,714.9985733690477,2017316.2750000001,28412.90528169014,28,8995.0,0.025719007751356705,28,8995.0
54835.0,54,11656.0,166.5142857142857,1.325886048014267,50945.89639840209,727.7985199771725,1990384.7700000003,28434.068142857144,27,9096.0,0.0386730707501797,27,9096.0
54840.0,59,11901.0,175.01470588235293,0.8202286826160672,51153.403473460625,752.2559334332443,1963454.3960000002,28874.329352941175,34,9243.0,0.005761973418355506,34,9243.0
54845.0,46,10552.0,148.61971830985917,2.017643113112233,51403.87046058227,723.9981755011587,1990464.5960000001,28034.71261971831,21,8179.0,0.05087506245986739,21,8179.0
54850.0,49,10791.0,149.875,3.484086931994341,51640.4879180668,717.2289988620386,1990461.3720000002,27645.296833333334,23,7846.0,0.11639430411829231,23,7846.0
54855.0,52,11046.0,167.36363636363637,2.05726861093283,51011.27710100718,772.8981378940481,1963527.656,29750.419030303034,25,7933.0,0.0036925487072186902,25,7933.0
54860.0,55,11320.0,188.66666666666666,0.7921618115138832,50456.94720319301,840.9491200532167,1963519.796,32725.329933333338,28,8037.0,0.029112428518289626,28,8037.0
54865.0,49,11435.0,197.1551724137931,1.14485087838204,50581.79245947304,872.0998699909142,1963516.189,33853.72739655172,22,7999.0,0.032642636587199104,22,7999.0
54870.0,49,11680.0,201.3793103448276,1.8770191825042815,50837.44174201698,876.5076162416718,1963516.189,33853.72739655172,22,8057.0,0.04297871923144286,22,8057.0
54875.0,51,11925.0,205.60344827586206,1.259504422734875,51035.77298895048,879.927120499146,1963516.047,33853.72494827586,22,8132.0,0.0013369833649202168,22,8132.0
54880.0,50,12175.0,225.46296296296296,0.7906687469525399,51154.71527970878,947.3095422168291,1963513.047,36361.352722222226,23,8212.0,0.040521455085989824,23,8212.0
54885.0,46,12159.0,217.125,1.1795538214193548,51389.82987163159,917.6755334219926,1963516.047,35062.78655357143,19,7997.0,0.10273843779195585,19,7997.0
54890.0,43,12137.0,216.73214285714286,1.8218902034312479,51637.18679616807,922.0926213601443,1963516.047,35062.78655357143,16,7802.0,0.12743446869068295,16,7802.0
54895.0,44,12167.0,217.26785714285714,1.3249312331409782,51885.823570226996,926.5325637540534,1963516.047,35062.78655357143,18,7848.0,0.07365154961281327,18,7848.0
54900.0,47,12347.0,224.4909090909091,0.7532601042841537,51788.325225364686,941.6059131884489,1936700.7480000001,35212.74087272727,21,7957.0,0.04199441280110142,21,7957.0
54905.0,46,12538.0,212.5084745762712,1.3919586049151234,51738.50096795984,876.9237452196581,1909872.2650000001,32370.716355932207,21,8033.0,0.064854103617186,21,8033.0
54910.0,49,12778.0,209.47540983606558,2.0397721383042526,52000.369095962116,852.4650671469198,1963988.7870000002,32196.537491803283,24,8113.0,0.17778072877382592,24,8113.0
54915.0,53,13031.0,210.17741935483872,0.8279443069768879,52256.64698367588,842.849144897998,2018106.85,32550.11048387097,27,8206.0,0.025450001457416146,27,8206.0
54920.0,59,13316.0,221.93333333333334,0.2347116016381973,52505.98508785634,875.0997514642723,2018106.85,33635.114166666666,32,8327.0,1.636581439762776e-05,32,8327.0
54925.0,52,13435.0,223.91666666666666,0.7999447860752216,52791.97234563568,879.8662057605945,2018106.85,33635.114166666666,25,8080.0,0.01806257914870118,25,8080.0
54930.0,48,13586.0,219.1290322580645,1.9766592785283639,53064.38550195157,855.8771855153478,2018108.6420000002,32550.139387096773,21,7893.0,0.0938443225712546,21,7893.0
54935.0,45,13711.0,221.1451612903226,2.261804623212617,53254.47605342028,858.9431621519396,1991101.1420000002,32114.534548387095,19,7823.0,0.07608578828796707,19,7823.0
54940.0,48,13921.0,235.94915254237287,1.0495241058849103,52962.83109812601,897.6751033580674,1910262.0720000002,32377.323254237286,22,7906.0,0.07570332242986647,22,7906.0
54945.0,47,14070.0,234.5,1.333820620876165,52910.444649748,881.8407441624663,1883430.142,31390.502366666668,22,7916.0,0.08480048790040846,22,7916.0
54950.0,49,14311.0,230.82258064516128,1.703810569608341,53177.129210908344,857.6956324340053,1937585.0150000001,31251.37120967742,24,7994.0,0.12304341550198801,24,7994.0
54955.0,54,14568.0,224.12307692307692,1.3384357620300522,53421.3418823054,821.8667981893135,1991737.3750000002,30642.113461538465,28,8091.0,0.021122084539220577,28,8091.0
54960.0,56,14842.0,235.5873015873016,1.0722327030892609,53629.85743631288,851.2675783541723,2018808.039,32044.57204761905,31,8205.0,0.033312574756721086,31,8205.0
54965.0,51,14972.0,220.1764705882353,1.2493157031344198,53903.422753140956,792.6973934285435,2045886.841,30086.57119117647,25,7999.0,0.04067422707570454,25,7999.0
54970.0,49,15118.0,222.3235294117647,2.6914838996300654,54187.57043339601,796.8760357852352,2045886.841,30086.57119117647,22,7840.0,0.14049554622086216,22,7840.0
54975.0,47,15293.0,231.71212121212122,1.4026751361680534,54239.29096647222,821.8074388859426,1991869.653,30179.84322727273,22,7908.0,0.059936650743618224,22,7908.0
54980.0,54,15555.0,235.6818181818182,0.773779865162842,54203.98437054334,821.2724904627776,1937924.4749999999,29362.492045454543,29,8029.0,0.03597700249097331,29,8029.0
54985.0,53,15628.0,236.78787878787878,1.1532932152491862,54342.731879296596,823.3747254438873,1938044.9949999999,29364.318106060604,26,7893.0,0.06417807613047967,26,7893.0
54990.0,53,15873.0,236.91044776119404,1.2132335378586685,54643.85741494546,815.5799614170961,1965133.0489999999,29330.344014925373,27,7955.0,0.050737511446619504,27,7955.0
54995.0,55,16131.0,230.44285714285715,1.0631316049072157,54959.91954176348,785.1417077394781,2019298.097,28847.115671428575,30,8063.0,0.013194406425089782,30,8063.0
55000.0,59,16421.0,248.8030303030303,0.37893802801084314,55071.99955946484,834.4242357494667,1992220.7000000002,30185.16212121212,34,8193.0,0.02291231511328408,34,8193.0
55005.0,56,16551.0,236.44285714285715,1.1663130929859764,55391.33674343615,791.3048106205163,2019310.7480000004,28847.296400000003,31,8163.0,0.018335970420848165,31,8163.0
55010.0,58,16839.0,240.55714285714285,1.6412002260795522,55554.35574453133,793.6336534933042,2019398.8920000005,28848.555600000003,32,8288.0,0.05321879197010159,32,8288.0
55015.0,60,17135.0,251.98529411764707,1.1687227354115648,55799.65194726338,820.58311687152,2019398.2420000003,29697.032970588236,33,8414.0,0.0408561476355869,33,8414.0
55020.0,63,17445.0,260.3731343283582,0.6321764163778142,56045.735170072265,836.5035100010781,2019398.7590000003,30140.279985074623,36,8554.0,0.004418203015658664,36,8554.0
55025.0,56,17537.0,261.74626865671644,1.0989417538107935,56275.46679803611,839.9323402691953,2019395.7590000003,30140.235208955222,29,8473.0,0.03732385491777178,29,8473.0
55030.0,53,17681.0,252.5857142857143,1.9721543364897651,56568.99829639205,808.1285470913149,2019396.2370000004,28848.51767142857,26,8421.0,0.09826481480490705,26,8421.0
55035.0,49,17788.0,261.5882352941176,1.9453475460404277,56714.14935986995,834.0316082333816,1965244.7930000005,28900.658720588235,23,8501.0,0.0840439605133187,23,8501.0
55040.0,54,18024.0,273.09090909090907,0.9516484903773728,56759.76244972281,859.9964007533757,1911166.4970000002,28957.068136363636,28,8629.0,0.06983878627609488,28,8629.0
55045.0,45,16923.0,245.2608695652174,2.097417502094027,57057.60813389364,826.9218570129512,1938284.7050000003,28091.08268115942,20,7717.0,0.09903852569462705,20,7717.0
55050.0,49,17161.0,245.15714285714284,2.9022340446498376,57224.00214514155,817.4857449305933,1965464.1960000005,28078.059942857144,23,7461.0,0.06010222798275424,23,7461.0
55055.0,55,17412.0,248.74285714285713,2.036575047689443,56799.178142957884,811.4168306136838,1992576.0000000005,28465.37142857143,28,7557.0,0.0165664499625735,28,7557.0
55060.0,56,17687.0,272.10769230769233,1.3758004358537907,56443.387044133364,868.3598006789748,2019689.4740000004,31072.145753846155,30,7671.0,0.04866480160142195,30,7671.0
55065.0,51,17778.0,291.44262295081967,1.1606072544278927,56585.550003589655,927.6319672719615,2019688.2120000005,33109.64281967213,24,7605.0,0.07923185928598454,24,7605.0
55070.0,53,18037.0,295.6885245901639,1.033501259335964,56860.409627229026,932.1378627414595,2019688.2120000005,33109.64281967213,26,7682.0,2.9268631075529878e-05,26,7682.0
55075.0,53,18302.0,305.03333333333336,1.3231160426161424,57084.595263520154,951.4099210586693,2019687.4580000006,33661.45763333333,26,7777.0,0.0,26,7777.0
55080.0,53,18567.0,331.55357142857144,0.6735878106776652,57246.86070092473,1022.26536965937,2019687.0920000004,36065.84092857143,26,7872.0,0.0,26,7872.0
55085.0,46,18537.0,314.1864406779661,1.2802083247876563,57420.0120510422,973.2205432380032,2019694.3160000006,34232.10705084746,19,7673.0,0.024215409532995443,19,7673.0
55090.0,41,18544.0,314.3050847457627,2.971568059531958,57663.73596959528,977.351457111784,2019694.3160000006,34232.10705084746,14,7534.0,0.2278322917228649,14,7534.0
55095.0,40,18590.0,320.51724137931035,1.6107758120316618,57835.249567558225,997.159475302728,1992602.1720000005,34355.20986206897,14,7564.0,0.09633080073066808,14,7564.0
55100.0,48,18779.0,323.7758620689655,0.8967347421027604,57799.05799314401,996.5354826404139,1938488.7280000001,33422.21944827586,22,7662.0,0.061000251541126184,22,7662.0
55105.0,44,18970.0,332.8070175438597,1.6377743703019398,57799.79365683888,1014.0314676638397,1911494.894,33534.99814035088,19,7727.0,0.12669427070263958,19,7727.0
55110.0,48,19201.0,314.7704918032787,1.5316596718383424,58061.79016710578,951.8326256902583,1965808.2340000002,32226.364491803277,23,7798.0,0.03968499256777932,23,7798.0
55115.0,53,19458.0,308.85714285714283,1.5559552272527504,58319.70830471414,925.709655630383,2020111.5450000002,32065.26261904762,27,7895.0,0.03283519545963214,27,7895.0
55120.0,55,19726.0,334.33898305084745,0.3232049450790473,58545.37328877125,992.2944625215464,2020108.5450000002,34239.12788135593,29,8000.0,0.051130576158350455,29,8000.0
55125.0,51,19848.0,320.1290322580645,0.8892908885505117,58836.62333085785,948.9777956589977,2020111.5450000002,32582.444274193545,24,7831.0,0.017377238408027105,24,7831.0
55130.0,47,19983.0,322.30645161290323,2.0128583731057206,59107.59320965253,953.3482775750408,2020111.5450000002,32582.444274193545,20,7714.0,0.10709920771266941,20,7714.0
55135.0,44,20133.0,324.7258064516129,1.8357860309863914,59156.22615416841,954.1326799059419,1965918.2570000002,31708.358983870963,18,7587.0,0.09392997373008516,18,7587.0
55140.0,46,20343.0,333.4918032786885,1.956767670162609,59261.88715324486,971.506346774506,1938846.8750000002,31784.375,20,7606.0,0.09825271715124283,20,7606.0
55145.0,49,20580.0,321.5625,1.4569059004194265,59406.3730919914,928.2245795623658,1938936.1210000003,30295.876890625,24,7700.0,0.06346024199170054,24,7700.0
55150.0,50,20770.0,329.6825396825397,1.6982396897071006,59289.14469894597,941.0975349039045,1912026.8610000003,30349.632714285715,25,7730.0,0.15145461616655334,25,7730.0
55155.0,54,21029.0,328.578125,1.1447749192243393,59476.800315222295,929.3250049253484,1939243.9590000003,30300.686859375,28,7829.0,0.025942941259794336,28,7829.0
55160.0,56,21302.0,317.94029850746267,1.556260704428319,59768.2192935522,892.06297453063,1966416.3640000003,29349.49797014926,31,7942.0,0.027236630116053637,31,7942.0
55165.0,56,21582.0,322.1194029850746,1.460291397400006,60016.387310149694,895.7669747783539,2020759.726,30160.592925373134,31,8062.0,0.03276302827150432,31,8062.0
55170.0,52,21698.0,333.81538461538463,1.2184806231404552,60240.04144106568,926.7698683240875,2075093.372,31924.513415384616,26,7951.0,0.08860804831229305,26,7951.0
55175.0,52,21867.0,331.3181818181818,1.9796510068102857,60530.12037749105,917.1230360225917,2075093.372,31440.808666666668,25,7918.0,0.05056037698332915,25,7918.0
55180.0,48,22052.0,339.26153846153846,1.8492606715095425,60648.562370332445,933.0548056974224,2020826.814,31089.643292307694,22,7996.0,0.10107670500454155,22,7996.0
55185.0,52,22294.0,353.87301587301585,0.6498972904950304,60721.80644521032,963.8381975430209,1912212.8680000002,30352.585206349202,27,8091.0,0.04351520530897134,27,8091.0
55190.0,54,22525.0,357.53968253968253,1.0123380063557244,60902.39201134328,966.7046351006871,1912273.6440000003,30353.549904761905,29,8168.0,0.028597977688698803,29,8168.0
55195.0,56,22801.0,350.7846153846154,1.1086044913766588,61195.40871143019,941.4678263296954,1966629.9910000004,30255.846015384614,31,8285.0,0.06967644272135502,31,8285.0
55200.0,59,23088.0,349.8181818181818,0.8635803656007455,61475.25441836659,931.4432487631301,2020983.891,30620.96804545454,33,8412.0,0.027310856877271514,33,8412.0
55205.0,63,23393.0,329.4788732394366,0.768351411891873,61767.496389041524,869.9647378738243,2020989.891,28464.646352112675,36,8554.0,0.013827258691763924,36,8554.0
55210.0,56,23547.0,327.0416666666667,1.6086771042021875,62081.33394537054,862.2407492412575,2020989.2190000003,28069.294708333335,29,8529.0,0.06214064836524642,29,8529.0
55215.0,54,23699.0,329.15277777777777,1.7917130615773134,62392.15942154367,866.5577697436623,2020989.2190000003,28069.294708333335,27,8519.0,0.0601881280858644,27,8519.0
55220.0,54,23900.0,331.94444444444446,1.8563459458210316,62701.65140043305,870.8562694504592,2020989.2190000003,28069.294708333335,28,8583.0,0.06894179826288958,28,8583.0
55225.0,59,24170.0,355.44117647058823,0.7969329934334116,62706.76275297489,922.1582757790429,1912359.2370000002,28122.92995588235,34,8725.0,0.03759653383839625,34,8725.0
55230.0,48,23296.0,347.7014925373134,1.7306570838239705,62882.690960790154,938.5476262804502,1885206.8690000002,28137.41595522388,22,7905.0,0.0923196763951145,22,7905.0
55235.0,53,23540.0,326.94444444444446,2.4725995471249713,63166.18076945365,877.3080662424115,1939596.2630000003,26938.83698611111,26,7807.0,0.026344439417600916,26,7807.0
55240.0,54,23803.0,330.59722222222223,2.699928862310673,63289.72775416738,879.0239965856581,1993986.2290000003,27694.253180555555,28,7931.0,0.05558174840801654,28,7931.0
55245.0,56,24077.0,370.4153846153846,1.2353879229230276,62536.6204630089,962.1018532770597,2021172.2010000001,31094.956938461535,31,8068.0,0.06848186782682077,31,8068.0
55250.0,52,24210.0,384.2857142857143,0.8102038260381875,62766.23045040504,996.2893722286514,2048357.487,32513.610904761903,26,8030.0,0.04250686116067466,26,8030.0
55255.0,50,24363.0,380.671875,1.6573418854925026,63051.331922774916,985.1770612933576,2048358.2210000001,32005.597203125,23,8011.0,0.054960737068689966,23,8011.0
55260.0,47,24543.0,377.5846153846154,2.349454620076044,63323.10935244251,974.201682345269,2048361.955,31513.260846153844,21,8028.0,0.11769313862750518,21,8028.0
55265.0,49,24767.0,375.25757575757575,1.5251053662518335,63372.054741071974,960.1826475919994,1939656.547,29388.735560606063,24,8123.0,0.05959957446656578,24,8123.0
55270.0,44,24304.0,373.9076923076923,1.6478747327254042,63399.24409326928,975.3729860502964,1912565.6570000001,29424.087030769228,17,7752.0,0.1194173950407817,17,7752.0
55275.0,46,24515.0,371.43939393939394,1.173677343497754,63693.99148940563,965.0604771122063,1939771.7070000002,29390.480409090906,19,7573.0,0.11925140276119077,19,7573.0
55280.0,53,24759.0,369.53731343283584,0.6374026669536028,63775.13540033521,951.8676925423165,1994174.6560000004,29763.800835820894,26,7658.0,0.04531964090936219,26,7658.0
55285.0,55,25014.0,352.3098591549296,1.049753443889324,64101.464570410775,902.8375291607152,2021381.9150000005,28470.16781690141,30,7769.0,0.008052808592759045,30,7769.0
55290.0,47,17288.0,233.6216216216216,2.2380524422145456,64415.80541681212,870.4838569839475,2021380.6480000003,27315.9547027027,24,3750.0,0.0906808919040566,24,3750.0
55295.0,45,11330.0,155.2054794520548,3.1030003715736085,64251.405897540004,880.1562451717809,2021414.678,27690.612027397263,27,4796.0,0.07266911389787867,27,4796.0
55300.0,39,5334.0,74.08333333333333,2.900172822576612,64429.746223258095,894.8575864341403,2021413.6830000002,28075.190041666665,31,6876.0,0.015078797200660965,31,6876.0
55305.0,43,918.0,14.123076923076923,2.398047936835509,57236.22986187531,880.5573824903892,1876646.813,28871.48943076923,38,7024.0,0.005387494270243065,38,7024.0
55310.0,42,931.0,14.546875,1.686176088223608,48593.74035987134,759.2771931229901,1885220.752,29456.574249999998,32,6976.0,0.0133545662098575,32,6976.0
55315.0,44,993.0,14.82089552238806,2.0710739752766525,44585.81261594167,665.459889790174,1990479.87,29708.6547761194,27,6963.0,0.05128664935602576,27,6963.0
55320.0,46,1106.0,16.757575757575758,1.7722884992347594,43799.90164555858,663.6348734175539,1964265.938,29761.605121212117,26,7058.0,0.04772153457058723,26,7058.0
55325.0,51,1330.0,19.0,1.1004962984855,43861.663042001965,626.5951863143139,2011121.7759999998,28730.311085714282,28,7184.0,0.0437619289418394,28,7184.0
55330.0,55,1125.0,16.071428571428573,1.3337065129589272,43984.15269888322,628.3450385554745,2011217.092,28731.672742857143,27,7065.0,0.0981694323494579,27,7065.0
55335.0,54,1319.0,18.319444444444443,1.4926419766219976,44301.90937655115,615.304296896544,2038446.503,28311.75698611111,28,7004.0,0.0691269773441581,28,7004.0
55340.0,57,1598.0,21.30666666666667,1.5536423788708034,44590.06122117042,594.5341496156057,2092905.372,27905.40496,31,7122.0,0.06553757653860098,31,7122.0
55345.0,65,1908.0,26.136986301369863,1.1795549219839834,44909.01391923561,615.1919714963782,2092905.186,28669.93405479452,37,7260.0,0.0003898633369669416,37,7260.0
55350.0,59,2071.0,30.455882352941178,0.7874476198148992,44793.77077306591,658.7319231333222,2092902.186,30777.973323529408,31,7201.0,0.04683415554365452,31,7201.0
55355.0,57,2265.0,32.82608695652174,1.5567844803215167,45106.99405783593,653.7245515628397,2092902.186,30331.915739130432,29,7114.0,0.02962502956188026,29,7114.0
55360.0,53,2452.0,36.59701492537314,1.4198492696320366,45244.10537441127,675.2851548419595,2038499.628,30425.367582089548,25,7210.0,0.06264760443953905,25,7210.0
55365.0,56,2681.0,37.76056338028169,1.1829462206693149,45437.504769308995,639.9648559057606,2011327.8969999999,28328.561929577463,29,7330.0,0.03961155499506545,29,7330.0
55370.0,51,2806.0,40.666666666666664,1.444922069612144,45435.67762516064,658.4880815240675,1957003.224,28362.365565217387,25,7282.0,0.07419664895272358,25,7282.0
55375.0,54,3062.0,43.12676056338028,1.4733324131376846,45744.815018342924,644.2931692724355,2011505.7359999998,28331.066704225344,28,7300.0,0.11372331683123225,28,7300.0
55380.0,62,3355.0,45.95890410958904,1.0448064923497158,46069.99306613901,631.0957954265617,2065997.4279999998,28301.334630136986,35,7428.0,0.01301163002044264,35,7428.0
55385.0,65,3673.0,48.973333333333336,1.018040021959479,46295.85523265138,617.2780697686853,2093245.2709999997,27909.936946666665,39,7581.0,0.0002667625629982123,39,7581.0
55390.0,60,3851.0,52.04054054054054,1.2551399846312372,46412.49522090943,627.1958813636411,2120496.823,28655.36247297297,33,7540.0,0.10561665571871029,33,7540.0
55395.0,59,4044.0,54.648648648648646,1.848114459887324,46739.18378996789,631.6105917563227,2120496.823,28655.36247297297,31,7509.0,0.047112133393489,31,7509.0
55400.0,56,4276.0,58.57534246575342,1.7882448433599818,46940.0894222501,643.0149235924671,2093290.433,28675.211410958902,29,7552.0,0.07542605589494103,29,7552.0
55405.0,60,4556.0,64.16901408450704,1.0521058346986756,46988.59879131802,661.8112505819439,2011666.6090000002,28333.332521126755,33,7685.0,0.04568223956532322,33,7685.0
55410.0,52,3963.0,55.816901408450704,1.664572464613828,47188.02820601838,664.6201155777237,1984475.9609999997,27950.365647887327,26,7056.0,0.08630114654788426,26,7056.0
55415.0,56,4228.0,55.63157894736842,2.1760919374003462,47391.90402965443,623.577684600716,2011800.918,26471.064710526312,28,7035.0,0.05262167591823165,28,7035.0
55420.0,58,4512.0,58.5974025974026,2.437934680287892,47705.96395574173,619.5579734511913,2039058.188,26481.275168831166,32,7154.0,0.042490589930204145,32,7154.0
55425.0,62,4814.0,68.77142857142857,0.9995276040644835,47150.08046968443,673.5725781383488,2093569.651,29908.13787142857,36,7291.0,0.0610505336275331,36,7291.0
55430.0,59,4982.0,73.26470588235294,0.7723351592690411,47364.635169037596,696.5387524858469,2120827.127,31188.634220588232,32,7270.0,0.0417232945832108,32,7270.0
55435.0,55,5161.0,75.8970588235294,1.6344333075350121,47673.306753233344,701.0780404887255,2120827.127,31188.634220588232,27,7257.0,0.04952758321405393,27,7257.0
55440.0,53,5366.0,80.08955223880596,1.5126983689235323,47872.18839305789,714.5102745232522,2093593.3669999999,31247.662194029854,26,7351.0,0.051060196433533954,26,7351.0
55445.0,56,5622.0,79.1830985915493,1.0812030650406368,47952.92075135766,675.393250019122,1984640.0949999997,27952.677394366197,29,7462.0,0.038884526105708285,29,7462.0
55450.0,50,5473.0,77.08450704225352,1.834563133549991,48173.42861364038,678.4989945583152,1984680.8709999996,27953.251704225353,24,7303.0,0.1042657715356044,24,7303.0
55455.0,54,5701.0,78.0958904109589,1.6929860149010925,48485.836073482984,664.1895352531914,2039221.6469999996,27934.543109589045,27,7253.0,0.0977396468405349,27,7253.0
55460.0,60,5985.0,81.98630136986301,1.43133452473668,48750.607622619136,667.8165427756044,2066491.0829999996,28308.097027397263,34,7373.0,0.02879567287807882,34,7373.0
55465.0,64,6297.0,88.69014084507042,1.0335770338354682,48900.57421777034,688.740481940427,2093762.6259999997,29489.614450704223,37,7518.0,0.017903332370101124,37,7518.0
55470.0,59,6466.0,93.71014492753623,0.9955705157355615,49020.9294537715,710.4482529532098,2093761.4299999997,30344.368550724637,31,7506.0,0.015676383956435374,31,7506.0
55475.0,54,6631.0,96.10144927536231,1.9025888510580944,49232.5552454357,713.5152934121114,2093761.4299999997,30344.368550724637,26,7491.0,0.04979689052113893,26,7491.0
55480.0,52,6814.0,100.20588235294117,1.3619621472298469,49513.85730336024,728.144960343533,2066486.9559999998,30389.514058823534,25,7581.0,0.06214291666902169,25,7581.0
55485.0,58,7072.0,105.55223880597015,0.797170704855071,49628.69290576604,740.7267597875527,2012006.3149999997,30029.945000000003,31,7705.0,0.0304208489528288,31,7705.0
55490.0,53,7198.0,105.8529411764706,1.1235676771046161,49847.64751359521,733.053639905812,2012047.042,29588.927088235298,27,7672.0,0.06700006457890795,27,7672.0
55495.0,56,7471.0,105.22535211267606,1.3752519273578394,50071.93929196605,705.2385815769866,2039373.554,28723.571183098593,30,7730.0,0.05336654464604513,30,7730.0
55500.0,62,7767.0,109.3943661971831,1.3809118933047537,50355.89015741895,709.2378895411119,2066659.178,29107.875746478872,36,7862.0,0.008687308192688554,36,7862.0
55505.0,63,8079.0,112.20833333333333,0.8972496763683577,50510.81402708474,701.5390837095102,2093950.524,29082.64616666667,36,8024.0,0.032440150254448914,36,8024.0
55510.0,55,7195.0,102.78571428571429,1.2891528636078953,50749.378075156535,724.991115359379,2093947.524,29913.53605714286,27,7472.0,0.07178865499267624,27,7472.0
55515.0,50,7144.0,102.05714285714286,1.4026909025476295,51062.665784417164,729.4666540631023,2093947.524,29913.53605714286,21,7135.0,0.06972197026209052,21,7135.0
55520.0,51,7320.0,106.08695652173913,1.2713897654954203,50918.2466991694,737.9456043357882,2039428.24,29556.931014492755,24,7231.0,0.045227776265831764,24,7231.0
55525.0,56,7573.0,105.18055555555556,1.5446951955296218,51228.42965619945,711.5059674472143,2039453.4819999996,28325.742805555554,30,7358.0,0.008781274929072316,30,7358.0
55530.0,53,7730.0,110.42857142857143,1.6032197572089844,50806.50388397046,725.8071983424351,2066753.184,29525.045485714287,27,7374.0,0.06371882515739252,27,7374.0
55535.0,57,8010.0,111.25,1.478041420357853,51122.13369490273,710.0296346514265,2094059.508,29084.15983333333,31,7474.0,0.005078940215335011,31,7474.0
55540.0,62,8319.0,120.56521739130434,1.2633122709357463,51292.57333860397,743.3706280957095,2066795.0199999998,29953.551014492754,34,7609.0,0.025886498342242645,34,7609.0
55545.0,62,8629.0,126.8970588235294,0.5378033424182906,51478.55213254389,757.0375313609393,2066796.6519999998,30394.068411764707,34,7744.0,0.004837994377144139,34,7744.0
55550.0,57,8761.0,132.74242424242425,1.0142615611138168,51757.519684502775,784.2048437045872,2066796.6519999998,31315.100787878793,29,7641.0,0.041013497996983575,29,7641.0
55555.0,54,8925.0,135.22727272727272,1.4988004795321777,52053.47885145146,788.68907350684,2066796.6519999998,31315.100787878793,26,7557.0,0.07190420348367145,26,7557.0
55560.0,51,9056.0,139.3230769230769,1.4054252127462608,52307.26828311811,804.7272043556629,2039504.4039999999,31376.990830769235,24,7558.0,0.060589431506718784,24,7558.0
55565.0,54,9294.0,138.71641791044777,1.1217542295442076,52215.543881760495,779.3364758471714,1985068.889,29627.893865671642,28,7703.0,0.052227139534405075,28,7703.0
55570.0,48,8808.0,124.05633802816901,2.254093333929292,52269.03058633349,736.1835293849788,1985224.32,27960.90591549296,21,7129.0,0.15417730320637846,21,7129.0
55575.0,50,9050.0,125.69444444444444,2.9093887971948544,52556.59405068544,729.9526951484087,2012558.9300000002,27952.20736111111,24,7129.0,0.0912337938383712,24,7129.0
55580.0,56,9322.0,133.17142857142858,1.715272925727967,52423.26872411507,748.9038389159293,2067224.9980000001,29531.785685714287,30,7236.0,0.052929311344567444,30,7236.0
55585.0,62,9623.0,148.04615384615386,0.41041207530680457,52348.56108705452,805.3624782623773,2094546.164,32223.78713846154,36,7372.0,0.013900386057072868,36,7372.0
55590.0,57,9783.0,150.5076923076923,0.8485314985671798,52653.43457819906,810.0528396646009,2121878.9590000003,32644.29167692308,29,7290.0,0.03673501367598696,29,7290.0
55595.0,54,9953.0,146.36764705882354,1.8745890525534386,52949.06331205748,778.6626957655511,2121879.623,31204.112102941177,24,7225.0,0.04817048001593302,24,7225.0
55600.0,49,10140.0,153.63636363636363,1.8167898125735988,53090.0506391892,804.3947066543822,2067269.95,31322.27196969697,22,7302.0,0.074503987190099,22,7302.0
55605.0,54,10385.0,155.0,1.209569896455481,53132.88027440635,793.0280637971096,1985388.277,29632.66085074627,27,7405.0,0.09468974499793205,27,7405.0
55610.0,50,10399.0,155.2089552238806,1.4580129362315202,53306.28671176554,795.6162195785901,1985465.053,29633.80676119403,24,7302.0,0.08739466242330542,24,7302.0
55615.0,56,10664.0,154.55072463768116,1.616579182187642,53603.24366969841,776.8586039086724,2040160.722,29567.54669565217,29,7365.0,0.06250412205086053,29,7365.0
55620.0,58,10949.0,163.4179104477612,1.2015892935124317,53774.3669549892,802.6024918655104,2067506.8499999999,30858.311194029848,32,7485.0,0.030653660346096335,32,7485.0
55625.0,61,11250.0,160.71428571428572,0.830793087136896,53972.06883847033,771.02955483529,2094848.41,29926.405857142858,34,7619.0,0.00217484276720296,34,7619.0
55630.0,52,10896.0,160.23529411764707,1.354101060238343,54222.1506142563,797.38456785671,2094848.41,30806.594264705884,23,7151.0,0.08058492530702391,23,7151.0
55635.0,50,10901.0,160.30882352941177,0.9198524336450793,54532.55919174745,801.9493998786387,2094848.41,30806.594264705884,20,7023.0,0.07558651242131076,20,7023.0
55640.0,51,11061.0,165.08955223880596,0.7583784705706201,54833.34354184187,818.408112564804,2067502.478,30858.245940298504,24,7093.0,0.01961125432442395,24,7093.0
55645.0,58,11313.0,166.36764705882354,0.8184754543661485,55138.09847677383,810.8543893643207,2040154.2179999999,30002.267911764706,32,7211.0,0.005160349993935376,32,7211.0
55650.0,55,11521.0,162.26760563380282,1.7298475461763447,55450.35350884643,780.9908944907946,2067521.1579999998,29120.016309859155,29,7255.0,0.051335386453929946,29,7255.0
55655.0,58,11806.0,173.61764705882354,1.4174696451043158,54873.12469364977,806.9577160830846,2040226.1029999997,30003.32504411765,30,7370.0,0.0006011559124815419,30,7370.0
55660.0,59,12101.0,180.61194029850745,1.209133034221993,55155.08429924146,823.2102134215143,2040222.4849999996,30451.081865671644,31,7490.0,0.04017863727866381,31,7490.0
55665.0,62,12407.0,200.11290322580646,0.00023057641772002933,55358.46777542034,892.8785125067794,2040222.4849999996,32906.81427419355,34,7621.0,2.9420648889415422e-05,34,7621.0
55670.0,57,12536.0,202.19354838709677,0.318588271043633,55665.12796952609,897.8246446697755,2040222.4849999996,32906.81427419355,29,7491.0,0.011494351880872488,29,7491.0
55675.0,53,12687.0,198.234375,1.2928263953822459,55961.68944554705,874.4013975866721,2040222.8649999998,31878.482265625003,25,7382.0,0.046508239817972405,25,7382.0
55680.0,50,12826.0,200.40625,1.5862860778966872,56246.07675261513,878.8449492596112,2040222.8649999998,31878.482265625003,22,7461.0,0.054860214647269104,22,7461.0
55685.0,52,13022.0,188.7246376811594,1.219271038406172,56209.155190318445,814.6254375408466,2013056.91,29174.73782608696,25,7590.0,0.04113594960309981,25,7590.0
55690.0,53,13232.0,194.58823529411765,1.831407003815201,56229.62545010235,826.9062566191523,1985848.157,29203.64936764706,27,7664.0,0.14033818035775955,27,7664.0
55695.0,56,13506.0,192.94285714285715,1.2473959648671138,56535.04959265847,807.6435656094066,2040645.885,29152.084071428573,30,7773.0,0.052364753838695904,30,7773.0
55700.0,62,13806.0,189.12328767123287,1.2325132109454102,56823.12850306775,778.3990205899692,2095443.608,28704.70695890411,35,7908.0,0.009872459258022881,35,7908.0
55705.0,65,14124.0,196.16666666666666,1.229500665881378,57144.6336255831,793.6754670219871,2095443.418,29103.380805555556,37,8057.0,1.2347820728770156e-06,37,8057.0
55710.0,54,13944.0,208.11940298507463,0.7411702537068715,57405.77620077538,856.8026298623189,2095440.418,31275.230119402986,25,7673.0,0.04454282687352173,25,7673.0
55715.0,53,14044.0,206.52941176470588,1.3153016831665638,57717.20137396284,848.7823731465119,2095440.418,30815.300264705882,24,7524.0,0.04854521471823581,24,7524.0
55720.0,52,14225.0,215.53030303030303,1.0257012361832372,57808.25720882212,875.8826849821531,2068075.174,31334.472333333335,25,7611.0,0.04308448979424111,25,7611.0
55725.0,58,14481.0,209.8695652173913,0.7346970096255795,57891.77889737022,839.0112883676842,2068088.463,29972.296565217395,31,7735.0,0.009513505927479654,31,7735.0
55730.0,57,14744.0,216.8235294117647,1.404563396368812,57924.754429259345,851.8346239596959,2068087.251,30413.047808823532,31,7850.0,0.08658815848620001,31,7850.0
55735.0,60,15037.0,217.92753623188406,1.131319806924555,58232.553072820556,843.9500445336312,2095509.8669999999,30369.7082173913,33,7976.0,0.07026369517458764,33,7976.0
55740.0,64,15349.0,229.08955223880596,0.3915361590475867,58348.83815492188,870.8781814167444,2068203.0669999998,30868.70249253732,36,8114.0,0.0016011528454898192,36,8114.0
55745.0,65,15674.0,227.15942028985506,0.4747959178346516,58672.75087968447,850.3297228939778,2068203.0669999998,29973.957492753623,37,8264.0,0.0,37,8264.0
55750.0,54,14993.0,214.18571428571428,1.732346368017947,58980.70908698456,842.5815583854936,2068203.163,29545.759471428573,26,7566.0,0.12643432778443198,26,7566.0
55755.0,54,15263.0,218.04285714285714,2.3980203143870717,59271.84023048488,846.7405747212125,2068203.163,29545.759471428573,26,7503.0,0.005495810098428983,26,7503.0
55760.0,56,15542.0,231.97014925373134,1.8473469203407145,59098.290711390386,882.0640404685134,2068202.785,30868.698283582096,28,7607.0,0.04325701438842825,28,7607.0
55765.0,57,15825.0,243.46153846153845,1.1756660957498053,58915.100754871404,906.3861654595603,2068198.2629999998,31818.43481538462,29,7715.0,0.0001059644036661596,29,7715.0
55770.0,57,16110.0,264.0983606557377,0.725513224875755,59056.597599443456,968.1409442531716,2068196.835,33904.86614754099,29,7825.0,0.0514687431102509,29,7825.0
55775.0,55,16059.0,254.9047619047619,0.7718895578788348,59341.70341391741,941.9318002209112,2068197.4549999998,32828.53103174603,25,7558.0,0.02841558389922835,25,7558.0
55780.0,50,16093.0,255.44444444444446,1.7934336503842874,59624.16636654118,946.4153391514474,2068197.4549999998,32828.53103174603,22,7342.0,0.08826196468040029,22,7342.0
55785.0,46,16063.0,254.96825396825398,2.5790715204023376,59888.29242873178,950.607816329076,2068197.4549999998,32828.53103174603,19,7013.0,0.1574535134688555,19,7013.0
55790.0,48,16243.0,266.27868852459017,1.6872271479833973,59693.2227091996,978.5774214622885,2013607.7589999996,33009.96326229508,21,7128.0,0.08392992499579519,21,7128.0
55795.0,50,16491.0,284.32758620689657,0.7274011398184514,59222.03378504257,1021.069548017975,1931742.0379999997,33305.89720689655,24,7263.0,0.0681745043344913,24,7263.0
55800.0,47,16507.0,279.77966101694915,1.1770682071076035,59329.05386142143,1005.5771840918884,1959344.3419999997,33209.22613559322,21,7136.0,0.07944991388781225,21,7136.0
55805.0,52,16753.0,242.79710144927537,1.8839458188975045,59607.96991761765,863.8836219944586,2014303.1359999997,29192.79907246377,25,7195.0,0.06203611047053457,25,7195.0
55810.0,52,17008.0,250.11764705882354,2.380117843901497,59781.5258343081,879.1400857986484,2041774.3139999998,30026.09285294118,26,7285.0,0.1635705756957671,26,7285.0
55815.0,55,17274.0,257.82089552238807,0.8543888452307165,59958.186684690205,894.8983087267194,2096719.3459999997,31294.318597014924,29,7386.0,0.06755990831664409,29,7386.0
55820.0,57,17407.0,259.8059701492537,0.8784772713542196,60210.919971935764,898.6704473423246,2151656.4879999994,32114.275940298507,30,7133.0,0.051805223848810734,30,7133.0
55825.0,53,17572.0,262.2686567164179,1.842683699592371,60509.4839893425,903.1266267066045,2151656.4879999994,32114.275940298507,25,7037.0,0.054733048854606246,25,7037.0
55830.0,51,17791.0,261.63235294117646,1.9206725513332705,60722.804889082516,892.9824248394485,2124235.6839999994,31238.76005882353,24,7122.0,0.05613243430178574,24,7122.0
55835.0,53,18043.0,277.5846153846154,1.196843426118663,60474.32543915023,930.374237525388,2014674.0429999998,30994.985276923075,27,7221.0,0.028179934766951333,27,7221.0
55840.0,51,18199.0,279.9846153846154,1.1706366997972593,60636.452152517224,932.8684946541107,2014762.408,30996.34473846154,24,7218.0,0.05284587979419311,24,7218.0
55845.0,55,18467.0,267.6376811594203,1.7014103324436116,60934.13504970653,883.1034065174858,2042244.5620000002,29597.74727536232,29,7321.0,0.04961651360000945,29,7321.0
55850.0,57,18749.0,271.72463768115944,1.5393057599343791,61173.73360944254,886.5758494122106,2097191.0930000003,30394.0738115942,31,7438.0,0.07071046084592252,31,7438.0
55855.0,61,19049.0,280.13235294117646,0.5697832624083466,61426.12487076631,903.3253657465631,2097190.571,30841.03780882353,33,7565.0,0.0033545357136930366,33,7565.0
55860.0,57,19203.0,290.95454545454544,1.083792016633081,61704.79182456506,934.9210882509852,2097187.571,31775.569257575757,29,7435.0,0.018634603907649528,29,7435.0
55865.0,53,19380.0,280.8695652173913,1.7784295116761113,62009.60945434947,898.6899920920208,2097187.571,30394.02276811594,25,7384.0,0.04883438478826092,25,7384.0
55870.0,51,19535.0,291.56716417910445,1.645517261272505,62134.907777367574,927.386683244292,2042310.3169999998,30482.243537313432,24,7471.0,0.1252401572028453,24,7471.0
55875.0,54,19777.0,299.6515151515151,0.6435476930534674,62273.708966233076,943.5410449429253,2014929.2639999997,30529.231272727277,28,7585.0,0.02827248712128571,28,7585.0
55880.0,56,20010.0,290.0,1.0272669327972659,62384.05034817381,904.1166717126638,2015028.7489999998,29203.315202898553,29,7671.0,0.03193871129609382,29,7671.0
55885.0,57,20291.0,281.81944444444446,1.831792642936029,62696.47304214768,870.7843478076063,2042528.855,28368.456319444445,31,7787.0,0.07400994789842529,31,7787.0
55890.0,61,20588.0,282.027397260274,1.1650782470642713,62996.139663374444,862.9608173064988,2097518.773,28733.13387671233,35,7919.0,0.05474188473793942,35,7919.0
55895.0,69,20919.0,298.84285714285716,0.10387017971878404,63279.36088298294,903.9908697568987,2097518.773,29964.5539,41,8079.0,2.6233672952722614e-05,41,8079.0
55900.0,57,20327.0,290.3857142857143,1.0564587162292887,63612.67915838066,908.7525594054379,2097518.773,29964.5539,29,7564.0,0.05413241384391433,29,7564.0
55905.0,52,20376.0,283.0,1.4977587057361719,63929.75661348202,887.9132862983615,2097520.301,29132.22640277778,23,7328.0,0.06712841927258754,23,7328.0
55910.0,51,20556.0,289.5211267605634,1.602243046578578,63953.71691693298,900.7565762948304,2097520.301,29542.539450704233,23,7407.0,0.034933764963847314,23,7407.0
55915.0,57,20798.0,305.8529411764706,0.8374658101168161,63890.164936340996,939.561249063838,2042561.3809999998,30037.66736764706,30,7527.0,0.033038292051388626,30,7527.0
55920.0,57,21020.0,313.7313432835821,0.9225340878496336,63856.94594510267,953.0887454492937,2070074.69,30896.637164179105,31,7601.0,0.02971269700992498,31,7601.0
55925.0,61,21319.0,288.0945945945946,1.2772436986629478,64184.38145408957,867.3565061363455,2097594.6739999996,28345.873972972975,34,7733.0,0.0069493286680841595,34,7733.0
55930.0,63,21632.0,296.32876712328766,1.3587325806126094,64362.093885126356,881.6725189743335,2070121.2659999998,28357.825561643836,35,7871.0,0.06030566150174709,35,7871.0
55935.0,67,21952.0,304.8888888888889,0.5584306717274434,64661.99510290998,898.0832653181941,2070121.2659999998,28751.684250000002,39,8016.0,0.010617864132247941,39,8016.0
55940.0,59,22001.0,309.8732394366197,0.7529337816761332,64976.29970170933,915.1591507283,2070121.2659999998,29156.637549295774,31,7718.0,0.038626825321155446,31,7718.0
55945.0,58,22156.0,312.056338028169,1.0173841283073437,65308.15727523674,919.8332010596721,2070121.2659999998,29156.637549295774,29,7761.0,0.02760897650659699,29,7761.0
55950.0,58,22345.0,319.2142857142857,1.0308512730573902,65502.94482358355,935.7563546226221,2042646.5459999999,29180.664942857144,30,7875.0,0.0243159258366552,30,7875.0
55955.0,62,22602.0,313.9166666666667,0.8537684121322564,65656.71959983672,911.8988833310655,2042691.2229999998,28370.711430555555,33,8025.0,0.00744088648887482,33,8025.0
55960.0,56,22787.0,320.943661971831,1.4538536806867783,65729.26271463251,925.7642635863732,2070232.6419999998,29158.20622535211,30,8074.0,0.06073266266099811,30,8074.0
55965.0,59,23079.0,311.8783783783784,1.7518836288440438,66045.51376978825,892.5069428349763,2125321.9579999996,28720.567000000003,33,8201.0,0.07510391293698115,33,8201.0
55970.0,63,23386.0,320.35616438356163,1.2936481023668254,66233.2020300125,907.3041373974315,2097849.9699999997,28737.67082191781,35,8337.0,0.034630386453135785,35,8337.0
55975.0,66,23710.0,343.6231884057971,0.5507147052969588,66453.46069360175,963.0936332406047,2097849.92,30403.622028985505,38,8486.0,0.00017731194177008253,38,8486.0
55980.0,59,23846.0,355.910447761194,0.8170655576311864,66767.25149988824,996.5261417893765,2097849.584,31311.18782089552,31,8348.0,0.017092198005748953,31,8348.0
55985.0,54,23985.0,337.8169014084507,1.924044610125401,67043.89661087452,944.2802339559786,2097850.8279999997,29547.194760563383,26,8240.0,0.04969112459490395,26,8240.0
55990.0,51,24145.0,349.92753623188406,2.1913934291782935,67128.02632349089,972.8699467172593,2042864.939,29606.73824637681,24,8226.0,0.13704202090070342,24,8226.0
55995.0,56,24383.0,358.5735294117647,1.0441607015872134,67260.20514130822,989.1206638427677,2015412.2040000001,29638.414764705885,30,8366.0,0.05636137279806428,30,8366.0
56000.0,47,22818.0,340.56716417910445,1.572507609057409,67131.00314990073,1001.9552708940404,1988126.2189999998,29673.52565671642,19,7119.0,0.07206675629693102,19,7119.0
56005.0,49,23052.0,320.1666666666667,3.1067676278041936,67414.3082956088,936.3098374390112,2015700.545,27995.840902777778,22,6707.0,0.07792703832911238,22,6707.0
56010.0,51,23294.0,319.09589041095893,3.111731395547014,67132.64183946815,919.6252306776454,2070832.5369999995,28367.569,25,6790.0,0.13404965273121677,25,6790.0
56015.0,56,23558.0,346.44117647058823,1.4469171044387201,66351.39780686247,975.7558501009182,2098389.327,30858.666573529412,29,6888.0,0.013320771740842516,29,6888.0
56020.0,55,23726.0,376.6031746031746,0.8193406543710158,66333.72387209213,1052.9162519379704,2098385.463,33307.70576190476,27,6886.0,0.049208376291921034,27,6886.0
56025.0,56,24004.0,381.015873015873,0.9504147631646632,66626.50472052279,1057.563566992425,2098385.463,33307.70576190476,28,6986.0,7.699789736560149e-07,28,6986.0
56030.0,56,24284.0,385.46031746031747,1.448114741363537,66913.35475908048,1062.1167422076264,2098385.463,33307.70576190476,28,7091.0,0.0,28,7091.0
56035.0,56,24564.0,402.6885245901639,0.837908738858156,67098.67561910588,1099.9782888378008,2098381.321,34399.69378688525,28,7196.0,0.0,28,7196.0
56040.0,49,24565.0,409.4166666666667,1.2881348361809128,67294.51866247627,1121.5753110412709,2098384.5689999997,34973.07615,21,6959.0,0.047991887562017964,21,6959.0
56045.0,44,24594.0,384.28125,2.213612971771438,67562.29960682246,1055.6609313566005,2098387.5689999997,32787.305765625,16,6780.0,0.11907568076082131,16,6780.0
56050.0,43,24663.0,391.4761904761905,2.4506605310130736,67637.22385316854,1073.6067278280716,2070913.2939999995,32871.639587301586,16,6709.0,0.17381531599923844,16,6709.0
56055.0,47,24856.0,407.4754098360656,1.0706796632775741,67664.14606070647,1109.2482960771547,2015901.5349999997,33047.56614754099,21,6805.0,0.05763209593752434,21,6805.0
56060.0,49,25084.0,398.1587301587302,1.2385415996364704,67633.54771074277,1073.548376360996,1988513.6369999999,31563.70852380952,23,6901.0,0.03875402806713286,23,6901.0
56065.0,52,25337.0,395.890625,1.7907539401427675,67761.57667256102,1058.7746355087652,2016227.3699999999,31503.552656249998,26,6989.0,0.07690803714161784,26,6989.0
56070.0,56,25604.0,393.9076923076923,1.4145113799993925,68025.48752996062,1046.5459619993937,2071430.8339999998,31868.166676923076,29,7091.0,0.06274475328817933,29,7091.0
56075.0,60,25890.0,410.95238095238096,0.2602980420401945,68285.69908169105,1083.8999854236665,2099025.4039999996,33317.86355555555,34,7212.0,0.014264740233492368,34,7212.0
56080.0,55,26043.0,406.921875,0.9928397951504746,68589.03241248093,1071.703631445014,2126626.2219999996,33228.53471875,27,7082.0,0.06863944518439827,27,7082.0
56085.0,52,26219.0,379.9855072463768,1.857828675719169,68885.87194016569,998.3459701473283,2126630.7539999993,30820.73556521738,24,6992.0,0.041912932531060924,24,6992.0
56090.0,48,26379.0,382.30434782608694,2.502135348838567,69174.00227688251,1002.5217721287314,2126630.7539999993,30820.73556521738,21,7064.0,0.10798845006770569,21,7064.0
56095.0,53,26613.0,422.42857142857144,0.612666357598346,68875.56076084982,1093.262869219838,1961313.1339999998,31131.954507936505,26,7156.0,0.07591279797091943,26,7156.0
56100.0,54,26840.0,419.375,0.6980700398130588,69177.3688210874,1080.8963878294894,1988926.6739999999,31076.97928125,28,7229.0,0.034664977972001,28,7229.0
56105.0,59,27122.0,393.07246376811594,1.2508153286110093,69487.11761619464,1007.0596755970231,2044157.4339999997,29625.47005797101,32,7346.0,0.031407832796036164,32,7346.0
56110.0,60,27415.0,386.1267605633803,1.3966315569219292,69765.85759215573,982.6177125655729,2071771.3199999998,29179.87774647887,34,7474.0,0.10000428632557205,34,7474.0
56115.0,63,27721.0,396.01428571428573,0.32959948198573574,70050.31535489034,1000.718790784147,2099379.4009999996,29991.134299999994,36,7613.0,0.0014384039192089698,36,7613.0
56120.0,60,27901.0,398.5857142857143,1.0097817521082446,70382.23559697461,1005.4605085282079,2099379.4009999996,29991.134299999994,32,7544.0,0.058963338415731405,32,7544.0
56125.0,57,28082.0,395.5211267605634,1.5101575664725109,70703.89318640389,995.8294814986459,2099379.4009999996,29568.72395774648,29,7496.0,0.058929352718305905,29,7496.0
56130.0,55,28289.0,398.4366197183099,1.8320619262445912,71010.81178514313,1000.1522786639873,2099379.4009999996,29568.72395774648,28,7520.0,0.08336926249865081,28,7520.0
56135.0,60,28553.0,407.9,0.875002090457836,70916.14143270618,1013.0877347529448,1989103.801,28415.768585714286,32,7665.0,0.04490627786162138,32,7665.0
56140.0,51,28013.0,400.1857142857143,1.7329329436236225,71010.06162309172,1014.4294517584525,1989238.963,28417.699471428572,23,7049.0,0.07963100993905464,23,7049.0
56145.0,54,28274.0,398.22535211267603,2.462505130294715,71303.12957355742,1004.269430613484,2016869.669,28406.61505633803,28,7051.0,0.07250143107141827,28,7051.0
56150.0,57,28553.0,407.9,1.9511426571312913,71187.85071669868,1016.9692959528384,2072120.5999999999,29601.722857142857,31,7165.0,0.04133602203569847,31,7165.0
56155.0,60,28846.0,450.71875,0.40339687723081735,71016.06486406669,1109.6260135010416,2099744.091,32808.501421875,34,7293.0,1.869219275850561e-05,34,7293.0
56160.0,55,28999.0,467.7258064516129,0.698572120302517,71279.05131303064,1149.6621179521069,2099743.753,33866.83472580645,27,7223.0,0.022394444510021847,27,7223.0
56165.0,50,29152.0,416.45714285714286,2.015151436095159,71575.08586634781,1022.501226662111,2099754.001,29996.48572857143,22,7184.0,0.06071790106126663,22,7184.0
56170.0,48,29320.0,424.92753623188406,2.4645050112424327,71841.89299901051,1041.1868550581228,2072124.5529999998,30030.790623188404,21,7253.0,0.1524752625199218,21,7253.0
56175.0,53,29569.0,448.0151515151515,0.7387933648289887,71804.94960451583,1087.953781886603,1989364.9399999997,30141.89303030303,26,7352.0,0.06320526557465099,26,7352.0
56180.0,50,29528.0,447.3939393939394,1.4223770106215652,72018.8918039882,1091.1953303634577,1989411.5379999997,30142.59906060606,24,7238.0,0.07740671110341384,24,7238.0
56185.0,54,29788.0,438.05882352941177,2.0808812577043976,72305.74123913317,1063.3197241049002,2044701.7199999997,30069.142941176466,27,7257.0,0.0792203195912392,27,7257.0
56190.0,57,30062.0,429.45714285714286,1.643234580079398,72532.22496919347,1036.1746424170499,2099989.317,29999.84738571428,30,7367.0,0.0039009671667768913,30,7367.0
56195.0,58,30351.0,446.3382352941176,1.2336881147880792,72635.37776714255,1068.1673201050373,2127630.551,31288.684573529412,32,7491.0,0.02960180515130048,32,7491.0
56200.0,53,30475.0,461.74242424242425,1.1658256874563664,72819.34162978223,1103.3233580270032,2127634.153,32236.881106060606,25,7398.0,0.09368171469005526,25,7398.0
56205.0,54,30640.0,457.3134328358209,1.731856759527435,73118.19651487374,1091.3163658936373,2127634.153,31755.73362686567,26,7354.0,0.05158549904035035,26,7354.0
56210.0,49,30797.0,459.65671641791045,2.5557079845420128,73397.08964353721,1095.4789499035408,2127634.153,31755.73362686567,22,7268.0,0.10475961327576608,22,7268.0
56215.0,50,31026.0,484.78125,1.5796333231989186,73285.14936526738,1145.0804588323026,1989559.519,31086.867484375,23,7358.0,0.08127189111502718,23,7358.0
56220.0,52,31282.0,488.78125,1.3879747279263146,73472.40227971788,1148.0062856205923,1989605.2950000002,31087.582734375,26,7461.0,0.04108925789371225,26,7461.0
56225.0,52,31462.0,476.6969696969697,1.272719114515552,73523.8839675593,1113.9982419327162,1962071.566,29728.35706060606,26,7480.0,0.059663431637016255,26,7480.0
56230.0,58,31738.0,466.7352941176471,1.4670554382207908,73821.98523594771,1085.6174299404067,2017383.364,29667.40241176471,30,7580.0,0.12607272252782575,30,7580.0
56235.0,59,32021.0,470.8970588235294,0.7974176626338548,74108.93485425954,1089.8372772685225,2045036.674,30074.06873529412,33,7701.0,0.011849151662223495,33,7701.0
56240.0,63,32332.0,461.8857142857143,0.7369977313043821,74395.38984671875,1062.7912835245531,2100353.685,30005.052642857143,37,7847.0,0.031490171228807866,37,7847.0
56245.0,53,31414.0,430.32876712328766,1.5377030715022355,74638.93196904141,1022.4511228635807,2155660.217,29529.592013698628,26,7317.0,0.05895109061233642,26,7317.0
56250.0,51,31368.0,429.6986301369863,2.0675319705812774,74949.6372606015,1026.707359734267,2155660.217,29529.592013698628,21,7003.0,0.1403615025532419,21,7003.0
56255.0,51,31547.0,432.1506849315069,1.6135885523257893,75247.36227899311,1030.7857846437416,2128000.181,29150.6874109589,23,7071.0,0.048004499179847886,23,7071.0
56260.0,57,31812.0,454.45714285714286,1.0062188610677307,75213.00490994229,1074.4714987134614,2072717.682,29610.252600000003,30,7180.0,0.030723672156261397,30,7180.0
56265.0,59,31985.0,450.49295774647885,0.9114700198240965,75246.28634922406,1059.806849989071,2072726.118,29193.325605633803,31,7209.0,0.0034343425197197555,31,7209.0
56270.0,59,32266.0,467.6231884057971,1.2566426886439566,75142.38074558658,1089.0200108056022,2072722.87,30039.46188405797,32,7337.0,0.011321846088881597,32,7337.0
56275.0,62,32571.0,486.13432835820896,0.6720400089813726,75294.97492389656,1123.805595879053,2045095.604,30523.814985074627,34,7468.0,0.04232858425307415,34,7468.0
56280.0,64,32887.0,498.2878787878788,0.3077052246105315,75580.05388225868,1145.1523315493737,2045095.604,30986.297030303034,36,7609.0,0.012644856502118515,36,7609.0
56285.0,60,33042.0,478.8695652173913,0.7397664998025968,75868.18998680486,1099.5389853160127,2045098.604,29639.11020289855,32,7572.0,0.018323957567585047,32,7572.0
56290.0,56,33217.0,467.84507042253523,1.7830196070744802,76179.70804005023,1072.9536343669051,2045098.712,28804.20721126761,28,7478.0,0.08081916255553163,28,7478.0
56295.0,53,33356.0,469.80281690140845,1.7289981061878206,76487.51150770092,1077.2888944746612,2045098.712,28804.20721126761,26,7598.0,0.06445308050983381,26,7598.0
56300.0,57,33610.0,487.1014492753623,0.9335290272257106,76475.21404911921,1108.3364354944815,1989875.544,28838.776,31,7767.0,0.0589072553958957,31,7767.0
56305.0,55,33777.0,496.72058823529414,1.2642203624039507,76601.06771981112,1126.4862899972225,1962288.103,28857.177985294118,29,7809.0,0.06399407314987764,29,7809.0
56310.0,57,34058.0,486.54285714285714,1.559930103713441,76905.8562152167,1098.65508878881,2017679.986,28823.999800000005,31,7909.0,0.03935510025857228,31,7909.0
56315.0,62,34349.0,470.5342465753425,1.1944792956682337,77175.10476486459,1057.1932159570495,2073067.4239999999,28398.18389041096,33,8035.0,0.001679878366811666,33,8035.0
56320.0,62,34657.0,481.34722222222223,1.2654752445593143,77423.42874632242,1075.3253992544778,2100762.423,29177.255875,36,8178.0,0.05546380779740423,36,8178.0
56325.0,54,34507.0,472.6986301369863,1.2339263782236605,77665.81327026593,1063.9152502776155,2128454.485,29156.910753424654,26,7736.0,0.07510281455230552,26,7736.0
56330.0,57,34677.0,475.027397260274,1.3433330628457079,77993.08687928431,1068.3984504011553,2128454.485,29156.910753424654,27,7618.0,0.06742988728091333,27,7618.0
56335.0,56,34899.0,491.53521126760563,0.8772456161544361,78017.44615670061,1098.8372698126843,2100786.9960000003,29588.549239436623,28,7715.0,0.020851060472818622,28,7715.0
56340.0,60,35164.0,509.6231884057971,0.7163218964053673,78322.17713116042,1135.1040163936298,2045396.1700000002,29643.42275362319,34,7846.0,0.004677319200642542,34,7846.0
56345.0,60,35421.0,485.2191780821918,1.305510146792731,78311.26360059125,1072.7570356245374,2073108.0489999999,28398.740397260277,34,7948.0,0.015500720935348109,34,7948.0
56350.0,62,35728.0,482.81081081081084,1.71220849802744,78502.7329840327,1060.8477430274688,2100816.076,28389.406432432435,35,8088.0,0.09899416806225586,35,8088.0
56355.0,65,36045.0,487.0945945945946,0.9119532083124816,78821.1105958608,1065.150143187308,2100818.816,28389.443459459468,37,8231.0,0.04731908952563336,37,8231.0
56360.0,69,36387.0,512.4929577464789,0.14455712805173349,78982.21172430726,1112.4255172437645,2073174.222,29199.636929577468,41,8398.0,0.01596327957715791,41,8398.0
56365.0,65,36548.0,507.6111111111111,0.5872051818546461,79332.61424033587,1101.8418644491094,2073174.222,28794.08641666667,37,8331.0,0.015260180689799252,37,8331.0
56370.0,61,36741.0,496.5,1.5581144815225303,79667.18474153728,1076.5835775883415,2073176.046,28015.89251351351,33,8272.0,0.06982137775023081,33,8272.0
56375.0,58,36919.0,498.9054054054054,1.761535075159592,79957.44813012355,1080.50605581248,2045483.9840000002,27641.67545945946,30,8299.0,0.05154727840911645,30,8299.0
56380.0,61,37162.0,516.1388888888889,0.8521908052852063,79884.43867018403,1109.5060926414449,1990246.5550000002,27642.313263888893,35,8481.0,0.05708742175434018,35,8481.0
56385.0,50,35711.0,502.9718309859155,1.8132101926104833,79950.31431318905,1126.0607649744934,1962676.7440000002,27643.334422535212,23,7311.0,0.0966023450427291,23,7311.0
56390.0,54,35966.0,492.6849315068493,2.4879582610023503,80245.83878076871,1099.258065489982,2018147.0700000003,27645.8502739726,28,6961.0,0.040751297611805806,28,6961.0
56395.0,57,36242.0,489.7567567567568,2.174675403768778,79981.40068515709,1080.8297389886088,2073624.8620000002,28021.957594594594,30,7066.0,0.0010181270941718777,30,7066.0
56400.0,57,36527.0,537.1617647058823,1.7177849319552116,79296.55022907609,1166.1257386628836,2101357.8540000003,30902.321382352937,31,7186.0,0.044359613219147616,31,7186.0
56405.0,52,36583.0,522.6142857142858,1.3074361114347008,79257.5823473539,1132.2511763907703,2129092.183,30415.602614285715,25,7119.0,0.0716985399215374,25,7119.0
56410.0,56,36859.0,526.5571428571428,2.0455193398208182,79554.63514265888,1136.4947877522695,2129092.183,30415.602614285715,28,7176.0,0.12198963666729945,28,7176.0
56415.0,59,37145.0,530.6428571428571,1.3160627941723402,79861.14633835258,1140.8735191193225,2129092.183,30415.602614285715,31,7287.0,0.012520302103396233,31,7287.0
56420.0,63,37454.0,550.7941176470588,0.6416901722860625,79983.47676369066,1176.2275994660388,2129088.6130000004,31310.126661764705,35,7421.0,3.2050146895033965e-05,35,7421.0
56425.0,55,37463.0,576.3538461538461,1.0706705021828924,80213.61599066849,1234.0556306256688,2129088.4150000005,32755.206384615387,27,7205.0,0.028447272468729558,27,7205.0
56430.0,50,37520.0,568.4848484848485,1.9813539415748984,80503.29913884957,1219.746956649236,2129089.234,32258.92778787879,22,7067.0,0.08446741078509977,22,7067.0
56435.0,50,37624.0,570.060606060606,1.852033578821006,80718.23078923026,1223.0034968065193,2101377.685,31839.055833333336,23,7142.0,0.07107888212374365,23,7142.0
56440.0,53,37845.0,600.7142857142857,0.9643001413379895,80607.83908726668,1279.4895093216928,2018360.737,32037.472015873016,26,7258.0,0.06464851035081302,26,7258.0
56445.0,50,37985.0,584.3846153846154,1.0425540014667471,80621.13919647742,1240.3252184073444,1990773.5820000002,30627.28587692308,24,7263.0,0.028718790345155454,24,7263.0
56450.0,54,38247.0,570.8507462686567,1.8624854631207861,80911.86846742756,1207.6398278720528,2046311.0300000003,30541.95567164179,28,7360.0,0.07815864408202546,28,7360.0
56455.0,56,38522.0,558.2898550724638,1.7968774640646283,81199.06189792471,1176.7979985206478,2101846.614,30461.545130434784,29,7470.0,0.06878126992364526,29,7470.0
56460.0,61,38818.0,606.53125,0.41787994686338087,81344.88776950682,1271.0138713985443,2101843.1300000004,32841.29890625,33,7596.0,0.0019229745823577994,33,7596.0
56465.0,55,38969.0,599.5230769230769,1.024620540498813,81642.41964412094,1256.0372252941684,2101843.1300000004,32336.048153846154,27,7473.0,0.02139176627471496,27,7473.0
56470.0,51,39139.0,584.1641791044776,2.086737116641185,81927.61103164022,1222.8001646513464,2101843.242,31370.794656716418,23,7350.0,0.14064029271388873,23,7350.0
56475.0,51,39285.0,604.3846153846154,1.4539010178448573,82050.12338931806,1262.3095906048927,2046374.572,31482.685723076924,24,7423.0,0.05252695355031681,24,7423.0
56480.0,53,39525.0,627.3809523809524,0.686859908614677,82037.6444564685,1302.1848326423567,1991009.6360000002,31603.32755555556,27,7532.0,0.05654234194360602,27,7532.0
56485.0,53,39739.0,602.1060606060606,1.1510526197799216,82195.10822092796,1245.3804275898176,1991102.611,30168.221378787875,27,7598.0,0.03125432233319837,27,7598.0
56490.0,56,40014.0,588.4411764705883,1.6272542468037132,82492.30127548518,1213.122077580664,2046676.845,30098.188897058826,30,7708.0,0.08359547352503498,30,7708.0
56495.0,63,40305.0,567.6760563380282,0.8301094667595686,82758.54377666075,1165.613292629025,2102247.948,29609.126028169012,34,7834.0,0.026512230238615046,34,7834.0
56500.0,63,40616.0,597.2941176470588,0.544761168592278,83046.80257499739,1221.2765084558437,2102247.892,30915.41017647059,36,7978.0,0.03522439571041253,36,7978.0
56505.0,59,40780.0,599.7058823529412,0.9057886427333921,83368.96067714177,1226.0141276050256,2102247.892,30915.41017647059,31,7888.0,0.05436789476656836,31,7888.0
56510.0,56,40949.0,584.9857142857143,1.5426817036972813,83682.6840700373,1195.4669152862468,2102252.008,30032.171542857148,28,7824.0,0.06863932117159381,28,7824.0
56515.0,53,41138.0,587.6857142857143,1.9184221551278127,83982.39429700522,1199.7484899572169,2102252.008,30032.171542857148,26,7835.0,0.0978910842221323,26,7835.0
56520.0,57,41397.0,617.8656716417911,0.9902614433865359,83992.64275276565,1253.6215336233677,2019033.8749999998,30134.833955223876,31,7975.0,0.04505914955498078,31,7975.0
56525.0,52,41069.0,570.4027777777778,1.8281399660897948,83956.99101091083,1166.0693195959839,1991435.8929999997,27658.83184722222,25,7523.0,0.07540198912668707,25,7523.0
56530.0,53,41329.0,566.1506849315068,2.8211967585521385,84251.85448320142,1154.1349929205674,2019236.6079999998,27660.775452054793,27,7577.0,0.11291328862207581,27,7577.0
56535.0,61,41609.0,586.0422535211268,1.043053513881989,84190.17448281182,1185.7771053917152,2074844.1199999999,29223.15661971831,34,7692.0,0.010333827608055986,34,7692.0
56540.0,65,41925.0,625.7462686567164,0.2178594941961212,84217.40121612437,1256.9761375540947,2102644.9859999996,31382.760985074627,38,7843.0,0.028799329410289915,38,7843.0
56545.0,59,42094.0,619.0294117647059,0.8033455281318735,84539.08161095604,1243.2217883964122,2130445.8859999995,31330.08655882353,32,7752.0,0.058304976137521614,32,7752.0
56550.0,55,42275.0,603.9285714285714,1.6550523299238102,84850.89930201678,1212.155704314525,2130447.7139999997,30434.967342857144,27,7728.0,0.047627998259259764,27,7728.0
56555.0,52,42479.0,606.8428571428572,1.9268562428464107,85113.90453383443,1215.91292191192,2102661.393,30038.019900000003,25,7822.0,0.0503457874749362,25,7822.0
56560.0,55,42737.0,628.4852941176471,1.11264863239614,85148.71459806089,1252.1869793832477,2047189.16,30105.72294117647,29,7933.0,0.052277922807199506,29,7933.0
56565.0,50,42679.0,618.536231884058,1.3027201000285136,85254.23627147698,1235.5686416156082,1991676.2469999997,28864.873144927536,24,7778.0,0.04225168152473441,24,7778.0
56570.0,55,42939.0,604.7746478873239,2.032868932605628,85553.6616835996,1204.9811504732334,2047307.497,28835.316859154926,28,7815.0,0.09281126634047286,28,7815.0
56575.0,57,43217.0,584.0135135135135,1.8305024861493515,85769.04670075813,1159.041171631866,2102931.752,28417.99664864865,30,7928.0,0.0527135924451761,30,7928.0
56580.0,62,43519.0,612.943661971831,1.104594783438101,86008.16352712034,1211.3825848890187,2102930.838,29618.7441971831,35,8062.0,0.029067158195889335,35,8062.0
56585.0,53,42568.0,599.5492957746479,1.1012227607072766,86104.29864870022,1212.7366006859186,2102928.135,29618.70612676056,25,7457.0,0.039647232323603426,25,7457.0
56590.0,49,42420.0,597.4647887323944,1.9282572204457573,86415.4059231448,1217.1183932837293,2102928.135,29618.70612676056,20,7091.0,0.1432710384483625,20,7091.0
56595.0,50,42587.0,608.3857142857142,1.495774876360122,86712.31759137407,1238.7473941624864,2075109.9279999996,29644.42754285714,22,7157.0,0.06344852718106007,22,7157.0
56600.0,54,42823.0,620.6231884057971,0.7361218975530018,86320.87029549081,1251.0271057317507,2047360.5939999996,29671.892666666663,28,7268.0,0.01285500042846869,28,7268.0
56605.0,56,42999.0,623.1739130434783,1.3704435229416099,86165.58771695162,1248.7766335790088,2075190.7039999994,30075.227594202897,29,7301.0,0.012742547757367988,29,7301.0
56610.0,57,43281.0,618.3,1.534612071862102,86469.05321336882,1235.2721887624116,2103027.625999999,30043.251799999995,31,7409.0,0.06624808955205624,31,7409.0
56615.0,60,43576.0,650.3880597014926,0.8725271743159141,86593.77848826036,1292.444455048662,2075261.0019999996,30974.04480597015,32,7532.0,0.019794793200583256,32,7532.0
56620.0,62,43884.0,675.1384615384616,0.563270406772677,86854.88772971481,1336.229041995612,2075260.5159999996,31927.08486153846,34,7665.0,0.026181090488636444,34,7665.0
56625.0,52,29650.0,456.15384615384613,0.9278584417990657,87094.74312635991,1339.9191250209215,2075262.0599999996,31927.108615384615,28,5771.0,0.03126636661214881,28,5771.0
56630.0,44,19352.0,297.7230769230769,2.6115579661608197,87374.63454060846,1344.2251467785911,2075262.0599999996,31927.108615384615,28,4904.0,0.051113717357058185,28,4904.0
56635.0,37,7714.0,120.53125,3.1203151998925467,82051.2396595028,1282.0506196797312,2028728.737,31698.886515625,30,7017.0,0.056494783318798876,30,7017.0
56640.0,38,1336.0,23.03448275862069,2.005121737800692,61357.25204776091,1057.883655995878,1737521.2079999999,29957.262206896554,35,8147.0,0.005520814892808948,35,8147.0
56645.0,32,1009.0,15.523076923076923,2.3769908008903737,53267.29636874924,819.4968672115268,1797535.9649999999,27654.399461538458,25,7589.0,0.03671484047053034,25,7589.0
56650.0,35,896.0,13.176470588235293,2.6430228021296065,49326.82073917957,725.3944226349937,1853548.5589999997,27258.067044117648,20,7439.0,0.16755774307405663,20,7439.0
56655.0,43,906.0,13.323529411764707,1.4050732137014716,49227.06098342527,723.9273674033128,1929550.2719999999,28375.739294117648,23,7512.0,0.028261169272712987,23,7512.0
56660.0,54,1109.0,16.07246376811594,0.7456437515908194,49290.53406684411,714.3555661861469,2033359.6209999998,29468.980014492754,31,7674.0,0.02671934435122214,31,7674.0
56665.0,55,1239.0,17.450704225352112,1.1949731708239493,49472.60536960495,696.7972587268304,2061244.779,29031.616605633804,29,7710.0,0.03192212531353056,29,7710.0
56670.0,57,1518.0,21.380281690140844,1.8649161807607684,49646.45420569969,699.2458338830944,2089127.314,29424.328366197184,31,7812.0,0.07187888013817434,31,7812.0
56675.0,61,1808.0,25.464788732394368,1.3064998478075174,49749.272925047,700.693984859817,2061339.026,29032.944028169015,31,7937.0,0.024455824910734232,31,7937.0
56680.0,62,2116.0,31.582089552238806,0.744691749805805,49933.416944911536,745.2748797747993,2061339.026,30766.254119402984,34,8075.0,0.021325832625132175,34,8075.0
56685.0,57,2256.0,34.18181818181818,0.9227835638526506,50212.19807989876,760.7908799984662,2061336.026,31232.364030303026,29,7931.0,0.05185084577205962,29,7931.0
56690.0,54,2422.0,36.696969696969695,1.4724324714690498,50514.01709686083,765.3638954069825,2061336.026,31232.364030303026,26,7800.0,0.06440936136798378,26,7800.0
56695.0,52,2564.0,39.44615384615385,1.2881165520490185,50794.93258378132,781.4605012889438,2033453.912,31283.90633846154,25,7897.0,0.05225704284980014,25,7897.0
56700.0,55,2810.0,44.6031746031746,0.5209987326094655,50589.986611099725,803.0156604936464,1977969.379,31396.339349206348,29,8050.0,0.04062357563472167,29,8050.0
56705.0,47,2080.0,30.58823529411765,2.0096951386913657,50733.55546724508,746.081698047722,1978086.693,29089.51019117647,21,7329.0,0.09555989617770252,21,7329.0
56710.0,49,2320.0,33.142857142857146,2.8712458657132376,51008.97481747506,728.6996402496437,2033900.4209999999,29055.720299999997,23,7240.0,0.1184249496182637,23,7240.0
56715.0,55,2585.0,36.92857142857143,1.8670152905375792,51127.60119029367,730.394302718481,2061810.329,29454.43327142857,29,7345.0,0.015619531285024019,29,7345.0
56720.0,60,2876.0,47.14754098360656,0.1819913347917449,50572.14397537611,829.0515405799363,2061801.6130000001,33800.02644262295,32,7469.0,1.534428801144434e-06,32,7469.0
56725.0,54,3015.0,47.857142857142854,0.8009198248022231,50818.307839961184,806.6398069835109,2061804.555,32727.056428571428,26,7271.0,0.015505484012509455,26,7271.0
56730.0,49,3158.0,48.58461538461538,1.9696864062501136,51103.289895951566,786.2044599377165,2061806.387,31720.09826153846,21,7108.0,0.09544338589798723,21,7108.0
56735.0,49,3340.0,52.1875,1.5885050697011327,51152.224350581244,799.2535054778319,2006119.579,31345.618421875,21,7179.0,0.064818300200466,21,7179.0
56740.0,50,3549.0,56.333333333333336,0.7358038115095203,51086.968279488465,810.9042584045789,1978451.101,31403.98573015873,24,7304.0,0.06480419509419476,24,7304.0
56745.0,47,3509.0,53.98461538461538,1.5591410096695146,51218.840016486036,787.9821540997851,2006496.755,30869.180846153846,20,7150.0,0.10224940730980496,20,7150.0
56750.0,50,3752.0,56.84848484848485,1.901540822776836,51497.66093540839,780.2675899304302,2034426.2869999998,30824.64071212121,24,7189.0,0.06816583447178459,24,7189.0
56755.0,55,4016.0,59.940298507462686,1.498397841581704,51659.68134416705,771.0400200621948,2090281.4939999997,31198.23125373134,29,7291.0,0.00037998098142118215,29,7291.0
56760.0,56,4296.0,67.125,1.39437920060858,51774.813991251096,808.9814686132985,2118210.832,33097.04425,30,7411.0,0.07032760357805214,30,7411.0
56765.0,50,4414.0,65.88059701492537,1.3672915537413453,52010.924426531594,776.2824541273374,2146144.8419999997,32032.012567164176,23,7188.0,0.06505276122905027,23,7188.0
56770.0,48,4557.0,69.04545454545455,2.5555585591877956,52278.63053664138,792.1004626763845,2146144.8419999997,32517.346090909086,20,7020.0,0.11772718992305051,20,7020.0
56775.0,46,4724.0,72.67692307692307,1.944755153195329,52507.95021407679,807.8146186781046,2118234.3059999994,32588.22009230769,19,7084.0,0.0801240213996819,19,7084.0
56780.0,53,4962.0,78.76190476190476,0.8282762236671388,52236.983902516564,829.1584746431199,2006844.9899999998,31854.682380952378,26,7181.0,0.037167759540564865,26,7181.0
56785.0,49,5170.0,83.38709677419355,1.2775886986677476,52331.27432918606,844.0528117610656,1979049.4139999999,31920.151838709673,23,7238.0,0.02206460222357858,23,7238.0
56790.0,53,5425.0,84.765625,1.3168857441074622,52614.67987129852,822.1043729890396,2034934.307,31795.848546875,26,7333.0,0.04711566058664293,26,7333.0
56795.0,56,5696.0,87.63076923076923,1.1834675391280487,52883.618785226994,813.5941351573383,2062876.2449999999,31736.557615384616,30,7444.0,0.026521166847715886,30,7444.0
56800.0,59,5988.0,96.58064516129032,0.6357865737074289,53131.11005529089,856.9533879885626,2062876.2449999999,33272.1975,31,7567.0,0.030611080963372284,31,7567.0
56805.0,54,6134.0,92.93939393939394,0.9512644624507912,53407.7543417354,809.208399117203,2062877.305,31255.716742424243,26,7442.0,0.038982752907004856,26,7442.0
56810.0,49,6279.0,95.13636363636364,2.1374333229000566,53693.9773761422,813.5451117597304,2062877.305,31255.716742424243,21,7396.0,0.10569346116592664,21,7396.0
56815.0,47,6443.0,97.62121212121212,2.2370167916442,53969.80122292963,817.7242609534791,2062877.305,31255.716742424243,20,7298.0,0.10572811014750141,20,7298.0
56820.0,52,6670.0,102.61538461538461,1.6119122253847071,53948.82580773336,829.9819355035902,2007148.4399999997,30879.206769230772,25,7403.0,0.08447997201050117,25,7403.0
56825.0,54,6933.0,103.4776119402985,1.4244790027920184,53919.100302610874,804.7626910837442,1951415.1689999998,29125.599537313432,28,7526.0,0.09216336122686385,28,7526.0
56830.0,49,6671.0,95.3,1.9406179467193199,54048.98852394088,772.12840748487,1951506.3099999996,27878.66157142857,23,7126.0,0.11688235936667712,23,7126.0
56835.0,54,6930.0,96.25,2.514438252613599,54338.700524577944,754.7041739524715,2007423.7389999996,27880.88526388889,27,7203.0,0.048720224854594624,27,7203.0
56840.0,59,7214.0,103.05714285714286,1.6484919127991091,54405.75801737115,777.2251145338736,2035384.5009999997,29076.921442857143,33,7327.0,0.04170865429099872,33,7327.0
56845.0,62,7517.0,112.19402985074628,0.6460568798673093,54365.36845438904,811.4234097670009,2091303.1049999995,31213.479179104474,36,7470.0,0.038801449554924906,36,7470.0
56850.0,56,7655.0,112.57352941176471,1.0174765318363623,54672.37841740121,804.0055649617825,2147217.1629999997,31576.72298529412,29,7419.0,0.06297023320221963,29,7419.0
56855.0,56,7831.0,110.29577464788733,1.98587775916169,54977.579144480886,774.3321006264913,2147217.8549999995,30242.505,26,7418.0,0.06285528641524668,26,7418.0
56860.0,50,8044.0,116.57971014492753,2.11310635134997,55127.96817514017,798.9560605092781,2091346.8899999997,30309.375217391298,23,7466.0,0.08142470608722573,23,7466.0
56865.0,53,8294.0,127.6,1.0653771200645614,55207.1488251177,849.340751155657,1979563.1999999997,30454.81846153846,27,7577.0,0.08469363063880131,27,7577.0
56870.0,50,8267.0,127.18461538461538,1.1644762608892758,55353.24024036607,851.5883113902471,1979624.0679999997,30455.75489230769,23,7448.0,0.06222492806471536,23,7448.0
56875.0,53,8523.0,129.13636363636363,1.7381972512028596,55639.010066796334,843.0153040423687,2007592.0029999998,30418.060651515152,27,7486.0,0.0777032844491252,27,7486.0
56880.0,56,8794.0,131.2537313432836,1.4686177093458468,55876.90815150083,833.9837037537438,2063522.1749999998,30798.83843283582,30,7597.0,0.013599408795801331,30,7597.0
56885.0,59,9081.0,124.3972602739726,1.485661260375234,56036.104367132655,767.6178680429131,2119458.627,29033.679821917805,32,7724.0,0.01957452934351324,32,7724.0
56890.0,48,8185.0,118.6231884057971,2.4414262579758805,56172.787304464975,814.0983667313767,2119458.627,30716.791695652173,20,7120.0,0.1796222494048799,20,7120.0
56895.0,46,8061.0,116.82608695652173,1.6391825506553297,56460.688002646326,818.270840618063,2119458.627,30716.791695652173,16,6748.0,0.1103471959889239,16,6748.0
56900.0,48,8221.0,119.14492753623189,1.5281129742232844,56459.47443788153,818.2532527229206,2119458.34,30716.78753623188,19,6808.0,0.07026528900867887,19,6808.0
56905.0,54,8440.0,127.87878787878788,0.812935225166248,56632.75163646602,858.0719944919092,2035594.542,30842.341545454547,27,6911.0,0.02352497030503131,27,6911.0
56910.0,54,8647.0,127.16176470588235,1.3384515781806536,56631.651576963515,832.8184055435812,2063576.277,30346.709955882354,27,6970.0,0.002015970052932158,27,6970.0
56915.0,56,8924.0,131.23529411764707,1.5793619118966538,56476.668685922414,830.539245381212,2091554.842,30758.159441176475,30,7087.0,0.022554672006787544,30,7087.0
56920.0,58,9212.0,135.47058823529412,1.3652173355095312,56775.38449390279,834.9321249103352,2091554.842,30758.159441176475,30,7207.0,0.04748946393570968,30,7207.0
56925.0,62,9512.0,150.984126984127,0.12200679195328953,56877.775808481,902.8218382298572,2063604.5119999999,32755.627174603167,34,7337.0,0.00014236029451585494,34,7337.0
56930.0,56,9655.0,153.25396825396825,0.7195571211725714,57182.26399870253,907.6549841063895,2063604.5119999999,32755.627174603167,28,7311.0,0.04534856272034856,28,7311.0
56935.0,53,9817.0,151.03076923076924,1.4958397073192962,57476.6919466552,884.256799179311,2063604.92,31747.768,25,7276.0,0.0511033427761718,25,7276.0
56940.0,49,9941.0,155.328125,1.6087263386461896,57744.99687298816,902.2655761404402,2035624.754,31806.63678125,22,7359.0,0.08672868930321871,22,7359.0
56945.0,53,10171.0,154.1060606060606,1.0257853063854607,57848.09500643342,876.4862879762642,2007704.259,30419.761500000004,27,7501.0,0.04063367396503994,27,7501.0
56950.0,53,10370.0,159.53846153846155,1.411075511425292,57953.2013563539,891.5877131746755,1979790.171,30458.31032307692,27,7540.0,0.12476392292640236,27,7540.0
56955.0,57,10644.0,158.86567164179104,1.0490325817001973,58253.645445893046,869.4573947148217,2035797.301,30385.034343283583,30,7653.0,0.015481419780149238,30,7653.0
56960.0,60,10934.0,160.7941176470588,1.0184425805907795,58518.71012011562,860.5692664722889,2063804.239,30350.062338235293,33,7783.0,2.92697157344963e-05,33,7783.0
56965.0,61,11238.0,158.28169014084506,1.4767596371690752,58834.47904236506,828.654634399508,2063807.239,29067.707591549297,33,7918.0,3.008536901212882e-07,33,7918.0
56970.0,55,11386.0,172.5151515151515,1.1533124440450375,59065.31947268081,894.9290829194063,2063807.239,31269.80665151515,27,7825.0,0.07739116005498371,27,7825.0
56975.0,55,11565.0,172.61194029850745,1.4166831471172807,59368.7229914756,886.1003431563527,2063807.239,30803.093119402987,27,7766.0,0.04965066581269897,27,7766.0
56980.0,53,11728.0,175.044776119403,1.272555400420342,59495.23506947047,887.9885831264252,2007870.021,29968.20926865672,26,7867.0,0.09688542722428599,26,7867.0
56985.0,58,11981.0,176.19117647058823,0.6464852661244231,59567.727902844876,875.9959985712485,1979989.745,29117.49625,31,7999.0,0.04452914464866187,31,7999.0
56990.0,51,11562.0,170.02941176470588,1.9029052097535066,59758.29186893476,878.798409837276,1980062.799,29118.570573529414,25,7510.0,0.08484646339064804,25,7510.0
56995.0,53,11823.0,168.9,2.3017571425846453,60042.86199250513,857.7551713215018,2036116.5580000002,29087.3794,27,7540.0,0.08025647127494875,27,7540.0
57000.0,60,12103.0,170.46478873239437,1.6528525197486712,60220.38385103758,848.1744204371488,2092170.5850000002,29467.191338028173,33,7660.0,0.0007546475647487614,33,7660.0
57005.0,60,12402.0,185.1044776119403,0.7575898401886262,59883.217276277726,893.7793623325035,2120192.0870000003,31644.65801492537,34,7799.0,0.04278799036737959,34,7799.0
57010.0,55,12530.0,179.0,1.4397301937153317,60193.92217597119,859.9131739424457,2148219.071,30688.843871428573,27,7685.0,0.11027143428862803,27,7685.0
57015.0,53,12679.0,181.12857142857143,2.15316101640327,60495.67515745586,864.2239308207983,2148219.071,30688.843871428573,25,7600.0,0.053114348787181694,25,7600.0
57020.0,51,12875.0,186.59420289855072,1.6922252650719454,60746.838229733854,880.3889598512153,2120211.9910000004,30727.71001449276,24,7691.0,0.06104382419297132,24,7691.0
57025.0,55,13128.0,201.96923076923076,0.659424120859933,60760.41065071787,934.7755484725827,2008224.6730000002,30895.7642,29,7817.0,0.03619821513544527,29,7817.0
57030.0,50,13141.0,202.16923076923078,1.1523130253887273,60807.34019880534,935.4975415200821,2008373.812,30898.058646153844,23,7703.0,0.03847568164802715,23,7703.0
57035.0,54,13393.0,194.1014492753623,1.7576836510481628,61098.30531250023,885.4826856884092,2036412.758,29513.228376811596,26,7762.0,0.03854544914082684,26,7762.0
57040.0,56,13663.0,200.9264705882353,1.7820594816007653,61297.34701887916,901.4315738070464,2064448.684,30359.539470588235,29,7871.0,0.03609187653791756,29,7871.0
57045.0,59,13953.0,211.4090909090909,0.932935682305197,61423.34887410172,930.6568011227533,2064451.622,31279.57003030303,31,7992.0,0.04251929106484183,31,7992.0
57050.0,50,13368.0,208.875,1.3016608834928638,61671.51992770682,963.6174988704189,2064448.622,32257.00971875,22,7366.0,0.09057649105666998,22,7366.0
57055.0,47,13243.0,203.73846153846154,1.2747429713860825,61961.425130856805,953.2526943208741,2064449.353,31760.759276923076,18,7013.0,0.09269668282350468,18,7013.0
57060.0,47,13376.0,209.0,1.3113589014910885,62238.12302178745,972.470672215429,2036409.3869999999,31818.896671875,19,7073.0,0.0633547217326252,19,7073.0
57065.0,52,13599.0,202.97014925373134,1.3959713817716852,62142.39140568925,927.498379189392,2008449.181,29976.853447761194,26,7183.0,0.01802058047972623,26,7183.0
57070.0,52,13805.0,209.16666666666666,1.8033820535067064,61664.15577992603,934.3053906049398,2064569.759,31281.35998484848,26,7248.0,0.12223523359591945,26,7248.0
57075.0,57,14078.0,207.02941176470588,1.5086521936075168,61957.641504286825,911.1417868277474,2120694.683,31186.686514705885,30,7361.0,0.06643801492041115,30,7361.0
57080.0,59,14363.0,217.62121212121212,1.212529398741195,62085.843808449856,940.694603158331,2092714.139,31707.789984848485,31,7482.0,0.02413301779805169,31,7482.0
57085.0,60,14660.0,225.53846153846155,0.8736692673266958,62354.66252017086,959.3025003103207,2092714.139,32195.602138461538,32,7609.0,0.00011155501169141986,32,7609.0
57090.0,53,14775.0,227.30769230769232,1.2877756372302511,62640.0145023518,963.6925308054123,2092712.599,32195.578446153846,25,7486.0,0.06361625432997257,25,7486.0
57095.0,49,14887.0,229.03076923076924,2.173714490754813,62890.530261740634,967.5466194113948,2092712.599,32195.578446153846,21,7378.0,0.08019695621121238,21,7378.0
57100.0,46,15024.0,238.47619047619048,2.2249026932284326,62979.36335233245,999.6724341640073,2036666.102,32328.033365079365,19,7242.0,0.12099202261688488,19,7242.0
57105.0,49,15238.0,249.80327868852459,1.516235797111264,62965.210832306446,1032.2165710214172,1980671.701,32470.027885245905,23,7339.0,0.08618273078091357,23,7339.0
57110.0,53,15489.0,253.91803278688525,0.7981852610447256,63009.84637368868,1032.9483012080111,1980812.335,32472.333360655735,26,7451.0,0.040015610419284905,26,7451.0
57115.0,51,15704.0,253.29032258064515,0.8759253451976778,63099.69039842032,1017.7369419100055,1952844.153,31497.486338709678,25,7507.0,0.032038276782202,25,7507.0
57120.0,54,15967.0,249.484375,1.4169794223207606,63385.31170105173,990.3954953289334,2009008.891,31390.763921875,28,7610.0,0.07226731394601416,28,7610.0
57125.0,58,16245.0,228.80281690140845,1.1181063457038938,63675.000740444666,896.8309963442911,2065177.1260000002,29087.001774647888,31,7728.0,0.029701981336529924,31,7728.0
57130.0,62,16547.0,236.38571428571427,1.0929264488094406,63949.66507305826,913.5666439008324,2093257.002,29903.67145714286,36,7870.0,0.07655354549980646,36,7870.0
57135.0,54,16340.0,220.8108108108108,1.2237404017584925,64271.301380966084,868.5310997427849,2149424.309,29046.274445945943,26,7403.0,0.10006140806815063,26,7403.0
57140.0,59,16496.0,217.05263157894737,1.441653935069677,64605.96921340588,850.0785422816564,2149425.293,28281.91175,28,7233.0,0.08995919377726444,28,7233.0
57145.0,56,16695.0,225.6081081081081,1.102749337883261,64634.261332351,873.4359639506894,2121338.362,28666.734621621625,28,7339.0,0.01879123088905734,28,7339.0
57150.0,57,16955.0,232.26027397260273,1.049521278856106,64956.6121510244,889.8166048085535,2093249.51,28674.650821917807,31,7463.0,0.012750453567544926,31,7463.0
57155.0,59,17156.0,235.013698630137,1.5009414687903302,65274.93563614451,894.1772004951305,2065178.6430000002,28290.118397260274,33,7504.0,0.0005468540373425424,33,7504.0
57160.0,62,17462.0,249.45714285714286,1.3082080323371044,65055.196976389474,929.3599568055643,2037150.592,29102.15131428572,34,7644.0,0.026224132306683134,34,7644.0
57165.0,63,17773.0,250.32394366197184,1.0005743775297218,65182.98099825249,918.0701549049649,2037148.95,28692.23873239437,35,7785.0,0.00018688511063908722,35,7785.0
57170.0,63,18088.0,274.06060606060606,0.5278544624469161,65391.734885384605,990.783861899767,2037145.458,30865.84027272727,35,7930.0,0.025575634049473054,35,7930.0
57175.0,54,18130.0,274.6969696969697,0.8039202922166439,65705.67586717465,995.5405434420404,2037145.458,30865.84027272727,26,7678.0,0.0485093674000812,26,7678.0
57180.0,54,18250.0,276.5151515151515,0.9703476655058634,66013.32691530546,1000.2019229591735,2037145.458,30865.84027272727,25,7736.0,0.02729203111405679,25,7736.0
57185.0,50,18367.0,270.1029411764706,1.3797704205214831,66165.73668230245,973.0255394456244,2009118.598,29545.86173529412,24,7826.0,0.02587171903801753,24,7826.0
57190.0,55,18630.0,270.0,1.328428246553449,66273.65236713745,960.4877154657603,2037246.4789999998,29525.311289855068,28,7963.0,0.07933190169185725,28,7963.0
57195.0,46,17655.0,259.63235294117646,1.8022757603388917,66497.63986342268,977.9064685797453,2065368.5089999998,30373.06630882353,20,7125.0,0.052972477430892714,20,7125.0
57200.0,50,17902.0,259.4492753623188,2.7135941295612582,66775.39583967594,967.7593599953035,2093496.535,30340.529492753623,24,6941.0,0.0719764533762018,24,6941.0
57205.0,53,18163.0,255.81690140845072,2.5755526840121954,66729.21882347664,939.8481524433331,2065460.9449999998,29090.999225352112,25,7034.0,0.03029275627424745,25,7034.0
57210.0,55,18431.0,287.984375,1.610882507890197,66007.54683280856,1031.367919262634,2065452.4759999998,32272.694937500004,27,7132.0,0.07139351074338078,27,7132.0
57215.0,52,18519.0,298.69354838709677,1.1082170685631392,66103.12907792364,1066.179501256833,2065451.636,33313.73606451613,22,7071.0,0.05122042548626862,22,7071.0
57220.0,51,18772.0,302.7741935483871,1.8771784240304883,66375.65636232938,1070.5751026182156,2065451.636,33313.73606451613,23,7133.0,0.06066500508150021,23,7133.0
57225.0,53,19030.0,317.1666666666667,1.34882274045521,66582.5111208909,1109.7085186815145,2065450.794,34424.1799,25,7221.0,0.05897511225759536,25,7221.0
57230.0,55,19298.0,332.7241379310345,0.5628852427685719,66774.42519683843,1151.2831930489383,2065450.794,35611.220586206895,27,7319.0,0.0001346159986790514,27,7319.0
57235.0,49,19282.0,350.58181818181816,0.6365168768581596,66950.70011156732,1217.2854565739513,2065450.794,37553.650799999996,21,7076.0,0.02503814521394063,21,7076.0
57240.0,44,19277.0,350.4909090909091,1.5394038112473418,67201.87341495958,1221.852243908356,2065450.794,37553.650799999996,16,6886.0,0.06888145692425486,16,6886.0
57245.0,41,19350.0,327.96610169491527,1.896594187826425,67220.17139463226,1139.3249388920724,2009293.283,34055.818355932206,13,6806.0,0.09301641676422141,13,6806.0
57250.0,43,19466.0,329.93220338983053,2.3086687619780415,67268.47572942714,1140.1436564309686,2009432.2510000002,34058.17374576271,16,6896.0,0.17406057941802375,16,6896.0
57255.0,45,19630.0,344.3859649122807,1.4656350266775082,67038.34313681876,1176.1112831020835,1953420.1030000001,34270.528122807016,19,6945.0,0.10019777004454014,19,6945.0
57260.0,48,19864.0,336.6779661016949,1.5270941656021515,67295.9839383659,1140.6098972604393,2009772.4390000002,34063.939644067796,22,7019.0,0.050904665858964984,22,7019.0
57265.0,51,20111.0,335.18333333333334,1.6203069395301657,67524.18467655445,1125.4030779425743,2066114.7510000002,34435.24585,24,7106.0,0.0372504352967772,24,7106.0
57270.0,52,20366.0,345.1864406779661,0.6687098630320404,67776.17285233922,1148.7486924125294,2094280.2990000003,35496.27625423729,26,7201.0,0.0005121826082558856,26,7201.0
57275.0,48,20488.0,353.2413793103448,1.1929626730996712,67999.70573987854,1172.4087196530788,2094280.2990000003,36108.28101724138,20,7031.0,0.01515557953434068,20,7031.0
57280.0,44,20628.0,355.6551724137931,1.9854013539698456,68254.2394313179,1176.7972315744476,2094280.2990000003,36108.28101724138,16,6853.0,0.10448077623241227,16,6853.0
57285.0,43,20758.0,345.96666666666664,1.8220586531256349,68495.5674673554,1141.5927911225906,2066106.0810000002,34435.10135,16,6900.0,0.061547622486681546,16,6900.0
57290.0,46,20967.0,355.3728813559322,1.4082831874594912,68415.30421278083,1159.5814273352685,2009958.5770000003,34067.09452542373,19,6974.0,0.1095220356550637,19,6974.0
57295.0,46,21176.0,347.1475409836066,1.1681598111371227,68378.82498082599,1120.9643439479673,1981993.827,32491.702081967214,20,7036.0,0.08134456706330859,20,7036.0
57300.0,52,21423.0,340.04761904761904,1.6594989042280488,68652.47438237486,1089.721815593252,2038372.266,32355.115333333335,25,7123.0,0.08963259321949239,25,7123.0
57305.0,56,21693.0,328.6818181818182,0.9651140956536408,68932.0925389254,1044.4256445291728,2066558.98,31311.4996969697,30,7233.0,0.022447513772494113,30,7233.0
57310.0,62,21991.0,338.32307692307694,0.6017295653072475,69218.50265019102,1064.9000407721699,2094748.047,32226.893030769228,34,7368.0,0.07293260312117564,34,7368.0
57315.0,56,22140.0,340.61538461538464,0.7309962222088654,69529.44464268007,1069.68376373354,2094748.047,32226.893030769228,28,7208.0,0.022394431553548356,28,7208.0
57320.0,54,22327.0,333.23880597014926,1.5311783032409816,69827.77039080212,1042.2055282209278,2094749.0350000001,31264.910970149253,26,6979.0,0.03607151549035861,26,6979.0
57325.0,50,22489.0,335.65671641791045,2.0304343361554364,70100.84286551624,1046.2812367987508,2066556.475,30844.126492537314,23,7066.0,0.06855722900453516,23,7066.0
57330.0,51,22724.0,349.6,1.2098193784200761,70019.15813432662,1077.2178174511794,2010405.108,30929.30935384615,25,7173.0,0.07476892944127425,25,7173.0
57335.0,52,22907.0,357.921875,1.4046589781965433,69854.36098105086,1091.4743903289202,1954314.61,30536.165781249998,26,7212.0,0.05954570421482512,26,7212.0
57340.0,54,23174.0,351.1212121212121,1.6750073361348978,70139.69094350774,1062.722590053148,2010728.4000000001,30465.581818181818,28,7319.0,0.08415124792781167,28,7319.0
57345.0,60,23457.0,339.95652173913044,0.8927730148241807,70383.17095209044,1020.0459558273978,2067139.2680000002,29958.540115942033,33,7442.0,0.006754458054268848,33,7442.0
57350.0,60,23755.0,359.92424242424244,0.7870590611933114,70629.68308175822,1070.1467133599733,2095343.5760000001,31747.629939393937,34,7580.0,0.04851040352048037,34,7580.0
57355.0,57,23906.0,356.8059701492537,0.9681241158910585,70943.55756671695,1058.8590681599549,2123547.82,31694.743582089548,29,7487.0,0.06587705049083932,29,7487.0
57360.0,55,24093.0,359.5970149253731,1.727643812223247,71245.29428797206,1063.3626013130158,2123547.82,31694.743582089548,27,7470.0,0.05454577159956829,27,7470.0
57365.0,51,24288.0,337.3333333333333,2.2525793384657837,71505.92188148011,993.1378039094465,2095364.753,29102.288236111115,23,7505.0,0.06864299653179164,23,7505.0
57370.0,52,24517.0,345.3098591549296,1.781324463991584,71444.93753602893,1006.2667258595626,1982689.755,27925.20781690141,26,7614.0,0.12032297406819097,26,7614.0
57375.0,47,23824.0,340.34285714285716,2.1175920212343144,71567.35327874908,1022.3907611249873,1954566.0459999999,27922.372085714283,21,6905.0,0.11015448537480325,21,6905.0
57380.0,53,24080.0,334.44444444444446,2.6165374701673265,71856.50665633185,998.0070368934978,2011002.372,27930.588499999998,27,6870.0,0.07535927669766554,27,6870.0
57385.0,57,24352.0,333.5890410958904,2.3456138174360355,72024.43480023484,986.6360931539022,2067425.969,28320.903684931505,30,6982.0,0.015621068287640398,30,6982.0
57390.0,59,24641.0,379.0923076923077,0.6915681462269109,71467.1594701497,1099.494761079226,2095634.295,32240.527615384617,33,7111.0,6.11851449171971e-05,33,7111.0
57395.0,57,24784.0,387.25,0.8403522554903404,71684.79212024664,1120.0748768788537,2095631.439,32744.241234374997,27,7100.0,0.012881127638939999,27,7100.0
57400.0,55,25059.0,391.546875,1.4086353392152733,71976.14935350875,1124.627333648574,2095631.439,32744.241234374997,27,7189.0,0.03456760334743135,27,7189.0
57405.0,56,25335.0,395.859375,1.5536918319760307,72223.30830145793,1128.48919221028,2095630.659,32744.229046875,28,7295.0,0.060946617538877826,28,7295.0
57410.0,58,25618.0,426.96666666666664,0.44673074260394136,72381.83158363975,1206.3638597273298,2095627.5929999999,34927.12655,30,7408.0,0.027463630907517057,30,7408.0
57415.0,52,25615.0,434.1525423728813,0.6914175346438117,72638.03951618043,1231.1532121386517,2095627.5929999999,35519.11174576271,24,7255.0,0.021939092554530033,24,7255.0
57420.0,47,25654.0,434.8135593220339,1.8144820152966183,72904.51122180242,1235.6696817254654,2095627.5929999999,35519.11174576271,19,7168.0,0.07633006628195921,19,7168.0
57425.0,42,25701.0,414.53225806451616,2.160073626519069,72975.08448048314,1177.0174916206959,2039257.285,32891.24653225807,16,7158.0,0.0867196881965796,16,7158.0
57430.0,45,25920.0,432.0,1.9016095653285603,72975.45192240387,1216.257532040065,1982916.2889999999,33048.604816666666,19,7284.0,0.1749991423764311,19,7284.0
57435.0,46,26076.0,434.6,1.6232116513381245,73049.82046604683,1217.4970077674475,1983020.4349999998,33050.34058333333,19,7280.0,0.11809821526129288,19,7280.0
57440.0,50,26317.0,431.42622950819674,1.3825450768122247,73314.91931833955,1201.8839232514683,2011268.8469999998,32971.62044262295,23,7360.0,0.040423678962815256,23,7360.0
57445.0,55,26574.0,408.83076923076925,1.3531752978535299,73560.15257920488,1131.6946550646908,2067769.6879999998,31811.84135384615,29,7458.0,0.02168605874377996,29,7458.0
57450.0,55,26844.0,400.65671641791045,1.7152817499908586,73798.84404196322,1101.4752842084067,2124268.093,31705.49392537313,28,7568.0,0.1360433750272839,28,7568.0
57455.0,51,26963.0,402.43283582089555,1.4296724967149363,74052.55586613702,1105.2620278527918,2152512.9489999996,32127.058940298502,25,7445.0,0.058305075467009256,25,7445.0
57460.0,52,27138.0,405.04477611940297,1.9533700706811252,74344.31137907105,1109.6165877473297,2152512.9489999996,32127.058940298502,24,7378.0,0.0785534538429893,24,7378.0
57465.0,49,27314.0,413.8484848484849,2.462507633452971,74565.31157434889,1129.7774480961953,2124296.363,32186.308530303028,22,7283.0,0.0836239827574845,22,7283.0
57470.0,48,27545.0,437.22222222222223,2.4667185917057215,74487.10927509794,1182.335067858698,2039682.5639999998,32375.91371428571,22,7265.0,0.12150027903347196,22,7265.0
57475.0,49,27786.0,455.5081967213115,1.74636208092693,74465.9975882488,1220.7540588237512,1926800.6309999998,31586.895590163935,23,7335.0,0.09388723222398854,23,7335.0
57480.0,51,28037.0,452.2096774193548,1.5133769500229801,74656.69274576438,1204.1402055768451,1955100.2329999998,31533.87472580645,25,7426.0,0.07841758408502358,25,7426.0
57485.0,52,28223.0,434.2,1.193485367223913,74756.05357547301,1150.0931319303547,1926939.335,29645.22053846154,25,7452.0,0.04763887751783913,25,7452.0
57490.0,55,28490.0,431.6666666666667,1.6045390268002637,75044.83174551447,1137.0429052350685,1955196.3399999999,29624.18696969697,28,7558.0,0.10110836963726047,28,7558.0
57495.0,57,28769.0,429.3880597014925,0.9324650984872704,75317.70792316833,1124.1448943756473,2011698.628,30025.352656716415,31,7678.0,0.05183027179776704,31,7678.0
57500.0,63,29073.0,415.3285714285714,0.6081974985504903,75634.4740514738,1080.4924864496259,2068205.7659999998,29545.796657142855,36,7822.0,0.008772273006775435,36,7822.0
57505.0,52,28084.0,407.0144927536232,1.53243662182152,75883.40709539763,1099.7595231217053,2096461.934,30383.506289855075,26,7262.0,0.06026116850914315,26,7262.0
57510.0,48,28030.0,394.7887323943662,2.0330026773612273,76182.9976127502,1072.9999663767635,2152961.775,30323.405281690146,20,6933.0,0.1398453974167126,20,6933.0
57515.0,51,28243.0,403.4714285714286,1.296177910919616,76112.35635642048,1087.3193765202927,2124702.231,30352.889014285716,24,7011.0,0.046136192818751455,24,7011.0
57520.0,56,28498.0,413.0144927536232,1.0644137685703268,76394.54847567907,1107.1673692127408,2096441.847,30383.215173913046,29,7115.0,0.025608797770400094,29,7115.0
57525.0,55,28651.0,387.1756756756757,1.425007781977558,76418.48114795235,1032.6821776750326,2096446.709,28330.36093243243,28,7108.0,0.017849704843920854,28,7108.0
57530.0,57,28931.0,396.3150684931507,2.2934187614645127,76298.01945345594,1045.1783486774787,2124696.723,29105.434561643833,31,7229.0,0.10549174390782629,31,7229.0
57535.0,59,29218.0,400.24657534246575,1.8138918500398822,76588.02284371562,1049.1509978591184,2152952.787,29492.50393150685,32,7355.0,0.06449080527551736,32,7355.0
57540.0,66,29536.0,440.8358208955224,0.2218068157537473,76682.09138120491,1144.5088265851489,2124701.375,31711.96082089552,38,7504.0,0.0001305949050764994,38,7504.0
57545.0,54,29538.0,428.0869565217391,1.0453021013970032,77005.68101446214,1116.0243625284377,2124701.375,30792.773550724636,25,7200.0,0.031715157709077235,25,7200.0
57550.0,52,29665.0,417.8169014084507,1.6336639228335128,77312.95704676029,1088.91488798254,2124701.511,29925.37339436619,23,7133.0,0.11109945949584744,23,7133.0
57555.0,51,29826.0,432.2608695652174,1.2504926497685198,77401.33320591002,1121.7584522595657,2096445.232,30383.264231884055,23,7215.0,0.013419117694909362,23,7215.0
57560.0,56,30066.0,448.74626865671644,0.9759005201564607,77681.77262162573,1159.429442113817,2039935.6670000001,30446.801,30,7347.0,0.04386410619086141,30,7347.0
57565.0,57,30301.0,452.25373134328356,1.148593595742045,77715.05273820074,1159.926160271653,2068214.186,30868.868447761193,31,7422.0,0.0003477956168590797,31,7422.0
57570.0,59,30592.0,463.5151515151515,1.2773090346882143,77917.844539908,1180.5734021198182,2068210.76,31336.52666666667,31,7547.0,0.030332665267051556,31,7547.0
57575.0,61,30887.0,461.0,1.0123326905553938,78171.06680174463,1166.7323403245468,2068210.686,30868.816208955224,31,7672.0,0.0,31,7672.0
57580.0,59,31182.0,487.21875,0.8538596648071209,78346.48908819609,1224.1638920030641,2039962.484,31874.413812500003,31,7797.0,0.024065462033974448,31,7797.0
57585.0,54,31271.0,504.3709677419355,0.8766713018501692,78618.84796760448,1268.0459349613632,2039962.484,32902.620709677416,26,7679.0,0.055210785754014204,26,7679.0
57590.0,52,31412.0,506.64516129032256,1.3050758747654918,78904.32615015004,1272.6504217766135,2039962.484,32902.620709677416,24,7606.0,0.0562114313516867,24,7606.0
57595.0,49,31516.0,516.655737704918,1.271769206248797,79056.71400852305,1296.0117050577553,2011713.849,32978.91555737705,22,7685.0,0.06005200591834523,22,7685.0
57600.0,51,31734.0,537.8644067796611,0.5149661356416007,79047.573538331,1339.7893820056104,1983528.062,33619.11969491526,25,7845.0,0.04408302299164351,25,7845.0
57605.0,41,30701.0,438.5857142857143,2.3568862461236244,79337.97710600507,1133.3996729429298,2011852.9910000002,28740.757014285715,15,6929.0,0.11223792447972798,15,6929.0
57610.0,45,30917.0,423.52054794520546,4.008505565974882,79490.28739719132,1088.9080465368675,2040237.9350000003,27948.464863013698,19,6711.0,0.22590349792592684,19,6711.0
57615.0,52,31157.0,432.7361111111111,2.3581213163965646,79395.62841177793,1102.7170612746938,2068548.0210000002,28729.833625,26,6791.0,0.0948022330028444,26,6791.0
57620.0,60,31442.0,483.7230769230769,0.669805598991615,78786.80349637031,1212.1046691749289,2096853.1060000001,32259.278553846158,33,6915.0,0.03456008065873925,33,6915.0
57625.0,56,31596.0,501.5238095238095,0.6684380548134938,79015.26984945699,1254.2106325310635,2096852.6840000004,33283.37593650793,28,6830.0,0.015426249212469798,28,6830.0
57630.0,52,31773.0,488.81538461538463,1.704303351159091,79306.9209202495,1220.1064756961466,2096854.5360000003,32259.300553846155,24,6765.0,0.05117490684450181,24,6765.0
57635.0,49,31924.0,491.1384615384615,1.8988192215331152,79579.94283799062,1224.3068128921632,2068540.2400000002,31823.696000000004,22,6874.0,0.06306808882097768,22,6874.0
57640.0,52,32156.0,518.6451612903226,0.6828907494238181,79456.14489355237,1281.5507240895545,1983792.789,31996.657887096775,25,6987.0,0.06321303743276145,25,6987.0
57645.0,47,32151.0,510.3333333333333,1.5149071124033595,79617.64055576477,1263.7720723137265,1983877.397,31490.117412698415,21,6866.0,0.08097285804024898,21,6866.0
57650.0,51,32398.0,498.4307692307692,1.6951306350452813,79892.90718839342,1229.1216490522067,2040533.0320000001,31392.815876923076,25,6925.0,0.051554846858479525,25,6925.0
57655.0,55,32666.0,487.55223880597015,1.6643136926223077,80123.12103763114,1195.867478173599,2068865.7400000002,30878.59313432836,29,7033.0,8.62241929729312e-05,29,7033.0
57660.0,57,32950.0,540.1639344262295,0.7687105529680569,80188.64744424434,1314.5679908892523,2068861.174,33915.756950819676,29,7148.0,6.317817289059804e-07,29,7148.0
57665.0,52,33074.0,524.984126984127,1.1013178845845086,80445.51692966543,1276.912967137547,2068858.174,32839.018634920634,24,6997.0,0.02356163094562194,24,6997.0
57670.0,48,33212.0,535.6774193548387,2.0549728389599955,80708.044883688,1301.742659414323,2068858.174,33368.680225806456,20,6872.0,0.12553132978113932,20,6872.0
57675.0,45,33361.0,546.9016393442623,1.5751668623210826,80933.41376727092,1326.777274873294,2040544.6770000001,33451.55208196722,18,6839.0,0.0745051207766713,18,6839.0
57680.0,50,33579.0,541.5967741935484,0.9260502560475777,80748.05162260056,1302.3879293967834,1984152.671,32002.46243548387,24,6954.0,0.05366344174116016,24,6954.0
57685.0,48,33755.0,527.421875,1.9690804135222346,80743.7891357602,1261.621705246253,1956006.815,30562.606484375,22,6970.0,0.09034481050994116,22,6970.0
57690.0,51,34002.0,515.1818181818181,1.7228224860255361,81018.48591431357,1227.552816883539,2012709.079,30495.59210606061,24,7056.0,0.10940228390477301,24,7056.0
57695.0,59,34270.0,511.4925373134328,1.0122356449844467,81281.07574640481,1213.1503842746986,2069412.23,30886.749701492536,32,7166.0,0.013193324304917407,32,7166.0
57700.0,60,34567.0,531.8,0.7967795280465064,81549.66154291274,1254.6101775832728,2097762.4179999996,32273.267969230772,34,7303.0,0.06543920102606564,34,7303.0
57705.0,55,34711.0,510.45588235294116,0.8669214785651551,81815.74556671815,1203.1727289223254,2154462.8789999997,31683.277632352936,29,7172.0,0.043368257147871465,29,7172.0
57710.0,53,34897.0,513.1911764705883,2.149493810067172,82115.81679223668,1207.5855410623042,2154462.8789999997,31683.277632352936,25,7141.0,0.04976754119489275,25,7141.0
57715.0,51,35090.0,531.6666666666666,1.8350133828281492,82193.60112138548,1245.357592748265,2097873.681,31785.96486363636,23,7226.0,0.09055153341011139,23,7226.0
57720.0,54,35325.0,560.7142857142857,0.6934970886014327,82354.46885221133,1307.2137913049419,2012862.459,31950.19776190476,27,7330.0,0.03701334571056571,27,7330.0
57725.0,53,35541.0,538.5,1.0109390566133127,82425.18906372563,1248.8665009655397,1984630.143,30070.15368181818,27,7396.0,0.030788016003543427,27,7396.0
57730.0,57,35819.0,511.7,1.5083084400179778,82726.7996588132,1181.8114236973308,2041350.735,29162.153357142855,31,7514.0,0.10999169187340582,31,7514.0
57735.0,62,36115.0,515.9285714285714,0.8866398061627955,83037.2592982142,1186.2465614030596,2069707.803,29567.25432857143,36,7650.0,0.020899046540077414,36,7650.0
57740.0,65,36435.0,528.0434782608696,0.35685076009550565,83306.3672953112,1207.3386564537852,2098067.072,30406.76915942029,38,7807.0,0.048863272855217695,38,7807.0
57745.0,62,36615.0,530.6521739130435,0.6699389114403773,83640.15073165194,1212.1760975601728,2098067.072,30406.76915942029,34,7787.0,0.015062791256698762,34,7787.0
57750.0,57,36797.0,533.2898550724638,1.4901901368911972,83955.97730320842,1216.7532942493972,2098067.072,30406.76915942029,29,7778.0,0.04854363733054335,29,7778.0
57755.0,56,36993.0,528.4714285714285,1.485950553253545,84146.71223784669,1202.0958891120956,2041371.028,29162.44325714285,27,7821.0,0.06393942913439755,27,7821.0
57760.0,55,37246.0,532.0857142857143,1.4446995713932487,84323.61141851963,1204.623020264566,2013080.867,28758.2981,28,7946.0,0.0684654387543977,28,7946.0
57765.0,53,37386.0,519.25,1.650283032531774,84353.27905474888,1171.5733202048457,1956477.3900000001,27173.29708333333,27,7941.0,0.11367153987652177,27,7941.0
57770.0,57,37661.0,508.93243243243245,1.566041975994568,84669.75587469168,1144.1858901985363,2013224.7260000003,27205.739540540537,31,8056.0,0.0640157371467334,31,8056.0
57775.0,65,37968.0,499.57894736842104,1.4078234878722073,85001.16739472574,1118.4364130884962,2069983.1020000004,27236.619763157894,38,8203.0,0.003381414927252467,38,8203.0
57780.0,67,38296.0,539.3802816901408,0.5286184608290612,85162.42639539145,1199.4707943012875,2098356.694,29554.319633802817,40,8371.0,0.009821247757626344,40,8371.0
57785.0,55,37719.0,502.92,1.6596949887350267,85487.29085106656,1139.8305446808872,2126736.203,28356.482706666662,29,8020.0,0.07923171187211825,29,8020.0
57790.0,55,37875.0,505.0,2.137625885482207,85807.52231944718,1144.1002975926285,2126736.203,28356.482706666662,24,7788.0,0.11400606680356996,24,7788.0
57795.0,54,38048.0,514.1621621621622,1.252252761268823,85964.31067754979,1161.6798740209426,2126736.203,28739.67841891892,27,7880.0,0.033298844453183866,27,7880.0
57800.0,60,38319.0,539.7042253521126,0.8459644004352666,86148.55756141068,1213.359965653671,2041652.056,28755.66276056338,33,8011.0,0.011815537997934986,33,8011.0
57805.0,50,37161.0,516.125,1.8791795369578113,86369.36073521142,1199.5744546557146,2041690.911,28356.81820833333,23,7018.0,0.04919664300752103,23,7018.0
57810.0,54,37424.0,527.0985915492957,2.633981368108595,86113.56274024797,1212.867080848563,2041674.991,28755.985788732396,25,6794.0,0.03485737771911605,25,6794.0
57815.0,54,37684.0,538.3428571428572,2.7029230129257904,86030.79437926626,1229.011348275232,2041673.425,29166.76321428572,26,6890.0,4.535014750248492e-05,26,6890.0
57820.0,54,37954.0,612.1612903225806,1.106858578688337,85337.52320100517,1376.4116645323409,2041668.861,32930.14291935485,26,6990.0,0.02819093044282003,26,6990.0
57825.0,51,38127.0,668.8947368421053,0.7353885601595969,85368.53354077955,1497.693570890869,2041661.863,35818.6291754386,23,6995.0,0.029146598864757917,23,6995.0
57830.0,51,38382.0,673.3684210526316,1.1298486343160319,85631.46354221167,1502.3063779335378,2041661.863,35818.6291754386,23,7078.0,0.0,23,7078.0
57835.0,51,38637.0,677.8421052631579,1.0971554908630499,85823.56668653981,1505.6766085357856,2041658.649,35818.572789473685,23,7163.0,0.0,23,7163.0
57840.0,51,38892.0,694.5,1.1274472107249984,86036.40906544603,1536.36444759725,2041657.842,36458.17575,23,7248.0,0.027762703234284567,23,7248.0
57845.0,47,38881.0,648.0166666666667,1.109521673714049,86275.56833445278,1437.9261389075464,2041663.842,34027.7307,19,7103.0,0.0438221645670167,19,7103.0
57850.0,44,38870.0,647.8333333333334,2.4779646854332076,86532.04642152456,1442.2007736920755,2041663.842,34027.7307,16,6951.0,0.2122460748901801,16,6951.0
57855.0,44,38896.0,648.2666666666667,1.6321497910641227,86786.16043394135,1446.4360072323557,2041663.842,34027.7307,17,6906.0,0.08954773442248715,17,6906.0
57860.0,49,39079.0,640.639344262295,0.9861962996026551,86630.69482137958,1420.1753249406488,1985054.538,32541.877672131148,22,7022.0,0.05542888234016408,22,7022.0
57865.0,47,39270.0,654.5,1.8062140064794554,86641.93225740833,1444.0322042901387,1956789.922,32613.16536666667,21,7102.0,0.10571427362444269,21,7102.0
57870.0,49,39513.0,637.3064516129032,1.43057507322068,86905.64025826941,1401.7038751333776,2013670.5159999998,32478.55670967742,23,7185.0,0.07580712110040265,23,7185.0
57875.0,56,39779.0,621.546875,1.1434425465157187,87169.16127641949,1362.0181449440547,2070546.4949999999,32352.288984375,29,7291.0,0.004244585887095058,29,7291.0
57880.0,56,40058.0,656.688524590164,0.7471350233127716,87409.08805931709,1432.9358698248705,2098983.901,34409.57214754099,30,7410.0,0.05941158054922953,30,7410.0
57885.0,52,40188.0,627.9375,0.8651830651397494,87683.70149920385,1370.0578359250599,2127420.821,33240.950328125,25,7226.0,0.0278516617395693,25,7226.0
57890.0,49,40352.0,630.5,2.20783617253496,87964.21914023705,1374.440924066204,2127420.821,33240.950328125,21,7130.0,0.0849823567804877,21,7130.0
57895.0,46,40508.0,632.9375,1.931639407166757,88234.5933302138,1378.6655207845906,2127420.821,33240.950328125,19,7194.0,0.0827234768581291,19,7194.0
57900.0,52,40739.0,690.4915254237288,0.5266120987817288,88002.77186521316,1491.5724044951385,1985500.853,33652.556830508474,25,7287.0,0.03266924724157016,25,7287.0
57905.0,43,40543.0,653.9193548387096,1.5293260784159657,88166.62884587093,1422.0424007398537,1985575.3199999998,32025.40838709677,17,6863.0,0.10398472705593467,17,6863.0
57910.0,44,40746.0,617.3636363636364,2.2671217050133508,88434.12940598727,1339.9110516058677,2042480.594,30946.675666666666,16,6730.0,0.16711643167025178,16,6730.0
57915.0,48,40965.0,611.4179104477612,1.970656132282796,88584.11204181226,1322.1509259971983,2042554.486,30485.887850746265,22,6758.0,0.05182151943663462,22,6758.0
57920.0,52,41216.0,615.1641791044776,1.3722072562572476,88380.3107807254,1319.1091161302295,2099453.594,31335.128268656717,26,6849.0,0.07568816097487073,26,6849.0
57925.0,51,41356.0,608.1764705882352,1.8350035553992283,88542.98851343736,1302.1027722564318,2099469.784,30874.555647058824,25,6839.0,0.09288068101073639,25,6839.0
57930.0,55,41620.0,603.1884057971015,1.7504303445399403,88695.96489436559,1285.4487665850086,2127990.4319999996,30840.441043478262,28,6933.0,0.061723293022530705,28,6933.0
57935.0,60,41902.0,598.6,1.3522265320858708,88961.33197235815,1270.8761710336885,2127990.2899999996,30399.861285714287,30,7052.0,0.012974595652776269,30,7052.0
57940.0,61,42206.0,639.4848484848485,0.88030177299247,89154.95232344481,1350.8326109612851,2127990.2899999996,32242.277121212122,33,7186.0,0.020808798468192242,33,7186.0
57945.0,54,42298.0,660.90625,1.078048682664511,89433.43933260317,1397.3974895719246,2127990.2899999996,33249.84828125,26,7036.0,0.08350093222056947,26,7036.0
57950.0,52,42449.0,663.265625,1.7544592899014204,89719.24858690191,1401.8632591703417,2127990.2899999996,33249.84828125,24,6964.0,0.057173334414820705,24,6964.0
57955.0,47,42567.0,675.6666666666666,1.872301581699502,89960.59443012631,1427.9459433353381,2099537.249,33325.98807936508,20,6991.0,0.06862464754043937,20,6991.0
57960.0,50,42787.0,725.2033898305085,0.8934099262155745,89746.11977863921,1521.120674214224,1985969.608,33660.501830508474,23,7093.0,0.05534949544448846,23,7093.0
57965.0,42,42281.0,660.640625,1.9573379783932787,89868.60765077319,1404.196994543331,1957567.951,30586.999234375,16,6529.0,0.07907279723432817,16,6529.0
57970.0,45,42502.0,643.969696969697,3.594331186255258,90121.47849503288,1365.4769468944378,2014515.2209999997,30522.957893939398,19,6509.0,0.16892604456905222,19,6509.0
57975.0,50,42738.0,657.5076923076923,2.0875844483969557,90102.28009726373,1386.188924573288,2071456.3019999994,31868.558492307686,23,6585.0,0.06238143099423893,23,6585.0
57980.0,55,43002.0,728.8474576271186,0.28699779307150197,89838.68045558235,1522.6894992471584,2099922.028,35591.898779661016,29,6689.0,0.0005522276591596417,29,6689.0
57985.0,52,43171.0,744.3275862068965,0.8118371488470559,90113.76014487517,1553.6855197392272,2099922.028,36205.55220689655,24,6698.0,0.012876250936076255,24,6698.0
57990.0,52,43431.0,723.85,1.202835305682036,90386.88554947487,1506.4480924912482,2099923.888,34998.73146666667,24,6782.0,0.0,24,6782.0
57995.0,52,43691.0,716.2459016393443,1.7572338747814338,90617.4041333926,1485.531215301518,2099924.1289999997,34424.98572131148,24,6872.0,0.011579565484367877,24,6872.0
58000.0,52,43951.0,771.0701754385965,0.7364752812816552,90790.75280821898,1592.8202247055965,2099917.485,36840.65763157894,24,6962.0,0.07045717235333245,24,6962.0
58005.0,48,43932.0,732.2,1.0321861763677587,91051.9453132896,1517.5324218881594,2099920.485,34998.67475,20,6817.0,0.040698550650174574,20,6817.0
58010.0,44,43959.0,732.65,2.492890415619839,91310.57371798267,1521.8428952997115,2099920.485,34998.67475,16,6722.0,0.16197603506500335,16,6722.0
58015.0,44,44033.0,721.8524590163935,2.170419863403536,91531.00163335889,1500.5082234976865,2071445.9899999998,33958.130983606556,17,6698.0,0.0984472904459391,17,6698.0
58020.0,46,44225.0,762.5,1.346992925362746,91379.55274314836,1575.5095300542816,1986165.793,34244.23781034483,20,6795.0,0.06684384917813153,20,6795.0
58025.0,46,44411.0,740.1833333333333,1.3804607445229793,91448.97294778517,1524.149549129753,1957769.067,32629.48445,20,6853.0,0.06261234411461075,20,6853.0
58030.0,51,44660.0,720.3225806451613,1.7538473398819105,91716.26626099429,1479.2946171128115,2014783.8450000002,32496.51362903226,25,6943.0,0.10871715125457125,25,6943.0
58035.0,54,44920.0,724.516129032258,0.758836921436388,91963.19095923631,1483.2772735360697,2071797.2170000004,33416.084145161294,27,7043.0,0.03879431228528409,27,7043.0
58040.0,58,45203.0,717.5079365079365,0.3943207343573687,92216.7816307559,1463.7584385834268,2100303.347,33338.14836507937,32,7166.0,0.025105859662024447,32,7166.0
58045.0,53,45348.0,697.6615384615385,1.2130922582478576,92519.72240404946,1423.3803446776842,2128803.063,32750.816353846156,26,7050.0,0.03230772170542337,26,7050.0
58050.0,49,45497.0,699.9538461538461,2.06983952508701,92799.7151545253,1427.687925454236,2128803.063,32750.816353846156,21,6878.0,0.11554545578224143,21,6878.0
58055.0,49,45681.0,692.1363636363636,1.9428764769294629,93079.31360713976,1410.2926304112084,2128803.063,32254.591863636364,22,6951.0,0.0720869144122584,22,6951.0
58060.0,50,45917.0,740.5967741935484,1.1292873782720718,93038.02729558984,1500.613343477256,2014930.0809999998,32498.872274193545,24,7058.0,0.08454845635104127,24,7058.0
58065.0,50,46066.0,731.2063492063492,1.240031393555663,92959.35217427168,1475.5452726074873,1986631.7449999999,31533.837222222224,23,7047.0,0.07573014905271333,23,7047.0
58070.0,52,46320.0,723.75,1.5896653486967542,93238.71442575601,1456.8549129024382,2015148.315,31486.692421875,26,7141.0,0.030280268965005627,26,7141.0
58075.0,54,46589.0,685.1323529411765,1.55110617106733,93524.67316302819,1375.3628406327675,2072179.358,30473.225852941177,28,7250.0,0.07065430693727674,28,7250.0
58080.0,60,46875.0,732.421875,0.41545393452902946,93691.04112713432,1463.922517611474,2100693.555,32823.336796875,33,7375.0,0.03121877118385102,33,7375.0
58085.0,56,47027.0,681.5507246376811,1.0840998138888078,94000.93787761922,1362.3324330089747,2100699.555,30444.921086956525,28,7300.0,0.01937569284264858,28,7300.0
58090.0,51,47185.0,664.5774647887324,2.369438700529928,94296.39503808123,1328.1182399729753,2100699.703,29587.319760563383,23,7239.0,0.14959825245869832,23,7239.0
58095.0,50,47367.0,676.6714285714286,1.5418599904116488,94562.4873132015,1350.8926759028786,2072199.987,29602.856957142852,23,7318.0,0.062183806316716314,23,7318.0
58100.0,57,47622.0,700.3235294117648,0.9259014167968828,94639.19221679219,1391.752826717533,2015263.9379999998,29636.234382352937,31,7458.0,0.06859212946231606,31,7458.0
58105.0,56,47848.0,693.4492753623189,1.3704971415620726,94842.304243073,1374.5261484503335,2043855.974,29621.101072463767,29,7525.0,0.05418156164569071,29,7525.0
58110.0,58,48133.0,697.5797101449275,1.2487065276808784,95047.50732029273,1377.5001060911993,2043914.75,29621.952898550724,32,7651.0,0.020075207034767513,32,7651.0
58115.0,65,48438.0,682.2253521126761,0.7667099987816243,95313.05606451332,1342.4374093593426,2100972.195,29591.157676056337,37,7796.0,0.0138074078517281,37,7796.0
58120.0,63,48753.0,696.4714285714285,0.7825889233677107,95597.83788394548,1365.6833983420786,2129498.335,30421.40478571428,37,7951.0,0.059441452415324635,37,7951.0
58125.0,54,48242.0,679.4647887323944,1.0147990508164366,95927.91729979364,1351.097426757657,2129498.335,29992.93429577464,26,7583.0,0.07373038208246538,26,7583.0
58130.0,54,48358.0,681.0985915492957,1.021246019270871,96255.85751261874,1355.7163029946303,2129498.335,29992.93429577464,23,7555.0,0.0602577006254666,23,7555.0
58135.0,53,48540.0,693.4285714285714,0.9977188969400815,96546.58956957611,1379.2369938510874,2100983.636,30014.051942857142,26,7650.0,0.016260178617390975,26,7650.0
58140.0,57,48801.0,717.6617647058823,0.8743950515984728,96840.00343989214,1424.1176976454728,2043920.4360000002,30057.653470588237,31,7781.0,0.006879855357062319,31,7781.0
58145.0,51,48087.0,667.875,2.1011168971300336,96840.34051772057,1345.0047294127862,2043968.748,28388.454833333337,25,7078.0,0.04375805221114658,25,7078.0
58150.0,54,48353.0,681.0281690140845,2.7481033798619854,96778.20393732014,1363.0732948918333,2043964.366,28788.23050704226,26,7007.0,0.0888820324073885,26,7007.0
58155.0,57,48628.0,715.1176470588235,1.782681881769802,96609.61268074952,1420.7295982463168,2043959.792,30058.232235294116,29,7112.0,0.05356438631899605,29,7112.0
58160.0,60,48921.0,815.35,0.0008095572499629527,96286.17156762602,1604.7695261271006,2043954.852,34065.9142,32,7235.0,0.00011150308567855249,32,7235.0
58165.0,55,49045.0,778.4920634920635,0.6836699124603549,96588.16056510198,1533.1454057952692,2043957.852,32443.775428571433,27,7156.0,0.01964053055748517,27,7156.0
58170.0,51,49187.0,756.723076923077,1.6841861425590143,96878.66101947667,1490.4409387611795,2043959.716,31445.534092307695,23,7067.0,0.08373632821486841,23,7067.0
58175.0,50,49319.0,747.2575757575758,1.6691194042461273,97168.3529613542,1472.2477721417308,2043959.716,30969.086606060606,22,7142.0,0.057216524312505096,22,7142.0
58180.0,53,49512.0,761.723076923077,0.7952923650714666,97205.37516430051,1495.4673102200081,2015526.5089999998,31008.10013846154,26,7275.0,0.05248015923958579,26,7275.0
58185.0,53,49707.0,776.671875,1.0078077517194872,97255.04845237671,1519.6101320683867,1987099.5639999998,31048.4306875,26,7339.0,0.043489071040210145,26,7339.0
58190.0,55,49976.0,757.2121212121212,1.4019410415813518,97552.53775061497,1478.0687537971967,2044266.0959999997,30973.72872727273,29,7449.0,0.04791923533269883,29,7449.0
58195.0,60,50268.0,761.6363636363636,0.4444600390836302,97784.63063986876,1481.5853127252847,2101417.511,31839.659257575757,33,7581.0,0.0051000310890278455,33,7581.0
58200.0,61,50572.0,754.8059701492538,0.7425993014060908,98100.6544583114,1464.1888725121105,2129999.135,31791.031865671644,35,7725.0,0.020824472884625855,35,7725.0
58205.0,54,50426.0,720.3714285714286,1.2046212580519746,98378.48069373709,1405.4068670533875,2130002.135,30428.601928571425,26,7537.0,0.03719070803157389,26,7537.0
58210.0,57,50706.0,724.3714285714286,1.7589821674446648,98682.73546171794,1409.7533637388278,2130002.135,30428.601928571425,28,7543.0,0.0677170010469233,28,7543.0
58215.0,59,50991.0,739.0,1.2764952336286957,98912.64263648911,1433.5165599491177,2130001.775,30869.590942028983,31,7659.0,0.007486778376154823,31,7659.0
58220.0,61,51296.0,754.3529411764706,1.0164226911454204,99088.03404487067,1457.1769712480982,2129998.205,31323.503014705882,33,7794.0,1.4801623823553955e-06,33,7794.0
58225.0,53,51283.0,814.015873015873,1.124832681447497,99093.79739302964,1572.9174189369787,2129997.9869999997,33809.49185714285,25,7578.0,0.03073956420491285,25,7578.0
58230.0,48,51331.0,802.046875,1.897556585754887,99372.58630960503,1552.696661087579,2129998.803,33281.231296875,20,7419.0,0.07423086087210858,20,7419.0
58235.0,46,51415.0,791.0,2.282289507066474,99571.03831836296,1531.862127974815,2101451.219,32330.018753846154,19,7375.0,0.12089007337948873,19,7375.0
58240.0,50,51617.0,846.1803278688525,0.8746131382619925,99318.86465987556,1628.1781091782884,1987362.1069999998,32579.70667213115,23,7483.0,0.06326884034267201,23,7483.0
58245.0,47,51703.0,783.3787878787879,1.563102147252625,99458.95643252699,1506.953885341318,1987467.4629999998,30113.143378787874,21,7447.0,0.05668054671945626,21,7447.0
58250.0,50,51946.0,775.3134328358209,2.378350414993126,99584.21041835894,1486.3314987814767,2016183.2389999998,30092.287149253727,24,7502.0,0.11002290532914459,24,7502.0
58255.0,56,52209.0,756.6521739130435,1.7108779630186532,99872.42755083225,1447.4264862439456,2073413.7939999998,30049.475275362318,29,7605.0,0.0442894753336162,29,7605.0
58260.0,61,52504.0,807.7538461538461,0.6103906563243199,99986.25216411495,1538.2500332940763,2102029.08,32338.908923076924,34,7740.0,0.017067753479931874,34,7740.0
58265.0,54,52661.0,785.9850746268656,1.244502927866341,100245.9289981553,1496.2078954948556,2130643.265,31800.64574626866,28,7624.0,0.07978779542219175,28,7624.0
58270.0,51,52826.0,765.5942028985507,2.242461303563305,100534.10867332768,1457.0160677293868,2130643.417,30878.890101449273,23,7503.0,0.1481188442916444,23,7503.0
58275.0,49,53013.0,768.304347826087,2.232051731297264,100822.39040849134,1461.1940638911788,2130643.417,30878.890101449273,22,7478.0,0.06535424808871151,22,7478.0
58280.0,53,53259.0,806.9545454545455,1.1667493322647633,100784.13229996388,1527.0323075752106,2044966.1560000002,30984.335696969698,27,7591.0,0.0649392409230506,27,7591.0
58285.0,53,53439.0,809.6818181818181,1.2401387475056154,100780.43564080255,1526.9762975879175,2016546.1750000003,30553.729924242427,26,7611.0,0.017465831781681394,26,7611.0
58290.0,55,53707.0,813.7424242424242,1.5078152041145578,100924.73119208417,1529.1625938194572,2016642.9510000001,30555.196227272732,29,7719.0,0.07545381300972968,29,7719.0
58295.0,60,53987.0,771.2428571428571,1.109139776856484,101197.37957732052,1445.6768511045789,2073891.267,29627.0181,32,7839.0,0.008087829131681854,32,7839.0
58300.0,60,54286.0,810.2388059701492,0.8290443915704512,101435.76614383575,1513.9666588632201,2102516.548,31380.844,34,7978.0,0.04789420389771015,34,7978.0
58305.0,52,53639.0,812.7121212121212,1.278049334269108,101721.57265280733,1541.2359492849598,2102516.548,31856.31133333333,24,7431.0,0.10646401043146109,24,7431.0
58310.0,50,53667.0,801.0,1.6502674677260272,102020.4867351172,1522.6938318674213,2102517.103,31380.85228358209,21,7135.0,0.07946495134902362,21,7135.0
58315.0,47,53810.0,815.3030303030303,1.5281077927028766,102015.22852478224,1545.6852806785193,2102517.103,31856.319742424243,20,7202.0,0.051550707163607906,20,7202.0
58320.0,54,54049.0,844.515625,0.8649940264128931,101949.20231856432,1592.9562862275675,2073952.226,32405.50353125,27,7309.0,0.00838452311589864,27,7309.0
58325.0,51,54261.0,775.1571428571428,1.4297523316043175,101834.39717118972,1454.7771024455676,2073973.7540000002,29628.196485714285,25,7243.0,0.05387874024688802,25,7243.0
58330.0,51,54484.0,778.3428571428572,2.63484441379018,102009.02290467871,1457.2717557811245,2074025.8920000002,29628.941314285716,24,7185.0,0.16958324883387327,24,7185.0
58335.0,50,54707.0,792.8550724637681,1.4051299070600252,102183.22787674385,1480.9163460397665,2045447.0770000003,29644.160536231884,23,7219.0,0.06356168776359805,23,7219.0
58340.0,58,54986.0,808.6176470588235,0.9572603762324408,102245.49530650745,1503.6102250956983,2016933.2910000002,29660.78369117647,31,7343.0,0.043040054475653934,31,7343.0
58345.0,52,55100.0,834.8484848484849,1.1968918102146926,102373.58463196308,1551.1149186661073,1959727.9880000001,29692.848303030303,26,7318.0,0.06509429694027319,26,7318.0
58350.0,55,55371.0,791.0142857142857,1.600429888821316,102676.42855316406,1466.8061221880585,2017032.7780000002,28814.75397142857,29,7412.0,0.03148870443541595,29,7412.0
58355.0,59,55658.0,783.9154929577464,1.7936514484990778,102924.2422536673,1449.6372148403848,2074325.185,29215.84767605634,32,7539.0,0.028524567682235765,32,7539.0
58360.0,63,55959.0,822.9264705882352,0.5606222341520454,103104.39512498296,1516.2411047791607,2102968.7800000003,30926.011470588233,36,7679.0,0.028211502554504764,36,7679.0
58365.0,54,55929.0,834.7611940298508,0.9309153253564919,103385.76738843309,1543.0711550512403,2102965.7800000003,31387.548955223876,26,7344.0,0.027891968906425608,26,7344.0
58370.0,55,56096.0,837.2537313432836,1.0340225486226418,103695.78433844415,1547.6982737081216,2102965.7800000003,31387.548955223876,24,7327.0,0.06068250269174453,24,7327.0
58375.0,52,56281.0,804.0142857142857,1.4191991758984854,104009.94263133242,1485.8563233047496,2102966.759,30042.382271428574,25,7415.0,0.03721431603640288,25,7415.0
58380.0,55,56530.0,831.3235294117648,1.438839560948825,104165.18046770158,1531.8408892309055,2045728.2330000002,30084.23872058824,28,7533.0,0.03870466879164031,28,7533.0
58385.0,55,56753.0,799.3380281690141,1.5109703247363229,104124.33487939162,1466.5399278787552,2074392.2000000004,29216.79154929578,29,7610.0,0.05285377182249355,29,7610.0
58390.0,58,57042.0,792.25,1.7358834952739939,104190.53784107542,1447.0908033482704,2103103.2860000003,29209.767861111108,32,7739.0,0.12146375687375119,32,7739.0
58395.0,65,57351.0,819.3,0.5136305374929744,104483.43200673463,1492.6204572390664,2103102.132,30044.316171428574,37,7882.0,0.020670245053234983,37,7882.0
58400.0,68,57688.0,824.1142857142858,0.12564965312125917,104781.06053841708,1496.8722934059585,2103103.1440000003,30044.33062857143,40,8049.0,3.2839462950109666e-05,40,8049.0
58405.0,58,40366.0,545.4864864864865,1.3131533890050715,105123.48695045174,1420.5876614925915,2103106.1440000003,28420.353297297297,34,6209.0,0.03705263745222736,34,6209.0
58410.0,52,28311.0,382.5810810810811,2.079388852453527,105440.5523000029,1424.872328378418,2103106.1440000003,28420.353297297297,35,4379.0,0.06856039464629758,35,4379.0
58415.0,46,10966.0,148.1891891891892,2.302315410230965,99837.69117484316,1349.157988849232,2055181.3770000003,27772.721310810815,39,7535.0,0.025981589102753895,39,7535.0
58420.0,46,2418.0,34.056338028169016,2.2855477082963245,86485.60234318016,1218.1070752560581,1907590.9990000005,26867.47885915493,44,7722.0,0.013033814838653752,44,7722.0
58425.0,38,1052.0,14.816901408450704,2.1182261091876144,63327.47415884849,891.9362557584292,1823234.1400000006,25679.354084507046,32,7707.0,0.0388986291337506,32,7707.0
58430.0,43,1257.0,17.21917808219178,3.2902890709103843,63607.38961602716,871.3341043291392,1930498.9050000005,26445.190479452056,32,7434.0,0.01807315654755629,32,7434.0
58435.0,51,1497.0,20.791666666666668,2.5760493799882083,61520.24898018926,854.4479025026282,2039480.5430000005,28326.11865277778,33,7561.0,0.03292018266594376,33,7561.0
58440.0,59,1775.0,27.307692307692307,0.7389958104778059,60843.175498230936,936.0488538189376,2146722.756,33026.50393846154,35,7696.0,3.3891991877394364e-05,35,7696.0
58445.0,54,1600.0,23.880597014925375,1.1005853020520042,61018.0598022798,910.7173104817882,2200344.1820000005,32840.95794029851,28,7448.0,0.026271629985970327,28,7448.0
58450.0,51,1530.0,22.17391304347826,2.1491172370766556,61307.80825651376,888.51896023933,2200344.3380000005,31889.048376811596,23,7199.0,0.11201542135004071,23,7199.0
58455.0,50,1522.0,22.38235294117647,1.9372216575797405,61424.426204809315,903.3003853648428,2171727.153,31937.164014705875,23,7276.0,0.06994599446562025,23,7276.0
58460.0,53,1718.0,26.03030303030303,1.064099161012708,61428.37995447122,930.7330296132001,2114517.974,32038.151121212126,27,7432.0,0.06208109256905862,27,7432.0
58465.0,48,1635.0,25.153846153846153,1.4367557986609476,61273.58390404294,942.6705216006608,2057374.742,31651.91910769231,22,7337.0,0.0769248355250901,22,7337.0
58470.0,51,1884.0,28.119402985074625,1.937870280398831,61554.93320866784,918.7303463980276,2114834.2040000004,31564.689611940295,24,7339.0,0.07600044784984843,24,7339.0
58475.0,59,2155.0,30.785714285714285,1.6543067600197847,61773.638475852655,882.4805496550379,2172287.2869999995,31032.675528571428,30,7446.0,0.02891033384938236,30,7446.0
58480.0,57,2437.0,36.37313432835821,1.4579780280764743,61874.34292355538,923.4976555754535,2201014.9749999996,32850.9697761194,31,7563.0,0.058140597307319374,31,7563.0
58485.0,53,2578.0,38.47761194029851,1.4031720490077213,62025.08943326346,925.7476034815444,2229744.351,33279.766432835815,26,7423.0,0.0947330483004177,26,7423.0
58490.0,51,2728.0,40.71641791044776,2.177390447377452,62312.676884519686,930.0399535002937,2229744.351,33279.766432835815,23,7185.0,0.09135526571176228,23,7185.0
58495.0,49,2911.0,44.10606060606061,2.2767962192263558,62572.08390178968,948.0618772998434,2201014.6649999996,33348.70704545455,22,7048.0,0.10203876175315162,22,7048.0
58500.0,50,3144.0,49.904761904761905,2.1161610899859995,62381.154234296424,990.1770513380386,2115085.034,33572.778317460325,23,6887.0,0.09409212532884596,23,6887.0
58505.0,50,3390.0,52.15384615384615,1.836916089172888,62244.840231180846,957.6129266335513,2029152.4230000002,31217.729584615387,24,6978.0,0.08485370239814752,24,6978.0
58510.0,52,3647.0,54.43283582089552,1.9156102916792814,62526.43516801584,933.2303756420276,2086636.171,31143.823447761195,26,7070.0,0.14946282190160626,26,7070.0
58515.0,54,3799.0,58.44615384615385,1.3001748131732491,62369.20490100356,959.5262292462086,2029472.111,31222.647861538462,27,7067.0,0.0757224631653694,27,7067.0
58520.0,54,4068.0,61.63636363636363,1.4562255296639417,62659.9571695607,949.3932904478893,2058206.7310000001,31184.95046969697,28,7151.0,0.0504513099063871,28,7151.0
58525.0,56,4344.0,63.88235294117647,1.4800814170707202,62929.82009416933,925.438530796608,2115678.5179999997,31112.919382352942,30,7262.0,0.01683229773119396,30,7262.0
58530.0,58,4631.0,68.1029411764706,1.521402636956774,63218.1873556846,929.679225818891,2144412.082,31535.471794117646,32,7384.0,0.07102347967422525,32,7384.0
58535.0,47,4039.0,60.28358208955224,1.6904057682394127,63357.09109773855,945.6282253393814,2201878.1810000003,32863.8534477612,21,7008.0,0.09009572964743415,21,7008.0
58540.0,48,4135.0,59.927536231884055,1.7078875659872774,63648.77142109942,922.4459626246293,2259342.8590000006,32744.09940579711,19,6794.0,0.0885306349930768,19,6794.0
58545.0,48,4346.0,62.08571428571429,1.5072858491722607,63868.9069624756,912.4129566067944,2230614.1000000006,31865.915714285722,21,6862.0,0.0770266295790714,21,6862.0
58550.0,53,4604.0,67.70588235294117,1.2615462724368889,63989.564952880304,941.0230140129455,2201871.4520000005,32380.462529411772,26,6950.0,0.06332026359810153,26,6950.0
58555.0,56,4824.0,69.91304347826087,0.9845956331577645,64066.51627715527,928.5002359008014,2201869.7130000005,31911.15526086957,29,7025.0,0.010406407716572287,29,7025.0
58560.0,60,5116.0,75.23529411764706,1.1901770265172653,64071.29066566063,942.2248627303035,2230603.0260000005,32802.9856764706,33,7143.0,0.023584209633384284,33,7143.0
58565.0,61,5418.0,74.21917808219177,1.010364506904241,64379.44475959524,881.910202186236,2230608.090000001,30556.275205479455,33,7273.0,0.009211754008723268,33,7273.0
58570.0,64,5735.0,80.77464788732394,1.1173240414773373,64600.29641960011,909.8633298535227,2201879.0800000005,31012.38140845071,36,7415.0,0.09030573573677295,36,7415.0
58575.0,55,5765.0,82.35714285714286,0.9799621454209895,64905.0223292873,927.2146047041039,2201879.0800000005,31455.415428571436,27,7134.0,0.05066118535084622,27,7134.0
58580.0,57,5944.0,82.55555555555556,1.4176774302085906,65228.19110384873,905.9470986645656,2201880.0960000004,30581.667999999998,28,7202.0,0.029288107996261976,28,7202.0
58585.0,55,6094.0,87.05714285714286,1.4910345125413804,65348.58775030345,933.5512535757634,2173146.6380000003,31044.951971428574,27,7301.0,0.02654723047375904,27,7301.0
58590.0,57,6340.0,93.23529411764706,0.7815819042515484,65439.86219628825,962.3509146512979,2144450.8,31536.041176470586,30,7439.0,0.02264632139575789,30,7439.0
58595.0,55,6526.0,95.97058823529412,1.3585413487857545,65690.36069622074,966.034716120893,2173209.486,31958.96302941177,29,7484.0,0.030287420227756455,29,7484.0
58600.0,59,6813.0,100.19117647058823,1.263281341881411,65894.9497859795,969.0433792055805,2173239.8260000004,31959.40920588236,32,7605.0,0.033621314764919884,32,7605.0
58605.0,62,7114.0,101.62857142857143,1.0569060171695974,66174.43400616574,945.3490572309391,2173241.1920000003,31046.302742857148,34,7733.0,0.0001252477017273309,34,7733.0
58610.0,62,7424.0,114.21538461538462,0.5037525248666458,66381.90017966223,1021.2600027640339,2173237.6840000004,33434.425907692304,34,7868.0,0.02277464028910737,34,7868.0
58615.0,58,7560.0,116.3076923076923,0.6733532991893412,66692.52396367452,1026.0388302103772,2173237.6840000004,33434.425907692304,30,7782.0,0.04036720883553389,30,7782.0
58620.0,54,7698.0,116.63636363636364,1.23998100367044,66994.22355917477,1015.0639933208299,2173238.1950000003,32927.85143939394,26,7733.0,0.0527550624862487,26,7733.0
58625.0,51,7859.0,115.57352941176471,1.6514090753259751,67249.2485866808,988.9595380394237,2144501.2939999998,31536.783735294113,24,7819.0,0.07560668658702799,24,7819.0
58630.0,55,8099.0,115.7,1.2423603982568132,67322.32523290577,961.7475033272258,2115827.321,30226.104585714285,29,7966.0,0.09429043618756554,29,7966.0
58635.0,46,6909.0,98.7,1.8997874104202879,67427.88619656059,963.2555170937229,2115935.543,30227.650614285714,19,6977.0,0.10957197966704771,19,6977.0
58640.0,50,7150.0,100.70422535211267,2.8021403293511944,67711.28802555831,953.6801130360326,2144725.2169999997,30207.397422535207,24,6675.0,0.1116779936630339,24,6675.0
58645.0,56,7416.0,98.88,2.5978818894380713,67805.57576314043,904.0743435085391,2202302.596,29364.034613333326,29,6776.0,0.025353861453192003,29,6776.0
58650.0,57,7698.0,114.8955223880597,1.3419839526429582,66959.20705255655,999.3911500381577,2202297.062,32870.105402985064,30,6900.0,0.035994093681711616,30,6900.0
58655.0,56,7813.0,120.2,0.8874220796534126,67042.61338156735,1031.424821254883,2202293.9839999997,33881.4459076923,26,6858.0,0.023351726529479064,26,6858.0
58660.0,55,8086.0,124.4,1.6650784981645712,67335.17175601107,1035.925719323248,2202293.9839999997,33881.4459076923,27,6938.0,0.03192374064205481,27,6938.0
58665.0,56,8362.0,132.73015873015873,1.2533514000361266,67552.54762864817,1072.2626607721932,2202293.19,34957.03476190475,28,7039.0,0.05555057293781255,28,7039.0
58670.0,57,8643.0,144.05,0.4189598087031369,67718.02707271463,1128.633784545244,2202293.11,36704.88516666666,29,7145.0,0.0006025690706043426,29,7145.0
58675.0,51,8627.0,148.74137931034483,0.7301822306539003,67954.65319041826,1171.6319515589357,2202293.11,37970.57086206896,23,6931.0,0.023046211719021898,23,6931.0
58680.0,46,8654.0,149.20689655172413,1.7320968700750698,68215.33355181859,1176.126440548596,2202293.11,37970.57086206896,18,6785.0,0.07502934266091328,18,6785.0
58685.0,44,8756.0,141.2258064516129,1.9914408435738395,68253.44803579719,1100.862065093503,2144805.744,34593.641032258056,16,6734.0,0.07581977401312937,16,6734.0
58690.0,45,8899.0,143.53225806451613,2.2929638632566243,68472.6945548447,1104.398299271689,2144842.187,34594.22882258063,18,6824.0,0.1592089937202839,18,6824.0
58695.0,45,9072.0,151.2,1.4019052502596765,68305.44489651622,1138.4240816086033,2087466.352,34791.105866666665,19,6868.0,0.08659250761459567,19,6868.0
58700.0,52,9312.0,147.8095238095238,1.5084779305569374,68435.06742748099,1086.2709115473172,2116399.8660000004,33593.64866666667,25,6943.0,0.08026276475080389,25,6943.0
58705.0,50,9562.0,151.77777777777777,1.7050409975109857,68678.57991388922,1090.1361891093525,2145226.34,34051.21174603175,24,7028.0,0.07658838407756931,24,7028.0
58710.0,56,9830.0,153.59375,0.8491366090389605,68916.63956773539,1076.8224932458652,2202878.939,34419.983421875004,30,7131.0,0.008904033253729697,30,7131.0
58715.0,51,9963.0,155.671875,1.592284258946802,69189.76664933891,1081.0901038959203,2231702.500999999,34870.351578125,24,6976.0,0.051885703355529444,24,6976.0
58720.0,47,10105.0,160.3968253968254,2.0483289729386067,69455.98812029578,1102.4760019094567,2231702.500999999,35423.84922222222,19,6842.0,0.09648338373519662,19,6842.0
58725.0,46,10285.0,160.703125,2.0701492852192587,69548.86334177938,1086.7009897153025,2174143.494,33970.99209375,19,6816.0,0.07669231004098923,19,6816.0
58730.0,48,10506.0,169.4516129032258,1.5593046209182984,69517.65324516445,1121.2524716962007,2116657.6449999996,34139.63943548387,21,6892.0,0.10354181367817453,21,6892.0
58735.0,50,10729.0,173.0483870967742,0.9224137568057892,69515.13633621427,1121.2118763905528,2059170.409,33212.4259516129,24,6960.0,0.03870591571603405,24,6960.0
58740.0,54,10988.0,171.6875,1.3723175979429967,69803.00818908011,1090.6720029543762,2116851.412,33075.80331249999,28,7054.0,0.0529565641603899,28,7054.0
58745.0,58,11266.0,165.6764705882353,1.0378394261941037,70089.51204293978,1030.7281182785257,2174522.326,31978.2695,31,7167.0,0.02918505620842775,31,7167.0
58750.0,61,11567.0,172.6417910447761,0.6989375537269389,70377.38694839599,1050.4087604238202,2203357.841,32885.93792537313,35,7303.0,0.07831817155162354,35,7303.0
58755.0,57,11737.0,172.60294117647058,0.7741129021250976,70698.9939919295,1039.6910881166098,2232195.569,32826.40542647059,30,7245.0,0.04356798632957733,30,7245.0
58760.0,56,11944.0,170.62857142857143,1.6955331652173293,71008.83089061061,1014.411869865866,2232196.589,31888.52270000001,28,7194.0,0.055997813034068415,28,7194.0
58765.0,51,12129.0,173.27142857142857,2.124206957159174,71290.37443508067,1018.4339205011522,2203353.085,31476.47264285715,24,7207.0,0.06111253461024891,24,7207.0
58770.0,54,12381.0,187.5909090909091,1.0325889975041005,71121.89306052332,1077.604440310959,2088206.5369999995,31639.492984848486,28,7325.0,0.07983631289725532,28,7325.0
58775.0,55,12570.0,187.61194029850745,1.2155037464011578,71313.63651544262,1064.3826345588448,2088282.4449999996,31168.394701492536,28,7349.0,0.03154803409494116,28,7349.0
58780.0,57,12850.0,186.231884057971,1.608421558696226,71618.11150209415,1037.9436449578861,2117129.6059999997,30683.037768115944,31,7464.0,0.06853918638223638,31,7464.0
58785.0,60,13145.0,185.14084507042253,1.0295160485988493,71870.71415102655,1012.2635795919236,2174826.721,30631.36226760564,34,7594.0,0.010686281369463101,34,7594.0
58790.0,62,13453.0,197.83823529411765,0.8790628101401501,72122.40597479744,1060.623617276433,2203673.105,32406.957426470595,36,7737.0,0.04327334440369921,36,7737.0
58795.0,53,13126.0,193.02941176470588,0.9456853209113151,72431.88886711541,1065.1748362811086,2232521.9899999998,32831.20573529412,25,7473.0,0.1029285185123611,25,7473.0
58800.0,55,13290.0,195.44117647058823,0.87483677930002,72745.84587789158,1069.7918511454643,2232521.9899999998,32831.20573529412,25,7396.0,0.027134111192370962,25,7396.0
58805.0,52,13482.0,182.1891891891892,1.4585852404143653,73058.10963596137,987.2717518373156,2203672.874,29779.36316216216,24,7484.0,0.033670223929280374,24,7484.0
58810.0,55,13729.0,183.05333333333334,2.0078708871514013,73215.89491042125,976.2119321389495,2203672.642,29382.30189333334,29,7598.0,0.10362307148705568,29,7598.0
58815.0,57,13994.0,191.6986301369863,1.4643520331422692,73349.6452512887,1004.7896609765572,2174838.0,29792.301369863013,31,7699.0,0.0013295805680053922,31,7699.0
58820.0,63,14302.0,201.43661971830986,0.9897386805214654,73480.25207460378,1034.93312781132,2174834.5,30631.471830985916,35,7838.0,0.005036647038796814,35,7838.0
58825.0,64,14621.0,211.8985507246377,0.8546306334696042,73780.33097722699,1069.2801590902454,2174833.704,31519.32904347826,36,7982.0,4.234585998707047e-06,36,7982.0
58830.0,64,14941.0,226.37878787878788,0.39597779143723244,73982.21455911097,1120.9426448350139,2146003.5039999997,32515.2046060606,36,8127.0,0.0,36,8127.0
58835.0,59,15031.0,224.34328358208955,0.7274893011411274,74273.67022810964,1108.5622422105912,2146002.2399999998,32029.884179104472,29,8016.0,0.019119563150619388,29,8016.0
58840.0,52,15154.0,226.17910447761193,1.815721934052707,74572.36224047863,1113.020331947442,2146002.2399999998,32029.884179104472,24,7940.0,0.07909070345791684,24,7940.0
58845.0,50,15299.0,228.34328358208955,1.7208766547658474,74738.33657394505,1115.4975608051493,2117170.28,31599.556417910444,23,8018.0,0.0944524041940429,23,8018.0
58850.0,54,15533.0,242.703125,0.6768794973909078,74715.88886611539,1167.435763533053,2088413.3079999997,32631.4579375,28,8151.0,0.049361139893386065,28,8151.0
58855.0,43,14109.0,217.06153846153848,1.7280437951083274,74888.94046167222,1152.1375455641878,2088482.544,32130.50067692308,17,7011.0,0.09642181245480516,17,7011.0
58860.0,47,14335.0,210.80882352941177,3.184146581018691,75152.18715827688,1105.179222915836,2146281.1399999997,31562.957941176464,21,6643.0,0.12041306209534552,21,6643.0
58865.0,51,14575.0,208.21428571428572,2.6061208176446486,74587.59306944469,1065.5370438492089,2175174.3479999998,31073.919257142854,25,6719.0,0.06129992206309486,25,6719.0
58870.0,54,14836.0,231.8125,1.7521533890284682,74058.4697471361,1157.1635897990013,2204064.469,34438.50732812501,26,6811.0,0.11211716554544966,26,6811.0
58875.0,51,14959.0,245.2295081967213,0.9425375790159815,74182.96245023832,1216.1141385284966,2204060.591,36132.14083606558,23,6693.0,0.04704734025324508,23,6693.0
58880.0,50,15123.0,247.91803278688525,1.685699743585527,74458.31073459773,1220.628044829471,2204060.591,36132.14083606558,22,6591.0,0.0722272100025222,22,6591.0
58885.0,46,15260.0,242.22222222222223,2.0151141749011954,74716.54588167867,1185.9769187568043,2175165.0609999998,34526.42953968253,19,6569.0,0.08278790253367665,19,6569.0
58890.0,48,15478.0,245.68253968253967,1.5676336473432362,74587.0493044434,1183.9214175308473,2088672.318,33153.528857142854,22,6671.0,0.12110482078126916,22,6671.0
58895.0,47,15511.0,238.63076923076923,2.081530212738353,74731.42820821279,1149.7142801263503,2117657.966,32579.353323076924,19,6558.0,0.12204011830265166,19,6558.0
58900.0,50,15750.0,242.30769230769232,1.5091337807228762,74888.0732722555,1152.124204188546,2117732.678,32580.502738461542,24,6614.0,0.054130066215214524,24,6614.0
58905.0,56,16016.0,242.66666666666666,1.6660286653866736,75125.07935725215,1138.2587781401837,2175562.7019999996,32963.071242424245,29,6715.0,0.04637520464146993,29,6715.0
58910.0,57,16296.0,258.6666666666667,1.0457159022040503,75333.92190950197,1195.7765382460625,2204469.3339999993,34991.57673015872,31,6830.0,0.02242040095628941,31,6830.0
58915.0,52,16425.0,264.9193548387097,0.8947215980863837,75465.19496061707,1217.1805638809205,2233379.4109999994,36022.24856451612,24,6704.0,0.03898516297046821,24,6704.0
58920.0,48,16582.0,267.4516129032258,2.1457697131837135,75736.3229665669,1221.5535962349493,2233379.4109999994,36022.24856451612,20,6600.0,0.05400803886103134,20,6600.0
58925.0,44,16721.0,253.34848484848484,2.139167483976866,76008.80361750523,1151.6485396591706,2233382.4109999994,33839.12743939394,17,6653.0,0.0777994610658089,17,6653.0
58930.0,49,16942.0,273.258064516129,1.4697257878266128,75960.69749806648,1225.172540291395,2117888.0039999997,34159.48393548387,22,6731.0,0.12346316041502912,22,6731.0
58935.0,49,17151.0,276.6290322580645,1.0627159725045312,75983.28207062195,1225.5368075906765,2089121.7359999998,33695.51187096774,23,6786.0,0.048303856210880465,23,6786.0
58940.0,53,17404.0,263.6969696969697,1.3184159184131434,76272.63638069858,1155.6460057681597,2146974.644,32529.918848484853,26,6874.0,0.05389719493673416,26,6874.0
58945.0,55,17675.0,267.8030303030303,1.7184208927398161,76551.19921115761,1159.8666547145087,2175901.2279999997,32968.20042424242,29,6980.0,0.0475666274170039,29,6980.0
58950.0,58,17960.0,285.07936507936506,0.30322601165005164,76788.97062468356,1218.8725495981516,2204819.6199999996,34997.136825396825,31,7098.0,0.010730877656119079,31,7098.0
58955.0,55,18112.0,287.4920634920635,0.7234963003782863,77082.04384191218,1223.5245054271772,2204819.6199999996,34997.136825396825,27,6997.0,0.014024981721361733,27,6997.0
58960.0,50,18264.0,289.9047619047619,1.633279173356697,77366.6685199326,1228.0423574592476,2204819.6199999996,34997.136825396825,22,6947.0,0.07871502803817777,22,6947.0
58965.0,47,18431.0,279.25757575757575,1.5267186701878266,77483.85881181103,1173.997860785015,2147048.9999999995,32531.045454545456,20,7013.0,0.060744785905902036,20,7013.0
58970.0,50,18658.0,287.04615384615386,1.5081378626499193,77623.8898643429,1194.2136902206598,2118202.9439999997,32587.7376,23,7105.0,0.06834869424157783,23,7105.0
58975.0,51,18880.0,295.0,0.9093865588649602,77721.43952372421,1214.3974925581904,2089353.531,32646.148921875,25,7179.0,0.06402809750123035,25,7179.0
58980.0,58,19159.0,290.2878787878788,0.9565451285256649,78024.87725027143,1182.195109852597,2147240.201,32533.942439393944,32,7293.0,0.03618952122492117,32,7293.0
58985.0,60,19457.0,281.9855072463768,1.1238444021549254,78315.73138966519,1135.01059985022,2176178.525,31538.81920289855,34,7426.0,0.013984887722859059,34,7426.0
58990.0,63,19765.0,286.4492753623188,0.7944770757407028,78601.50938133619,1139.1523098744374,2205119.112,31958.247999999996,35,7566.0,0.09268869284480463,35,7566.0
58995.0,58,19937.0,288.94202898550725,0.9445938689183071,78927.86965813898,1143.8821689585354,2205119.112,31958.247999999996,30,7525.0,0.017030112769714206,30,7525.0
59000.0,55,20113.0,291.4927536231884,1.556692166374797,79237.71757852843,1148.3727185293976,2205119.112,31958.247999999996,27,7505.0,0.060956704527690406,27,7505.0
59005.0,55,20310.0,294.3478260869565,1.4011068300225837,79529.59348696528,1152.6028041589173,2176176.338,31538.787507246376,28,7606.0,0.049820870185299015,28,7606.0
59010.0,59,20574.0,307.07462686567163,0.651067627314381,79514.40922421413,1186.7822272270764,2089472.413,31186.15541791045,33,7736.0,0.054143292319037424,33,7736.0
59015.0,53,19926.0,276.75,1.609931301756053,79728.33866322844,1107.3380369892836,2118478.0330000003,29423.306013888887,23,7073.0,0.1023279936571621,23,7073.0
59020.0,52,20180.0,276.43835616438355,2.6343755544836895,80025.41405150926,1096.2385486508113,2147435.3980000005,29416.923260273972,26,7020.0,0.06426576166959161,26,7020.0
59025.0,58,20458.0,276.4594594594595,2.330712637208667,80180.88942734417,1083.5255328019482,2205354.6840000004,29802.09032432433,32,7133.0,0.06609183241427855,32,7133.0
59030.0,63,20761.0,319.4,0.4021103447286202,79647.29661879606,1225.3430249045546,2205345.8400000003,33928.39753846154,35,7264.0,0.0001487099565234506,35,7264.0
59035.0,56,20905.0,331.8253968253968,0.7086728117551541,79899.5421871443,1268.2467013832427,2205345.756,35005.4881904762,28,7180.0,0.02308951035287025,28,7180.0
59040.0,51,21049.0,334.1111111111111,1.6384660284780632,80185.33005009736,1272.783016668212,2205345.756,35005.4881904762,23,7059.0,0.041424956244569065,23,7059.0
59045.0,48,21212.0,303.0285714285714,2.154018757901594,80457.45622696108,1149.3922318137293,2176400.1700000004,31091.431000000004,21,7129.0,0.0839052181827009,21,7129.0
59050.0,50,21438.0,319.97014925373134,2.0843802280024164,80337.8734579311,1199.0727381780762,2089701.6,31189.576119402987,24,7244.0,0.14945745828930337,24,7244.0
59055.0,49,21423.0,315.04411764705884,1.5230158448910245,80525.391169282,1184.1969289600293,2118728.926,31157.778323529412,22,7118.0,0.10648735590028062,22,7118.0
59060.0,54,21682.0,318.8529411764706,1.327904955587782,80731.37556196125,1187.2261112053127,2118780.3589999997,31158.534691176465,27,7157.0,0.015455516126541212,27,7157.0
59065.0,56,21955.0,313.64285714285717,1.8255097136319849,81034.84314303569,1157.6406163290812,2176732.045,31096.172071428577,30,7266.0,0.05122956071172848,30,7266.0
59070.0,57,22235.0,313.16901408450707,1.637222950618969,81175.78019320585,1143.3208477916316,2234681.378,31474.385605633805,30,7381.0,0.02681740572942999,30,7381.0
59075.0,53,22372.0,333.910447761194,1.6874211006950246,81329.35922519815,1213.8710332119128,2234677.722,33353.39883582089,25,7278.0,0.029950292749823415,25,7278.0
59080.0,48,22511.0,351.734375,1.9028130063263962,81538.96064049224,1274.0462600076917,2234674.722,34916.79253125,20,7216.0,0.08800509138063686,20,7216.0
59085.0,48,22688.0,360.12698412698415,1.4674294008168418,81654.03991310352,1296.0958716365642,2176787.252,34552.1786031746,21,7283.0,0.053310697084604286,21,7283.0
59090.0,51,22920.0,375.73770491803276,0.7110483869781189,81698.41872097978,1339.3183396881932,2089961.013,34261.65595081967,24,7375.0,0.0643109871568541,24,7375.0
59095.0,52,23158.0,367.58730158730157,0.9294495705969766,81894.83541755017,1299.9180225007965,2090008.275,33174.73452380953,26,7460.0,0.04834249357485388,26,7460.0
59100.0,57,23426.0,360.4,1.246645759915964,82187.17321631979,1264.4180494818427,2147988.7469999995,33045.980723076915,30,7563.0,0.03350724053090602,30,7563.0
59105.0,60,23713.0,348.72058823529414,0.8644903808235922,82482.5299441029,1212.9783815309252,2176973.4169999994,32014.31495588235,34,7685.0,0.004295447082014771,34,7685.0
59110.0,62,24018.0,358.4776119402985,0.7841825931039014,82771.2962298253,1235.3924810421684,2205960.5219999994,32924.78391044776,35,7824.0,0.08678340700757116,35,7824.0
59115.0,54,23210.0,346.4179104477612,0.6776065954174805,83090.59740327574,1240.1581701981452,2205960.5219999994,32924.78391044776,25,7352.0,0.03449396982120657,25,7352.0
59120.0,52,23250.0,336.95652173913044,0.9827592998838988,83410.11654191629,1208.8422687234242,2205961.5499999993,31970.45724637681,23,7222.0,0.04360856619928084,23,7222.0
59125.0,53,23432.0,334.74285714285713,1.3019084683070974,83705.392044177,1195.7913149168141,2147983.422,30685.477457142853,26,7312.0,0.017621033299337098,26,7312.0
59130.0,57,23692.0,338.45714285714286,1.2499294920452233,84018.8677506044,1200.2695392943483,2147983.422,30685.477457142853,31,7437.0,0.047023186096008626,31,7437.0
59135.0,57,23898.0,346.3478260869565,0.9711820756788322,83598.42870834439,1211.5714305557153,2176990.7019999996,31550.589884057972,31,7479.0,0.0044801839265076054,31,7479.0
59140.0,61,24202.0,350.7536231884058,1.4294370965268028,83912.88746705964,1216.1288038704295,2176990.7019999996,31550.589884057972,33,7609.0,0.02870570427077698,33,7609.0
59145.0,62,24508.0,355.18840579710144,0.8808713452468838,84029.05436981701,1217.8123821712604,2148053.348,31131.20794202899,34,7740.0,0.005866366758042988,34,7740.0
59150.0,62,24818.0,381.81538461538463,0.5186492986518417,84270.82002453417,1296.474154223602,2148052.8340000003,33046.96667692308,34,7875.0,0.024963317090840622,34,7875.0
59155.0,57,24945.0,383.7692307692308,0.5904110399537497,84581.45714572797,1301.2531868573533,2148052.8340000003,33046.96667692308,29,7787.0,0.04502145958149616,29,7787.0
59160.0,56,25097.0,386.10769230769233,0.9725372405267254,84887.68510374604,1305.9643862114779,2148052.8340000003,33046.96667692308,28,7698.0,0.03896974203867445,28,7698.0
59165.0,52,25215.0,365.4347826086956,1.365370286993061,85195.37753641666,1234.7156164698067,2148055.8340000003,31131.243971014497,25,7791.0,0.04411334740574876,25,7791.0
59170.0,56,25449.0,358.4366197183099,1.3761982759298008,85099.89932806078,1198.5901313811378,2090223.605,29439.769084507043,29,7933.0,0.1191858023645301,29,7933.0
59175.0,47,24919.0,350.9718309859155,2.002214747064494,85278.145788939,1201.1006449146337,2090305.2489999998,29440.919,21,7362.0,0.11512591326943633,21,7362.0
59180.0,57,25184.0,344.986301369863,2.4723991780675507,85573.1140892747,1172.2344395791056,2148391.595,29430.021849315064,30,7370.0,0.06129867677019158,30,7370.0
59185.0,59,25471.0,358.7464788732394,1.739651517804473,85476.32447660089,1203.8918940366323,2177436.0010000006,30668.112690140853,33,7492.0,0.011414560332508197,33,7492.0
59190.0,61,25773.0,390.5,0.6276177096462431,85321.824041267,1292.7549097161666,2235507.77,33871.32984848485,35,7629.0,0.026253255201902092,35,7629.0
59195.0,58,25924.0,386.92537313432837,0.857044868901878,85614.13337853945,1277.8228862468575,2235508.428,33365.797432835825,28,7493.0,0.033437951135883937,28,7493.0
59200.0,51,26077.0,389.2089552238806,2.1110243369031734,85908.60791497814,1282.218028581763,2235508.428,33365.797432835825,23,7392.0,0.06954484008301355,23,7392.0
59205.0,49,26254.0,375.0571428571429,2.3667722745147297,86140.5922530851,1230.5798893297867,2206499.4390000002,31521.42055714286,22,7378.0,0.1254614468935739,22,7378.0
59210.0,53,26491.0,395.3880597014925,1.3472920626495035,86141.42637634989,1285.6929309902969,2119514.031,31634.537776119403,26,7476.0,0.07312380620064836,26,7476.0
59215.0,50,26472.0,407.26153846153846,1.0820531961994186,86050.37826959077,1323.8519733783194,2061645.001,31717.615400000002,24,7358.0,0.05450929642895794,24,7358.0
59220.0,54,26733.0,399.0,1.5780168532362606,86344.98377098412,1288.7311010594647,2119758.489,31638.186402985077,28,7404.0,0.07056216780520522,28,7404.0
59225.0,57,27010.0,370.0,1.9427677817096554,86587.71566323633,1186.13309127721,2177871.609,29833.85765753425,30,7516.0,0.04362177362849719,30,7516.0
59230.0,59,27299.0,389.98571428571427,1.4490707174151476,86722.59293435245,1238.8941847764638,2206924.469,31527.49241428572,33,7640.0,0.07367661432134727,33,7640.0
59235.0,52,26937.0,402.04477611940297,0.9907444662593882,86915.72866013569,1297.2496814945623,2206921.469,32939.12640298508,24,7044.0,0.05580439703362099,24,7044.0
59240.0,50,26959.0,402.3731343283582,1.2028920503159766,87223.44897559067,1301.8425220237416,2206921.469,32939.12640298508,21,6918.0,0.06321106393971203,21,6918.0
59245.0,51,27122.0,398.8529411764706,1.290746599194283,87515.70029002284,1286.995592500336,2177865.017,32027.426720588235,23,6988.0,0.03671427606028979,23,6988.0
59250.0,54,27360.0,402.3529411764706,1.0122581796110597,87360.45406292251,1284.7125597488605,2148906.849,31601.571308823535,28,7095.0,0.04281482143869649,28,7095.0
59255.0,54,27529.0,398.9710144927536,1.5944047652022424,87221.54805176996,1264.080406547391,2207046.711,31986.184217391314,27,7109.0,0.04344002191765607,27,7109.0
59260.0,58,27806.0,408.9117647058824,1.1371594463529962,87377.85221976225,1284.9684149965033,2178057.791,32030.261632352944,30,7221.0,0.036832317553723064,30,7221.0
59265.0,61,28101.0,419.4179104477612,1.029642623492709,87663.97654406661,1308.4175603592028,2178057.791,32508.325238805974,33,7344.0,0.00017252780698607417,33,7344.0
59270.0,61,28406.0,450.8888888888889,0.41705098497216997,87888.77878520875,1395.059980717599,2178053.1890000002,34572.27284126984,33,7474.0,0.0,33,7474.0
59275.0,55,28533.0,452.9047619047619,0.6978016050899515,88122.55544644037,1398.7707213720694,2178053.649,34572.28014285715,27,7315.0,0.01594275554670679,27,7315.0
59280.0,50,28660.0,454.92063492063494,1.7046352624664232,88406.34809152424,1403.2753665321309,2178053.649,34572.28014285715,22,7207.0,0.0545130650360915,22,7207.0
59285.0,46,28798.0,417.3623188405797,2.5010866556616147,88686.97970508989,1285.3185464505777,2178059.649,31566.081869565227,19,7077.0,0.09664772580768423,19,7077.0
59290.0,48,29011.0,439.56060606060606,2.3717403994314536,88423.1735826866,1339.74505428313,2091142.112,31683.97139393939,22,7173.0,0.1790005809563245,22,7173.0
59295.0,52,29261.0,450.16923076923075,0.9384306304808595,88516.1005071448,1361.7861616483817,2062155.518,31725.469507692305,26,7283.0,0.06003401430003293,26,7283.0
59300.0,55,29478.0,439.97014925373134,1.0365285876795873,88628.70753777711,1322.8165304145832,2062272.587,30780.187865671644,29,7337.0,0.035539510512194394,29,7337.0
59305.0,58,29759.0,431.28985507246375,1.5663103169990589,88929.595698346,1288.8347202658842,2120463.752,30731.358724637677,31,7451.0,0.044727381129562066,31,7451.0
59310.0,58,30046.0,435.4492753623188,1.3845696069298241,89215.38194966583,1292.9765499951568,2149561.354,31153.063101449272,32,7573.0,0.0616721587134766,32,7573.0
59315.0,62,30349.0,439.84057971014494,0.5593732471862581,89507.56037608872,1297.2110199433148,2207752.1119999997,31996.407420289852,36,7711.0,0.016146180595672594,36,7711.0
59320.0,51,30120.0,442.94117647058823,1.3010658811819147,89767.44282882113,1320.1094533650166,2236846.5119999996,32894.80164705882,25,7269.0,0.0914335501503681,25,7269.0
59325.0,51,30207.0,413.7945205479452,1.7451188963047233,90078.70067723638,1233.9548037977588,2265940.5539999995,31040.281561643835,21,7085.0,0.07230323825045794,21,7085.0
59330.0,51,30415.0,422.43055555555554,1.6608082311883297,90218.1941459517,1253.030474249329,2207831.6329999994,30664.32823611111,22,7157.0,0.08252877340424798,22,7157.0
59335.0,54,30651.0,437.87142857142857,0.9865117582212629,90336.01530439622,1290.5145043485177,2178738.459,31124.835128571427,27,7256.0,0.03908932295461522,27,7256.0
59340.0,57,30883.0,441.1857142857143,1.2011736245210363,90648.9321623134,1294.984745175906,2178746.547,31124.950671428567,31,7330.0,0.002013036056178808,31,7330.0
59345.0,60,31180.0,433.05555555555554,1.637818755649169,90573.10686105744,1257.9598175146868,2207849.5029999996,30664.576430555564,34,7463.0,0.04284782183347965,34,7463.0
59350.0,61,31482.0,437.25,1.3887557842936362,90589.69834721333,1258.1902548224073,2207897.9769999995,30665.249680555557,34,7598.0,0.099261327364868,34,7598.0
59355.0,65,31797.0,460.82608695652175,0.3137161829710778,90880.2376662044,1317.1048937131075,2207897.1749999993,31998.509782608686,37,7738.0,0.0008051420488958736,37,7738.0
59360.0,56,31868.0,461.8550724637681,1.014790264886578,91205.57870516733,1321.8199812343091,2207897.1749999993,31998.509782608686,28,7458.0,0.04628381046942937,28,7458.0
59365.0,53,32003.0,444.4861111111111,1.7183321314637883,91520.00323413116,1271.1111560295997,2207900.1749999993,30665.28020833333,25,7425.0,0.0402006226479867,25,7425.0
59370.0,53,32171.0,453.11267605633805,2.000787866338476,91676.32918037416,1291.215903948932,2207900.1749999993,31097.185563380273,25,7512.0,0.08441469305839193,25,7512.0
59375.0,56,32408.0,462.9714285714286,0.8202159399422095,91588.57492193505,1308.4082131705009,2120702.3989999997,30295.74855714286,28,7631.0,0.01923610809979043,28,7631.0
59380.0,55,32606.0,472.5507246376812,1.2771153835970481,91837.89197053292,1330.983941601926,2149827.165,31156.915434782608,29,7684.0,0.024019487298406042,29,7684.0
59385.0,60,32893.0,463.28169014084506,1.5622925845155697,92148.84357042449,1297.8710362031618,2208083.377,31099.765873239434,33,7806.0,0.04628008041661723,33,7806.0
59390.0,62,33193.0,481.05797101449275,1.2380910940014997,92293.37055143596,1337.5850804555937,2179031.433,31580.165695652177,34,7937.0,0.02701008321970636,34,7937.0
59395.0,64,33509.0,523.578125,0.0013105501935425506,92504.93059031847,1445.3895404737261,2179031.345,34047.364765624996,36,8078.0,0.0001574932318718725,36,8078.0
59400.0,58,33669.0,526.078125,0.4920957830234728,92818.90845547411,1450.2954446167832,2179031.345,34047.364765624996,30,7992.0,0.013089110040950858,30,7992.0
59405.0,55,33842.0,470.02777777777777,1.7517263375017165,93129.51510322888,1293.4654875448457,2179043.5330000003,30264.493513888887,27,7946.0,0.06441084716393103,27,7946.0
59410.0,51,34001.0,485.72857142857146,2.4965231445512175,93266.50101581372,1332.3785859401962,2120845.5979999998,30297.79425714286,23,7976.0,0.1984461459150385,23,7976.0
59415.0,54,34212.0,495.82608695652175,1.017667419212353,93324.73832305358,1352.5324394645447,2091833.536,30316.428057971018,27,8119.0,0.07908782761198158,27,8119.0
59420.0,48,32779.0,482.04411764705884,1.589374596289207,93429.46519354286,1373.962723434454,2062790.202,30335.150029411765,21,7003.0,0.07794158334017293,21,7003.0
59425.0,49,33016.0,471.65714285714284,2.742666976967527,93710.37889187991,1338.719698455428,2121099.69,30301.42414285714,23,6645.0,0.05880116715814854,23,6645.0
59430.0,54,33272.0,455.7808219178082,2.684232072418428,93778.04443209716,1284.6307456451668,2179402.072,29854.822904109584,27,6736.0,0.03247952644414825,27,6736.0
59435.0,56,33545.0,500.67164179104475,1.7935776189236687,92846.39899249261,1385.7671491416816,2208544.3800000004,32963.34895522388,30,6844.0,0.019776187707876213,30,6844.0
59440.0,44,22509.0,363.0483870967742,1.5955881332342148,92729.7825455988,1495.6416539612717,2237692.2080000006,36091.80980645162,20,4847.0,0.11913763150331343,20,4847.0
59445.0,39,14599.0,224.6,2.4954279413580194,92999.52776474172,1430.761965611412,2237695.2080000006,34426.08012307692,23,4936.0,0.02401091215381848,23,4936.0
59450.0,32,5664.0,89.9047619047619,2.983418135315099,93166.45936158148,1478.8326882790716,2237691.1740000006,35518.907523809525,25,6028.0,0.05183213393532518,25,6028.0
59455.0,35,785.0,13.083333333333334,1.8895539172438587,74478.76380589198,1241.3127300982,2092299.578,34871.65963333334,30,7136.0,0.005695177481877071,30,7136.0
59460.0,34,666.0,11.482758620689655,2.023840458451457,61167.41220110001,1054.610555191379,1996255.549,34418.19912068966,24,6964.0,0.038630559012036644,24,6964.0
59465.0,35,635.0,10.241935483870968,2.517887932188028,58633.121116188355,945.6955018740052,2053628.1930000002,33123.035370967744,19,6819.0,0.07266795944522901,19,6819.0
59470.0,41,717.0,11.564516129032258,2.3726009514744075,58702.14378850103,946.8087707822746,2104619.282,33945.472290322585,19,6784.0,0.15182296253166952,19,6784.0
59475.0,48,875.0,14.583333333333334,0.8615551709647432,58633.18252031263,977.2197086718767,2071924.5330000003,34532.07555,24,6894.0,0.04504541248678249,24,6894.0
59480.0,46,906.0,14.612903225806452,1.258937008433792,58631.64356833751,945.6716704570564,2042923.7090000003,32950.382403225805,20,6867.0,0.06095443738954028,20,6867.0
59485.0,49,1141.0,17.28787878787879,2.370148004781167,58904.08974472494,892.4862082534079,2101291.7260000003,31837.753424242423,23,6882.0,0.11011117977161736,23,6882.0
59490.0,53,1398.0,21.181818181818183,1.4066317409180649,59156.95726484931,896.3175343158985,2159658.231,32722.094409090918,26,6979.0,0.07223638956752129,26,6979.0
59495.0,58,1680.0,25.454545454545453,0.8548943435680736,59383.28367211175,899.7467223047229,2188836.741,33164.19304545454,32,7101.0,0.03303065300182548,32,7101.0
59500.0,54,1828.0,28.5625,1.0517661973150236,59530.60829152696,930.1657545551086,2218022.515,34656.601796874995,27,6986.0,0.09261745286425817,27,6986.0
59505.0,52,2010.0,30.454545454545453,1.7174911560518233,59818.40648957169,906.3394922662374,2218024.123,33606.4261060606,24,6904.0,0.054124267502117726,24,6904.0
59510.0,47,2166.0,33.323076923076925,2.1579745380154742,59948.66338509806,922.2871290015086,2188919.538,33675.68519999999,20,6897.0,0.07388737712293807,20,6897.0
59515.0,49,2395.0,38.01587301587302,1.3695454152298152,60052.960210811994,953.2215906478093,2130633.641,33819.5816031746,23,6985.0,0.07577831880745728,23,6985.0
59520.0,48,2542.0,42.36666666666667,0.8121629700810988,59978.50005710239,999.6416676183732,2043261.253,34054.35421666667,22,6989.0,0.03760981244083462,22,6989.0
59525.0,52,2797.0,41.13235294117647,1.5894247906187118,60272.85595597033,886.3655287642696,2101654.166,30906.678911764702,26,7069.0,0.045717048653744624,26,7069.0
59530.0,56,3065.0,43.16901408450704,1.9545094944119417,60535.22739328627,852.6088365251586,2160040.428,30423.104619718306,29,7177.0,0.11344085458741883,29,7177.0
59535.0,58,3348.0,48.52173913043478,0.8797837851078819,60752.800256148614,880.4753660311391,2189231.929,31727.998971014495,32,7300.0,0.042099062412954025,32,7300.0
59540.0,59,3527.0,51.86764705882353,0.8546132310906822,61050.42479792897,897.800364675426,2189231.929,32194.58719117647,31,7262.0,0.04643235515059712,31,7262.0
59545.0,56,3714.0,54.61764705882353,1.4982000251578242,61363.540614169215,902.4050090319004,2189231.929,32194.58719117647,28,7226.0,0.04281874770211267,28,7226.0
59550.0,53,3917.0,59.34848484848485,1.1672098815432381,61645.039538208126,934.0157505789109,2130840.4069999997,32285.460712121207,26,7327.0,0.05063922531264277,26,7327.0
59555.0,58,4171.0,61.338235294117645,0.8207225293082336,61727.09874904103,907.7514521917798,2101745.92,30908.028235294118,29,7447.0,0.03460427220227736,29,7447.0
59560.0,53,4339.0,63.80882352941177,1.5128365440692424,61820.81820160977,909.1296794354379,2072652.935,30480.190220588232,27,7469.0,0.07297907144877756,27,7469.0
59565.0,57,4617.0,65.02816901408451,1.5856773501555457,62126.56276447035,875.0220107671878,2131066.0020000003,30015.014112676054,31,7587.0,0.07928536384902982,31,7587.0
59570.0,63,4918.0,68.30555555555556,1.4250667476786114,62415.933242250074,866.8879616979177,2189484.1339999996,30409.50186111111,36,7728.0,0.04939957972627202,36,7728.0
59575.0,65,5236.0,77.0,0.415191327038872,62657.43290122907,921.4328367827803,2189483.6679999996,32198.289235294113,37,7880.0,0.0002644735842420676,37,7880.0
59580.0,59,5408.0,81.93939393939394,0.6250527412985487,62937.71696885065,953.6017722553129,2189480.6679999996,33173.949515151515,31,7824.0,0.014254967183222039,31,7824.0
59585.0,54,5577.0,78.54929577464789,1.9559657405309276,63250.17823906759,890.8475808319378,2189484.9919999996,30837.81678873239,26,7808.0,0.05152693757645042,26,7808.0
59590.0,52,5776.0,81.35211267605634,2.498341329337995,63542.296602162234,894.9619239741161,2189484.9919999996,30837.81678873239,24,7846.0,0.14831944970929886,24,7846.0
59595.0,56,6000.0,89.55223880597015,0.8592800583935445,63471.74656188748,947.3395009236939,2072793.528,30937.216835820895,29,7965.0,0.054099377910187776,29,7965.0
59600.0,46,5114.0,77.48484848484848,1.6707338444564201,63597.48451665655,963.598250252372,2043657.216,30964.503272727274,20,7165.0,0.10360451353298233,20,7165.0
59605.0,50,5358.0,74.41666666666667,2.666567821301345,63885.51745005443,887.2988534729781,2102109.2350000003,29195.961597222227,24,7015.0,0.04274338817560556,24,7015.0
59610.0,55,5623.0,74.97333333333333,2.85849445685111,63985.88354114812,853.1451138819748,2160561.2500000005,28807.483333333334,28,7120.0,0.0759213417587972,28,7120.0
59615.0,57,5899.0,85.4927536231884,1.7355120511887419,63358.519099648576,918.239407241284,2189779.0140000004,31735.927739130435,31,7236.0,0.05625449560072543,31,7236.0
59620.0,55,6046.0,91.60606060606061,0.7180206931238041,63505.037695825995,962.1975408458486,2218997.444,33621.17339393939,28,7182.0,0.03317927203629113,28,7182.0
59625.0,54,6238.0,94.51515151515152,1.5740826114932789,63804.04881835295,966.7280123992872,2218997.444,33621.17339393939,26,7160.0,0.047231490121056735,26,7160.0
59630.0,50,6412.0,97.15151515151516,1.6402415331032962,64092.83357612495,971.1035390321962,2218997.444,33621.17339393939,23,7247.0,0.047417073882664765,23,7247.0
59635.0,53,6654.0,105.61904761904762,0.7676314255652714,64022.91357269025,1016.2367233760356,2073001.2980000004,32904.782507936514,26,7350.0,0.042923634794752384,26,7350.0
59640.0,48,6656.0,102.4,1.4512157602881264,64223.93961218735,988.0606094182668,2073047.9360000005,31893.045169230772,22,7260.0,0.07205427636135762,22,7260.0
59645.0,53,6908.0,97.29577464788733,1.8344212719106656,64521.288895951606,908.7505478303042,2131526.6160000004,30021.501633802814,26,7293.0,0.08324174731832194,26,7293.0
59650.0,58,7182.0,98.38356164383562,2.1681467178098828,64826.332937209445,888.0319580439646,2189993.4090000005,29999.909712328772,31,7409.0,0.10208857577702007,31,7409.0
59655.0,61,7477.0,109.95588235294117,0.6148794042242303,64957.61307807225,955.2590158540038,2189988.5650000004,32205.714191176477,33,7540.0,0.0047485075040674205,33,7540.0
59660.0,54,6734.0,99.02941176470588,0.7593879333393755,65131.87446690288,957.821683336807,2189990.4290000005,32205.741602941183,25,7084.0,0.036541572862182,25,7084.0
59665.0,49,6798.0,99.97058823529412,1.5743789849598047,65437.83011731722,962.3210311370182,2189990.4290000005,32205.741602941183,20,6829.0,0.06884089894956376,20,6829.0
59670.0,49,6964.0,102.41176470588235,1.6164801609790052,65734.6815170659,966.6864928980281,2189990.4290000005,32205.741602941183,21,6763.0,0.0603163746738348,21,6763.0
59675.0,53,7186.0,108.87878787878788,1.2996847398785414,65760.7470506721,996.3749553132136,2131512.142,32295.63851515152,27,6869.0,0.008384372807920603,27,6869.0
59680.0,59,7466.0,113.12121212121212,1.0826609191050978,65626.88342121906,994.3467185033188,2190025.8440000005,33182.209757575765,32,7004.0,0.04000334608333732,32,7004.0
59685.0,55,7628.0,112.17647058823529,1.356213338665743,65583.86083841878,964.4685417414529,2190026.437000001,32206.271132352947,27,7001.0,0.04018947449678618,27,7001.0
59690.0,56,7905.0,117.98507462686567,1.8772318970721529,65743.50994535636,981.2464170948708,2160836.4970000004,32251.29100000001,28,7108.0,0.050780419368910826,28,7108.0
59695.0,56,8185.0,125.92307692307692,1.0500829925955595,65985.63880573183,1015.1636739343357,2160835.9770000004,33243.63041538462,28,7218.0,0.023141328399835792,28,7218.0
59700.0,60,8481.0,136.79032258064515,0.23356866311784644,66180.95683437424,1067.4347876511974,2160832.9770000004,34852.14479032258,32,7344.0,0.00040132949227276256,32,7344.0
59705.0,55,8565.0,133.828125,0.8765784784666282,66477.32453502617,1038.7081958597844,2160832.9770000004,33763.015265625,27,7222.0,0.017604835174898144,27,7222.0
59710.0,51,8681.0,131.53030303030303,1.8996606965489387,66763.18584977163,1011.563421966237,2160833.1610000003,32739.896378787882,23,7110.0,0.12717816179971497,23,7110.0
59715.0,49,8752.0,132.6060606060606,1.7639245227734701,66904.56486243136,1013.7055282186568,2131621.1380000007,32297.289969696973,22,7105.0,0.07165163888923631,22,7105.0
59720.0,52,8972.0,138.03076923076924,1.27105225727756,67011.9386998752,1030.952903075003,2102470.0240000007,32345.69267692308,26,7263.0,0.09184460859237929,26,7263.0
59725.0,52,9154.0,140.83076923076922,1.2876301838718882,66923.0612153027,1029.585557158503,2073409.0220000003,31898.60033846154,25,7285.0,0.037151075726693183,25,7285.0
59730.0,55,9421.0,142.74242424242425,1.5568890985895378,67214.99436830037,1018.4090055803088,2102702.5420000004,31859.129424242423,29,7392.0,0.055194575358999326,29,7392.0
59735.0,60,9709.0,140.71014492753622,1.174152193142602,67467.24349670335,977.786137633382,2161279.5490000006,31322.892014492754,32,7520.0,0.038630006571068326,32,7520.0
59740.0,61,10008.0,151.63636363636363,0.4843064390681889,67701.31909621606,1025.7775620638795,2190565.0610000007,33190.37971212121,34,7658.0,0.026075404081248643,34,7658.0
59745.0,57,10167.0,154.04545454545453,0.9153076367370095,68014.23418461865,1030.5186997669484,2190565.0610000007,33190.37971212121,29,7561.0,0.050012464587282764,29,7561.0
59750.0,54,10334.0,156.57575757575756,1.5624573669051136,68313.93972108777,1035.0596927437537,2190565.0610000007,33190.37971212121,26,7481.0,0.05589078819025047,26,7481.0
59755.0,52,10525.0,164.453125,1.1595662917395115,68452.10816718593,1069.5641901122801,2132048.7830000003,33313.262234375,25,7576.0,0.04453850561826655,25,7576.0
59760.0,54,10770.0,173.70967741935485,0.5011994428702019,68467.32807342544,1104.3117431197652,2073614.9630000005,33445.40262903226,27,7690.0,0.03594012205406703,27,7690.0
59765.0,53,10978.0,156.82857142857142,1.2479702770223258,68649.55170651864,980.707881521695,2073709.1110000005,29624.415871428573,27,7752.0,0.028640361197422696,27,7752.0
59770.0,56,11252.0,156.27777777777777,2.2739089808280353,68954.62452413815,957.7031183908075,2132322.7970000003,29615.59440277778,30,7866.0,0.16475409331071594,30,7866.0
59775.0,61,11541.0,158.0958904109589,0.7864321809673375,69254.55628087964,948.6925517928718,2190927.8730000006,30012.710589041093,34,7995.0,0.032122603084379586,34,7995.0
59780.0,70,11881.0,167.33802816901408,0.23784907970554475,69542.32176831405,979.4693206804794,2190927.8730000006,30858.13905633803,42,8169.0,3.5253004148440715e-05,42,8169.0
59785.0,63,12067.0,172.38571428571427,0.5899989569784442,69879.5322598042,998.2790322829164,2190927.8730000006,31298.969614285717,35,8088.0,0.010973266190373233,35,8088.0
59790.0,59,12278.0,170.52777777777777,1.4172990425735248,70206.94352199428,975.096437805476,2190929.7730000005,30429.580180555557,31,8022.0,0.03488493565799425,31,8022.0
59795.0,55,12464.0,170.73972602739727,1.6223035102800731,70512.26725918113,965.9214693038508,2161620.999,29611.246561643835,28,8136.0,0.04968255418677928,28,8136.0
59800.0,59,12727.0,176.76388888888889,1.0684280258851788,70525.13896483518,979.5158189560439,2103185.285,29210.906736111112,32,8274.0,0.08075026793117486,32,8274.0
59805.0,51,11592.0,161.0,1.8403837211813736,70578.19932756743,980.2527684384363,2074038.287,28806.087319444443,24,7297.0,0.09947413569612289,24,7297.0
59810.0,54,11852.0,160.16216216216216,2.838908761332612,70875.08027746239,957.771355100843,2132684.549,28820.061472972975,28,7097.0,0.07427716890641153,28,7097.0
59815.0,58,12130.0,163.9189189189189,2.032446397514822,70642.70922983642,954.6312058085998,2191329.652,29612.562864864867,31,7215.0,0.0072860001537307425,31,7215.0
59820.0,60,12427.0,185.47761194029852,1.204097464730372,70070.80828538488,1045.8329594833558,2191321.6219999995,32706.292865671636,33,7349.0,3.912524351140886e-06,33,7349.0
59825.0,55,12528.0,189.8181818181818,1.0398377122844762,70243.75408813963,1064.2993043657516,2191317.008,33201.77284848485,27,7312.0,0.02682925966831536,27,7312.0
59830.0,57,12810.0,194.0909090909091,1.4631082126924104,70536.87601159899,1068.7405456302872,2191317.008,33201.77284848485,28,7390.0,0.06476547792333677,28,7390.0
59835.0,58,13090.0,201.3846153846154,1.0640630061536913,70782.9904017972,1088.9690831045716,2191313.3439999996,33712.51298461539,30,7502.0,0.0008861373886797501,30,7502.0
59840.0,59,13385.0,209.140625,0.6925770326922402,70986.496535164,1109.1640083619372,2191313.2019999996,34239.26878125,31,7627.0,0.0,31,7627.0
59845.0,52,13376.0,209.0,1.3340433343476,71171.18955205411,1112.0498367508453,2191313.2019999996,34239.26878125,24,7407.0,0.01406084391512531,24,7407.0
59850.0,47,13409.0,209.515625,2.2831013208952182,71445.59568691041,1116.3374326079747,2191313.2019999996,34239.26878125,19,7306.0,0.14087801226690527,19,7306.0
59855.0,48,13490.0,214.12698412698413,1.4403370292428155,71501.81865787861,1134.9495025060098,2132749.9910000004,33853.17446031747,21,7374.0,0.07829816695740484,21,7374.0
59860.0,52,13703.0,224.63934426229508,0.6735859598614685,71474.74926942281,1171.7172011380785,2074241.0650000002,34003.9518852459,25,7499.0,0.053998234728227165,25,7499.0
59865.0,48,13849.0,219.82539682539684,1.244442507641206,71642.68159299862,1137.1854221110887,2074310.575,32925.56468253968,22,7521.0,0.06575268454064323,22,7521.0
59870.0,52,14101.0,216.93846153846152,1.729053838522352,71925.85747428158,1106.5516534504861,2133033.426,32815.89886153846,26,7613.0,0.05147385371387681,26,7613.0
59875.0,56,14371.0,214.49253731343285,1.2607123441004424,72195.44120617135,1077.5438985995718,2191755.189,32712.76401492537,29,7723.0,0.04317766003030454,29,7723.0
59880.0,60,14660.0,229.0625,0.3668553897561866,72379.19301563773,1130.9248908693394,2221115.289,34704.926390625,33,7852.0,0.018410857975662196,33,7852.0
59885.0,55,14797.0,220.8507462686567,1.1762067040397837,72679.77623076066,1084.7727795635917,2221118.289,33151.019238805966,27,7705.0,0.0483451968384335,27,7705.0
59890.0,50,14952.0,216.69565217391303,2.5287790278359275,72967.36928231735,1057.4981055408314,2221118.477,32190.122855072463,22,7521.0,0.1382479350017164,22,7521.0
59895.0,50,15129.0,222.48529411764707,2.2079055781514008,73187.53559126584,1076.2872881068504,2191793.6280000005,32232.259235294117,23,7596.0,0.075400991576554,23,7596.0
59900.0,52,15372.0,240.1875,0.9056263238964645,73021.3876968886,1140.9591827638844,2074581.0010000002,32415.328140625003,26,7712.0,0.06618139040875455,26,7712.0
59905.0,52,15577.0,243.390625,1.0283784100232158,73085.06315272197,1141.9541117612805,2074719.4460000002,32417.491343749996,25,7757.0,0.018017446170986568,25,7757.0
59910.0,55,15846.0,243.7846153846154,1.478281890945944,73376.86775134553,1128.874888482239,2104092.731,32370.657399999996,29,7866.0,0.05128525890030203,29,7866.0
59915.0,58,16126.0,233.71014492753622,1.2824743687050968,73639.66517335348,1067.2415242514994,2162838.609,31345.487086956524,30,7986.0,0.03202924295863196,30,7986.0
59920.0,61,16420.0,248.78787878787878,0.6190442820496916,73885.34953821356,1119.4749930032358,2192207.3740000003,33215.26324242425,34,8119.0,0.03869801597489391,34,8119.0
59925.0,52,15515.0,224.85507246376812,1.1529788143362665,74199.99484179889,1075.3622440840413,2192210.3740000003,31771.164840579713,23,7586.0,0.08493636343698627,23,7586.0
59930.0,49,15489.0,224.47826086956522,1.4641533566935307,74511.49394130547,1079.8767237870354,2192210.3740000003,31771.164840579713,20,7415.0,0.103235575924498,20,7415.0
59935.0,52,15668.0,230.41176470588235,0.9987674296160312,74810.296068805,1100.151412776544,2162835.639,31806.40645588236,25,7501.0,0.021088927397361634,25,7501.0
59940.0,58,15931.0,241.37878787878788,0.6607153455967303,74828.90905218662,1133.771349275555,2133458.125,32325.123106060608,32,7633.0,0.0044866804086109505,32,7633.0
59945.0,60,16187.0,227.98591549295776,1.2112720781953077,74601.45442659395,1050.7247102337171,2192241.723,30876.643985915496,33,7743.0,0.02045933859150932,33,7743.0
59950.0,61,16485.0,232.18309859154928,1.5846413110931685,74759.17881738453,1052.9461805265423,2162939.7490000003,30463.940126760568,33,7878.0,0.11819856354384911,33,7878.0
59955.0,64,16794.0,236.53521126760563,0.6845358974956307,75067.320610534,1057.2862057821687,2162942.4430000004,30463.97807042254,36,8017.0,0.041509525395322044,36,8017.0
59960.0,67,17125.0,248.18840579710144,0.06856858934808188,75363.53594639713,1092.225158643436,2162942.4430000004,31346.991927536237,39,8178.0,0.007410644691398079,39,8178.0
59965.0,63,17272.0,246.74285714285713,0.671221611810604,75703.76752182504,1081.4823931689289,2162942.4430000004,30899.177757142865,35,8069.0,0.02049106099379261,35,8069.0
59970.0,58,17422.0,241.97222222222223,1.552628210018254,76028.0476832695,1055.9451067120758,2162944.3470000005,30040.893708333333,30,7895.0,0.06049964996266247,30,7895.0
59975.0,56,17590.0,244.30555555555554,1.760679385004626,76187.55134333168,1058.1604353240505,2133619.8020000006,29633.608361111113,29,8007.0,0.05947738711002415,29,8007.0
59980.0,58,17848.0,254.97142857142856,0.840465182606724,76165.94029385743,1088.08486134082,2075027.908,29643.255828571433,32,8157.0,0.0473839687643712,32,8157.0
59985.0,53,17201.0,249.28985507246378,1.500278243979384,76232.6625896913,1104.8211969520473,2045764.232,29648.756985507247,26,7505.0,0.08591290561557133,26,7505.0
59990.0,55,17469.0,246.04225352112675,2.089658991499283,76530.93127136002,1077.9004404416903,2104610.508,29642.401521126758,29,7487.0,0.018029078432455353,29,7487.0
59995.0,59,17753.0,243.1917808219178,1.967407680956584,76532.64851386413,1048.392445395398,2163448.296,29636.278027397257,32,7611.0,0.029511704356531523,32,7611.0
60000.0,59,18044.0,269.3134328358209,1.0530501430068864,76211.81913676065,1137.4898378620985,2192860.568,32729.262208955224,33,7742.0,0.025446480387311756,33,7742.0
60005.0,50,17831.0,247.65277777777777,1.526849456619701,76408.8224203871,1061.2336447275984,2222285.9480000003,30865.08261111111,23,7156.0,0.08812289059499241,23,7156.0
60010.0,48,17874.0,248.25,1.9284355565201219,76716.71607835876,1065.5099455327606,2222285.9480000003,30865.08261111111,18,7036.0,0.138335569989953,18,7036.0
60015.0,49,18038.0,257.6857142857143,0.9949355857445054,76852.3852669292,1097.8912180989878,2163533.295,30907.6185,23,7102.0,0.040605421681975305,23,7102.0
60020.0,59,18312.0,254.33333333333334,1.0611016044881014,77168.96389572664,1071.7911652184257,2163545.786,30049.247027777776,33,7226.0,0.0067926104523139755,33,7226.0
60025.0,50,18196.0,259.9428571428571,1.7413371960334916,76975.28144833636,1099.6468778333765,2163558.687,30907.981242857135,24,7080.0,0.03584349764878326,24,7080.0
60030.0,53,18456.0,259.943661971831,2.04047840355637,77058.33920392486,1085.3287211820402,2192990.9289999995,30887.196183098586,27,7067.0,0.08697752352348828,27,7067.0
60035.0,57,18732.0,275.47058823529414,1.7258288161893045,77117.94812647552,1134.0874724481694,2163625.3269999996,31818.019514705884,29,7177.0,0.05175452973445292,29,7177.0
60040.0,59,19022.0,297.21875,1.027770678513824,77182.94229776463,1205.983473402572,2163624.1369999996,33806.627140625,31,7297.0,0.028071611972748614,31,7297.0
60045.0,53,19144.0,303.87301587301585,0.805912387233337,77332.97288033755,1227.507506037104,2163625.2329999995,34343.25766666666,25,7164.0,0.02344670710310033,25,7164.0
60050.0,49,19262.0,305.74603174603175,1.8606136252317307,77613.45973220025,1231.9596782888927,2163625.2329999995,34343.25766666666,21,7048.0,0.0878050133644012,21,7048.0
60055.0,46,19402.0,307.968253968254,2.3266128426018025,77876.8789221578,1236.1409352723458,2163625.2329999995,34343.25766666666,19,6850.0,0.13439987549350163,19,6850.0
60060.0,50,19616.0,326.93333333333334,1.3864498794511364,77671.06759910086,1294.5177933183475,2075557.282,34592.621366666666,23,6950.0,0.09151739169030208,23,6950.0
60065.0,52,19868.0,320.4516129032258,1.195473775142433,77680.34617186342,1252.9088092236036,2046269.307,33004.34366129032,26,7064.0,0.0517216292012567,26,7064.0
60070.0,51,20040.0,313.125,1.3908517957340594,77721.97800202551,1214.4059062816489,2046432.837,31975.513078125,25,7083.0,0.142564330077111,25,7083.0
60075.0,53,20299.0,307.56060606060606,1.7611054929717358,78004.54384375796,1181.887027935726,2105352.3150000004,31899.2775,26,7166.0,0.07114227159324515,26,7166.0
60080.0,55,20566.0,311.6060606060606,1.512960254458578,78276.79857225958,1186.0120995796901,2134809.455,32345.597803030305,29,7273.0,0.038766522591493796,29,7273.0
60085.0,59,20853.0,302.2173913043478,1.2818842523477574,78545.04652659784,1138.3340076318527,2193727.614,31793.15382608695,33,7400.0,0.034298781507555616,33,7400.0
60090.0,54,20983.0,313.17910447761193,1.418273757102905,78745.22737049704,1175.3019010521946,2252636.9799999995,33621.44746268657,27,7354.0,0.10064565818077234,27,7354.0
60095.0,52,21126.0,301.8,1.8443395332288406,79037.31619010428,1129.1045170014895,2252637.7439999995,32180.5392,22,7312.0,0.09775465247543702,22,7312.0
60100.0,50,21333.0,304.75714285714287,2.261952532798059,79327.05289973239,1133.24361285332,2252637.7439999995,32180.5392,23,7340.0,0.10387373513207218,23,7340.0
60105.0,52,21583.0,327.0151515151515,1.2151365456169623,79383.50039649119,1202.7803090377456,2134872.244,32346.54915151515,26,7448.0,0.07774137855274864,26,7448.0
60110.0,49,15292.0,228.23880597014926,0.9787338316087583,79407.87536322679,1185.1921696004,2105549.409,31426.110582089554,26,5577.0,0.05559735207414709,26,5577.0
60115.0,43,10306.0,151.55882352941177,2.4869839625171575,79696.90184454157,1172.0132624197288,2135011.5149999997,31397.228161764702,29,3735.0,0.07747400716985724,29,3735.0
60120.0,38,4011.0,58.130434782608695,2.6627224113081946,74123.17691383454,1074.2489407802104,2144323.835,31077.157028985508,34,6824.0,0.044085706319102524,34,6824.0
60125.0,46,1624.0,21.945945945945947,2.331589477141966,56344.47162474142,761.4117787127217,2080841.0169999995,28119.4732027027,42,8619.0,0.014527336601549935,42,8619.0
60130.0,40,1124.0,15.830985915492958,2.342723676184676,45110.307483418466,635.3564434284291,1926201.9579999994,27129.605042253515,31,8245.0,0.10672544827190451,31,8245.0
60135.0,45,1103.0,14.905405405405405,1.5425985222012057,45418.99903865396,613.7702572791077,2091972.4829999995,28269.898418918914,30,8046.0,0.05070332167269376,30,8046.0
60140.0,51,1277.0,17.026666666666667,1.3481502789951276,44077.69482621076,587.7025976828103,2148851.9149999996,28651.358866666666,31,8172.0,0.015788176604343045,31,8172.0
60145.0,60,1531.0,20.972602739726028,0.7154602403475603,44149.02351617716,604.7811440572216,2170964.699,29739.242452054794,38,8335.0,0.0027551044682567766,38,8335.0
60150.0,58,1567.0,20.61842105263158,1.5901518772693666,44234.65319427596,582.0349104509994,2255695.154,29680.199394736843,34,8278.0,0.02837447790475571,34,8278.0
60155.0,63,1871.0,24.61842105263158,1.9368830107909203,44201.74735011356,581.6019388172836,2285174.9560000002,30068.09152631579,34,8378.0,0.027761917588434642,34,8378.0
60160.0,63,2181.0,29.876712328767123,1.2610920040062918,44390.53294944393,608.0894924581359,2285174.4780000006,31303.75997260274,35,8519.0,0.03659775666030283,35,8519.0
60165.0,66,2506.0,34.32876712328767,0.8883475930559857,44551.413356517194,610.2933336509203,2255753.098,30900.727369863016,38,8674.0,2.867998748320487e-05,38,8674.0
60170.0,56,2538.0,36.78260869565217,1.1379603194117767,44703.501054946035,647.8768268832756,2255750.098,32692.030405797104,28,8321.0,0.06783538445654252,28,8321.0
60175.0,55,2693.0,37.40277777777778,1.2199714794425291,45024.519745539525,625.3405520213821,2255751.1160000004,31329.87661111111,26,8347.0,0.034016406695804025,26,8347.0
60180.0,55,2826.0,40.371428571428574,1.3810979530432268,45142.27311911715,644.8896159873877,2226286.2800000003,31804.089714285717,27,8452.0,0.05223999059061714,27,8452.0
60185.0,57,3069.0,41.472972972972975,1.0668853168841677,45335.92554777045,612.6476425374384,2226364.0690000006,30086.000932432442,31,8597.0,0.01184375859845417,31,8597.0
60190.0,49,2048.0,28.444444444444443,2.1079358406729365,45399.317067511576,630.546070382105,2255871.431000001,31331.547652777776,23,7712.0,0.13049467529442726,23,7712.0
60195.0,53,2305.0,32.46478873239437,2.7633028048227612,45542.96418152173,641.4501997397426,2226436.406000001,31358.259239436626,26,7540.0,0.016531330462318774,26,7540.0
60200.0,56,2582.0,36.885714285714286,2.349563838385736,45457.393415817685,649.3913345116811,2226436.696000001,31806.23851428572,28,7649.0,1.1748720870807248e-06,28,7649.0
60205.0,56,2862.0,46.16129032258065,1.0844972713161525,44773.38581262499,722.1513840745963,2226425.454000001,35910.08796774194,28,7759.0,0.0,28,7759.0
60210.0,50,2952.0,50.03389830508475,1.0054882617599563,44960.8444222342,762.0482105463424,2226424.5460000006,37736.009254237295,22,7695.0,0.05664288558782511,22,7695.0
60215.0,51,3205.0,53.416666666666664,1.3901288715930267,45230.86637148829,753.8477728581381,2226424.5460000006,37107.07576666667,23,7762.0,6.2976431566727685e-06,23,7762.0
60220.0,51,3460.0,58.644067796610166,1.7004892397648965,45440.71333656196,770.1815819756265,2226423.5920000006,37735.99308474577,23,7847.0,0.03585224625906323,23,7847.0
60225.0,52,3716.0,64.06896551724138,0.8791669862750869,45644.97205297766,786.9822767754769,2226424.4500000007,38386.62844827587,24,7933.0,7.641390013385523e-05,24,7933.0
60230.0,47,3707.0,68.64814814814815,0.9026824663704751,45772.81810838308,847.6447797848717,2226424.4500000007,41230.08240740742,19,7756.0,0.025979335131711054,19,7756.0
60235.0,43,3736.0,69.18518518518519,1.6774810730058634,46013.43711468591,852.1006873089985,2226424.4500000007,41230.08240740742,15,7573.0,0.1327995607219953,15,7573.0
60240.0,41,3755.0,69.53703703703704,1.6374244196466792,46250.06803588858,856.4827414053439,2226424.4500000007,41230.08240740742,13,7497.0,0.09064565143230255,13,7497.0
60245.0,42,3871.0,65.61016949152543,1.7228653536358263,46188.21824542585,782.851156702133,2197078.5320000006,37238.61918644069,16,7588.0,0.07001042560750868,16,7588.0
60250.0,42,4048.0,68.61016949152543,2.176329782825922,45983.789685018666,779.386265847774,2138266.99,36241.8133898305,16,7650.0,0.21570705703207865,16,7650.0
60255.0,46,4272.0,70.0327868852459,1.8361839111440172,46239.51494917343,758.0248352323512,2197396.0200000005,36022.885573770494,20,7714.0,0.08379274679637182,20,7714.0
60260.0,53,4519.0,72.88709677419355,1.3628711953481012,46493.49411058925,749.8950662998265,2256520.2500000005,36395.48790322581,26,7801.0,0.03186017654629539,26,7801.0
60265.0,56,4790.0,76.03174603174604,0.9652619365618995,46739.87965580417,741.9028516794313,2286086.1000000006,36287.08095238095,30,7912.0,0.042806992401392754,30,7912.0
60270.0,49,4913.0,79.24193548387096,1.2615172599118096,47008.22228695974,758.1971336606408,2345205.0180000006,37825.88738709677,23,7688.0,0.10827437389642386,23,7688.0
60275.0,49,5052.0,77.72307692307692,2.0406167673976494,47280.96925557087,727.3995270087826,2345205.786000001,36080.08901538461,19,7520.0,0.09682798170694894,19,7520.0
60280.0,48,5242.0,81.90625,2.049647345744277,47482.048451886265,741.9070070607229,2315693.5070000007,36182.711046875,20,7585.0,0.08309095267738975,20,7585.0
60285.0,51,5464.0,88.12903225806451,1.0986848655063082,47232.21590710581,761.8099339855776,2227319.6180000002,35924.509967741935,24,7671.0,0.07956126656145981,24,7671.0
60290.0,51,5687.0,93.22950819672131,0.8109566800077846,47354.38937474478,776.3014651597506,2197868.295,36030.627786885234,25,7741.0,0.04763817169343844,25,7741.0
60295.0,55,5952.0,94.47619047619048,1.0247166599443642,47643.73448340829,756.2497537048934,2257008.969,35825.53919047619,28,7847.0,0.025587747225342985,28,7847.0
60300.0,57,6232.0,100.51612903225806,0.6986351668850141,47897.70644474848,772.5436523346528,2286579.177,36880.30930645161,31,7968.0,0.028634904053610855,31,7968.0
60305.0,59,6522.0,98.81818181818181,0.6610612535252012,48189.59948591171,730.1454467562379,2316155.781,35093.269409090906,32,8097.0,0.028209332970990462,32,8097.0
60310.0,53,6639.0,100.5909090909091,1.6302711015312696,48490.95142569432,734.7113852377926,2316155.781,35093.269409090906,25,7893.0,0.08154183257632054,25,7893.0
60315.0,50,6781.0,102.74242424242425,1.86074340142506,48778.128416154366,739.0625517599145,2316155.781,35093.269409090906,22,7741.0,0.08102932038105681,22,7741.0
60320.0,50,6959.0,107.06153846153846,1.8920118195330495,48874.203445409534,751.9108222370696,2286693.016,35179.892553846155,23,7735.0,0.07034017447936206,23,7735.0
60325.0,53,7195.0,112.421875,0.9821677747549135,48761.195127979016,761.8936738746722,2168635.099,33884.923421875,26,7841.0,0.05325162700249846,26,7841.0
60330.0,51,7406.0,112.21212121212122,1.7019254777898922,48896.60072454865,740.8575867355856,2168744.787,32859.7695,25,7907.0,0.0828207437542533,25,7907.0
60335.0,54,7671.0,112.80882352941177,1.740086254347809,49060.54592014222,721.4786164726796,2198409.438,32329.550558823525,28,8012.0,0.05424962791183608,28,8012.0
60340.0,60,7958.0,115.33333333333333,0.9508603039511461,49347.71313823656,715.18424838024,2257586.9629999995,32718.651637681152,33,8139.0,0.02685916094246796,33,8139.0
60345.0,63,8268.0,121.58823529411765,0.6168474078981474,49612.87669971748,729.6011279370218,2287170.1219999995,33634.85473529412,37,8289.0,0.044974151521963095,37,8289.0
60350.0,59,8439.0,124.1029411764706,0.8945006261553019,49929.573381452705,734.2584320801868,2316758.5519999997,34069.97870588235,31,8284.0,0.04878036895460067,31,8284.0
60355.0,56,8634.0,123.34285714285714,1.7923783037785803,50243.11988098784,717.7588554426836,2316759.036,33096.557657142854,28,8281.0,0.045373934951228614,28,8281.0
60360.0,52,8810.0,129.55882352941177,1.7687480994788005,50435.05884797864,741.6920418820389,2257600.293,33200.004308823525,25,8379.0,0.051207591236412574,25,8379.0
60365.0,57,9063.0,131.34782608695653,0.8710104847485816,50555.428322887,732.6873669983622,2168893.946,31433.245594202897,30,8495.0,0.03280860432419788,30,8495.0
60370.0,48,8483.0,122.94202898550725,1.9026456245312708,50769.97087649853,735.7966793695439,2168932.0640000002,31433.79802898551,22,7884.0,0.10714514509671379,22,7884.0
60375.0,53,8738.0,123.07042253521126,2.250588567811961,51063.20791628009,719.2001114969029,2228131.1250000005,31382.12852112676,27,7861.0,0.03870212413425371,27,7861.0
60380.0,57,9016.0,125.22222222222223,1.9928467218891717,51201.637309290825,711.1338515179282,2257733.055,31357.403541666663,31,7979.0,0.020706430891134275,31,7979.0
60385.0,59,9307.0,143.1846153846154,0.9775911443423734,50740.21517565495,780.6186950100762,2287319.205,35189.52623076923,32,8108.0,0.027764558648532927,32,8108.0
60390.0,54,9442.0,149.87301587301587,0.9281793062444783,51014.25390884999,809.7500620452379,2287318.963,36306.65020634921,26,8084.0,0.040384972066721744,26,8084.0
60395.0,56,9719.0,151.859375,1.1842228515592783,51306.00111456258,801.6562674150401,2287318.963,35739.35879687501,28,8180.0,3.059874978747938e-05,28,8180.0
60400.0,56,9999.0,161.2741935483871,1.214306986474734,51505.361922881486,830.7316439174433,2287317.765,36892.22201612903,28,8290.0,0.031299685256252874,28,8290.0
60405.0,57,10280.0,158.15384615384616,0.8256192221487604,51720.776128731595,795.704248134332,2287321.865,35189.567153846154,29,8401.0,0.017164970564602255,29,8401.0
60410.0,50,10277.0,163.12698412698413,1.6269632404891374,51960.25358811475,824.7659299700754,2287318.865,36306.64865079365,22,8255.0,0.09042136905484023,22,8255.0
60415.0,47,10306.0,163.5873015873016,1.9432811458082946,52231.77546231644,829.0758009891496,2287318.865,36306.64865079365,19,8150.0,0.11031079739979828,19,8150.0
60420.0,46,10349.0,164.26984126984127,1.7125040389854962,52468.82032315582,832.8384178278701,2257719.8790000007,35836.82347619048,20,8134.0,0.0837002665231623,20,8134.0
60425.0,49,10590.0,162.92307692307693,1.4753673364539694,52469.59478886049,807.2245352132384,2198624.3980000005,33824.990738461536,23,8250.0,0.08706863683029785,23,8250.0
60430.0,51,10788.0,163.45454545454547,1.2269113966953467,52394.84201894369,793.8612427112678,2139566.8780000005,32417.679969696976,25,8323.0,0.0837914965019883,25,8323.0
60435.0,56,11056.0,162.58823529411765,1.4486011652324349,52696.44552148659,774.9477282571555,2198838.3540000003,32335.85814705883,29,8430.0,0.06447631857195717,29,8430.0
60440.0,59,11341.0,164.36231884057972,1.369819333465129,52983.09744816089,767.870977509578,2258109.1950000008,32726.22021739131,32,8556.0,0.06729480551862577,32,8556.0
60445.0,62,11639.0,166.27142857142857,0.8444260060061227,53300.241315630876,761.4320187947267,2287746.5750000007,32682.093928571438,36,8703.0,0.009845664053374453,36,8703.0
60450.0,54,10847.0,164.34848484848484,0.949839881625864,53543.28888439849,811.2619527939163,2287746.5750000007,34662.826893939404,25,8217.0,0.05582733929882397,25,8217.0
60455.0,50,10894.0,157.8840579710145,1.5261517054787093,53846.12230130622,780.3785840769015,2287747.3470000005,33155.75865217392,19,7972.0,0.06773106956436532,19,7972.0
60460.0,47,11058.0,162.61764705882354,1.697995207677487,53878.32384566476,792.3282918480111,2287746.809000001,33643.3354264706,20,8060.0,0.05270993442254208,20,8060.0
60465.0,54,11299.0,173.83076923076922,1.076918519023629,53899.061481113094,829.2163304786627,2228470.4230000004,34284.16035384616,28,8176.0,0.05226387094555765,28,8176.0
60470.0,57,11534.0,180.21875,0.9000620325042278,53829.384712702835,841.0841361359817,2258121.1250000005,35283.142578125,31,8263.0,0.014519774809206399,31,8263.0
60475.0,58,11820.0,184.6875,0.9126137892711796,53976.09210490667,843.3764391391665,2258203.6610000003,35284.432203125005,31,8383.0,0.02900469716692777,31,8383.0
60480.0,60,12116.0,192.31746031746033,0.6300351951268728,54243.37663117366,861.0059782725975,2258203.5610000007,35844.50096825398,32,8504.0,4.6496878336111196e-05,32,8504.0
60485.0,60,12416.0,182.58823529411765,0.6708952161371478,54514.742726175115,801.6873930319867,2258212.5190000003,33209.00763235294,32,8629.0,0.0,32,8629.0
60490.0,54,12528.0,184.23529411764707,1.8632651797412558,54819.065323415205,806.1627253443413,2258212.5190000003,33209.00763235294,26,8477.0,0.1194391563011711,26,8477.0
60495.0,54,12671.0,186.33823529411765,1.3322268473511882,55119.72048026445,810.5841247097715,2258212.5190000003,33209.00763235294,26,8342.0,0.0625559190169071,26,8342.0
60500.0,54,12803.0,188.27941176470588,1.1739183272716436,55390.380139314584,814.5644138134497,2228575.3860000004,32773.167441176476,27,8440.0,0.059245891678554846,27,8440.0
60505.0,57,13052.0,194.80597014925374,0.7787842514352564,55395.05961907502,826.79193461306,2199080.0090000005,32822.08968656717,30,8574.0,0.0401198871565304,30,8574.0
60510.0,55,13270.0,195.14705882352942,0.8984744302930632,55418.98221946457,814.9850326391847,2169594.6570000006,31905.803779411766,29,8652.0,0.014712938994522402,29,8652.0
60515.0,58,13555.0,190.91549295774647,1.7092330849466766,55733.9176177384,784.9847551794142,2228964.4650000003,31393.86570422535,32,8774.0,0.03873428238680309,32,8774.0
60520.0,63,13855.0,192.43055555555554,1.172736408691951,56030.7864691677,778.2053676273291,2288328.5990000004,31782.341652777777,36,8910.0,0.05212996236291345,36,8910.0
60525.0,67,14180.0,205.5072463768116,0.10011162000823075,56288.979618117155,815.7823133060456,2288322.927,33164.10039130435,39,9064.0,0.00028529926857023607,39,9064.0
60530.0,61,14367.0,208.2173913043478,0.7372975401660288,56622.67916659148,820.6185386462533,2288322.927,33164.10039130435,33,8953.0,0.03613243316197549,33,8953.0
60535.0,57,14549.0,204.91549295774647,1.4822680600671332,56943.838144276175,802.0258893560024,2288323.415,32229.907253521127,29,8846.0,0.04579984456666544,29,8846.0
60540.0,54,14733.0,210.47142857142856,1.6218151343860598,57241.05443154566,817.7293490220807,2258638.9150000005,32266.270214285716,28,8948.0,0.04445626708460792,28,8948.0
60545.0,58,15009.0,211.3943661971831,0.950680575809715,57224.2200511708,805.9749302981802,2199466.683,30978.403985915495,31,9076.0,0.03575217910873335,31,9076.0
60550.0,50,14362.0,205.17142857142858,1.8490138373904217,57229.335034506046,817.5619290643722,2169969.827,30999.568957142852,24,8417.0,0.10798263759944726,24,8417.0
60555.0,55,14626.0,203.13888888888889,2.319365312303745,57525.30264104327,798.9625366811565,2229376.319,30963.55998611111,29,8379.0,0.05206010506438313,29,8379.0
60560.0,59,14911.0,196.19736842105263,2.2285642120253493,57831.18796529554,760.9366837538885,2288774.106,30115.448763157892,32,8499.0,0.027761253010482847,32,8499.0
60565.0,61,15209.0,217.27142857142857,1.1863519629140606,57188.8780437714,816.9839720538772,2288768.606,32696.694371428574,33,8628.0,0.0005768125098748712,33,8628.0
60570.0,51,10614.0,158.4179104477612,1.3504494792272583,57435.71483847434,857.2494752011097,2288767.404,34160.70752238805,27,5777.0,0.07402557058157315,27,5777.0
60575.0,48,7775.0,114.33823529411765,2.206675564752992,57728.88525478782,848.9541949233501,2288767.404,33658.344176470586,31,3946.0,0.03659254539136082,31,3946.0
60580.0,41,3608.0,52.289855072463766,2.5580381899679887,52757.11858564204,764.5959215310439,2238154.999,32437.02897101449,34,7035.0,0.026946047534475447,34,7035.0
60585.0,42,1639.0,24.46268656716418,2.088075398619394,39611.01733242472,591.2092139167868,2028366.7349999999,30274.13037313433,39,7635.0,0.0185684878235351,39,7635.0
60590.0,35,1625.0,24.62121212121212,2.013944769413601,30523.649437406904,462.4795369304076,1981664.673,30025.22231818182,31,5152.0,0.03516613109557793,31,5152.0
60595.0,38,1796.0,26.41176470588235,2.48467296525451,29697.677298575945,436.7305485084699,2094067.282,30795.107088235294,32,5806.0,0.061845989780284785,32,5806.0
60600.0,37,1960.0,29.253731343283583,2.087931713168872,29816.641409904267,445.0244986552876,2205390.3159999996,32916.273373134325,35,6824.0,0.013506117098132627,35,6824.0
60605.0,43,2166.0,31.852941176470587,2.2025058970868145,27386.843517755588,402.74769879052343,2096547.3639999998,30831.578882352944,38,6993.0,0.0006984691288728887,38,6993.0
60610.0,36,1214.0,17.594202898550726,2.084226436267862,22807.78231780919,330.54756982332157,2101112.006,30450.89863768116,27,6298.0,0.08023414724516283,27,6298.0
60615.0,40,934.0,13.154929577464788,2.1656411906740454,19161.565816701637,269.8812086859385,2216182.3269999996,31213.83559154929,22,6068.0,0.05672348736884777,22,6068.0
60620.0,47,921.0,13.157142857142857,1.665176385243046,18952.371094464175,270.7481584923453,2186883.0359999994,31241.18622857142,25,6170.0,0.0565007057669491,25,6170.0
60625.0,56,1113.0,15.9,0.8218500361200576,18797.204518258168,268.53149311797375,2268640.7909999997,32409.154157142853,32,6359.0,0.010421480679278748,32,6359.0
60630.0,57,992.0,14.376811594202898,0.8161285002360864,18664.172972463948,270.49526047049187,2298400.608,33310.15373913044,30,6425.0,0.006680966713265076,30,6425.0
60635.0,57,1225.0,17.01388888888889,1.4107253496331202,18790.47826877068,260.9788648440371,2328159.06,32335.5425,29,6383.0,0.03627906954003657,29,6383.0
60640.0,58,1508.0,21.542857142857144,1.52199104321546,18896.793416577024,269.9541916653861,2298521.5279999995,32836.02182857142,30,6515.0,0.054481135916451304,30,6515.0
60645.0,60,1803.0,26.130434782608695,0.7110712651571489,18958.202147544107,274.756552862958,2298524.5279999995,33311.94968115942,32,6655.0,0.0364860880404395,32,6655.0
60650.0,59,1950.0,28.26086956521739,0.9920295512113451,19280.90099236434,279.4333477154251,2298524.5279999995,33311.94968115942,31,6468.0,0.03442510882994317,31,6468.0
60655.0,56,2103.0,30.47826086956522,1.3208242903375953,19507.780478609933,282.72145621173803,2298525.2529999996,33311.96018840579,28,6303.0,0.047175070545546184,28,6303.0
60660.0,53,2277.0,33.48529411764706,1.5761790235084217,19796.94532548458,291.1315489041848,2268761.5439999993,33364.14035294118,26,6285.0,0.07425032372755691,26,6285.0
60665.0,55,2525.0,35.563380281690144,1.2498194038103623,19491.911500477854,274.53396479546257,2209646.459,31121.78111267606,29,6457.0,0.047894849511427376,29,6457.0
60670.0,54,2656.0,37.94285714285714,1.6016790194810604,19447.832062551555,277.826172322165,2180126.713,31144.667328571435,28,6407.0,0.12905393226811923,28,6407.0
60675.0,58,2909.0,40.40277777777778,1.5162802976371184,19763.232484801847,274.4893400666922,2239704.403,31107.00559722222,31,6451.0,0.08646246492740088,31,6451.0
60680.0,62,3199.0,43.821917808219176,1.2930313840727399,20058.23094022306,274.77028685237053,2299273.9999999995,31496.904109589046,34,6576.0,0.02361873677805131,34,6576.0
60685.0,65,3510.0,48.082191780821915,1.1338742209561774,20293.138963043362,277.9882049731967,2329059.5259999996,31904.92501369863,38,6743.0,3.0292393820454337e-05,38,6743.0
60690.0,59,3686.0,51.19444444444444,1.2721548232763098,20509.069896595713,284.8481930082736,2329058.0239999997,32348.028111111114,31,6592.0,0.04772353393475942,31,6592.0
60695.0,55,3868.0,54.478873239436616,1.9665816900346778,20641.04303307435,290.71891595879345,2329055.0239999997,32803.59188732395,27,6465.0,0.06342852507581781,27,6465.0
60700.0,52,4070.0,57.32394366197183,2.23917565337546,20941.431168080253,294.94973476169366,2329055.0239999997,32803.59188732395,25,6262.0,0.08640622378846835,25,6262.0
60705.0,55,4325.0,63.60294117647059,1.5961097689675836,20837.04545927057,306.42713910692,2239942.814,32940.3355,29,6413.0,0.08147509434276325,29,6413.0
60710.0,59,4611.0,68.82089552238806,0.9356246608402,20667.861997726046,308.47555220486623,2210482.4020000002,32992.27465671642,32,6554.0,0.062411610285835806,32,6554.0
60715.0,51,4033.0,59.30882352941177,1.5364162231382406,20701.740416839773,304.4373590711729,2180879.5760000004,32071.75847058824,25,5939.0,0.06875276603213708,25,5939.0
60720.0,54,4299.0,61.41428571428571,2.4106759990939084,20992.232076811742,299.889029668739,2240477.7090000007,32006.82441428572,28,5952.0,0.02778856251522094,28,5952.0
60725.0,57,4578.0,60.23684210526316,2.120800375936735,21028.2958423358,276.6881031886289,2300082.6570000006,30264.245486842112,30,6086.0,0.044657800865347375,30,6086.0
60730.0,60,4871.0,70.59420289855072,1.180327724770252,20675.03230275036,299.63814931522245,2329868.6810000003,33766.21276811595,34,6234.0,0.08014594101654504,34,6234.0
60735.0,58,4995.0,68.42465753424658,0.8118511732017549,21005.797575100627,287.7506517137071,2389467.37,32732.429726027392,32,6133.0,0.043676826516890074,32,6133.0
60740.0,57,5180.0,69.06666666666666,1.9139976513164143,21334.648705137228,284.46198273516296,2389468.434,31859.57912,29,6178.0,0.07351712814379179,29,6178.0
60745.0,57,5424.0,74.3013698630137,1.7783533516419632,21445.613587883698,293.77552860114633,2329983.5530000003,31917.582917808217,30,6307.0,0.04736730662714648,30,6307.0
60750.0,59,5703.0,82.65217391304348,0.6226850446477679,21554.558168295687,312.38490098979236,2210835.288,32041.091130434786,33,6456.0,0.04603519846942229,33,6456.0
60755.0,53,5597.0,79.95714285714286,1.3618628465179328,21812.192297029545,311.60274710042205,2210852.682,31583.60974285715,27,6323.0,0.06609935493201773,27,6323.0
60760.0,56,5847.0,81.20833333333333,1.994433416673103,22120.60939380372,307.2306860250515,2270465.739,31534.246375000002,30,6339.0,0.10588773612174515,30,6339.0
60765.0,61,6135.0,81.8,1.4077485244658257,22345.97980053537,297.9463973404716,2330077.4069999997,31067.698759999996,34,6482.0,0.00754931651527644,34,6482.0
60770.0,63,6448.0,90.8169014084507,1.0531835789586514,22417.166156299012,315.7347345957608,2359881.5249999994,33237.76795774648,37,6650.0,0.04158765632245999,37,6650.0
60775.0,54,5888.0,85.33333333333333,0.9992156222659231,22600.576288598895,327.54458389273765,2359881.5249999994,34201.18152173913,26,6135.0,0.07706559128289832,26,6135.0
60780.0,53,5894.0,85.42028985507247,1.0919235728382009,22916.53367952564,332.12367651486437,2359881.5249999994,34201.18152173913,23,5893.0,0.05537498281890375,23,5893.0
60785.0,50,6068.0,85.46478873239437,1.2181475232676762,22902.267681876983,322.5671504489715,2359881.1299999994,33237.76239436619,23,5989.0,0.02673633695260649,23,5989.0
60790.0,55,6318.0,87.75,1.4738059108725525,23202.15340936032,322.2521306855599,2330075.1279999996,32362.154555555564,29,6121.0,0.06792430170349445,29,6121.0
60795.0,55,6476.0,92.51428571428572,1.6637721849050138,23199.57489608844,331.4224985155491,2300289.512,32861.27874285715,29,6139.0,0.019112788661135333,29,6139.0
60800.0,57,6758.0,97.94202898550725,1.6411465148645386,23299.271772710414,337.67060540160014,2300288.526,33337.51486956522,29,6223.0,0.07425981245840935,29,6223.0
60805.0,58,7044.0,102.08695652173913,1.2977702090208014,23283.1316828305,337.43669105551425,2270500.184,32905.79976811594,30,6351.0,0.022446963528234557,30,6351.0
60810.0,59,7334.0,106.28985507246377,1.6601741879797307,23578.38541882242,341.71573070757114,2270500.3869999996,32905.80271014492,31,6486.0,0.04917051008009371,31,6486.0
60815.0,57,7448.0,111.16417910447761,0.8877350816058649,23679.36794435685,353.4234021545799,2270498.0629999996,33888.030791044774,27,6415.0,0.045058694174510604,27,6415.0
60820.0,52,7566.0,114.63636363636364,1.659439048145389,23941.28424066585,362.7467309191794,2270498.0629999996,34401.4858030303,24,6301.0,0.059964259254567595,24,6301.0
60825.0,51,7709.0,118.6,1.462338027377924,24102.848189436758,370.8130490682577,2240711.3379999995,34472.48212307692,24,6405.0,0.09968355062827362,24,6405.0
60830.0,55,7943.0,124.109375,0.7915273552030055,24168.7955095585,377.63742983685125,2210983.7199999993,34546.620624999996,29,6591.0,0.048289083028073485,29,6591.0
60835.0,55,8185.0,129.9206349206349,0.63360204805658,24268.734288670672,385.21800458207406,2181241.4009999996,34622.87938095238,29,6688.0,0.031666332191624486,29,6688.0
60840.0,58,8470.0,130.30769230769232,0.9454706389154865,24569.086605503566,377.9859477769779,2240956.9939999995,34476.26144615385,32,6828.0,0.06339506630734437,32,6828.0
60845.0,59,8760.0,121.66666666666667,1.0185949584824268,24880.774094026907,345.5663068614847,2300670.246,31953.753416666663,32,6973.0,0.008215636963166979,32,6973.0
60850.0,62,9068.0,127.71830985915493,1.0625378543467148,25159.49731442302,354.3591171045495,2330524.266,32824.28543661971,36,7136.0,0.07893532651943551,36,7136.0
60855.0,59,9229.0,128.18055555555554,0.8433950721772658,25494.29827795571,354.0874760827182,2360380.1599999997,32783.05777777778,32,7095.0,0.052397188245261704,32,7095.0
60860.0,59,9421.0,130.84722222222223,1.550655679772273,25823.617472433958,358.6613537838049,2360380.1599999997,32783.05777777778,31,7071.0,0.038472418353817726,31,7071.0
60865.0,58,9665.0,138.07142857142858,1.3124143275712647,25997.471746833748,371.3924535261964,2300723.513,32867.478757142846,30,7205.0,0.04630204184499094,30,7205.0
60870.0,59,9927.0,141.81428571428572,0.8485942888519947,26056.686612189118,372.2383801741302,2241140.5659999996,32016.293799999996,32,7357.0,0.03422099812815459,32,7357.0
60875.0,52,9304.0,132.9142857142857,1.8963731080448119,26241.554634409054,374.8793519201295,2211357.813,31590.8259,25,6717.0,0.08123343876055897,25,6717.0
60880.0,56,9567.0,132.875,2.261077416342375,26535.0056005586,368.5417444522028,2271096.9899999998,31543.013750000002,29,6718.0,0.03895079446559915,29,6718.0
60885.0,59,9853.0,133.14864864864865,1.972685061132781,26626.97013843305,359.8239207896358,2300965.39,31094.1268918919,33,6859.0,0.0002079010854353334,33,6859.0
60890.0,60,10149.0,144.9857142857143,1.2774472071495133,26296.658908596604,375.6665558370942,2330825.828,33297.51182857143,33,7009.0,0.05692156095399596,33,7009.0
60895.0,56,10268.0,148.81159420289856,1.0655135628223058,26469.758664850233,383.6196907949309,2330828.524,33780.123536231884,28,6997.0,0.06820452022316315,28,6997.0
60900.0,59,10557.0,153.0,1.3634142485344871,26779.76387895177,388.11251998480833,2330828.524,33780.123536231884,31,7108.0,0.0056038326644594705,31,7108.0
60905.0,60,10856.0,152.90140845070422,1.3255479956471845,27053.3902531777,381.0336655377141,2330824.848,32828.5189859155,32,7252.0,0.0065606016920566465,32,7252.0
60910.0,62,11165.0,164.19117647058823,1.0712836300989446,27251.34077276213,400.755011364149,2330823.886,34276.821852941175,34,7406.0,0.0790077417839486,34,7406.0
60915.0,51,10570.0,162.6153846153846,0.6153313915552349,27478.145258384433,422.7406962828375,2330820.886,35858.782861538464,22,6913.0,0.02929307962923077,22,6913.0
60920.0,49,10519.0,157.0,1.1423384488720267,27784.58393896666,414.6952826711441,2330821.954,34788.387373134334,20,6688.0,0.06042520434871431,20,6688.0
60925.0,48,10597.0,158.16417910447763,1.5488829247242142,28031.07606978715,418.37426969831563,2300966.06,34342.77701492538,19,6769.0,0.03313065688902707,19,6769.0
60930.0,51,10760.0,165.53846153846155,1.0216082011706304,28080.60827976623,432.0093581502495,2271095.5549999997,34939.931615384616,25,6904.0,0.050304710734155406,25,6904.0
60935.0,53,10944.0,165.8181818181818,1.4607423073583123,28119.753654712087,426.0568735562437,2301003.22,34863.68515151516,27,6979.0,0.01181663262876362,27,6979.0
60940.0,56,11217.0,172.56923076923076,1.548366559010062,28044.263301788567,431.45020464290087,2330909.6599999997,35860.14861538462,28,7103.0,0.06423443202647347,28,7103.0
60945.0,56,11494.0,176.83076923076922,0.7601671045402452,28120.818289327726,432.6279736819649,2301104.7569999998,35401.61164615385,28,7228.0,0.005542298509745074,28,7228.0
60950.0,58,11783.0,190.0483870967742,0.7754254522868232,28361.1546984139,457.43797900667573,2301104.7569999998,37114.59285483871,30,7362.0,0.026335259204537227,30,7362.0
60955.0,52,11887.0,194.86885245901638,0.8081679956011005,28618.821250256562,469.1610041025665,2301104.7569999998,37723.02880327869,24,7139.0,0.056210002420451384,24,7139.0
60960.0,51,12025.0,197.13114754098362,1.3858768872980007,28900.802393034148,473.783645787445,2301104.7569999998,37723.02880327869,23,6965.0,0.06049005122913747,23,6965.0
60965.0,48,12133.0,183.83333333333334,1.7586764815003766,29127.666468984888,441.3282798331042,2271243.5209999997,34412.78062121212,21,7056.0,0.06285972165520634,21,7056.0
60970.0,49,12349.0,184.3134328358209,1.6720365514329767,28847.165553157705,430.55470974862243,2211768.739,33011.47371641792,23,7177.0,0.13871889140566143,23,7177.0
60975.0,50,12555.0,187.38805970149255,1.5254226082735434,28960.82790374258,432.2511627424266,2211901.1790000005,33013.45043283583,24,7263.0,0.06337028626806984,24,7263.0
60980.0,57,12825.0,185.8695652173913,1.3744829863585468,29264.961006649006,424.12986966157973,2271772.5660000006,32924.24008695653,31,7388.0,0.06698613583304366,31,7388.0
60985.0,61,13120.0,190.14492753623188,1.0341230397388437,29561.492859079288,428.4274327402794,2301708.324,33358.09165217391,35,7538.0,0.00011295386824363607,35,7538.0
60990.0,62,13430.0,203.4848484848485,0.5956261155944395,29825.54476310478,451.9021933803753,2301708.324,34874.368545454556,35,7698.0,3.3931131709445102e-06,35,7698.0
60995.0,59,13587.0,202.7910447761194,0.8326640402322933,30122.052374541392,449.58287126181176,2301709.002,34353.86570149254,29,7561.0,0.017240631004759033,29,7561.0
61000.0,53,13770.0,208.63636363636363,1.6995741031735432,30405.858560928053,460.69482668072794,2301706.002,34874.33336363637,25,7449.0,0.0866956655077831,25,7449.0
61005.0,50,13917.0,207.71641791044777,1.9690618183568585,30690.30418911146,458.0642416285292,2301706.002,34353.82092537314,23,7439.0,0.12931253130957768,23,7439.0
61010.0,52,14154.0,217.75384615384615,1.1886062442672083,30623.715337564183,471.1340821163719,2242049.5740000005,34493.07036923077,26,7582.0,0.08312714706732055,26,7582.0
61015.0,55,14413.0,221.73846153846154,1.1101627661461277,30625.457893603405,471.1608906708216,2242256.0900000003,34496.24753846154,28,7696.0,0.06743091020171711,28,7696.0
61020.0,57,14692.0,226.03076923076924,0.8241676249417664,30771.450866769017,473.406936411831,2242357.866,34497.813323076916,31,7830.0,0.02911980866038749,31,7830.0
61025.0,61,14994.0,211.18309859154928,0.9029169796840067,31085.41113300147,437.82269201410514,2302273.357,32426.38530985916,35,7987.0,0.012292430563493984,35,7987.0
61030.0,63,15304.0,215.54929577464787,1.07924555521151,31383.777765394065,442.02503894921205,2362187.255,33270.24302816901,36,8152.0,0.10485755946755958,36,8152.0
61035.0,58,15458.0,214.69444444444446,0.836504895770755,31717.516125044414,440.52105729228344,2392137.385,33224.13034722222,32,8029.0,0.052607725264380664,32,8029.0
61040.0,59,15671.0,217.65277777777777,1.7491790301162902,32041.635893599912,445.02272074444306,2392137.385,33224.13034722222,31,7952.0,0.04817043293019937,31,7952.0
61045.0,55,15874.0,211.65333333333334,2.0280305257212903,32310.887738413505,430.81183651218004,2362204.227,31496.05635999999,28,8008.0,0.056101133736176326,28,8008.0
61050.0,57,16141.0,215.21333333333334,1.6945139080571436,32291.837509367993,430.55783345823977,2272523.147,30300.308626666658,30,8146.0,0.09492423614065428,30,8146.0
61055.0,49,15428.0,211.34246575342465,2.0160017211975623,32203.52412976734,441.1441661611963,2182892.2919999994,29902.6341369863,23,7436.0,0.08031821352741818,23,7436.0
61060.0,54,15690.0,209.2,2.6414019595113256,32506.06729111989,433.414230548265,2242820.9759999993,29904.279679999992,28,7414.0,0.059848442813344456,28,7414.0
61065.0,60,15978.0,215.9189189189189,2.1762300764785523,32442.6502239556,438.4141922156161,2302748.652999999,31118.22504054054,33,7557.0,0.031956512059152696,33,7557.0
61070.0,61,16278.0,242.955223880597,0.6014072529415688,32119.86962121404,479.40103912259747,2332703.516999999,34816.470402985076,35,7712.0,0.011085953948198035,35,7712.0
61075.0,57,16450.0,245.52238805970148,1.0223738275365055,32376.873340975282,483.2369155369444,2332702.6609999994,34816.45762686567,29,7690.0,0.019449526699717796,29,7690.0
61080.0,52,16619.0,251.8030303030303,1.9626041937680756,32637.24092968256,494.5036504497357,2332702.6609999994,35343.97971212121,24,7679.0,0.057626400936306374,24,7679.0
61085.0,49,16801.0,247.0735294117647,1.8639353650193557,32905.19493303918,483.8999254858702,2272772.3739999994,33423.12314705882,22,7730.0,0.08301774704207958,22,7730.0
61090.0,52,17041.0,258.1969696969697,1.3621002955998078,32882.00528264679,498.21220125222396,2212966.2069999995,33529.79101515152,26,7853.0,0.07684471173896901,26,7853.0
61095.0,47,17012.0,261.7230769230769,1.4748103406102635,33024.1696488994,508.0641484446059,2183054.135,33585.44823076923,21,7763.0,0.10766017410789597,21,7763.0
61100.0,53,17262.0,250.17391304347825,1.5838400408850555,33315.8830398835,482.8388846359925,2243011.3989999997,32507.41157971014,25,7796.0,0.03921766254386217,25,7796.0
61105.0,57,17530.0,250.42857142857142,1.976892320995038,33552.28219348246,479.3183170497492,2302969.9949999996,32899.57135714285,30,7921.0,0.029720544784649618,30,7921.0
61110.0,56,17810.0,265.82089552238807,1.4063988518068642,33731.68706043052,503.458015827321,2332944.6629999997,34820.069597014925,30,8056.0,0.05050567711535694,30,8056.0
61115.0,55,17957.0,276.26153846153846,1.1089568030172785,33846.18144108559,520.7104837090087,2362917.445,36352.57607692308,27,8030.0,0.032594101492310415,27,8030.0
61120.0,50,18119.0,283.109375,1.962992300649892,34111.81965452444,532.9971821019444,2362917.445,36920.585078125005,22,8037.0,0.09160175367215255,22,8037.0
61125.0,47,18298.0,265.18840579710144,2.572464354802259,34351.457547315134,497.8472108306542,2332956.78,33810.967826086955,20,8011.0,0.09233268677485251,20,8011.0
61130.0,47,18516.0,284.8615384615385,2.984584118869077,34330.86861524405,528.1672094652929,2213115.8839999996,34047.93667692308,20,8034.0,0.15159259946005454,20,8034.0
61135.0,50,18757.0,293.078125,1.764230071046462,34439.9471899689,538.1241748432639,2183199.646,34112.494468749996,24,8142.0,0.09346908710766923,24,8142.0
61140.0,56,19025.0,301.984126984127,1.0284940333194017,34543.22225661234,548.3051151843227,2153286.909,34179.15728571428,30,8265.0,0.07129187996618269,30,8265.0
61145.0,54,19194.0,290.8181818181818,1.3470081740505613,34749.45576046022,526.5069054615184,2153317.43,32626.021666666667,27,8297.0,0.06686419506465996,27,8297.0
61150.0,56,19468.0,282.1449275362319,1.4636262755331249,35045.84561688717,507.91080604184293,2183307.443,31642.136855072462,29,8399.0,0.11632308834462933,29,8399.0
61155.0,58,19750.0,282.14285714285717,1.4543824962171008,35320.55508532979,504.579358361854,2243277.393,32046.819900000002,32,8519.0,0.040042490978007356,32,8519.0
61160.0,62,20053.0,286.4714285714286,1.0531178053594688,35594.72143217526,508.4960204596466,2303244.731,32903.496157142865,36,8657.0,0.05271877242858399,36,8657.0
61165.0,52,19035.0,275.8695652173913,1.2721576059480955,35825.258404382315,519.2066435417728,2333226.971,33814.883637681174,26,7987.0,0.054292425578153995,26,7987.0
61170.0,46,18749.0,264.07042253521126,2.318386193265221,36124.21223546713,508.7917216262975,2393191.0379999997,33706.91602816902,18,7521.0,0.14457318307199646,18,7521.0
61175.0,49,18965.0,259.7945205479452,1.832378659209274,36338.89634353465,497.7931005963648,2363199.336,32372.59364383562,20,7581.0,0.07826652031524144,20,7581.0
61180.0,53,19208.0,278.3768115942029,1.2499854163465776,36194.57147868529,524.5590069374678,2273241.347,32945.52676811595,27,7665.0,0.038460387472187205,27,7665.0
61185.0,53,19118.0,273.1142857142857,1.7684925720264968,36146.29809047059,516.3756870067228,2333211.437,33331.59195714286,26,7410.0,0.0696551009686204,26,7410.0
61190.0,56,19389.0,281.0,2.037280557678996,35887.5213844026,520.1090055710523,2363192.639,34249.168681159426,30,7516.0,0.056863833968639185,30,7516.0
61195.0,60,19680.0,293.7313432835821,1.1391758890220092,35986.81644447237,537.1166633503339,2363194.2260000003,35271.5556119403,32,7639.0,0.0005670180386382407,32,7639.0
61200.0,61,19984.0,322.3225806451613,0.22214464943935883,36042.93037450117,581.3375866855026,2363189.6520000002,38115.96212903227,33,7768.0,0.0,33,7768.0
61205.0,53,20080.0,282.8169014084507,1.3910771052666986,36317.618524713755,511.5157538692079,2363202.91,33284.54802816902,25,7708.0,0.05155673430645199,25,7708.0
61210.0,49,20206.0,276.7945205479452,3.0907494714677695,36608.420842479856,501.4852170202722,2363217.774,32372.846219178078,21,7681.0,0.20404964025490394,21,7681.0
61215.0,50,20363.0,278.94520547945206,1.7324042268284772,36911.364838591995,505.6351347752326,2363217.774,32372.846219178078,23,7752.0,0.06518030397830103,23,7752.0
61220.0,60,20625.0,303.30882352941177,0.4938014712194787,36924.494125952864,543.0072665581306,2213323.135,32548.869632352937,33,7891.0,0.029371324908502104,33,7891.0
61225.0,52,20653.0,303.72058823529414,0.87093913178083,37184.60592647196,546.832440095176,2213338.1759999995,32549.090823529405,26,7438.0,0.05366503013116246,26,7438.0
61230.0,48,20840.0,289.44444444444446,1.542518969452433,37501.39109338478,520.8526540747886,2273355.61,31574.383472222227,21,7208.0,0.10221991423389755,21,7208.0
61235.0,55,21093.0,285.0405405405405,1.616772451415607,37548.629241845374,507.41390867358643,2333360.7329999995,31531.901797297298,27,7293.0,0.06733423099859466,27,7293.0
61240.0,61,21367.0,292.6986301369863,0.6257504905589771,37562.77001470479,514.5584933521203,2333381.565999999,31964.13104109589,35,7410.0,0.017455801837996117,35,7410.0
61245.0,55,21165.0,286.0135135135135,1.3921149046757444,37724.632540116116,509.79233162319093,2363385.119999999,31937.636756756758,28,7191.0,0.029074715590752465,28,7191.0
61250.0,58,21447.0,289.8243243243243,2.062026335066268,37864.54122888337,511.6829895795051,2393388.0139999995,32343.08127027027,31,7168.0,0.07080583819246758,31,7168.0
61255.0,61,21740.0,293.7837837837838,1.651473672080115,38064.730948233264,514.3882560572061,2363400.041999999,31937.838405405404,33,7286.0,0.007475677810603066,33,7286.0
61260.0,62,22049.0,324.25,1.1569302350161612,37988.99075975178,558.6616288198793,2363395.859999999,34755.82147058823,34,7420.0,9.260101677933005e-07,34,7420.0
61265.0,58,22185.0,326.25,1.2268790659730149,38159.630956570734,561.1710434789812,2363394.893999999,34755.80726470587,30,7381.0,0.0014547209176339806,30,7381.0
61270.0,59,22480.0,335.5223880597015,1.4888150387950982,38415.76508436439,573.3696281248418,2363391.893999999,35274.50588059701,31,7501.0,0.06846761325953893,31,7501.0
61275.0,61,22779.0,350.44615384615383,0.5699100444073955,38640.307730358036,594.4662727747389,2363390.247999999,36359.849969230774,33,7625.0,0.0008620784005585,33,7625.0
61280.0,63,23087.0,355.18461538461537,0.1160082191694528,38839.62373182805,597.5326727973545,2363388.7089999993,36359.82629230769,35,7758.0,0.0,35,7758.0
61285.0,54,23007.0,338.3382352941176,1.3891475500683919,39153.096352695684,575.7808287161126,2363391.7089999993,34755.76042647059,26,7597.0,0.046967516375468074,26,7597.0
61290.0,50,23028.0,338.6470588235294,2.213287978562203,39441.04742698229,580.0154033379746,2363391.7089999993,34755.76042647059,22,7493.0,0.10941264734429962,22,7493.0
61295.0,52,23103.0,334.82608695652175,1.8305103847956143,39737.09131744086,575.8998741658095,2363391.7089999993,34252.053753623186,25,7574.0,0.061453333296574875,25,7574.0
61300.0,55,23330.0,364.53125,0.6107246020329848,39521.99251388625,617.5311330294726,2213470.849,34585.482015625,29,7766.0,0.05335910907741077,29,7766.0
61305.0,46,15769.0,235.3582089552239,1.410231623849046,39704.01446067028,592.5972307562728,2243597.5629999996,33486.530791044774,22,4980.0,0.08513572944930582,22,4980.0
61310.0,46,10412.0,153.11764705882354,2.4250166809888376,39990.29258913978,588.0925380755853,2273646.980999999,33435.985014705875,29,5089.0,0.0380417232444924,29,5089.0
61315.0,35,3632.0,53.411764705882355,2.5716120024619498,40184.81254609802,590.953125677912,2333743.2189999996,34319.75322058823,31,5911.0,0.05747666710601128,31,5911.0
61320.0,42,1052.0,16.4375,1.973256913016674,36964.97636837605,577.5777557558756,2167975.953,33874.624265625,37,6762.0,0.00016915564954395455,37,6762.0
61325.0,40,1096.0,16.35820895522388,2.006936771845701,29612.420283912586,441.97642214794894,2118779.834,31623.579611940295,30,6649.0,0.013995043080252552,30,6649.0
61330.0,42,1180.0,17.352941176470587,2.2556656793885455,28417.791032959223,417.90869166116516,2120120.045,31178.235955882352,25,6576.0,0.10204441945973844,25,6576.0
61335.0,49,1323.0,19.455882352941178,1.6380585172704296,28496.2912139106,419.06310608692064,2172792.3680000002,31952.828941176467,26,6682.0,0.04924092023271272,26,6682.0
61340.0,54,1563.0,23.328358208955223,0.6980220780912775,28506.289449713047,425.46700671213495,2169169.678,32375.6668358209,30,6830.0,0.056174933637289634,30,6830.0
61345.0,52,1456.0,21.73134328358209,1.1459655307359369,28684.43411588017,428.12588232656975,2169257.047,32376.97085074627,26,6756.0,0.0507213637748474,26,6756.0
61350.0,53,1694.0,24.55072463768116,1.95767639036214,28982.835593696407,420.04109556081755,2229399.444,32310.13686956522,27,6753.0,0.10955419776826159,27,6753.0
61355.0,60,1969.0,26.972602739726028,1.563885493127488,29254.658624195457,400.7487482766501,2289531.894,31363.45060273973,31,6842.0,0.012935104945833487,31,6842.0
61360.0,62,2271.0,32.44285714285714,1.1959600760239213,29435.61317457855,420.5087596368364,2289532.1599999997,32707.60228571429,34,6993.0,0.028303106185046792,34,6993.0
61365.0,56,2419.0,34.55714285714286,1.2118526792476523,29451.74018407447,420.73914548677817,2289538.536,32707.693371428562,28,6895.0,0.08034200986997965,28,6895.0
61370.0,54,2581.0,36.871428571428574,1.6438981116447273,29761.489885800038,425.16414122571496,2289538.536,32707.693371428562,26,6822.0,0.07405600026042465,26,6822.0
61375.0,53,2772.0,39.6,2.0280640825313836,30062.443791332986,429.46348273332836,2289538.536,32707.693371428562,26,6752.0,0.08157804471943385,26,6752.0
61380.0,54,3018.0,45.04477611940298,2.0311002819950317,30023.319411154644,448.10924494260655,2199495.542,32828.2916716418,27,6758.0,0.09795993967265611,27,6758.0
61385.0,53,3283.0,46.9,2.097216526490663,29921.86769645546,427.4552528065066,2139578.142,30565.402028571436,27,6856.0,0.08817944036526783,27,6856.0
61390.0,56,3555.0,50.785714285714285,1.7709849452305548,30029.419742075283,428.99171060107545,2139695.337,30567.076242857147,30,6983.0,0.1077111730049334,30,6983.0
61395.0,53,3354.0,48.608695652173914,1.4840368613068209,30140.471587581163,436.81842880552404,2109718.1189999995,30575.624913043477,26,6652.0,0.07911273951871235,26,6652.0
61400.0,56,3628.0,51.82857142857143,2.0347749669872726,30440.466503838048,434.8638071976864,2139801.8689999995,30568.598128571426,30,6766.0,0.029767874328372534,30,6766.0
61405.0,58,3916.0,55.94285714285714,1.7371156529110905,30447.2996616555,434.9614237379357,2199968.9369999995,31428.12767142857,32,6909.0,0.04817229056067005,32,6909.0
61410.0,61,4211.0,61.028985507246375,0.8696328004906261,30510.285790468362,442.17805493432417,2260132.6229999997,32755.54526086956,34,7059.0,0.034135090753784805,34,7059.0
61415.0,63,4519.0,65.4927536231884,0.6755258697338787,30816.308518202964,446.61316693047763,2290212.135,33191.480217391305,37,7222.0,0.0235095033507142,37,7222.0
61420.0,57,4614.0,64.98591549295774,0.8470597650999346,31143.71832911057,438.6439201283178,2350371.0919999997,33103.81819718309,31,7195.0,0.04678731898493286,31,7195.0
61425.0,57,4818.0,66.0,1.9851742391827971,31462.97507672231,430.99965858523694,2410532.235,33020.98952054794,30,7228.0,0.08214263501472038,30,7228.0
61430.0,55,5053.0,70.18055555555556,1.7911708054668718,31719.082177371776,440.54280801905236,2380465.337,33062.01856944445,28,7356.0,0.06523098357908394,28,7356.0
61435.0,60,5340.0,76.28571428571429,0.8396557130293272,31812.026974998415,454.45752821426316,2260170.9509999994,32288.15644285714,33,7502.0,0.030903705191665895,33,7502.0
61440.0,54,5104.0,72.91428571428571,1.529736025110851,31998.678442330613,457.1239777475802,2230120.2579999994,31858.86082857142,28,7303.0,0.07557105655170661,28,7303.0
61445.0,54,5321.0,68.21794871794872,1.889808750986212,32320.679779682512,414.3676894831091,2290288.2879999992,29362.670358974356,28,7268.0,0.058338336180976974,28,7268.0
61450.0,61,5617.0,72.01282051282051,2.254314011086269,32577.519902804845,417.6605115744211,2320370.536999999,29748.340217948713,35,7419.0,0.09443844721915912,35,7419.0
61455.0,66,5934.0,80.1891891891892,0.6875268760485995,32674.255096114233,441.5439877853276,2350450.656999999,31762.84671621622,39,7588.0,0.020785844225883133,39,7588.0
61460.0,57,4938.0,65.84,1.032519925159763,32821.91666849188,437.62555557989174,2350449.559999999,31339.327466666673,29,7040.0,0.03453816125269297,29,7040.0
61465.0,52,4731.0,63.932432432432435,1.8710362501532802,33069.70793188207,446.88794502543357,2350449.559999999,31762.831891891892,21,6666.0,0.0723885323822991,21,6666.0
61470.0,49,4862.0,66.6027397260274,1.5227906836246292,33319.47399597854,456.431150629843,2320359.839999999,31785.751232876715,22,6755.0,0.06441827218853821,22,6755.0
61475.0,54,5102.0,71.85915492957747,1.134234656442275,33291.071577168674,468.8883320727981,2260220.2289999994,31834.087732394364,28,6884.0,0.01402768124473453,28,6884.0
61480.0,53,5187.0,73.05633802816901,1.8014920429210457,33593.54140654056,473.14847051465574,2260236.3889999995,31834.315338028162,27,6839.0,0.0504030458625778,27,6839.0
61485.0,56,5463.0,76.94366197183099,1.4978536944221845,32965.99344085715,464.309766772636,2260240.5839999993,31834.37442253521,30,6898.0,0.03302385237627032,30,6898.0
61490.0,61,5762.0,83.5072463768116,1.2986861760937287,33233.061686358895,481.6385751646219,2260240.0439999993,32757.102086956518,33,7043.0,0.02229682832843836,33,7043.0
61495.0,62,6068.0,91.93939393939394,0.49014242175314227,33352.80563651948,505.34553994726485,2260240.0439999993,34246.061272727275,34,7194.0,0.028136226682529703,34,7194.0
61500.0,58,6206.0,95.47692307692307,0.6677823680787918,33604.926989525025,516.9988767619235,2260240.0439999993,34772.92375384616,30,7154.0,0.014411845281929857,30,7154.0
61505.0,53,6349.0,94.76119402985074,1.6036699407437747,33869.478063783165,505.514597966913,2260240.0439999993,33734.92602985074,25,7136.0,0.0533759243083464,25,7136.0
61510.0,50,6504.0,95.6470588235294,1.9591523307498293,34114.86767139055,501.6892304616255,2230155.2439999995,32796.40064705882,23,7175.0,0.14057697513092812,23,7175.0
61515.0,53,6733.0,100.49253731343283,1.1025081020010847,34116.51696121524,509.20174568977967,2170034.1879999996,32388.569970149256,27,7308.0,0.04160427952224648,27,7308.0
61520.0,50,6878.0,101.1470588235294,1.6329314870272216,34320.58707512864,504.71451581071534,2170082.818,31912.98261764706,24,7338.0,0.10646342525590936,24,7338.0
61525.0,53,7139.0,99.15277777777777,1.791683665989454,34534.75535085401,479.6493798729724,2200262.727,30559.204541666666,27,7425.0,0.06687488631618096,27,7425.0
61530.0,59,7418.0,103.02777777777777,1.771985764051422,34806.46207868381,483.423084426164,2260521.7049999996,31396.134791666667,32,7559.0,0.06428162442041631,32,7559.0
61535.0,65,7721.0,107.23611111111111,0.6223665491231399,35006.15577790824,486.1966080265034,2290645.359,31814.518875,37,7717.0,0.01575938812626912,37,7717.0
61540.0,60,7900.0,111.26760563380282,1.1306983866731684,35285.173347668875,496.97427250237854,2320773.5590000004,32686.951535211272,32,7699.0,0.06411878671747949,32,7699.0
61545.0,56,8090.0,113.94366197183099,1.745280458133579,35599.71281171563,501.4044057988117,2320773.5590000004,32686.951535211272,28,7683.0,0.07430515489041686,28,7683.0
61550.0,53,8302.0,116.92957746478874,1.6318900663232456,35911.10391995726,505.7901960557361,2320773.5590000004,32686.951535211272,26,7798.0,0.0490903015799478,26,7798.0
61555.0,57,8570.0,129.84848484848484,0.48797567529309455,35856.1111668841,543.274411619456,2170271.3030000003,32882.898530303035,31,7943.0,0.027900446203968775,31,7943.0
61560.0,51,8154.0,121.70149253731343,1.387286625730068,36051.95779329813,538.0889222880321,2200474.078,32842.89668656717,24,7459.0,0.05438624926564904,24,7459.0
61565.0,54,8417.0,113.74324324324324,2.4883822348417675,36352.318585368404,491.2475484509247,2230621.8310000002,30143.53825675676,28,7511.0,0.03784207244610746,28,7511.0
61570.0,57,8694.0,119.0958904109589,2.419176577741979,36388.72869851602,498.47573559611004,2290895.127,31382.12502739726,30,7643.0,0.10103568711233042,30,7643.0
61575.0,63,8989.0,134.16417910447763,0.3178251896739253,36236.21376147639,540.8390113653195,2290889.395,34192.379029850745,35,7790.0,0.02061620356985147,35,7790.0
61580.0,59,9156.0,138.72727272727272,0.5695197350593602,36512.73711895759,553.2232896811759,2290889.2830000003,34710.443681818186,31,7753.0,0.01275342745839177,31,7753.0
61585.0,55,9346.0,141.6060606060606,1.5304659468739104,36816.98129467201,557.833049919273,2290889.2830000003,34710.443681818186,27,7739.0,0.045754865693134916,27,7739.0
61590.0,51,9506.0,141.88059701492537,1.5656117948892054,37096.2206119735,553.6749345070675,2260752.515,33742.57485074627,24,7855.0,0.05233644182067309,24,7855.0
61595.0,54,9748.0,147.6969696969697,1.0863155898374377,36985.769522172435,560.3904473056433,2170519.908,32886.66527272727,27,8000.0,0.04101526377853582,27,8000.0
61600.0,46,9351.0,141.6818181818182,1.0560477404783681,37185.50640073738,563.4167636475364,2170575.3959999993,32887.505999999994,20,7337.0,0.07623957576617839,20,7337.0
61605.0,46,9306.0,129.25,1.6082821072812794,37499.585799417495,520.8275805474655,2230899.3039999995,30984.712555555554,19,6990.0,0.12191868799993058,19,6990.0
61610.0,51,9547.0,132.59722222222223,1.2261037347372468,37321.401282765255,518.3527955939621,2261102.8429999994,31404.206152777777,23,7081.0,0.10266406253592607,23,7081.0
61615.0,60,9828.0,131.04,0.8298505452379381,37659.65683616061,502.1287578154749,2291263.2399999998,30550.176533333324,32,7203.0,0.01776497896391672,32,7203.0
61620.0,55,9634.0,128.45333333333335,1.2696957212251663,37683.84181823453,502.45122424312734,2321418.905,30952.252066666664,29,7055.0,0.021150335665891216,29,7055.0
61625.0,57,9908.0,128.67532467532467,1.837863505547092,37532.11552396799,487.43007173984427,2351574.545,30539.929155844155,31,7044.0,0.03924338805363251,31,7044.0
61630.0,62,10206.0,134.28947368421052,1.9007742784367587,37784.36938960782,497.1627551264187,2351574.147,30941.765092105255,34,7177.0,0.06881902831741638,34,7177.0
61635.0,66,10527.0,146.20833333333334,0.8693893184787121,37861.932717546195,525.8601766325863,2321467.689,32242.60679166667,38,7328.0,0.00041575559919554097,38,7328.0
61640.0,59,10630.0,154.05797101449275,0.8068243248491374,37886.55089413524,549.0804477410908,2321468.517,33644.47126086956,31,7266.0,0.02570643217923924,31,7266.0
61645.0,54,10771.0,153.87142857142857,2.101280726470678,38196.04015728823,545.6577165326893,2321468.517,33163.83595714286,26,7237.0,0.04543617154798396,26,7237.0
61650.0,51,10931.0,158.42028985507247,1.9153254750394038,38454.771932357944,557.3155352515645,2291310.0749999997,33207.39239130435,24,7265.0,0.07998166019160731,24,7265.0
61655.0,56,11175.0,169.3181818181818,0.8403043032773925,38385.52744247918,581.5989006436241,2170789.3389999997,32890.747560606054,29,7393.0,0.03757772568542323,29,7393.0
61660.0,50,11272.0,173.41538461538462,1.18298109884941,38475.9639799517,591.9379073838725,2140720.145,32934.15607692308,24,7352.0,0.061989994224865015,24,7352.0
61665.0,53,11530.0,167.1014492753623,1.4360739146028036,38774.931852611226,561.9555340958148,2201091.8749999995,31899.882246376805,27,7392.0,0.049194836459508846,27,7392.0
61670.0,58,11809.0,168.7,1.7569668940299075,39048.28516196571,557.8326451709383,2261456.7339999992,32306.52477142856,31,7511.0,0.028598854785353598,31,7511.0
61675.0,61,12105.0,175.43478260869566,0.7549308385857881,39170.12563013749,567.6829801469204,2291639.323999999,33212.164115942025,35,7647.0,0.045358557805318264,35,7647.0
61680.0,53,8779.0,129.10294117647058,1.1301167747341898,39384.47075691209,579.1833934840014,2321824.094999999,34144.47198529411,30,5799.0,0.06770681595106424,30,5799.0
61685.0,48,6175.0,83.44594594594595,2.4058079541951445,39694.78136319277,536.4159643674699,2321830.094999999,31376.08236486487,32,3969.0,0.029278829783723998,32,3969.0
61690.0,43,3198.0,43.21621621621622,2.9070111919646386,36735.796226775645,496.4296787402112,2268199.229999999,30651.340945945947,35,8040.0,0.09834991431698485,35,8040.0
61695.0,41,1632.0,23.652173913043477,2.014534778923243,28328.49411262673,410.55788569024236,1992926.666,28882.99515942029,38,8194.0,0.009359696102264906,38,8194.0
61700.0,41,1138.0,16.257142857142856,1.631070668311847,24272.289576892465,346.7469939556066,2053731.7259999998,29339.024657142858,33,7737.0,0.0625718173349018,33,7737.0
61705.0,46,1067.0,14.616438356164384,1.6480670387468923,24586.71630729976,336.80433297670896,2223753.8459999994,30462.381452054793,30,7523.0,0.05080213788279094,30,7523.0
61710.0,50,1126.0,15.63888888888889,1.1325293709033373,23545.252123179314,327.0173905997126,2251289.4099999997,31267.908472222218,30,7636.0,0.017509508086708512,30,7636.0
61715.0,61,1363.0,18.173333333333332,0.8607899076747647,23826.388778066925,317.68518370755896,2304248.713999999,30723.316186666667,36,7800.0,0.0064048465212900255,36,7800.0
61720.0,59,1467.0,19.56,1.5676482423491833,23719.53044849075,316.2604059798765,2334467.7349999994,31126.236466666673,33,7812.0,0.04831981304630151,33,7812.0
61725.0,62,1771.0,23.30263157894737,1.756247059811007,23864.60211015627,314.0079225020561,2364685.0709999995,31114.277249999996,34,7902.0,0.08883064729835254,34,7902.0
61730.0,65,2085.0,27.8,1.1921259457188353,24052.392032742027,320.69856043656023,2334544.3789999997,31127.258386666665,37,8043.0,0.02449110789922946,37,8043.0
61735.0,66,2415.0,34.014084507042256,0.7039356155453694,24248.9667895595,341.5347435149225,2334544.2649999997,32880.90514084506,38,8198.0,0.00020943638710372843,38,8198.0
61740.0,61,2564.0,37.705882352941174,0.7083862653053911,24459.270400043224,359.69515294181184,2334543.8649999998,34331.52742647059,33,8052.0,0.015987202769017047,33,8052.0
61745.0,56,2709.0,37.625,1.6751794194434009,24743.574282644702,343.66075392562067,2334545.2369999997,32424.23940277778,28,7949.0,0.04586355600601977,28,7949.0
61750.0,52,2868.0,40.394366197183096,2.082950485393461,24824.78096831765,349.64480237067096,2274220.1520000002,32031.269746478876,25,7945.0,0.12507692053183678,25,7945.0
61755.0,57,3111.0,44.44285714285714,1.0078776889488505,24835.589165568566,354.7941309366936,2244164.08,32059.486857142852,31,8100.0,0.07947743700192128,31,8100.0
61760.0,52,2227.0,31.814285714285713,1.3984701128008379,24853.418141837108,355.04883059767286,2244362.7950000004,32062.32564285714,24,7278.0,0.06348929000243493,24,7278.0
61765.0,54,2486.0,33.5945945945946,2.5648313967753804,25156.732611210384,339.9558460974376,2274614.8710000003,30738.0387972973,28,7145.0,0.04481080159893774,28,7145.0
61770.0,56,2763.0,35.42307692307692,2.8522467387264276,25460.77653746511,326.42021201878333,2335106.129,29937.258064102567,30,7257.0,0.07850935100258996,30,7257.0
61775.0,61,3055.0,43.028169014084504,1.2485656931892766,24659.57895671829,347.31801347490546,2365341.9190000007,33314.674915492964,34,7383.0,0.0070551219963184385,34,7383.0
61780.0,57,3229.0,48.19402985074627,0.7637700280476791,24809.85216261957,370.2963009346204,2365340.0050000004,35303.582164179104,29,7259.0,0.02960698169976703,29,7259.0
61785.0,55,3409.0,50.88059701492537,1.5105709994551153,25116.24921392315,374.86939125258425,2365340.0050000004,35303.582164179104,27,7072.0,0.03623476792221114,27,7072.0
61790.0,51,3603.0,54.59090909090909,1.7170176605708407,25245.90983695435,382.5137854083992,2335186.2500000005,35381.609848484855,24,7163.0,0.07226149630993851,24,7163.0
61795.0,54,3851.0,60.171875,0.8471656787435571,25076.429051518346,391.81920392997404,2214456.3110000007,34600.879859375,28,7289.0,0.05355395497700279,28,7289.0
61800.0,50,3794.0,59.28125,1.2579879567235632,25248.10608977822,394.5016576527845,2214531.365,34602.052578125,24,7171.0,0.05531559104148729,24,7171.0
61805.0,52,4047.0,57.81428571428572,1.869540207092645,25539.68790138721,364.85268430553145,2275058.648000001,32500.837828571435,26,7173.0,0.0791133947661997,26,7173.0
61810.0,57,4317.0,59.958333333333336,2.106726349610171,25839.06081416857,358.87584464123006,2335581.548000001,32438.632611111112,30,7278.0,0.10700223486658135,30,7278.0
61815.0,60,4606.0,65.8,1.0297253178661376,26031.83027115196,371.8832895878851,2365834.412000001,33797.634457142856,34,7402.0,0.020351553059910415,34,7402.0
61820.0,58,4770.0,69.1304347826087,0.9574821984895677,26133.049318071753,378.7398451894457,2396094.292000001,34726.004231884064,30,7301.0,0.03285880878244504,30,7301.0
61825.0,53,4936.0,72.58823529411765,2.0727430793748827,26393.09910135979,388.1338103141144,2396094.292000001,35236.68076470589,25,7228.0,0.049327102100952744,25,7228.0
61830.0,50,5130.0,74.34782608695652,1.7619094749226667,26687.899242425265,386.78114844094574,2396095.102000001,34726.015971014494,23,7311.0,0.05961657723383289,23,7311.0
61835.0,55,5382.0,80.32835820895522,0.9718226109081604,26665.407302134663,397.99115376320384,2275214.6260000006,33958.427253731345,28,7420.0,0.06270169537613711,28,7420.0
61840.0,51,5522.0,83.66666666666667,1.188466389394363,26730.536048516038,405.0081219472126,2245086.0920000006,34016.455939393934,25,7411.0,0.060979470657492534,25,7411.0
61845.0,57,5797.0,79.41095890410959,1.8044167649400724,27037.785720565105,370.380626309111,2305637.5300000003,31584.075753424655,31,7500.0,0.04170765063429501,31,7500.0
61850.0,60,6090.0,84.58333333333333,1.7967979275712678,27274.451323990754,378.8118239443159,2366176.6400000006,32863.56444444445,33,7628.0,0.07228644369196231,33,7628.0
61855.0,63,6397.0,92.71014492753623,0.39436476691519057,27473.984222727795,398.17368438735934,2366173.6400000006,34292.3715942029,35,7765.0,0.02586265187061792,35,7765.0
61860.0,56,5845.0,85.95588235294117,0.8225162786616675,27794.041120425172,408.73589882978183,2366173.6400000006,34796.67117647059,28,7252.0,0.03888392548951652,28,7252.0
61865.0,51,5850.0,82.3943661971831,1.640619354012649,28110.73689686281,395.92587178680003,2366173.6400000006,33326.38929577466,22,7007.0,0.06838477303625821,22,7007.0
61870.0,51,6023.0,83.65277777777777,1.7596111138976116,28400.953834173655,394.45769214130064,2335902.1120000007,32443.084888888887,23,7078.0,0.11086176594346682,23,7078.0
61875.0,57,6266.0,89.51428571428572,1.1274722124703591,28322.96511937292,404.6137874196129,2305696.3650000007,32938.5195,30,7199.0,0.01835244588440142,30,7199.0
61880.0,56,6497.0,94.15942028985508,1.405320466374413,28183.121360215006,408.45103420601447,2335986.8600000003,33854.88202898551,30,7281.0,0.024662438761900187,30,7281.0
61885.0,60,6792.0,97.02857142857142,1.421451182558868,28309.805006467628,404.4257858066802,2366276.6300000004,33803.951857142856,33,7409.0,0.026956022730322986,33,7409.0
61890.0,61,7095.0,104.33823529411765,1.1003417853974464,28479.38140096761,418.8144323671706,2336030.8880000003,34353.3954117647,33,7539.0,0.024163111053709014,33,7539.0
61895.0,65,7405.0,110.5223880597015,0.28170754207745735,28742.14883773904,428.9872960856571,2336031.5760000004,34866.14292537313,35,7674.0,0.00016231268571404147,35,7674.0
61900.0,57,7543.0,114.28787878787878,1.0135379704475547,29044.244670459993,440.0643131887875,2336031.5760000004,35394.41781818181,29,7595.0,0.04819842093095606,29,7595.0
61905.0,52,7672.0,116.24242424242425,1.613814140292957,29340.611599897533,444.5547212105686,2336031.5760000004,35394.41781818181,24,7513.0,0.09041298875231729,24,7513.0
61910.0,51,7822.0,118.51515151515152,1.6310332206313347,29503.542495947462,447.02337115071884,2305784.6300000004,34936.13075757575,24,7526.0,0.08430834727632179,24,7526.0
61915.0,54,8058.0,127.9047619047619,0.6328040901012807,29404.55170759414,466.73891599355767,2215083.384,35160.05371428571,27,7646.0,0.05142641792741882,27,7646.0
61920.0,48,7464.0,118.47619047619048,1.6055769565857008,29592.836170833012,469.72755826719066,2215138.911,35160.93509523809,22,7017.0,0.09134665312805004,22,7017.0
61925.0,50,7708.0,105.58904109589041,2.5061498243702904,29878.46974028488,409.2941060312997,2275788.848,31175.189698630133,24,6991.0,0.03074533533185367,24,6991.0
61930.0,55,7970.0,106.26666666666667,3.1962438733072163,30166.621655788058,402.22162207717406,2336422.146,31152.295279999995,28,7088.0,0.1546029652671892,28,7088.0
61935.0,59,8248.0,124.96969696969697,0.4647918008488424,29537.87931694404,447.5436260143035,2366729.8140000002,35859.542636363636,33,7201.0,0.05006897483688176,33,7201.0
61940.0,58,8416.0,125.61194029850746,0.7997425961028923,29859.2167637131,445.6599516972101,2397045.39,35776.79686567164,31,7111.0,0.04192853526101969,31,7111.0
61945.0,54,8594.0,128.26865671641792,1.725802415588459,30161.95280308529,450.178400046049,2397045.39,35776.79686567164,26,7050.0,0.053831387734916414,26,7050.0
61950.0,51,8795.0,131.26865671641792,1.5445942255284562,30281.2959118274,451.9596404750357,2336492.371,34873.02046268657,24,7140.0,0.05242987655887076,24,7140.0
61955.0,54,9044.0,139.13846153846154,1.02685823411645,30317.28620385035,466.41978775154377,2245667.52,34548.73107692307,27,7246.0,0.03716024787970131,27,7246.0
61960.0,48,9022.0,138.8,1.2908243952069571,30491.13494870161,469.09438382617856,2245738.296,34549.81993846154,22,7116.0,0.0633217214343391,22,7116.0
61965.0,54,9277.0,136.4264705882353,1.8863379966542975,30781.088439602692,452.6630652882748,2306396.057,33917.58907352941,27,7159.0,0.05196423714741328,27,7159.0
61970.0,57,9551.0,144.71212121212122,1.4719758893415282,30962.11300130164,469.1229242621459,2336720.987,35404.86343939394,31,7268.0,0.050327025795649086,31,7268.0
61975.0,60,9842.0,146.8955223880597,1.0351428856161795,31169.360220215,465.214331645,2367051.385,35329.12514925373,32,7391.0,0.03541404338685218,32,7391.0
61980.0,54,9988.0,156.0625,1.2523739090647188,31320.377567093634,489.38089948583774,2367048.385,36985.131015625,26,7300.0,0.0379861385350621,26,7300.0
61985.0,52,10157.0,149.36764705882354,1.9228674073333547,31613.90182694551,464.9103209844927,2367048.673,34809.539308823536,24,7205.0,0.0691756235569937,24,7205.0
61990.0,50,10324.0,151.8235294117647,2.2713932818503797,31881.109281965906,468.8398423818513,2336719.089,34363.516014705885,22,7214.0,0.1460332811385037,22,7214.0
61995.0,54,10540.0,159.6969696969697,0.9431842350619841,31909.441593346874,483.47638777798284,2276194.984,34487.80278787879,27,7315.0,0.046707837228374405,27,7315.0
62000.0,52,10730.0,162.57575757575756,1.286645855776852,31856.1078646553,482.6683009796256,2215714.7440000004,33571.43551515152,26,7362.0,0.05738990472933554,26,7362.0
62005.0,56,10999.0,152.76388888888889,1.8443865809688147,32160.900643234374,446.67917560047744,2276407.9660000005,31616.777305555548,29,7462.0,0.03873849311216137,29,7462.0
62010.0,60,11288.0,158.98591549295776,1.4617345110887106,32443.446081560272,456.94994481070796,2306755.0510000004,32489.507760563392,34,7586.0,0.07304321916157336,34,7586.0
62015.0,64,11599.0,163.3661971830986,0.5996313668059893,32691.05616702845,460.4374108032175,2367451.3650000007,33344.38542253522,38,7732.0,0.03870690409340542,38,7732.0
62020.0,56,11078.0,156.0281690140845,1.0725858871644205,33006.683773778794,464.88287005322223,2397792.8950000005,33771.73091549297,29,7241.0,0.0802556792312456,29,7241.0
62025.0,53,11143.0,152.64383561643837,1.2676832753613796,33331.51465555523,456.5960911719893,2397794.559000001,32846.50080821918,24,6994.0,0.05989835119848059,24,6994.0
62030.0,55,11349.0,159.8450704225352,1.357844028755498,33320.01226665241,469.29594741763947,2367463.5640000007,33344.55723943663,27,7082.0,0.03097347434115801,27,7082.0
62035.0,58,11606.0,165.8,0.984000282993616,33633.822043631124,480.4831720518731,2337117.806000001,33387.397228571426,32,7202.0,0.02037631650929327,32,7202.0
62040.0,58,11831.0,173.98529411764707,0.7578685777270798,33495.26570352575,492.57743681655484,2337128.705,34369.53977941177,32,7172.0,0.013600460192329654,32,7172.0
62045.0,57,12076.0,170.08450704225353,1.5703681617567231,33625.933852769005,473.604702151676,2337127.895,32917.29429577465,29,7145.0,0.048676858711785786,29,7145.0
62050.0,54,12308.0,173.35211267605635,1.619077669089172,33710.45675335599,474.7951655402253,2276489.1160000004,32063.2269859155,27,7246.0,0.10774271646847955,27,7246.0
62055.0,57,12576.0,179.65714285714284,0.8183081292700112,33814.04112653285,483.0577303790407,2246229.3950000005,32088.99135714286,31,7378.0,0.03421465261857212,31,7378.0
62060.0,56,12705.0,178.94366197183098,1.3089107293316202,34027.68428493928,479.26315894280674,2276658.6410000003,32065.614661971835,29,7347.0,0.06142838306415733,29,7347.0
62065.0,59,12991.0,177.95890410958904,1.6931935863814631,34345.3888874427,470.48477928003706,2307031.383,31603.169630136978,33,7463.0,0.052359388845792096,33,7463.0
62070.0,62,13295.0,187.25352112676057,1.1110918997018535,34566.5600027598,486.85295778534925,2367774.0009999997,33348.9295915493,36,7602.0,0.03778255519214562,36,7602.0
62075.0,67,13615.0,189.09722222222223,0.5745010639153575,34836.90239149271,483.84586654850983,2367774.6909999996,32885.75959722223,37,7751.0,0.000303970487788829,37,7751.0
62080.0,55,13533.0,196.1304347826087,1.069823629253048,35090.98603769808,508.56501503910283,2367771.6909999996,34315.53175362319,26,7529.0,0.05706239723835,26,7529.0
62085.0,53,13674.0,189.91666666666666,1.4092859142982006,35409.55768184378,491.7994122478301,2367774.6909999996,32885.75959722223,24,7469.0,0.07806332292156506,24,7469.0
62090.0,55,13863.0,192.54166666666666,1.4483799976852334,35728.483257784515,496.22893413589605,2367774.6909999996,32885.75959722223,27,7559.0,0.0436292846253741,27,7559.0
62095.0,58,14117.0,204.59420289855072,0.6970088195034849,35923.72228470644,520.6336563000932,2307024.4830000005,33435.137434782606,32,7694.0,0.006514294875807386,32,7694.0
62100.0,51,13298.0,192.7246376811594,1.8274232747410726,35967.52742582733,521.2685134177873,2367811.6200000006,34316.110434782604,24,6915.0,0.0646504133253542,24,6915.0
62105.0,53,13556.0,185.6986301369863,2.882438706915508,36164.85204981343,495.4089321892249,2367812.7120000003,32435.790575342464,25,6818.0,0.03619401559917555,25,6818.0
62110.0,54,13822.0,191.97222222222223,3.0577971282119276,36295.24393588208,504.10061022058403,2337497.1360000004,32465.237999999998,26,6909.0,0.11770561433832732,26,6909.0
62115.0,55,14093.0,227.30645161290323,0.7144823983946293,35444.95522412196,571.6928261955152,2337487.836,37701.41670967742,27,7005.0,0.02195522621360555,27,7005.0
62120.0,53,14190.0,240.5084745762712,0.5894426000218318,35654.98170486838,604.3217238113282,2337484.3140000002,39618.37820338982,25,6848.0,0.015466182261244228,25,6848.0
62125.0,48,14288.0,238.13333333333333,1.4856389672075794,35930.40369778303,598.8400616297171,2337484.3140000002,38958.071899999995,20,6734.0,0.05413247581777646,20,6734.0
62130.0,46,14411.0,232.43548387096774,1.7401973288139267,36199.68567243659,583.8658979425255,2337486.2660000003,37701.39138709677,19,6794.0,0.06579789684588286,19,6794.0
62135.0,50,14620.0,247.79661016949152,0.8893724728609012,35857.44209718871,607.753255884554,2216200.9809999997,37562.72849152542,23,6890.0,0.038712442882751476,23,6890.0
62140.0,44,14613.0,243.55,1.3128652875256739,36127.96836234342,602.1328060390571,2246625.777,37443.76295,18,6773.0,0.07516353415099476,18,6773.0
62145.0,48,14841.0,231.890625,1.995180082036023,36396.55075431337,568.696105536146,2307480.4809999997,36054.382515625,22,6807.0,0.09795924955392109,22,6807.0
62150.0,52,15089.0,232.13846153846154,2.045889205624019,36614.83620500373,563.3051723846726,2368322.835,36435.73592307692,25,6890.0,0.08136293749061886,25,6890.0
62155.0,56,15356.0,247.67741935483872,0.9015585744345546,36748.21627349781,592.7131657015776,2368318.693,38198.68859677419,28,6989.0,0.00045393659809665716,28,6989.0
62160.0,50,15476.0,262.3050847457627,1.1205228590750438,36905.85789063177,625.5230150954535,2368318.693,40140.99479661016,22,6843.0,0.020256752261997715,22,6843.0
62165.0,46,15620.0,240.30769230769232,2.168860762381464,37180.48673192334,572.0074881834361,2368324.693,36435.76450769231,18,6704.0,0.06570548812962568,18,6704.0
62170.0,44,15748.0,246.0625,2.8751942950859,37425.00379792335,584.7656843425523,2337900.881,36529.701265625,17,6664.0,0.1873490547903641,17,6664.0
62175.0,50,15960.0,261.6393442622951,1.0504238108110941,37229.978403187604,610.3275148063541,2246874.7729999996,36834.01267213114,23,6743.0,0.07104965007165866,23,6743.0
62180.0,49,16153.0,260.53225806451616,1.1854633245657993,37225.40546873751,600.4097656247984,2216630.423,35752.103596774185,23,6787.0,0.043041109325359615,23,6787.0
62185.0,52,16405.0,256.328125,1.7160408433400853,37499.65799817425,585.9321562214724,2277518.539,35586.227171875,26,6874.0,0.05065198011787069,26,6874.0
62190.0,55,16669.0,256.44615384615383,1.4513767070099093,37761.91387312121,580.9525211249417,2338395.4159999997,35975.31409230769,28,6973.0,0.06934833047945031,28,6973.0
62195.0,58,16947.0,264.796875,0.5238322639259287,38003.600362109304,593.8062556579578,2368836.389,37013.068578125,32,7086.0,0.0019340655074528675,32,7086.0
62200.0,54,17094.0,275.7096774193548,0.8330867257463488,38278.2030050516,617.3903710492192,2368833.389,38206.99014516129,26,6978.0,0.0417433168064518,26,6978.0
62205.0,50,17246.0,265.32307692307694,1.724267115220715,38564.76521867909,593.3040802873703,2368835.057,36443.61626153846,22,6872.0,0.06011644580849126,22,6872.0
62210.0,47,17425.0,272.265625,2.22611465118707,38821.95540996076,606.5930532806368,2338393.527,36537.398859375004,20,6865.0,0.09014607722984107,20,6865.0
62215.0,49,17648.0,289.3114754098361,1.1939100029503145,38658.887795326256,633.7522589397745,2247298.526,36840.95944262295,22,6948.0,0.09340967466936438,22,6948.0
62220.0,50,17856.0,292.72131147540983,0.9369908714877286,38704.345407581415,634.4974656980557,2216992.1010000003,36344.132803278684,24,7004.0,0.06036721932069273,24,7004.0
62225.0,53,18115.0,274.469696969697,1.4783574012367364,38996.242857506375,590.852164507672,2277903.869,34513.694984848495,27,7098.0,0.0770129253418164,27,7098.0
62230.0,58,18388.0,262.6857142857143,1.2498767501916213,39261.56353895498,560.8794791279282,2338812.2210000004,33411.603157142854,31,7206.0,0.06196237709861049,31,7206.0
62235.0,61,18684.0,274.7647058823529,0.7615359335125395,39530.95964579565,581.3376418499356,2369265.2120000008,34842.13547058824,35,7337.0,0.048436175966673246,35,7337.0
62240.0,57,18841.0,273.05797101449275,0.8336403375375426,39853.738118256566,577.5904075109645,2399716.0500000007,34778.49347826088,30,7271.0,0.056569278913761546,30,7271.0
62245.0,56,19025.0,264.2361111111111,1.8233405100855913,40172.60080368911,557.9527889401264,2399719.0500000007,33329.431249999994,28,7258.0,0.0541880149392994,28,7258.0
62250.0,52,19239.0,270.9718309859155,2.126001261765546,40344.47465086497,568.2320373361264,2369324.150000001,33370.76267605634,25,7295.0,0.09208214329306294,25,7295.0
62255.0,58,19495.0,278.5,0.8739535945269347,40406.715166526265,577.2387880932323,2247588.7680000006,32108.41097142858,29,7407.0,0.044048429778520345,29,7407.0
62260.0,55,19690.0,285.3623188405797,1.4636628098364632,40542.92765356629,587.5786616458881,2217214.8690000004,32133.548826086957,29,7447.0,0.07159887886486323,29,7447.0
62265.0,59,19975.0,281.3380281690141,1.4663974763384422,40851.467266335596,575.3727783990929,2278149.1730000004,32086.608070422535,33,7567.0,0.08991192921321584,33,7567.0
62270.0,63,20275.0,277.73972602739724,1.2363690160859018,41173.62824830476,564.022304771298,2339072.4910000004,32042.08891780821,36,7702.0,0.008688594793171408,36,7702.0
62275.0,65,20594.0,298.463768115942,0.5063528186164418,41390.89733080771,599.8680772580827,2369536.16,34341.10376811594,39,7856.0,0.007214179288269766,39,7856.0
62280.0,54,20086.0,295.38235294117646,1.122950341376078,41686.426655051284,613.0356861036952,2400003.3400000003,35294.16676470588,27,7391.0,0.05479279126797726,27,7391.0
62285.0,52,20223.0,273.2837837837838,1.662001598317257,42004.07203416224,567.6225950562463,2400010.724,32432.57735135135,22,7226.0,0.05723318342790119,22,7226.0
62290.0,50,20398.0,283.30555555555554,1.8561950619956815,41958.00167258987,582.7500232304145,2369567.454,32910.65908333333,22,7302.0,0.09301071985351712,22,7302.0
62295.0,54,20633.0,299.0289855072464,1.0324037838920077,42216.1651519804,611.828480463484,2278185.455,33017.180507246376,28,7406.0,0.036955540413399414,28,7406.0
62300.0,51,19831.0,275.43055555555554,2.018726441740102,42309.775342602086,587.6357686472511,2339145.034,32488.125472222222,24,6655.0,0.09223419313150258,24,6655.0
62305.0,52,20085.0,282.88732394366195,2.635954924809473,42357.15834377258,596.5796949827122,2339178.766,32946.1798028169,26,6539.0,0.0761814856894727,26,6539.0
62310.0,56,20360.0,290.85714285714283,2.02581017310017,42187.34798511807,602.6763997874009,2339176.266,33416.803799999994,28,6649.0,0.005509825624394409,28,6649.0
62315.0,57,20645.0,317.61538461538464,1.3680092472728937,41827.83646979662,643.5051764584093,2339168.48,35987.20738461539,29,6778.0,0.03269191249000122,29,6778.0
62320.0,53,20837.0,347.28333333333336,0.9324509800171608,41879.79054703288,697.9965091172145,2339166.428,38986.107133333324,25,6825.0,0.06032859679582508,25,6825.0
62325.0,54,21103.0,334.968253968254,1.3044286376691492,42162.723686148245,669.2495823198134,2339169.428,37129.673460317455,26,6937.0,6.986775854667583e-05,26,6937.0
62330.0,54,21373.0,344.7258064516129,1.5943921971347945,42410.99653627659,684.0483312302675,2339165.736,37728.47961290322,26,7044.0,0.06795030403733612,26,7044.0
62335.0,55,21645.0,360.75,0.48808569856804096,42593.86768563944,709.8977947606571,2339162.286,38986.0381,27,7141.0,0.012703243832868069,27,7141.0
62340.0,51,21630.0,366.6101694915254,0.9955834296049754,42869.681999755005,726.6047796568643,2339162.286,39646.818406779654,23,6977.0,0.021253972314962923,23,6977.0
62345.0,46,21636.0,348.96774193548384,1.8554723300795826,43142.28161440131,695.8432518451824,2339162.286,37728.42396774193,18,6865.0,0.08771044340337066,18,6865.0
62350.0,44,21682.0,361.3666666666667,1.975781145102363,43203.601345506715,720.0600224251118,2278257.651,37970.960849999996,17,6831.0,0.1534221356840889,17,6831.0
62355.0,48,21867.0,370.6271186440678,0.8732773582326215,43212.6935634663,732.418534974005,2247889.072,38099.81477966101,22,6983.0,0.06344951493038531,22,6983.0
62360.0,48,22068.0,367.8,1.1489326547418959,43250.47887207849,720.8413145346414,2217502.82,36958.38033333332,22,7019.0,0.037225872863351536,22,7019.0
62365.0,51,22318.0,354.25396825396825,1.773845647304305,43523.54199046424,690.8498728645116,2278554.9069999997,36167.53820634919,25,7104.0,0.04149292148328266,25,7104.0
62370.0,54,22578.0,358.3809523809524,1.2570985290057655,43772.933212078344,694.8084636837831,2339603.7350000003,37136.56722222221,27,7199.0,0.07618979215840113,27,7199.0
62375.0,57,22855.0,368.6290322580645,0.2757808798310642,44019.09224819509,709.9853588418559,2370124.3610000005,38227.812274193544,31,7311.0,0.019755252042880395,31,7311.0
62380.0,53,23001.0,359.390625,1.1384439733355405,44317.73819122067,692.4646592378228,2400649.0940000005,37510.14209375,26,7202.0,0.09417365254052731,26,7202.0
62385.0,50,23147.0,350.7121212121212,1.8309717553604412,44601.4480487529,675.7795158901952,2400650.7660000003,36373.49645454545,22,7104.0,0.0670942419380978,22,7104.0
62390.0,46,23322.0,358.8,2.1643625145873346,44861.211493219045,690.1724845110623,2370123.021,36463.431092307685,20,7086.0,0.06713286864482675,20,7086.0
62395.0,49,23559.0,379.98387096774195,1.1684095344746532,44723.65030804873,721.3491985169151,2278759.116,36754.17929032257,22,7168.0,0.07760890640286348,22,7168.0
62400.0,49,23743.0,389.2295081967213,1.1131327210616941,44885.12928473149,735.8217915529751,2248303.266,36857.43059016393,23,7196.0,0.051564020315825736,23,7196.0
62405.0,53,24001.0,347.84057971014494,1.4985338719397114,45068.30445816404,653.1638327270151,2278915.538,33027.76142028985,27,7289.0,0.06806970691080388,27,7289.0
62410.0,57,24274.0,337.1388888888889,1.8634875395214594,45335.06947536982,629.6537427134697,2339981.094,32499.737416666667,30,7397.0,0.10725786890774469,30,7397.0
62415.0,60,24565.0,345.98591549295776,0.6201114551725517,45618.4440690617,642.5132967473479,2370511.332,33387.483549295765,34,7523.0,0.010674077964903274,34,7523.0
62420.0,61,24756.0,353.65714285714284,0.7095878360528294,45929.40650337825,656.1343786196893,2370511.332,33864.44759999999,33,7441.0,0.03294923993751918,33,7441.0
62425.0,58,24954.0,356.48571428571427,1.3792361349688897,46251.48174825006,660.7354535464295,2370511.332,33864.44759999999,30,7386.0,0.043841262507822304,30,7386.0
62430.0,54,25172.0,359.6,1.731729861141206,46558.81424769163,665.1259178241664,2370511.332,33864.44759999999,27,7404.0,0.06474062472892918,27,7404.0
62435.0,59,25436.0,368.6376811594203,0.8581017874729965,46441.22161946229,673.0611828907579,2248589.1820000005,32588.249014492754,30,7528.0,0.04015300169777562,30,7528.0
62440.0,55,25607.0,371.1159420289855,1.4693545162595556,46516.39647171963,674.1506735031829,2248734.7040000004,32590.358028985505,28,7549.0,0.0773368979716234,28,7549.0
62445.0,58,25886.0,364.59154929577466,1.5803632542717267,46825.907092990434,659.5198182111328,2279280.0090000005,32102.53533802817,32,7663.0,0.07850446401068738,32,7663.0
62450.0,61,26183.0,363.65277777777777,1.1993156338837965,47116.898312379584,654.4013654497165,2340375.7620000006,32505.21891666667,35,7795.0,0.03249468993978342,35,7795.0
62455.0,65,26498.0,373.2112676056338,0.6657261500184813,47365.83949620704,667.1244999465781,2370920.3200000008,33393.243943661975,39,7945.0,0.01210371461442914,39,7945.0
62460.0,54,25954.0,365.5492957746479,1.1753229966249825,47686.053048920425,671.6345499847948,2401472.1820000005,33823.55185915493,27,7559.0,0.07997074897654959,27,7559.0
62465.0,56,26101.0,348.0133333333333,1.4846558753152168,47978.238671772946,639.7098489569727,2401473.5700000003,32019.647600000004,25,7352.0,0.04954605481637801,25,7352.0
62470.0,52,26280.0,350.4,1.917217834962687,48304.638142114025,644.0618418948536,2401473.5700000003,32019.647600000004,24,7436.0,0.1028956989724699,24,7436.0
62475.0,59,26548.0,373.9154929577465,0.6236703529498792,48354.025144697276,681.0426076717928,2309840.379,32532.963084507046,32,7554.0,0.016812167633000998,32,7554.0
62480.0,55,25848.0,354.0821917808219,1.2634072376917105,48685.32978154171,666.9223257745441,2370966.5490000006,32478.993821917815,27,6864.0,0.048799575733530484,27,6864.0
62485.0,56,26125.0,357.8767123287671,2.1113344547294246,48432.46270019332,663.4583931533331,2370965.556000001,32478.98021917808,28,6823.0,0.036732722145750504,28,6823.0
62490.0,58,26401.0,347.38157894736844,2.6176047335227124,48742.46582769356,641.3482345749155,2370967.767000001,31196.94430263159,30,6932.0,0.05280296431572429,30,6932.0
62495.0,60,26695.0,386.8840579710145,1.366726809130651,48091.41530016951,696.97703333579,2340436.5070000007,33919.36966666667,32,7051.0,0.029156361381132912,32,7051.0
62500.0,56,26807.0,412.4153846153846,0.7342806114359305,48147.26373258665,740.7271343474871,2340435.4270000006,36006.69887692308,28,6959.0,0.04742926693199661,28,6959.0
62505.0,55,26962.0,414.8,1.3111147544500044,48447.07282899771,745.3395819845803,2340435.4270000006,36006.69887692308,27,6895.0,0.05304632401355471,27,6895.0
62510.0,50,27082.0,429.87301587301585,1.2505541507184108,48572.74383787182,770.9959339344733,2279361.3140000007,36180.33831746033,23,6911.0,0.07089258277411428,23,6911.0
62515.0,52,27313.0,420.2,1.1828633619210291,48738.26417034686,749.8194487745673,2279432.9020000007,35068.1984923077,26,7051.0,0.05699246010230428,26,7051.0
62520.0,49,27319.0,426.859375,1.37036477105165,48687.41247715394,760.7408199555304,2249035.2550000004,35141.175859375,22,6948.0,0.08876325271935664,22,6948.0
62525.0,54,27573.0,399.60869565217394,1.520457754837124,48982.35186823174,709.8891575106048,2279628.1450000005,33038.089057971025,27,6979.0,0.02902534667662578,27,6979.0
62530.0,56,27843.0,392.15492957746477,2.25944487064724,49283.439097863826,694.1329450403357,2340809.6720000003,32969.15030985916,30,7087.0,0.08600577467018876,30,7087.0
62535.0,58,28127.0,407.6376811594203,1.0774179878137076,49416.07970579637,716.1750681999474,2371395.319,34368.048101449276,32,7206.0,0.03732651142489619,32,7206.0
62540.0,56,28284.0,415.94117647058823,0.992617727816193,49580.34043958784,729.1226535233506,2401987.003,35323.33827941177,29,7132.0,0.04819619011456245,29,7132.0
62545.0,54,28479.0,418.80882352941177,2.0521400397641534,49881.62469065076,733.5533042742759,2401987.003,35323.33827941177,26,7072.0,0.04696858063948251,26,7072.0
62550.0,51,28656.0,434.1818181818182,1.4828714869566642,50146.3473344858,759.793141431603,2340802.1530000004,35466.69928787878,24,7158.0,0.06609649067017662,24,7158.0
62555.0,56,28911.0,451.734375,0.6330243953722381,50083.38036180103,782.5528181531408,2249188.1930000004,35143.565515625,29,7269.0,0.039033825379355895,29,7269.0
62560.0,46,19659.0,307.171875,1.1443278903590364,50255.91502619237,785.2486722842553,2249260.446,35144.69446875,24,5392.0,0.06794281973211976,24,5392.0
62565.0,44,12994.0,183.01408450704224,2.2533328431739084,50546.78080839296,711.9264902590559,2310478.2,32541.946478873237,29,4524.0,0.04480614261219579,29,4524.0
62570.0,39,6328.0,89.12676056338029,3.1597240177181787,48401.36620636654,681.7093831882609,2285807.781,32194.475788732394,33,7600.0,0.06709018143048008,33,7600.0
62575.0,39,1372.0,20.47761194029851,2.1781545637917485,38014.87409626936,567.3861805413337,2038926.6130000001,30431.740492537312,38,7753.0,0.05970599576598778,38,7753.0
62580.0,41,950.0,14.17910447761194,1.7596659743885386,31472.56765125957,469.73981569044133,2045446.164,30529.047223880596,32,7378.0,0.030667086772258986,32,7378.0
62585.0,42,1001.0,13.902777777777779,2.383718078241134,30539.487530000813,424.1595490277889,2161654.659,30022.981375,26,7192.0,0.059979365353527554,26,7192.0
62590.0,47,1146.0,15.486486486486486,1.832703721164922,30666.92905441697,414.4179601948239,2246059.892,30352.160702702702,27,7294.0,0.08026567922826408,27,7294.0
62595.0,58,1399.0,19.704225352112676,0.8733142074164644,30407.229065490053,428.27083190831075,2242481.1480000005,31584.241521126754,34,7432.0,0.017129409028585552,34,7432.0
62600.0,52,1295.0,18.239436619718308,1.4221939247087012,30610.85684475555,431.1388287993741,2273099.7150000003,32015.48894366197,26,7270.0,0.05124583171966462,26,7270.0
62605.0,56,1568.0,21.47945205479452,2.1681173975288446,30923.175576121736,423.60514487838,2303719.4490000005,31557.80067123287,30,7305.0,0.028130080907141492,30,7305.0
62610.0,59,1854.0,26.112676056338028,1.8415934082553036,30899.64514487929,435.2062696461872,2303795.4350000005,32447.823028169016,32,7425.0,0.05381883289591511,32,7425.0
62615.0,62,2151.0,30.728571428571428,0.9777944360140316,31076.812532316555,443.95446474737935,2303798.4930000007,32911.40704285714,32,7552.0,0.025753467905887936,32,7552.0
62620.0,55,2293.0,34.223880597014926,1.3942358988952972,31253.417263566695,466.46891438159236,2303795.4930000007,34385.00735820895,27,7454.0,0.079873221085158,27,7454.0
62625.0,53,2431.0,36.833333333333336,1.6630618444605894,31504.361767356197,477.3388146569121,2303795.4930000007,34905.992318181816,25,7385.0,0.09575150710552974,25,7385.0
62630.0,51,2601.0,40.01538461538462,1.4452209545904449,31779.75002938914,488.9192312213714,2273173.2040000004,34971.895446153845,24,7405.0,0.06352905547337126,24,7405.0
62635.0,54,2840.0,44.375,0.9654340196506668,31775.631806757363,496.49424698058385,2242714.171,35042.408921875,27,7524.0,0.0470537412857381,27,7524.0
62640.0,45,2084.0,33.61290322580645,1.6127449052560494,31725.690080731125,511.70467872146986,2181614.8700000006,35187.33661290323,19,6791.0,0.10193930798580127,19,6791.0
62645.0,49,2319.0,32.208333333333336,2.709374082696783,32002.19707920997,444.4749594334719,2242918.1720000003,31151.64127777778,22,6698.0,0.028606911157172833,22,6698.0
62650.0,51,2569.0,36.183098591549296,3.1684432417774118,31981.21252661648,450.4396130509363,2273563.7920000004,32022.025239436618,25,6788.0,0.1720353471728465,25,6788.0
62655.0,58,2836.0,43.63076923076923,0.5362455410947076,31482.763891189217,484.3502137106034,2334843.134,35920.6636,32,6895.0,0.03235825325991597,32,6895.0
62660.0,56,2994.0,46.06153846153846,0.7680824381156997,31770.51942430594,488.77722191239917,2365487.899,36392.121523076916,29,6817.0,0.045527151463705576,29,6817.0
62665.0,53,3182.0,48.95384615384615,1.648077953996094,32062.0874498492,493.26288384383383,2365487.899,36392.121523076916,25,6768.0,0.05882540488456942,25,6768.0
62670.0,48,3354.0,50.059701492537314,2.041785320856249,32345.052874518107,482.76198320176286,2365489.863,35305.81885074627,21,6782.0,0.06846003567102124,21,6782.0
62675.0,51,3590.0,55.23076923076923,1.675342273974004,32328.157354496005,497.3562669922462,2273696.3580000005,34979.94396923077,24,6877.0,0.05089433660235741,24,6877.0
62680.0,46,3547.0,57.20967741935484,1.6183474714685253,32278.057805704455,520.6138355758784,2181917.6050000004,35192.21943548387,20,6732.0,0.12216271328131571,20,6732.0
62685.0,49,3786.0,58.246153846153845,1.8009666719254533,32552.645905058624,500.80993700090215,2243223.5670000007,34511.131799999996,23,6765.0,0.05179483164081645,23,6765.0
62690.0,55,4045.0,61.28787878787879,1.6628012878549643,32750.677765592434,496.2223903877643,2304538.324000001,34917.24733333334,28,6882.0,0.05796087821897575,28,6882.0
62695.0,56,4318.0,65.42424242424242,1.3790588416891862,32977.42844271431,499.65800670779254,2335189.248000001,35381.65527272727,30,7024.0,0.06643919762480242,30,7024.0
62700.0,53,4456.0,70.73015873015873,1.3255274317575947,33059.42543496447,524.7527846819759,2365836.403000001,37552.958777777785,25,6962.0,0.05354124329274651,25,6962.0
62705.0,48,4603.0,69.74242424242425,2.0340343674990327,33344.00544313647,505.21220368388566,2365836.403000001,35846.0061060606,20,6918.0,0.05672820942717426,20,6918.0
62710.0,47,4784.0,73.6,2.0646698079528383,33587.24050843405,516.7267770528315,2335191.2280000006,35926.018892307686,20,6991.0,0.10263231553068577,20,6991.0
62715.0,51,5015.0,80.88709677419355,0.7098877437244018,33615.166228473274,542.1801004592465,2243340.6200000006,36182.91322580646,24,7086.0,0.04110729172767386,24,7086.0
62720.0,50,5197.0,82.4920634920635,1.0260730128719069,33709.17661454529,535.0662954689728,2212769.0430000005,35123.31814285714,24,7124.0,0.022586668412759584,24,7124.0
62725.0,53,5455.0,80.22058823529412,1.9124917220289834,34000.29265763827,500.00430378879804,2274104.153000001,33442.70813235295,27,7218.0,0.044369883165614035,27,7218.0
62730.0,56,5727.0,84.22058823529412,1.5374878499173275,34260.802133051875,503.8353254860571,2335434.4570000004,34344.62436764706,29,7330.0,0.094256702589764,29,7330.0
62735.0,61,6022.0,89.88059701492537,0.5375311585014885,34531.321988943026,515.3928655066125,2335434.4570000004,34857.23070149254,33,7457.0,0.021783389363007673,33,7457.0
62740.0,57,6182.0,95.1076923076923,0.7258198197412898,34789.39734404781,535.2214976007358,2335434.4570000004,35929.76087692307,29,7437.0,0.04308394526353959,29,7437.0
62745.0,52,6338.0,93.20588235294117,1.4748862732309342,35089.11504330888,516.016397695719,2335436.2450000006,34344.65066176471,24,7414.0,0.052420701387017175,24,7414.0
62750.0,50,6512.0,98.66666666666667,1.7401936422720519,35273.87279748899,534.4526181437726,2274119.769000001,34456.360136363626,23,7500.0,0.08580751622676726,23,7500.0
62755.0,51,6746.0,105.40625,0.6681679498671742,35376.43922863531,552.7568629474268,2212845.6170000006,34575.712765624994,25,7611.0,0.04613154398125197,25,7611.0
62760.0,53,6949.0,108.578125,0.6978903041001703,35587.800382615635,556.0593809783692,2212882.964,34576.296312499995,27,7672.0,0.024192375870262767,27,7672.0
62765.0,57,7228.0,103.25714285714285,1.2392392795040836,35899.20658571862,512.8458083674086,2274254.8600000003,32489.35514285714,31,7791.0,0.03457977583845977,31,7791.0
62770.0,61,7523.0,103.05479452054794,1.2290625408334503,36177.074390183596,495.5763615093644,2304940.7500000005,31574.5308219178,35,7926.0,0.0878195125333353,35,7926.0
62775.0,63,7833.0,107.3013698630137,0.8514393888880415,36480.034168352635,499.72649545688523,2335625.697,31994.87256164384,35,8071.0,0.04878252291983578,35,8071.0
62780.0,63,8025.0,111.45833333333333,0.7454987701617066,36799.94691105171,511.11037376460706,2335625.697,32439.24579166666,35,8068.0,0.03169548086126643,35,8068.0
62785.0,61,8246.0,114.52777777777777,1.2789127031171996,37130.93469482729,515.7074263170459,2335625.697,32439.24579166666,33,8076.0,0.037597489520243846,33,8076.0
62790.0,57,8438.0,118.84507042253522,1.1677842003264838,37357.45205420401,526.1612965380849,2304966.912,32464.322704225346,30,8199.0,0.04225341413456602,30,8199.0
62795.0,62,8711.0,120.98611111111111,0.7386797983455753,37544.22219167137,521.4475304398803,2243659.1,31161.93194444444,33,8346.0,0.036254275318448506,33,8346.0
62800.0,52,8086.0,112.30555555555556,1.9700962792046421,37770.514384351365,524.590477560436,2243705.876,31162.581611111105,26,7694.0,0.09412853874753466,26,7694.0
62805.0,57,8358.0,108.54545454545455,2.6082495078053554,37978.39465937701,493.22590466723415,2274456.042,29538.390155844154,30,7690.0,0.077196550551106,30,7690.0
62810.0,60,8651.0,112.35064935064935,2.314780868541857,38145.1984398064,495.39218752995356,2305155.937,29937.090090909085,34,7823.0,0.05082800414977441,34,7823.0
62815.0,64,8962.0,129.8840579710145,0.6097436663019413,37650.087934779825,545.6534483301426,2335855.755,33852.98195652173,37,7972.0,0.035378061811713005,37,7972.0
62820.0,60,9080.0,135.52238805970148,0.6528987709824174,37933.81492808631,566.1763422102435,2335855.343,34863.51258208955,32,7950.0,0.02416211143848957,32,7950.0
62825.0,60,9380.0,130.27777777777777,1.3200358793878815,38256.528793360245,531.3406776855593,2335859.739,32442.496375000002,32,8050.0,2.77314370809117e-07,32,8050.0
62830.0,60,9680.0,134.44444444444446,2.1097134660935777,38568.53044624919,535.6740339756834,2335859.739,32442.496375000002,32,8180.0,0.0788003558505471,32,8180.0
62835.0,61,9981.0,148.97014925373134,0.5209851563326622,38665.67689078379,577.0996550863255,2335856.201,34863.5253880597,33,8311.0,0.015004471146243542,33,8311.0
62840.0,53,8925.0,137.30769230769232,0.942420069070726,38936.28475315335,599.0197654331288,2335856.201,35936.24924615384,25,7538.0,0.030367490438847608,25,7538.0
62845.0,47,8705.0,129.92537313432837,1.4295323077953435,39233.43936736811,585.5737219010168,2335856.6180000002,34863.53161194029,18,7176.0,0.07239019845315275,18,7176.0
62850.0,45,8778.0,133.0,1.3922953678832202,38981.17851838834,590.6239169452782,2274517.418,34462.38512121212,17,7233.0,0.1025508760692376,17,7233.0
62855.0,51,8976.0,133.97014925373134,1.3973938928308784,39254.10942191883,585.882230177893,2274558.87,33948.63985074627,25,7349.0,0.01677457183705193,25,7349.0
62860.0,52,9142.0,138.5151515151515,1.6775224632097638,39009.09060877053,591.0468274056142,2305296.2890000003,34928.731651515154,26,7391.0,0.07756800054151036,26,7391.0
62865.0,57,9413.0,142.62121212121212,1.280296439785731,39073.46283363934,592.0221641460505,2336032.653,35394.43413636364,29,7500.0,0.0004999431426866327,29,7500.0
62870.0,58,9702.0,151.59375,1.2411982322632984,39183.197033862445,612.2374536541009,2305373.889,36021.467015625,30,7619.0,2.6319974109688648e-06,30,7619.0
62875.0,58,9992.0,163.80327868852459,0.38073884537994834,39361.60742436343,645.272252858417,2305373.445,37793.00729508197,30,7739.0,0.0,30,7739.0
62880.0,52,10099.0,168.31666666666666,0.979807800896016,39642.59982026073,660.7099970043456,2305373.445,38422.890750000006,24,7547.0,0.021579927226396418,24,7547.0
62885.0,47,10209.0,154.6818181818182,1.9546174402256185,39924.32527446148,604.9140193100225,2305379.445,34929.991590909085,19,7390.0,0.06775685361343614,19,7390.0
62890.0,46,10340.0,161.5625,2.397127664351077,39957.230716034515,624.3317299380394,2244023.0060000005,35062.85946875,19,7343.0,0.19219837090742095,19,7343.0
62895.0,49,10545.0,167.38095238095238,0.9159854434186345,39926.17551682073,633.7488177273134,2213459.7110000006,35134.281126984126,23,7439.0,0.065479458331795,23,7439.0
62900.0,51,10779.0,168.421875,1.1039160682261833,39917.75900118848,623.7149843935701,2182899.3670000006,34107.802609375,25,7540.0,0.03125022480608503,25,7540.0
62905.0,54,11045.0,167.34848484848484,1.691620266402597,40206.27568449551,609.1859952196294,2244439.258000001,34006.655424242424,28,7646.0,0.04910200959700704,28,7646.0
62910.0,58,11324.0,174.2153846153846,0.8274872153943356,40463.75690153426,622.5193369466814,2305974.2720000003,35476.52726153847,31,7765.0,0.049817976292404954,31,7765.0
62915.0,62,11623.0,178.8153846153846,0.27499949409601115,40759.633550508144,627.0712853924334,2336734.7220000005,35949.764953846156,36,7904.0,0.014575662017027959,36,7904.0
62920.0,56,11787.0,178.5909090909091,0.9671743721190472,41071.954231553085,622.3023368417138,2367501.4520000005,35871.234121212125,29,7789.0,0.07431785128851216,29,7789.0
62925.0,53,11974.0,171.05714285714285,1.8020039389355977,41373.95301709647,591.0564716728072,2367503.292000001,33821.475600000005,25,7691.0,0.059241677326217324,25,7691.0
62930.0,51,12151.0,173.5857142857143,2.226586849641714,41517.282440653304,593.1040348664762,2336824.923000001,33383.21318571429,24,7781.0,0.1131564681610775,24,7781.0
62935.0,55,12405.0,187.95454545454547,0.5657098551948305,41511.58598977054,628.9634240874328,2213903.492000001,33543.9923030303,29,7895.0,0.047997392312657164,29,7895.0
62940.0,58,12651.0,186.0441176470588,0.8584582794871071,41824.21983691019,615.0620564251502,2275461.663000001,33462.67151470589,31,7990.0,0.03100340531955565,31,7990.0
62945.0,60,12944.0,182.30985915492957,1.369379150365462,41999.546448759866,591.5429077290127,2275557.622000001,32050.107352112675,34,8123.0,0.04537064604777592,34,8123.0
62950.0,62,13249.0,179.04054054054055,1.217104977312711,42289.38887713367,571.4782280693744,2337107.392000001,31582.532324324326,36,8268.0,0.09097052853200822,36,8268.0
62955.0,67,13572.0,191.1549295774648,0.3344616851566995,42591.66398739183,599.8825913717162,2337106.550000001,32916.99366197184,39,8425.0,0.0012233571524046104,39,8425.0
62960.0,58,13219.0,186.18309859154928,0.7393982640189719,42929.5871959308,604.6420731821242,2337106.550000001,32916.99366197184,29,8002.0,0.04905048415014107,29,8002.0
62965.0,55,13240.0,178.9189189189189,1.1083215962996378,43267.401035499104,584.6946085878259,2337109.550000001,31582.561486486484,26,7767.0,0.05253483450974246,26,7767.0
62970.0,54,13409.0,181.2027027027027,1.3821192233506951,43600.38557607558,589.1943996766973,2337109.550000001,31582.561486486484,26,7864.0,0.054869488656236434,26,7864.0
62975.0,61,13662.0,184.6216216216216,0.8023229009359568,43702.17205313813,590.5698926099752,2275551.583000001,30750.697067567562,33,8003.0,0.010938194052936796,33,8003.0
62980.0,61,13876.0,190.08219178082192,1.4422176839537184,43573.56271583831,596.8981193950458,2306348.128000001,31593.80997260274,35,8058.0,0.026555573033816355,35,8058.0
62985.0,62,14181.0,196.95833333333334,1.2652498746268326,43701.58106011513,606.9664036127106,2306344.450000001,32032.561805555557,35,8202.0,0.036358226011283024,35,8202.0
62990.0,64,14500.0,207.14285714285714,0.8945405760452725,43837.67148738191,626.2524498197415,2275638.924000001,32509.127485714293,36,8351.0,5.695309108690216e-07,36,8351.0
62995.0,64,14820.0,221.19402985074626,0.5991861061336091,44072.763341225174,657.8024379287342,2275638.924000001,33964.7600597015,36,8501.0,0.0,36,8501.0
63000.0,55,14853.0,228.5076923076923,0.9060280383806103,44374.427664278075,682.6835025273551,2275638.5100000007,35009.82323076923,27,8045.0,0.034026235620084375,27,8045.0
63005.0,55,15001.0,208.34722222222223,1.5510410726108352,44663.99647112485,620.3332843211788,2275650.770000001,31606.260694444452,26,8037.0,0.04027702491971822,26,8037.0
63010.0,50,15116.0,212.90140845070422,2.199898010360059,44778.66947604689,630.6854855781255,2275650.770000001,32051.419295774656,23,8122.0,0.14498555421230355,23,8122.0
63015.0,54,15346.0,219.22857142857143,0.9882825937755773,44754.06979226436,639.3438541752054,2275787.0530000003,32511.24361428571,27,8261.0,0.046046219677551015,27,8261.0
63020.0,49,14134.0,204.84057971014494,1.842711775587587,44918.79519849508,650.9970318622476,2306622.051000001,33429.30508695652,22,7249.0,0.0840084024928521,22,7249.0
63025.0,51,14383.0,205.47142857142856,2.752086853408492,45003.56268138199,642.9080383054572,2337583.7790000006,33394.05398571429,25,7006.0,0.03990229503698281,25,7006.0
63030.0,54,14650.0,215.44117647058823,2.102126012400334,44669.657859066974,656.9067332215735,2337584.069,34376.23630882352,26,7105.0,0.0023258150722758144,26,7105.0
63035.0,55,14924.0,236.88888888888889,1.515732672711991,44139.328456935786,700.6242612212033,2337576.4010000005,37104.387317460314,27,7209.0,0.0,27,7209.0
63040.0,52,15101.0,260.36206896551727,0.8559549507608647,44221.41256563594,762.4381476833788,2337572.1590000005,40302.96825862068,24,7216.0,0.041386633133732045,24,7216.0
63045.0,52,15361.0,251.81967213114754,1.3392520196686366,44494.93267291903,729.4251257855583,2337575.1590000005,38320.904245901635,24,7306.0,0.0,24,7306.0
63050.0,52,15621.0,260.35,1.780868937325522,44731.4168653463,745.5236144224385,2337571.4590000003,38959.52431666666,24,7396.0,0.0738311786888908,24,7396.0
63055.0,54,15885.0,278.6842105263158,0.2512506793638897,44898.153681595715,787.6869066946621,2337568.0170000005,41009.965210526316,26,7490.0,0.006341706089531464,26,7490.0
63060.0,48,15829.0,277.70175438596493,1.1302417684508306,45167.37355316295,792.4100623361924,2337568.0170000005,41009.965210526316,20,7178.0,0.027768818965740273,20,7178.0
63065.0,43,15822.0,263.7,2.1067944801412675,45425.27477415989,757.0879129026652,2337568.0170000005,38959.466949999995,15,6958.0,0.08506555863844045,15,6958.0
63070.0,43,15856.0,268.7457627118644,2.058032193474859,45601.82937909506,772.9123623575439,2306769.8550000004,39097.79415254237,16,7004.0,0.1708332849787406,16,7004.0
63075.0,46,16032.0,281.2631578947368,0.707854216342471,45434.44823748535,797.0955831137782,2245329.963,39391.753736842096,20,7151.0,0.04432260851649352,20,7151.0
63080.0,47,16221.0,265.91803278688525,1.1714141992234148,45508.72920554986,746.0447410745882,2276346.8160000006,37317.16091803278,20,7180.0,0.011406107899715372,20,7180.0
63085.0,49,16460.0,261.26984126984127,1.9509345344755677,45619.98046627853,724.1266740679134,2276461.8160000006,36134.31453968254,23,7259.0,0.0721894566400966,23,7259.0
63090.0,52,16713.0,261.140625,1.7417153757388437,45871.00376797689,716.7344338746389,2338215.518,36534.61746875,25,7352.0,0.12676934533950088,25,7352.0
63095.0,59,16994.0,278.59016393442624,0.2215204966237971,46105.19549455832,755.8228769599727,2338215.518,38331.40193442623,31,7467.0,0.011240613226399958,31,7467.0
63100.0,53,17132.0,280.8524590163934,0.7339646929971844,46400.17918312518,760.6586751331998,2338215.518,38331.40193442623,25,7275.0,0.03512097086413929,25,7275.0
63105.0,50,17293.0,274.4920634920635,1.5611399277314535,46681.78820848122,740.9807652139878,2338217.2060000002,37114.55882539682,22,7092.0,0.04213562204317842,22,7092.0
63110.0,47,17443.0,285.95081967213116,1.6294241047495643,46750.5837449486,766.4030122122722,2276568.336,37320.79239344261,19,7162.0,0.06009845730781868,19,7162.0
63115.0,49,17640.0,298.9830508474576,0.875414205058062,46639.09440609435,790.493125527023,2215058.274,37543.36057627118,22,7254.0,0.08839724210356266,22,7254.0
63120.0,48,17815.0,301.9491525423729,0.7798310170958171,46732.713452668,792.0798890282712,2215185.919,37545.52405084745,22,7287.0,0.03139651406512425,22,7287.0
63125.0,53,18071.0,269.7164179104478,1.3923643688352982,47024.63746602192,701.8602606868945,2276984.4189999998,33984.84207462686,27,7383.0,0.0401410323019754,27,7383.0
63130.0,56,18345.0,265.8695652173913,1.8104465736596482,47289.309698329664,685.3523144685457,2307878.349,33447.512304347816,30,7497.0,0.11137146335587797,30,7497.0
63135.0,58,18627.0,278.0149253731343,0.6938020962703245,47533.75622778309,709.4590481758672,2338774.9960000003,34907.089492537314,31,7618.0,0.037781918323380285,31,7618.0
63140.0,58,18789.0,280.43283582089555,0.7762966293962258,47851.75790094824,714.205341805198,2338774.9960000003,34907.089492537314,30,7447.0,0.038324410377088426,30,7447.0
63145.0,55,18961.0,283.0,1.5481229187794565,48158.02941660338,718.7765584567667,2338774.9960000003,34907.089492537314,27,7280.0,0.050999425635590456,27,7280.0
63150.0,51,19147.0,294.5692307692308,1.4523189583398841,48423.60506880771,744.9785395201189,2276980.954,35030.47621538462,24,7283.0,0.0687100501790025,24,7283.0
63155.0,56,19393.0,289.44776119402985,1.088633879665071,48335.124911861596,721.4197748039045,2246340.259,33527.46655223881,27,7398.0,0.043923369453423726,27,7398.0
63160.0,51,19553.0,296.25757575757575,1.5688605672771494,48133.23955570789,729.2915084198164,2184870.6920000003,33104.101393939396,25,7416.0,0.08247303507539175,25,7416.0
63165.0,55,19821.0,287.2608695652174,1.625547769274309,48429.76348588296,701.8806302301883,2246691.109,32560.74071014493,28,7523.0,0.08351116850460161,28,7523.0
63170.0,60,20107.0,287.24285714285713,1.1582565271997067,48711.8246304985,695.8832090071215,2308521.3789999997,32978.87684285714,33,7650.0,0.02602191260044497,33,7650.0
63175.0,62,20413.0,304.67164179104475,0.7619456019174801,48937.141414417354,730.4050957375731,2339434.6429999997,34916.934970149254,36,7796.0,0.03865268429130647,36,7796.0
63180.0,57,20578.0,311.7878787878788,0.8967306660504512,49207.35385139234,745.5659674453387,2370340.157,35914.244803030306,30,7676.0,0.04321093340777002,30,7676.0
63185.0,54,20768.0,292.50704225352115,1.975073824183657,49516.717939950155,697.4185625345094,2370344.5609999998,33385.13466197183,26,7648.0,0.04921710927755265,26,7648.0
63190.0,50,20937.0,294.88732394366195,2.458317087098373,49812.02949534142,701.5778802160766,2370344.5609999998,33385.13466197183,23,7736.0,0.12443417808610274,23,7736.0
63195.0,57,21187.0,316.2238805970149,0.7675349426199389,49767.71109967648,742.8016582041269,2246877.2930000005,33535.481985074635,30,7846.0,0.04495285400190572,30,7846.0
63200.0,50,20479.0,310.2878787878788,1.2944391618836246,49876.27568498038,755.7011467421271,2216051.2680000006,33576.53436363637,23,7136.0,0.05760005346863446,23,7136.0
63205.0,54,20733.0,287.9583333333333,2.3833128879577945,50170.65764633242,696.8146895323948,2277903.784000001,31637.552555555554,26,7079.0,0.046211004760960364,26,7079.0
63210.0,53,20991.0,283.6621621621622,2.757029746488096,50297.80863373008,679.7001166720282,2308829.8890000014,31200.40390540542,27,7183.0,0.10167451641543686,27,7183.0
63215.0,59,21271.0,308.27536231884056,1.187730178835402,49846.93749837879,722.4193840344753,2339745.489000001,33909.354913043484,32,7301.0,0.0034129012450468976,32,7301.0
63220.0,55,21423.0,329.5846153846154,0.761351461281897,49988.606251677316,769.0554807950361,2339743.527000001,35996.05426153846,27,7234.0,0.03721424535726359,27,7234.0
63225.0,53,21583.0,332.04615384615386,1.6599717617925513,50283.14146523468,773.5867917728416,2339743.527000001,35996.05426153846,25,7140.0,0.04962872677209714,25,7140.0
63230.0,49,21762.0,345.42857142857144,1.5684610962057717,50427.6458538649,800.438823077221,2277937.960000001,36157.745396825405,22,7225.0,0.07500958055322943,22,7225.0
63235.0,51,21998.0,349.1746031746032,1.0451521937668422,50486.0108965153,801.3652523256401,2216187.491000001,35177.57922222223,25,7346.0,0.0505408527204838,25,7346.0
63240.0,48,21998.0,338.4307692307692,1.5331964156299858,50588.903225379334,778.2908188519903,2216279.5630000005,34096.60866153846,21,7243.0,0.08765397030850906,21,7243.0
63245.0,51,22248.0,317.8285714285714,1.7644873731567914,50884.032225448515,726.9147460778362,2247222.5830000006,32103.179757142858,24,7276.0,0.058511960032456664,24,7276.0
63250.0,57,22519.0,317.16901408450707,2.1072839474120024,51141.99028149536,720.3097222745826,2309098.148000001,32522.50912676057,31,7389.0,0.11607074155076168,31,7389.0
63255.0,59,22808.0,330.5507246376812,1.0381527473900507,51320.21090087607,743.7711724764649,2340036.645000001,33913.574565217394,33,7518.0,0.029359510018731612,33,7518.0
63260.0,57,22971.0,328.15714285714284,1.1095597096716776,51530.63846920193,736.1519781314565,2370978.039000001,33871.11484285715,30,7498.0,0.03839062086783363,30,7498.0
63265.0,53,23142.0,335.39130434782606,2.1561824032302463,51792.669349069176,750.6183963633217,2370978.039000001,34362.000565217386,25,7475.0,0.05721100436164069,25,7475.0
63270.0,51,23338.0,348.32835820895525,1.4303722605815532,51977.091066427005,775.7774786033883,2309119.6590000005,34464.47252238806,24,7565.0,0.050777053780647924,24,7565.0
63275.0,56,23598.0,363.04615384615386,0.6722072058254339,52078.362804305274,801.2055816046967,2216362.1290000007,34097.87890769231,29,7686.0,0.0373545239276396,29,7686.0
63280.0,46,16752.0,257.7230769230769,1.0149986156622066,52285.11420840755,804.3863724370395,2216403.1270000003,34098.50964615385,23,5769.0,0.05400509349142,23,5769.0
63285.0,43,10661.0,148.06944444444446,2.2621117259502004,52585.06518596728,730.3481275828791,2278318.887,31643.317875,28,5882.0,0.04272026563944557,28,5882.0
63290.0,37,4566.0,63.416666666666664,3.554248681530617,52845.445251260266,733.964517378615,2309273.4970000004,32073.24301388889,31,6989.0,0.055045475092272866,31,6989.0
63295.0,38,1938.0,28.08695652173913,2.7137302261875194,41874.29073346608,606.8737787458853,2176271.085,31540.160652173912,36,9084.0,0.07946522809069743,36,9084.0
63300.0,40,900.0,13.636363636363637,1.6881955981868768,32057.856379905315,485.7250966652321,2011318.7369999997,30474.526318181815,33,8578.0,0.025312463932451592,33,8578.0
63305.0,40,746.0,10.507042253521126,1.922262409365036,32314.066586868397,455.1276984065971,2185891.446,30787.203464788734,26,8275.0,0.04371062661254299,26,8275.0
63310.0,45,879.0,12.04109589041096,1.7081268506648615,31893.499311110714,436.8972508371332,2213789.7479999997,30325.886958904113,27,8369.0,0.0663459296101296,27,8369.0
63315.0,57,1109.0,15.191780821917808,0.9892471932167154,31630.25992427162,433.2912318393373,2299197.362,31495.854273972607,35,8502.0,0.008357671282609235,35,8502.0
63320.0,56,1181.0,16.17808219178082,1.3021859322830454,31525.921297110912,431.86193557686175,2388347.5939999996,32717.090328767124,32,8492.0,0.06179443442283363,32,8492.0
63325.0,62,1485.0,20.06756756756757,1.6078328287481702,31853.61509838549,430.4542580862904,2388347.5939999996,32274.967486486486,34,8565.0,0.019339573258184375,34,8565.0
63330.0,64,1802.0,25.380281690140844,1.1737095121995418,32013.09996776902,450.8887319404087,2357433.222,33203.28481690141,36,8707.0,0.019116469061615148,36,8707.0
63335.0,67,2124.0,30.34285714285714,0.5151671022169665,32183.383033406844,459.7626147629549,2357431.0579999997,33677.58654285714,37,8854.0,3.6193235187428496e-05,37,8854.0
63340.0,60,2265.0,33.30882352941177,0.7521559450808761,32427.754386301858,476.87874097502726,2357431.0579999997,34668.10379411763,32,8770.0,0.032099127989189125,32,8770.0
63345.0,56,2401.0,35.30882352941177,1.3209354574354135,32739.975660788754,481.470230305717,2357431.0579999997,34668.10379411763,28,8691.0,0.08842408316813348,28,8691.0
63350.0,53,2558.0,38.17910447761194,1.668765410064431,32886.76185500867,490.84719186580116,2326522.1279999996,34724.21086567164,26,8553.0,0.07604363794066278,26,8553.0
63355.0,54,2797.0,41.74626865671642,1.4318656632721138,33051.8210763345,493.3107623333509,2326605.161999999,34725.450179104475,28,8695.0,0.06803295459160319,28,8695.0
63360.0,57,3074.0,47.292307692307695,0.5728280865545397,32850.59382568056,505.3937511643163,2264904.6659999997,34844.68716923077,30,8835.0,0.040778347517220995,30,8835.0
63365.0,49,2442.0,33.0,2.217493281510044,33163.091971088266,448.1498915011929,2295921.114,31025.961,23,8158.0,0.109025619977362,23,8158.0
63370.0,52,2697.0,35.96,3.033829693057707,33352.27215006872,444.69696200091624,2326986.7600000002,31026.490133333336,26,8128.0,0.14761866682527527,26,8128.0
63375.0,59,2976.0,39.1578947368421,1.805169574775335,33585.60468636172,441.91585113633846,2388990.0430000005,31434.079513157896,32,8242.0,0.039713185286137494,32,8242.0
63380.0,65,3293.0,48.4264705882353,0.15222329073951582,33009.439201591274,485.43292943516593,2419981.8710000003,35587.968691176466,39,8394.0,0.009060085451575998,39,8394.0
63385.0,60,3455.0,49.357142857142854,0.7891908663964666,33343.21013433486,476.331573347641,2481983.6859999998,35456.909799999994,33,8331.0,0.034414808612281404,33,8331.0
63390.0,57,3660.0,50.833333333333336,1.9795630602588712,33661.36390920375,467.5189431833852,2481985.6659999997,34472.02313888889,29,8291.0,0.0737609648503534,29,8291.0
63395.0,54,3872.0,53.04109589041096,2.5032668985868463,33944.22513926839,464.9893854694301,2450978.107,33575.04256164384,26,8317.0,0.07907674969142986,26,8317.0
63400.0,57,4129.0,58.15492957746479,1.3640011785859294,33963.92019591768,478.365073181939,2358106.3220000006,33212.76509859155,30,8431.0,0.07110355430612662,30,8431.0
63405.0,52,3998.0,57.94202898550725,1.4832378314572683,33934.2223258344,491.8003235628174,2265277.934,32830.11498550724,26,8263.0,0.0825357239354262,26,8263.0
63410.0,55,4264.0,60.056338028169016,1.7050015831688075,34238.261370210035,482.22903338324005,2327291.753,32778.757084507044,29,8242.0,0.04653734257228864,29,8242.0
63415.0,60,4549.0,62.31506849315068,1.5285502275370522,34457.375976881136,472.0188489983717,2389315.7530000005,32730.35278082192,33,8362.0,0.002646708002221885,33,8362.0
63420.0,61,4852.0,69.31428571428572,1.3828596494992007,34598.033725757894,494.2576246536842,2420321.0050000004,34576.01435714287,35,8500.0,0.04026241156921558,35,8500.0
63425.0,51,4440.0,63.42857142857143,1.337204974351619,34680.00108431861,495.4285869188373,2451323.785,35018.91121428572,24,7976.0,0.057938514451796416,24,7976.0
63430.0,48,4436.0,63.371428571428574,1.9137273417001515,34983.570895016346,499.7652985002336,2451323.785,35018.91121428572,19,7718.0,0.1381839684651415,19,7718.0
63435.0,48,4603.0,65.75714285714285,1.6680408478177486,35288.61098913496,504.12301413049937,2451323.785,35018.91121428572,21,7778.0,0.03890924532636611,21,7778.0
63440.0,56,4852.0,70.31884057971014,1.1388988633725488,35217.62991887528,510.40043360688804,2389378.8940000003,34628.67962318841,29,7880.0,0.012156429460461278,29,7880.0
63445.0,54,5028.0,71.82857142857142,1.4314016647858017,35071.31375660873,501.0187679515536,2389392.9420000003,34134.18488571429,27,7931.0,0.0037512204353979837,27,7931.0
63450.0,56,5299.0,76.79710144927536,1.7308082113969738,35185.72237085587,509.9380053747228,2389389.8300000005,34628.83811594204,29,8012.0,0.062596184786005,29,8012.0
63455.0,59,5585.0,82.13235294117646,1.1286587081688302,35331.01119205101,519.5736940007503,2358437.6990000005,34682.9073382353,31,8115.0,0.004058989732016669,31,8115.0
63460.0,61,5889.0,90.6,0.7602078901593093,35557.042181843804,547.0314181822126,2358437.6990000005,36283.656907692304,33,8244.0,0.019674687552847268,33,8244.0
63465.0,57,6032.0,92.8,0.5875511800235194,35800.26603961454,550.7733236863775,2358439.3950000005,36283.683,29,8179.0,0.01642286332347627,29,8179.0
63470.0,52,6170.0,96.40625,1.5070106598809518,36087.54567755508,563.867901211798,2358438.8330000006,36850.606765624994,24,8133.0,0.05690780275852192,24,8133.0
63475.0,49,6318.0,97.2,1.7374809180184025,36368.42317392156,559.5142026757162,2358439.1620000005,36283.67941538461,22,8146.0,0.10463057144938218,22,8146.0
63480.0,53,6546.0,103.9047619047619,0.8215682946039912,36325.00334129201,576.5873546236827,2296506.346000001,36452.48168253969,27,8282.0,0.05232310267273307,27,8282.0
63485.0,55,6764.0,100.95522388059702,1.1718708386825698,36439.750386029176,543.876871433271,2296614.1400000006,34277.82298507462,28,8335.0,0.054849058123426046,28,8335.0
63490.0,56,7041.0,100.58571428571429,1.536843743228446,36741.57714462099,524.8796734945856,2327665.520000001,33252.36457142858,30,8447.0,0.0785382193501724,30,8447.0
63495.0,62,7336.0,103.32394366197182,0.9170110126093128,37050.40549537587,521.8366971179697,2389765.1860000007,33658.6645915493,36,8577.0,0.029069118848919096,36,8577.0
63500.0,67,7659.0,107.87323943661971,0.36323714815771957,37318.14885291802,525.6077303227889,2451865.092,34533.31115492957,40,8735.0,0.04424938167436588,40,8735.0
63505.0,63,7836.0,110.36619718309859,0.5986737274756273,37662.333986638856,530.4554082625189,2451865.092,34533.31115492957,35,8669.0,0.02562514828155283,35,8669.0
63510.0,59,8050.0,113.38028169014085,1.4259066407472736,37986.88318450677,535.0265237254473,2451865.092,34533.31115492957,31,8656.0,0.03082458113432399,31,8656.0
63515.0,57,8251.0,113.02739726027397,1.4536102542745344,38252.49210469949,524.006741160267,2420841.0110000004,33162.20563013699,28,8764.0,0.044111020313304446,28,8764.0
63520.0,58,8519.0,118.31944444444444,1.2498851754882803,38316.3786323383,532.171925449143,2358850.6780000003,32761.814972222226,31,8892.0,0.06079022967139797,31,8892.0
63525.0,56,8675.0,118.83561643835617,1.4583975019755488,38434.90101083211,526.5054932990699,2296842.209,31463.59190410959,30,8896.0,0.08990211870623087,30,8896.0
63530.0,61,8971.0,119.61333333333333,1.5858282065432998,38756.85736573147,516.758098209753,2358971.8219999997,31452.957626666663,35,9027.0,0.0733999146882345,35,9027.0
63535.0,64,9281.0,122.11842105263158,1.0830449881464073,39055.840301603195,513.8926355474105,2421089.3419999997,31856.438710526312,37,9172.0,0.012136881987185984,37,9172.0
63540.0,70,9624.0,133.66666666666666,0.31780606130255673,39305.13283549228,545.9046227151705,2421088.7879999997,33626.23316666667,42,9344.0,1.7142090807391728e-06,42,9344.0
63545.0,59,9312.0,124.16,1.0805551978145407,39608.872282063516,528.1182970941799,2421090.1999999997,32281.202666666664,30,8905.0,0.030066700657458742,30,8905.0
63550.0,55,9461.0,124.48684210526316,1.6161781867402285,39941.61288200787,525.5475379211557,2421090.2679999997,31856.450894736838,26,8755.0,0.08149349482173313,26,8755.0
63555.0,59,9668.0,127.21052631578948,1.1453814250995664,40005.92044791891,526.393690104196,2421092.5139999995,31856.480447368416,31,8857.0,0.05351886210479964,31,8857.0
63560.0,63,9942.0,134.35135135135135,0.7853310478057511,40302.684597801206,544.6308729432594,2358977.635,31878.07614864865,37,9013.0,0.026768327654235077,37,9013.0
63565.0,53,8800.0,118.91891891891892,1.7102405304985555,40266.84199184016,544.1465134032456,2390061.4439999997,32298.127621621625,26,8034.0,0.04970507312948616,26,8034.0
63570.0,56,9072.0,120.96,2.8187512620451676,40419.09629705718,538.9212839607624,2390059.8379999995,31867.464506666667,28,7831.0,0.03334407005279759,28,7831.0
63575.0,57,9354.0,128.13698630136986,2.6440494764834814,40281.42383584961,551.800326518488,2359052.624,32315.789369863018,29,7970.0,2.8703748387040364e-05,29,7970.0
63580.0,58,9640.0,150.625,0.7836371401470059,39415.89342843135,615.87333481924,2359044.0999999996,36860.0640625,30,8106.0,0.013901553699229512,30,8106.0
63585.0,55,9758.0,159.9672131147541,0.5241613290211371,39610.97761128481,649.360288709587,2359039.974,38672.78645901639,27,7986.0,0.01390848359564476,27,7986.0
63590.0,50,9872.0,164.53333333333333,1.2316936490335657,39865.87200421445,664.4312000702406,2359039.974,39317.332899999994,22,7856.0,0.051459498500525495,22,7856.0
63595.0,47,10007.0,164.04918032786884,1.251164204440877,39975.625852661244,655.3381287321513,2328032.9349999996,38164.474344262286,20,7924.0,0.05351450113525116,20,7924.0
63600.0,50,10220.0,170.33333333333334,0.9668699258118193,39933.15852048789,665.5526420081313,2297141.623,38285.69371666666,23,8043.0,0.03727147173463887,23,8043.0
63605.0,45,10175.0,151.86567164179104,1.7587534385642543,40080.94052852627,598.2229929630788,2297245.677,34287.24891044776,19,7936.0,0.11432205612310936,19,7936.0
63610.0,50,10415.0,150.94202898550725,2.5318487475066287,40357.854170142535,584.8964372484425,2359477.8260000004,34195.3308115942,23,7936.0,0.18270624784802994,23,7936.0
63615.0,58,10679.0,152.55714285714285,1.1974376666965576,40608.538769848354,580.1219824264052,2421706.569,34595.80812857143,31,8037.0,0.013890357545649327,31,8037.0
63620.0,61,10983.0,156.9,1.0970514471948285,40780.81188168862,582.583026881266,2452823.8710000003,35040.34101428572,35,8176.0,0.040884978575093496,35,8176.0
63625.0,55,11122.0,163.55882352941177,1.2722491903310715,40967.549950150904,602.4639698551601,2483940.4830000005,36528.53651470589,28,8040.0,0.04992031519699448,28,8040.0
63630.0,52,11301.0,166.19117647058823,1.97713296984843,41217.66765958677,606.142171464511,2483941.2900000005,36528.54838235294,24,7947.0,0.08270080280945764,24,7947.0
63635.0,50,11462.0,166.1159420289855,2.13473039603078,41510.59194070198,601.602781749304,2483941.2900000005,35999.14913043478,23,8026.0,0.07128674728653854,23,8026.0
63640.0,54,11710.0,180.15384615384616,1.0646985577705037,41455.84961391598,637.7823017525535,2359634.4660000005,36302.06870769231,27,8130.0,0.056414203097049975,27,8130.0
63645.0,52,11849.0,179.53030303030303,1.0911512266555186,41489.82675367723,628.633738692079,2297552.2840000005,34811.39824242425,26,8120.0,0.026399106590084195,26,8120.0
63650.0,56,12119.0,178.22058823529412,1.8089342700254056,41786.11975962727,614.5017611709892,2359806.9690000005,34703.043661764714,30,8225.0,0.06848210159186352,30,8225.0
63655.0,59,12405.0,182.4264705882353,1.3086687727206308,42050.435436562235,618.3887564200328,2390934.0670000007,35160.79510294118,32,8345.0,0.048166026683657485,32,8345.0
63660.0,63,12713.0,201.79365079365078,0.0007115535760448859,42226.1264675834,670.255975675927,2390930.5030000005,37951.27782539683,35,8478.0,8.557877173134258e-05,35,8478.0
63665.0,57,12877.0,195.1060606060606,0.8339711393041073,42542.66562581176,644.5858428153298,2390930.5030000005,36226.21974242425,29,8382.0,0.009322007104813786,29,8382.0
63670.0,52,13035.0,191.69117647058823,1.7858944891669086,42839.52164690902,629.9929653957211,2390930.7750000004,35160.74669117648,24,8292.0,0.1255153611542268,24,8292.0
63675.0,49,13199.0,194.10294117647058,1.6595596574225557,43137.13594751552,634.3696462869929,2390930.7750000004,35160.74669117648,22,8367.0,0.05392945201972532,22,8367.0
63680.0,54,13440.0,210.0,0.6477596553921645,42994.260574230495,671.7853214723513,2266619.9140000003,35415.93615625,28,8483.0,0.049622084385624744,28,8483.0
63685.0,53,13634.0,200.5,1.2897543590370422,43167.00280773317,634.8088648196053,2297862.5470000003,33792.09627941177,27,8532.0,0.05220142060857773,27,8532.0
63690.0,57,13908.0,198.68571428571428,1.8224026216935425,43467.63431815536,620.9662045450765,2360165.861,33716.655157142864,30,8641.0,0.08955785903091958,30,8641.0
63695.0,62,14198.0,199.9718309859155,0.8229678401360846,43724.39670070864,615.8365732494175,2391310.495,33680.42950704225,34,8766.0,0.022216892085150056,34,8766.0
63700.0,65,14512.0,210.31884057971016,0.4487199911012643,43990.53379816483,637.5439680893453,2422456.94,35108.0715942029,38,8914.0,0.02019229776086523,38,8914.0
63705.0,60,14687.0,212.85507246376812,0.8263747493261312,44319.35627045421,642.3095111660031,2422456.94,35108.0715942029,32,8788.0,0.04865928972210223,32,8788.0
63710.0,57,14867.0,209.3943661971831,1.578417985079471,44637.06814690041,628.6911006605693,2422461.032,34119.169464788734,29,8766.0,0.07105202832826503,29,8766.0
63715.0,54,15072.0,218.43478260869566,1.4093761782716194,44734.46232867563,648.3255409952989,2360275.9340000004,34206.89759420291,27,8805.0,0.07515751256025538,27,8805.0
63720.0,58,15335.0,225.51470588235293,0.8570905520782433,44869.1090037418,659.8398382903206,2329233.857000001,34253.43907352941,31,8932.0,0.03968596918246556,31,8932.0
63725.0,51,14872.0,203.72602739726028,1.8582807628646927,44998.94005940073,616.423836430147,2298179.2860000003,31481.908027397258,25,8397.0,0.059984286449567256,25,8397.0
63730.0,53,15133.0,204.5,3.121779308829817,45198.35424675553,610.7885709021019,2329395.97,31478.323918918915,27,8414.0,0.16398252653656908,27,8414.0
63735.0,59,15409.0,205.45333333333335,1.7021743732915697,45353.95608550858,604.7194144734476,2391726.6630000006,31889.688839999995,32,8525.0,0.027603539211869154,32,8525.0
63740.0,65,15726.0,227.91304347826087,0.3886351915684645,45092.053332233336,653.5080193077296,2422882.7530000005,35114.24279710145,39,8677.0,8.879044212070625e-05,39,8677.0
63745.0,58,15893.0,233.72058823529412,1.0651737666182224,45332.77319303189,666.6584293092925,2454049.137,36088.95789705882,32,8639.0,0.06418583500447274,32,8639.0
63750.0,54,16065.0,226.26760563380282,2.04996115843949,45641.891813147464,642.8435466640486,2485217.94,35003.06957746479,27,8617.0,0.07783295644614863,27,8617.0
63755.0,51,16277.0,229.25352112676057,2.2563712963653892,45924.1708750165,646.8193080988237,2454047.918,34564.055183098586,24,8644.0,0.06952189774073374,24,8644.0
63760.0,56,16539.0,246.8507462686567,0.901375659910074,45874.20898447784,684.6896863354903,2329518.7329999995,34768.93631343283,30,8756.0,0.06455244135486114,30,8756.0
63765.0,52,16482.0,235.45714285714286,1.358604266720496,45997.42538277737,657.1060768968194,2329612.9559999993,33280.18508571428,25,8595.0,0.045190910132362774,25,8595.0
63770.0,54,16745.0,235.8450704225352,2.2360078292040235,46297.92873934857,652.0835033711066,2360786.3419999992,33250.51185915492,28,8632.0,0.0911205347547787,28,8632.0
63775.0,56,17021.0,230.01351351351352,1.6221768379975845,46512.93893626438,628.5532288684375,2423129.2479999997,32744.98983783784,30,8743.0,0.018566185472851555,30,8743.0
63780.0,61,17323.0,243.98591549295776,1.2260999673246666,46684.812416507615,657.532569246586,2454296.8969999994,34567.56192957745,35,8880.0,0.021561182057356593,35,8880.0
63785.0,53,16379.0,230.69014084507043,1.149184762905202,46835.51939242855,659.6552027102609,2454294.1819999996,34567.523690140835,24,8350.0,0.060662285577497296,24,8350.0
63790.0,50,16237.0,228.69014084507043,1.7600516090069291,47148.772035703696,664.0672117704746,2454294.1819999996,34567.523690140835,20,7981.0,0.13436178039298338,20,7981.0
63795.0,50,16412.0,234.45714285714286,1.300138382762452,47201.50975460055,674.3072822085793,2454293.5029999996,35061.33575714285,22,8047.0,0.04370023029063287,22,8047.0
63800.0,56,16655.0,241.3768115942029,0.7850148872223464,47460.91586443221,687.8393603540899,2360783.8209999995,34214.258275362314,30,8162.0,0.010162169260199846,30,8162.0
63805.0,58,16871.0,241.0142857142857,1.5281461015717797,47227.89068020686,674.6841525743836,2423168.4389999993,34616.691985714286,31,8225.0,0.014262807633499693,31,8225.0
63810.0,60,17162.0,248.7246376811594,1.5353250177267277,47300.29261181015,685.5114871276835,2423165.3709999993,35118.338710144926,31,8345.0,0.06798109585867441,31,8345.0
63815.0,62,17464.0,260.65671641791045,0.8526500466878126,47465.72089416014,708.443595435226,2392013.7589999996,35701.69789552239,34,8473.0,2.8369835171379126e-05,34,8473.0
63820.0,62,17774.0,277.71875,0.3652452124332095,47735.62338882697,745.8691154504214,2392013.193,37375.206140625,34,8608.0,0.019812611237686958,34,8608.0
63825.0,57,17891.0,275.24615384615385,0.6243241893865819,48000.85975770851,738.4747655032077,2392014.897,36800.22918461539,29,8510.0,0.018327343256363583,29,8510.0
63830.0,53,18043.0,277.5846153846154,1.7618594628687825,48294.31892920535,742.9895219877745,2392014.897,36800.22918461539,25,8355.0,0.04381930005022317,25,8355.0
63835.0,49,18177.0,288.5238095238095,1.8920946300355712,48402.02065045635,768.2860420707357,2329690.2860000003,36979.21088888888,21,8298.0,0.1164368583079384,21,8298.0
63840.0,50,18366.0,296.2258064516129,1.3920515964860203,48419.574638376835,780.9608812641421,2298611.008,37074.37109677419,24,8405.0,0.08160341323672664,24,8405.0
63845.0,53,18626.0,278.0,1.243625173427165,48493.280775106534,723.7803100762167,2267520.4350000005,33843.58858208956,27,8528.0,0.04411638543302957,27,8528.0
63850.0,52,18819.0,272.7391304347826,1.663069892310047,48599.191237275256,704.3361048880469,2267638.1210000007,32864.3205942029,26,8556.0,0.12848170436499415,26,8556.0
63855.0,58,19093.0,268.9154929577465,1.5590550957426277,48904.52081792736,688.7960678581317,2330074.950000001,32817.95704225353,30,8663.0,0.049507682998706004,30,8663.0
63860.0,59,19382.0,272.98591549295776,1.4121122665472412,49201.75345766993,692.9824430657735,2361291.0940000005,33257.62104225353,33,8789.0,0.04328817223619291,33,8789.0
63865.0,65,19693.0,266.1216216216216,0.9674163673352704,49498.84101608811,668.9032569741637,2423728.187000001,32753.083608108114,39,8935.0,0.01054815998740219,39,8935.0
63870.0,53,19495.0,278.5,1.3884661261295366,49753.42652257538,710.763236036791,2454942.9050000007,35070.612928571434,27,8422.0,0.09477709784843345,27,8422.0
63875.0,54,19578.0,264.56756756756755,1.5803419973034758,50069.04767763339,676.608752400451,2486161.493000001,33596.77693243243,23,8225.0,0.11574133431831754,23,8225.0
63880.0,52,19785.0,271.027397260274,1.4747837135613533,50135.69818234693,686.7903860595468,2486161.493000001,34057.006753424655,24,8305.0,0.0509837586183217,24,8305.0
63885.0,60,20058.0,278.5833333333333,1.0176629990212605,50315.237905521826,698.8227486878028,2423772.7310000006,33663.51015277777,32,8418.0,0.04426010397003336,32,8418.0
63890.0,63,20321.0,282.2361111111111,0.8018185839018473,50406.588747773174,700.0915103857385,2454999.6040000007,34097.21672222223,35,8531.0,0.01954736386997394,35,8531.0
63895.0,64,20629.0,290.5492957746479,0.8411548882301667,50577.308418174114,712.3564565940014,2454999.0580000007,34577.451521126764,37,8678.0,0.004917616401985285,37,8678.0
63900.0,66,20957.0,312.7910447761194,0.1938472444096645,50573.24477575719,754.8245488918982,2423828.1350000007,36176.539328358216,38,8831.0,1.7278344687875914e-05,38,8831.0
63905.0,66,21287.0,295.65277777777777,0.6727364483224239,50914.37026060337,707.1440313972687,2423832.5550000006,33664.34104166666,38,8986.0,0.0,38,8986.0
63910.0,55,21276.0,299.6619718309859,1.5005167426592225,51220.284707964245,721.4124606755527,2423832.5550000006,34138.48669014085,27,8753.0,0.09739445257768725,27,8753.0
63915.0,56,21418.0,301.6619718309859,0.9218079746199203,51543.40467808183,725.9634461701665,2423832.5550000006,34138.48669014085,27,8807.0,0.023654439524978338,27,8807.0
63920.0,58,21606.0,308.65714285714284,0.9892046510532463,51742.895090909435,739.1842155844203,2423832.019000001,34626.17170000001,30,8920.0,0.010358540298395719,30,8920.0
63925.0,59,21859.0,312.27142857142854,0.8027632373398914,51875.49949644494,741.0785642349274,2361400.6890000007,33734.29555714286,33,9068.0,0.004342546425756248,33,9068.0
63930.0,50,20844.0,293.5774647887324,2.0017642447581037,52097.564183745664,733.7685096302205,2392658.558,33699.41630985917,23,8203.0,0.09679497259890685,23,8203.0
63935.0,54,21105.0,289.1095890410959,3.023167431348486,52384.56434545409,717.5967718555354,2423920.72,33204.39342465753,25,8005.0,0.03796606100098415,25,8005.0
63940.0,54,21366.0,296.75,2.6428875538924155,52511.97955976393,729.3330494411659,2392747.0560000003,33232.598,26,8097.0,0.03133982250637253,26,8097.0
63945.0,57,21645.0,338.203125,1.3190772248845362,51594.91924433036,806.1706131926619,2392740.1330000004,37386.564578125006,29,8201.0,0.02100233723414633,29,8201.0
63950.0,50,21737.0,368.4237288135593,1.2383993974474214,51685.36981127318,876.0232171402232,2392735.1470000003,40554.833000000006,22,8144.0,0.07392857146881959,22,8144.0
63955.0,51,21990.0,366.5,1.2069955719625383,51926.333164384996,865.438886073083,2392735.711,39878.928516666674,22,8193.0,0.0003934825730983105,22,8193.0
63960.0,51,22242.0,376.9830508474576,1.5267314230286009,52153.06242092091,883.9502105240832,2392732.001,40554.77967796611,23,8273.0,0.0,23,8273.0
63965.0,51,22497.0,374.95,1.2155296794589536,52323.552495079406,872.0592082513233,2392734.0050000004,39878.90008333334,23,8353.0,0.023543651631644354,23,8353.0
63970.0,41,15333.0,269.0,1.8428015601175287,52465.768253736176,920.4520746269505,2392734.0050000004,41977.78956140351,17,5457.0,0.15381207191500101,17,5457.0
63975.0,37,10835.0,190.08771929824562,2.424672898384029,52707.57286393266,924.6942607707485,2392734.0050000004,41977.78956140351,18,6506.0,0.06041442697200683,18,6506.0
63980.0,29,4317.0,75.73684210526316,2.702847891997854,50680.15845676567,889.1255869608012,2336070.0430000005,40983.68496491228,22,6584.0,0.02320448818311457,22,6584.0
63985.0,30,1137.0,21.055555555555557,2.9273832244235085,44125.85429133674,817.1454498395696,2224911.7930000005,41202.070240740744,24,7341.0,0.001888088394739752,24,7341.0
63990.0,28,863.0,16.596153846153847,2.297177393961472,36213.965166506394,696.4224070482001,2173768.319,41803.23690384616,19,6989.0,0.053524103725279444,19,6989.0
63995.0,31,659.0,12.433962264150944,2.3322366183852545,32973.48544712414,622.1412348513988,2177069.1520000002,41076.77645283019,16,6731.0,0.08027322297212588,16,6731.0
64000.0,32,545.0,10.48076923076923,2.281462339301654,32880.72055179233,632.3215490729292,2173503.722,41798.1485,13,6629.0,0.11147640031414102,13,6629.0
64005.0,38,654.0,11.275862068965518,1.5058977444374533,32038.01228204975,552.379522104306,2201937.9930000002,37964.44815517241,17,6748.0,0.0766530350937205,17,6748.0
64010.0,40,766.0,13.206896551724139,1.8500315602483228,31893.386861702616,549.8859803741832,2229735.37,38443.71327586207,16,6792.0,0.1399794950265619,16,6792.0
64015.0,48,988.0,16.466666666666665,1.4156019277071732,32148.808830055114,535.8134805009186,2292397.603,38206.626716666666,22,6857.0,0.11181161031239295,22,6857.0
64020.0,53,1237.0,19.951612903225808,1.249787351297061,32401.765829375538,522.6091262802507,2355050.4710000004,37984.685016129035,26,6951.0,0.041171648562784637,26,6951.0
64025.0,54,1503.0,23.484375,1.022773850873755,32632.465004483376,509.882265695053,2386378.4140000003,37287.16271875,28,7062.0,0.041377345493947754,28,7062.0
64030.0,51,1637.0,24.803030303030305,1.6009597866022325,32872.374227164626,498.0662761691611,2386376.0870000003,36157.213439393934,23,6865.0,0.10477519797386096,23,6865.0
64035.0,48,1777.0,27.338461538461537,2.1521520778680316,33140.399197039806,509.85229533907415,2386376.0870000003,36713.47826153846,20,6538.0,0.07283803669512855,20,6538.0
64040.0,47,1951.0,30.484375,1.9062799583119763,33394.85407773589,521.7945949646232,2355044.9370000004,36797.577140625,20,6610.0,0.09813079204914156,20,6610.0
64045.0,52,2186.0,35.25806451612903,0.9747217682696043,33136.00344336949,534.4516684414436,2261407.8290000004,36474.31982258065,26,6730.0,0.05268702201198038,26,6730.0
64050.0,51,2400.0,38.70967741935484,1.074467604839715,33076.177160760526,533.4867283993635,2261663.175,36478.43830645161,24,6789.0,0.06611955913155451,24,6789.0
64055.0,56,2663.0,40.34848484848485,1.4380823949938877,33357.64718542432,505.41889674885334,2293004.5069999998,34742.492530303025,28,6897.0,0.0753152963750062,28,6897.0
64060.0,57,2940.0,43.23529411764706,1.500246745661251,33653.23175757006,494.9004670230892,2355687.288,34642.46011764705,31,7019.0,0.04852190794002354,31,7019.0
64065.0,61,3231.0,49.707692307692305,0.4392594170525972,33884.98895233267,521.3075223435799,2418367.4760000003,37205.65347692308,34,7155.0,0.04420764372598762,34,7155.0
64070.0,55,3377.0,51.166666666666664,1.0661367448103551,34192.309161050005,518.0652903189397,2449709.1410000003,37116.80516666667,29,6975.0,0.07139487202073677,29,6975.0
64075.0,52,3541.0,53.65151515151515,1.823155153862654,34485.63033108912,522.5095504710471,2449709.1410000003,37116.80516666667,24,6830.0,0.06109723449706418,24,6830.0
64080.0,49,3732.0,57.41538461538462,2.0164531408465205,34747.94068687964,534.5837028750716,2418362.649,37205.57921538461,22,6809.0,0.07487122864684241,22,6809.0
64085.0,51,3968.0,56.68571428571428,1.6251757688236883,34334.406572207394,490.4915224601055,2324804.4659999995,33211.49237142857,24,6908.0,0.04607116486175933,24,6908.0
64090.0,46,3569.0,53.26865671641791,2.431809698827589,34455.12623377259,514.2556154294417,2230864.3469999996,33296.48279104478,20,6427.0,0.177069595353801,20,6427.0
64095.0,50,3805.0,55.14492753623188,2.260658159810083,34733.31556748459,503.3813850360087,2293564.135,33240.05992753623,23,6443.0,0.07060858660728919,23,6443.0
64100.0,57,4070.0,56.52777777777778,2.0377271893297904,35028.309546761244,486.504299260573,2356262.2120000003,32725.864055555554,30,6555.0,0.019775219021738896,30,6555.0
64105.0,57,4354.0,64.98507462686567,1.1893979681564597,34779.777439286656,519.1011558102488,2387608.407,35635.94637313432,31,6684.0,0.04538600923881488,31,6684.0
64110.0,55,4505.0,70.390625,1.046736215700209,34898.189030140275,545.2842035959416,2387603.125,37306.298828125,27,6683.0,0.01101375441155152,27,6683.0
64115.0,55,4780.0,74.6875,1.57983687301622,35173.75763867563,549.5899631043067,2387603.125,37306.298828125,27,6782.0,0.03436303523961262,27,6782.0
64120.0,55,5055.0,80.23809523809524,1.1211561252406521,35409.704768615135,562.058805851034,2387602.699,37898.455539682545,27,6892.0,0.033972090884407516,27,6892.0
64125.0,58,5340.0,87.54098360655738,0.5050578254263507,35615.0480622984,583.8532469229247,2387598.987,39140.967000000004,30,7012.0,0.0001196489452363326,30,7012.0
64130.0,51,5344.0,90.57627118644068,0.8343567603354788,35851.909085179475,607.659476019991,2387595.987,40467.72859322034,23,6904.0,0.04040046746342227,23,6904.0
64135.0,47,5386.0,88.29508196721312,1.7350653153744826,36124.031026839904,592.1972299481951,2387596.555,39140.927131147546,19,6824.0,0.05248060346588642,19,6824.0
64140.0,44,5461.0,91.01666666666667,1.9335080453477262,36350.28711043263,605.8381185072107,2356244.103,39270.73505,17,6885.0,0.06850894557058633,17,6885.0
64145.0,48,5652.0,92.65573770491804,1.1912707994476495,36374.19357584094,596.2982553416551,2293620.9680000003,37600.34373770493,21,6988.0,0.05380041056685816,21,6988.0
64150.0,47,5817.0,96.95,1.5923420520091207,36426.18148644555,607.1030247740928,2262354.416,37705.90693333334,21,7031.0,0.15414582550994627,21,7031.0
64155.0,51,6062.0,97.7741935483871,1.0981553537828215,36700.53159052545,591.944057911701,2325116.74,37501.88290322581,24,7120.0,0.02439302999637091,24,7120.0
64160.0,54,6323.0,100.36507936507937,1.0406368284588803,36944.128005855295,586.4147302516717,2356502.1160000004,37404.795492063495,28,7227.0,6.400124712487186e-05,28,7227.0
64165.0,56,6602.0,100.03030303030303,1.6405096123239071,37234.82781669458,564.1640578287061,2356505.1160000004,35704.622969696975,28,7342.0,5.19949517441682e-07,28,7342.0
64170.0,50,6730.0,110.32786885245902,1.2187669559617653,37435.43207623189,613.6956078070806,2356505.1160000004,38631.23140983607,22,7209.0,0.09541676072506663,22,7209.0
64175.0,49,6866.0,110.74193548387096,1.4633840511037832,37716.15635202583,608.3251024520296,2356505.1160000004,38008.14703225807,21,7125.0,0.05836412031010087,21,7125.0
64180.0,47,7029.0,111.57142857142857,1.5820466671612723,37934.53721821116,602.1355114001773,2325161.1810000003,36907.32033333333,20,7202.0,0.10550892346063763,20,7202.0
64185.0,52,7254.0,113.34375,0.8354927425954566,37966.332650153396,593.223947658647,2293909.4560000007,35842.335250000004,25,7310.0,0.04803721672334454,25,7310.0
64190.0,53,7484.0,118.7936507936508,1.2217113005769975,38036.33340867965,603.751323947296,2262632.46,35914.80095238096,27,7404.0,0.055471331352278434,27,7404.0
64195.0,55,7756.0,119.32307692307693,1.1869460012613766,38325.9075604922,589.6293470844954,2325441.4129999997,35776.02173846153,29,7521.0,0.07646747714393709,29,7521.0
64200.0,60,8041.0,121.83333333333333,0.6869795039184784,38608.48463686093,584.9770399524384,2388250.484,36185.61339393939,33,7651.0,0.0015616856531586887,33,7651.0
64205.0,61,8346.0,122.73529411764706,0.6642502650421881,38888.765591061405,571.8936116332558,2419657.898,35583.204382352946,35,7801.0,0.041935484035248126,35,7801.0
64210.0,50,7506.0,105.71830985915493,1.7255525906205575,39198.8424972191,552.0963732002688,2451063.772,34522.024957746486,23,7240.0,0.12342810344481142,23,7240.0
64215.0,48,7479.0,105.33802816901408,1.926071017227127,39503.738817864934,556.3906875755623,2451063.772,34522.024957746486,18,6956.0,0.08026211135443703,18,6956.0
64220.0,48,7653.0,109.32857142857142,1.5627499566810201,39768.83960676354,568.126280096622,2419678.2539999997,34566.832200000004,20,7032.0,0.061744983510181775,20,7032.0
64225.0,54,7898.0,117.88059701492537,0.928962831645898,39712.9129074026,592.7300433940687,2356936.6330000004,35178.15870149253,26,7137.0,0.013148714094935395,26,7137.0
64230.0,55,8104.0,122.78787878787878,1.011869707156901,39741.85252808203,602.1492807285157,2356952.234,35711.39748484848,27,7212.0,0.0030920684002402987,27,7212.0
64235.0,58,8377.0,125.02985074626865,1.079157982706469,39653.598193388345,591.8447491550501,2356949.086,35178.34456716418,30,7331.0,5.844752216530802e-05,30,7331.0
64240.0,58,8664.0,131.27272727272728,1.43929327099242,39802.02298194692,603.060954271923,2325607.421,35236.47607575757,30,7456.0,0.030979414931534114,30,7456.0
64245.0,58,8954.0,139.90625,0.5386215035527122,40002.47862087783,625.0387284512161,2325607.279,36337.613734375,30,7581.0,0.038465159418204845,30,7581.0
64250.0,51,6578.0,102.78125,1.217180400605599,40301.63788296752,629.7130919213675,2325607.279,36337.613734375,27,5697.0,0.06903243389523307,27,5697.0
64255.0,44,4480.0,68.92307692307692,2.110637203313507,40583.697619819526,624.3645787664543,2325607.998,35778.58458461538,29,4845.0,0.04989036316233536,29,4845.0
64260.0,38,2359.0,36.859375,2.552473153924966,37929.69503553389,592.6514849302172,2269254.54,35457.1021875,32,6921.0,0.02963179943813644,32,6921.0
64265.0,40,1524.0,23.8125,1.9002344015811004,28480.515371189747,445.00805267483963,1982993.469,30984.272953125,37,7334.0,0.0008382617996283412,37,7334.0
64270.0,36,1280.0,19.393939393939394,1.9989253824508322,25263.22627706396,382.77615571309013,2104453.877,31885.6648030303,28,6980.0,0.08632441483742359,28,6980.0
64275.0,45,1296.0,19.058823529411764,1.1979705391319677,24619.60783435176,362.0530563875259,2223498.018,32698.500264705886,29,6969.0,0.04085133929598256,29,6969.0
64280.0,53,1354.0,19.6231884057971,0.8351101881635079,24709.281176528548,358.1055242975152,2341637.8310000002,33936.78015942029,32,7109.0,0.01133504273853181,32,7109.0
64285.0,60,1547.0,22.1,0.7519466906181228,24874.371907136956,355.3481701019564,2400704.51,34295.77871428572,36,7310.0,0.0029656575810030794,36,7310.0
64290.0,58,1682.0,23.041095890410958,1.5412128309832072,25020.130902861383,342.74151921727923,2463641.289,33748.51080821918,32,7369.0,0.060209899380820414,32,7369.0
64295.0,60,1977.0,27.08219178082192,1.9273072384316214,25144.16960845116,344.4406795678242,2432290.073,33319.042095890414,32,7515.0,0.07450532724806774,32,7515.0
64300.0,62,2280.0,32.57142857142857,1.027971356402056,25379.360129834105,362.5622875690586,2432285.931,34746.94187142857,34,7677.0,0.019697479299379306,34,7677.0
64305.0,65,2603.0,38.850746268656714,0.32746640401894384,25591.05221339294,381.9560031849692,2432285.931,36302.77508955223,37,7848.0,1.983590832173268e-06,37,7848.0
64310.0,59,2736.0,42.09230769230769,0.5654289868364749,25879.42530899948,398.14500475383807,2432285.931,37419.78355384615,31,7602.0,0.015718870962068875,31,7602.0
64315.0,54,2863.0,42.73134328358209,1.5189709076186244,26184.54047907561,390.81403700112867,2432286.503,36302.78362686567,26,7443.0,0.048819512836990486,26,7443.0
64320.0,52,3010.0,46.30769230769231,1.3143984396974528,26199.32414972895,403.0665253804454,2369517.429,36454.11429230769,25,7544.0,0.04785611774991164,25,7544.0
64325.0,55,3247.0,46.385714285714286,0.9252476574224224,26098.302204962692,372.8328886423243,2338328.0330000003,33404.68618571429,29,7702.0,0.034174854137059216,29,7702.0
64330.0,47,2111.0,29.732394366197184,2.324256624348575,26244.08552271082,369.6350073621244,2369942.1010000003,33379.46621126761,20,6753.0,0.1578316846782487,20,6753.0
64335.0,51,2351.0,31.77027027027027,2.9506332360114507,26528.87378296589,358.498294364404,2401447.977,32451.99968918919,25,6492.0,0.09457681410811367,25,6492.0
64340.0,55,2614.0,34.39473684210526,2.7925656932511225,26526.5772790344,349.0339115662423,2464442.426,32426.87402631579,28,6589.0,0.08189340320717883,28,6589.0
64345.0,59,2896.0,42.588235294117645,1.4849349934328449,25839.814862712527,379.99727739283134,2464434.2879999997,36241.68070588235,31,6706.0,0.01015229116972118,31,6706.0
64350.0,54,3028.0,48.06349206349206,0.9932617210642075,25884.545131857485,410.86579574376964,2464430.1459999997,39117.93882539682,26,6678.0,0.03373486313012241,26,6678.0
64355.0,55,3301.0,52.3968253968254,1.1109698784624695,26165.280337114793,415.3219101129332,2464430.1459999997,39117.93882539682,27,6771.0,1.2239537099857051e-05,27,6771.0
64360.0,55,3576.0,59.6,1.0027809204675397,26339.527590023983,438.9921265003998,2464429.86,41073.83099999999,27,6876.0,0.0248205563852577,27,6876.0
64365.0,56,3853.0,63.16393442622951,0.5780103075425385,26561.795986365123,435.4392784650021,2464431.0039999997,40400.50826229507,28,6983.0,7.307921701490618e-05,28,6983.0
64370.0,45,2953.0,50.05084745762712,1.526258858111908,26787.236316004408,454.02095450854927,2464428.0039999997,41769.96616949152,21,4451.0,0.07014176382227391,21,4451.0
64375.0,38,2349.0,39.813559322033896,2.5793848306849125,27034.35665534363,458.20943483633266,2464428.0039999997,41769.96616949152,22,3221.0,0.09709350644695824,22,3221.0
64380.0,31,1527.0,26.32758620689655,2.893979490272801,24609.630422733382,424.3039728057479,2407746.102,41512.8638275862,25,6576.0,0.03978172483089089,25,6576.0
64385.0,33,1296.0,23.142857142857142,2.549279295953997,18649.417678556547,333.0253156885098,2117672.354,37815.577750000004,31,7048.0,0.0001099981207878528,31,7048.0
64390.0,32,1037.0,17.879310344827587,2.2242190014403094,14545.91445885305,250.79162860091463,2121597.261,36579.263120689655,24,6695.0,0.1003267504358061,24,6695.0
64395.0,35,945.0,15.491803278688524,2.3278115167972913,14412.922315335514,236.27741500550027,2299378.9339999994,37694.73662295082,21,6438.0,0.06668693251152437,21,6438.0
64400.0,37,824.0,13.290322580645162,2.0458085540812814,14608.3414302519,235.6184101653532,2386172.832,38486.658580645155,19,6355.0,0.11494110503946821,19,6355.0
64405.0,50,984.0,15.375,1.2099814219448497,14144.174986280417,221.0027341606315,2351232.9149999996,36738.014296875,25,6503.0,0.06667017003988597,25,6503.0
64410.0,47,1075.0,16.796875,1.718172331062141,14025.118105483414,219.14247039817835,2319983.425,36249.741015625,21,6517.0,0.10647026477947537,21,6517.0
64415.0,54,1324.0,19.18840579710145,1.6793662149834339,14311.047700366882,207.40648841111417,2383107.997,34537.797057971016,26,6601.0,0.06961630413534568,26,6601.0
64420.0,55,1590.0,22.714285714285715,2.048911497961988,14569.664593633195,208.13806562333127,2446219.793,34945.99704285714,28,6717.0,0.0756810073823544,28,6717.0
64425.0,60,1874.0,28.393939393939394,0.7175062115932831,14725.408652132097,223.11225230503175,2477777.2019999996,37542.07881818182,34,6851.0,0.04254508487150435,34,6851.0
64430.0,57,2034.0,31.78125,0.5969802741880605,15004.963563581234,234.45255568095678,2477777.2019999996,38715.26878125,29,6619.0,0.01574019372281285,29,6619.0
64435.0,53,2221.0,34.703125,1.652851013438545,15297.281324369163,239.02002069326815,2477777.2019999996,38715.26878125,25,6288.0,0.03386550221023145,25,6288.0
64440.0,49,2389.0,37.328125,1.9640273641493855,15573.726393166766,243.3394748932306,2477777.2019999996,38715.26878125,22,6380.0,0.07464188663904707,22,6380.0
64445.0,51,2622.0,39.72727272727273,1.3112443583952047,15173.039012020474,229.8945304851587,2352017.4579999996,35636.62815151515,24,6489.0,0.053795544792732845,24,6489.0
64450.0,51,2837.0,43.646153846153844,1.8779462255232615,15114.209487041177,232.5262998006334,2320705.7369999997,35703.16518461539,25,6567.0,0.1524834068990707,25,6567.0
64455.0,55,3105.0,46.343283582089555,1.4896984202882042,15404.318005525227,229.91519411231675,2383853.02,35579.89582089553,29,6685.0,0.07537384210492132,29,6685.0
64460.0,60,3390.0,49.85294117647059,1.1810228626551813,15681.617735737687,230.61202552555415,2446995.2860000003,35985.224794117654,33,6820.0,0.0031427715485767035,33,6820.0
64465.0,60,3688.0,55.878787878787875,0.8182081275402047,15944.759030937037,241.58725804450054,2478566.7760000005,37554.042060606065,34,6968.0,0.027785980301324516,34,6968.0
64470.0,56,3834.0,58.09090909090909,0.8702930087638406,16246.496882948053,246.1590436810311,2510131.2920000004,38032.292303030306,28,6824.0,0.022880957548063102,28,6824.0
64475.0,51,3996.0,59.64179104477612,2.0803015465264907,16541.0613000786,246.8815119414716,2510131.2920000004,37464.64614925374,23,6724.0,0.10508696174122027,23,6724.0
64480.0,47,4185.0,63.40909090909091,2.512348004249833,16780.266314722427,254.24645931397612,2478573.739,37554.14756060607,20,6631.0,0.11052450723701429,20,6631.0
64485.0,49,4416.0,69.0,1.66073797124578,16590.24318232972,259.2225497239019,2320954.7470000004,36264.91792187501,23,6734.0,0.08474628191390356,23,6734.0
64490.0,53,4673.0,71.8923076923077,1.3605781002847026,16615.76499840674,255.62715382164214,2321133.0310000004,35709.73893846154,27,6853.0,0.09929912967273269,27,6853.0
64495.0,50,4316.0,63.470588235294116,1.9087841474442793,16782.62225575779,246.80326846702616,2321189.8800000004,34135.14529411765,23,6396.0,0.11569778709179133,23,6396.0
64500.0,52,4572.0,66.26086956521739,2.4214155721520245,17061.556753851564,247.26893846161687,2352767.95,34098.08623188405,26,6452.0,0.05210056345132923,26,6452.0
64505.0,56,4847.0,68.26760563380282,1.7729287765073096,17088.17499187913,240.67852101238205,2415932.746,34027.22177464788,30,6577.0,0.03521106035414097,30,6577.0
64510.0,61,5140.0,76.71641791044776,0.8846071351737265,17025.539991427617,254.11253718548681,2479093.43,37001.394477611946,34,6720.0,0.08744882865568925,34,6720.0
64515.0,48,3948.0,58.92537313432836,1.3763264964969064,17275.760369264022,257.84716969050766,2510670.969,37472.70102985073,26,4393.0,0.06741101417965713,26,4393.0
64520.0,46,3177.0,45.385714285714286,1.8985891577773568,17574.321276501156,251.06173252144504,2542250.217,36317.86024285714,28,4744.0,0.023031989252002585,28,4744.0
64525.0,39,2266.0,32.371428571428574,2.708564136882061,17819.578258147452,254.5654036878207,2542250.215,36317.86021428571,32,5322.0,0.014589335992342039,32,5322.0
64530.0,39,1848.0,28.0,2.2667796237170834,15844.015208925004,240.0608364988636,2425653.1649999996,36752.32068181818,34,5474.0,0.04433650439297682,34,5474.0
64535.0,34,728.0,11.375,1.998199768239709,11005.778833424927,171.9652942722646,2252439.8499999996,35194.37265625,25,4877.0,0.053622344802708076,25,4877.0
64540.0,37,511.0,7.742424242424242,2.3016329070975607,11258.095093243785,170.5771983824815,2430220.6259999997,36821.52463636363,18,4558.0,0.08359014167079121,18,4558.0
64545.0,44,579.0,8.514705882352942,1.512593991619385,11130.4715852812,163.68340566589998,2426543.798,35684.46761764706,21,4642.0,0.045936960020167145,21,4642.0
64550.0,49,770.0,11.666666666666666,1.3018103564779953,11094.327986681328,168.0958785860807,2422651.2139999997,36706.836575757574,26,4768.0,0.033050225649613206,26,4768.0
64555.0,51,801.0,11.955223880597014,1.5328356279350928,11386.539640393596,169.94835284169542,2454261.126,36630.76307462686,25,4758.0,0.07197291238103731,25,4758.0
64560.0,54,1066.0,16.151515151515152,1.6576602123657853,11278.259331868581,170.88271714952398,2454314.905,37186.58946969697,28,4818.0,0.06415951132762567,28,4818.0
64565.0,57,1343.0,19.185714285714287,1.51732069342612,11145.453699597374,159.22076713710536,2485927.855,35513.25507142857,29,4946.0,0.03019186644181246,29,4946.0
64570.0,59,1635.0,23.028169014084508,1.6298595368806672,11372.225340388815,160.17218789280028,2485927.962,35013.06988732394,31,5083.0,0.08517120485447699,31,5083.0
64575.0,54,1750.0,25.735294117647058,1.1616035530889348,11527.48426425369,169.5218274154954,2485927.962,36557.76414705881,26,5011.0,0.0435394144303973,26,5011.0
64580.0,55,1914.0,28.147058823529413,1.6267270129603875,11831.488226643878,173.9924739212335,2485927.962,36557.76414705881,27,4959.0,0.0649619067764233,27,4959.0
64585.0,54,2048.0,30.567164179104477,1.3056195787401226,12117.46712311873,180.85771825550339,2454318.05,36631.61268656716,27,5072.0,0.05327049681204387,27,5072.0
64590.0,56,2299.0,35.36923076923077,0.6893129860938069,12168.637947328207,187.2098145742801,2391190.708,36787.549353846145,30,5242.0,0.03504064411184302,30,5242.0
64595.0,49,1798.0,26.441176470588236,1.1785582928735465,12245.866681416728,180.0862747267166,2391314.497,35166.3896617647,23,3517.0,0.038863353808017295,23,3517.0
64600.0,46,1595.0,23.115942028985508,2.193820795459422,12538.976817397597,181.72430170141442,2422946.763,35115.17047826086,28,3910.0,0.058398621405999725,28,3910.0
64605.0,38,1166.0,16.422535211267604,2.6432316195358423,12824.936381513946,180.63290678188656,2454580.017,34571.54953521126,33,4416.0,0.05808447337843743,33,4416.0
64610.0,43,1079.0,15.867647058823529,1.9465434138172426,12435.219089356853,182.87086896113018,2395743.9499999993,35231.528676470574,38,4592.0,0.00875862456755419,38,4592.0
64615.0,40,836.0,12.861538461538462,1.7763803219725625,9293.436470671226,142.97594570263422,2220668.499,34164.13075384615,28,4165.0,0.034834759377045714,28,4165.0
64620.0,43,884.0,13.6,1.597208392437395,9336.596592810256,143.63994758169625,2280122.0949999997,35078.80146153847,24,4082.0,0.05290829363960293,24,4082.0
64625.0,48,1032.0,14.956521739130435,1.5935741838084014,9220.603201348309,133.63193045432334,2307955.4969999995,33448.63039130434,24,4192.0,0.02852614449564287,24,4192.0
64630.0,53,1256.0,18.202898550724637,1.3432663074862674,9180.172534743078,133.04597876439237,2367333.6859999998,34309.18385507246,28,4342.0,0.0755748641253394,28,4342.0
64635.0,53,1262.0,18.558823529411764,1.4157923069709941,9240.677731906037,135.8923195868534,2398985.025,35279.19154411764,27,4329.0,0.06550391291801291,27,4329.0
64640.0,55,1529.0,21.84285714285714,1.7250295653716052,9543.84038798976,136.3405769712822,2462296.545,35175.66492857142,29,4379.0,0.06476545469548292,29,4379.0
64645.0,61,1818.0,25.6056338028169,1.3365486635971413,9684.820740704843,136.40592592542023,2430714.3149999995,34235.41288732394,33,4527.0,0.014282858628481287,33,4527.0
64650.0,61,2120.0,30.285714285714285,1.2280029766380598,9828.171572752986,140.4024510393283,2430711.019,34724.44312857142,33,4684.0,0.06115663792390684,33,4684.0
64655.0,53,2176.0,31.536231884057973,1.5331475222322415,10021.033905675038,145.23237544456572,2430711.019,35227.69592753623,25,4388.0,0.08469509834306567,25,4388.0
64660.0,53,2307.0,33.43478260869565,1.1597452895354503,10329.76897792372,149.70679678150316,2430711.019,35227.69592753623,24,4507.0,0.04090310694495821,24,4507.0
64665.0,53,2478.0,37.54545454545455,0.7713671547944095,10345.299436959787,156.74696116605733,2367490.7729999996,35871.07231818182,25,4627.0,0.023442048895454787,25,4627.0
64670.0,56,2716.0,41.15151515151515,0.8370480885328027,10638.609386764989,161.19105131462092,2367510.994,35871.3786969697,29,4782.0,0.013394711035519143,29,4782.0
64675.0,58,3003.0,44.82089552238806,0.6071022964147097,10854.981598974584,162.01465073096387,2399191.081,35808.82210447761,32,4959.0,0.0018259612676927086,32,4959.0
64680.0,57,3167.0,47.984848484848484,0.9903356612898501,11153.49152422042,168.99229582152142,2399187.667,36351.32828787879,30,5002.0,0.017732596190216426,30,5002.0
64685.0,60,3460.0,49.42857142857143,1.0922929766975074,11467.328455899367,163.81897794141943,2399190.667,34274.15238571428,31,5107.0,4.7917042995927086e-05,31,5107.0
64690.0,59,3753.0,55.19117647058823,1.3857479391573586,11586.110978567533,170.38398497893422,2367605.729,34817.73130882352,31,5257.0,0.05542083102053351,31,5257.0
64695.0,60,4050.0,60.44776119402985,0.7610840300009495,11841.392747720787,176.73720518986238,2367605.729,35337.39894029851,32,5409.0,0.008451155616809734,32,5409.0
64700.0,58,4174.0,63.24242424242424,0.6200038119507293,12047.67330896024,182.5405046812157,2367606.591,35872.827136363645,30,5257.0,0.018384493252237857,30,5257.0
64705.0,53,4289.0,65.98461538461538,1.3753495362488082,12306.455691359188,189.33008755937203,2367606.591,36424.71678461539,25,5105.0,0.047967160952399425,25,5105.0
64710.0,50,4422.0,68.03076923076924,1.164378637935002,12599.06732765999,193.83180504092286,2367606.591,36424.71678461539,23,5216.0,0.0572660292361597,23,5216.0
64715.0,55,4657.0,72.765625,0.6057018335814204,12333.243158379364,192.70692434967745,2304588.6050000004,36009.19695312501,29,5376.0,0.03278050271353925,29,5376.0
64720.0,44,3487.0,54.484375,1.838148144731272,12437.449354414079,194.3351461627199,2304729.8810000005,36011.404390625,18,4462.0,0.13094944673048795,18,4462.0
64725.0,48,3721.0,51.68055555555556,2.977868363366751,12711.540632196495,176.5491754471735,2368168.0920000006,32891.22349999999,21,4196.0,0.08650761939940282,21,4196.0
64730.0,51,3960.0,55.0,2.9592329821762666,12578.042801437883,174.69503890885937,2431598.2030000007,33772.197263888884,24,4305.0,0.0821637171153746,24,4305.0
64735.0,55,4225.0,66.015625,1.1486047675072304,11896.466516010345,185.8822893126615,2431590.0470000007,37993.594484375004,27,4429.0,0.05403631787216445,27,4429.0
64740.0,53,4324.0,70.88524590163935,0.9432655625500358,12048.96864941094,197.52407621985134,2431589.177000001,39862.11765573772,25,4403.0,0.03240161447018127,25,4403.0
64745.0,53,4589.0,72.84126984126983,1.365524275012771,12294.143961379456,195.1451422441183,2431589.177000001,38596.653603174615,25,4503.0,0.0,25,4503.0
64750.0,53,4854.0,74.67692307692307,1.9768802525131692,12569.116861966308,193.37102864563548,2431589.4730000007,37409.06881538462,25,4623.0,0.07038339763323795,25,4623.0
64755.0,54,5120.0,83.93442622950819,1.0081861482080472,12707.50386620686,208.31973551158782,2431588.035000001,39862.098934426234,26,4744.0,0.002297863350411103,26,4744.0
64760.0,49,5095.0,87.84482758620689,0.8758895771255036,12883.394880616343,222.12749794166098,2431585.035000001,41923.879913793106,21,4439.0,0.057725782106483006,21,4439.0
64765.0,46,5116.0,86.71186440677967,1.7764752361083622,13148.029534786181,222.84795821671483,2431585.035000001,41213.305677966106,18,4260.0,0.06916890375011335,18,4260.0
64770.0,42,5181.0,87.8135593220339,2.1634494786947145,13397.539264556537,227.07693668739887,2431585.035000001,41213.305677966106,15,4215.0,0.10723210785483357,15,4215.0
64775.0,48,5359.0,92.39655172413794,1.0696916806781698,12915.703234262588,222.68453852176864,2305139.2290000007,39743.77981034482,19,4333.0,0.06743835415192641,19,4333.0
64780.0,44,5495.0,96.40350877192982,1.6988416075019814,12841.656077348654,225.29221188330962,2273632.658000001,39888.29224561404,18,4372.0,0.09751392688147753,18,4372.0
64785.0,46,5720.0,96.94915254237289,1.8614684482277444,13089.223391289908,221.85124392016783,2337143.3430000013,39612.59903389831,20,4462.0,0.13029889105696374,20,4462.0
64790.0,53,5964.0,97.77049180327869,1.3629355038304598,13356.639558589273,218.96130423916836,2400649.433000001,39354.90873770492,26,4571.0,0.002058653154399014,26,4571.0
64795.0,53,6228.0,109.26315789473684,0.6074342964678113,13506.450506837502,236.95527204978063,2432402.327000001,42673.725035087715,27,4700.0,0.035251214444039294,27,4700.0
64800.0,48,6344.0,111.29824561403508,0.7995314149716375,13761.510517567516,241.4300090801318,2464155.6070000012,43230.80012280701,21,4489.0,0.03226011848080667,21,4489.0
64805.0,44,6472.0,96.59701492537313,2.4856919079156468,14034.589183982864,209.4714803579531,2464168.939000001,36778.64088059702,16,4336.0,0.09827057468134115,16,4336.0
64810.0,42,6628.0,97.47058823529412,3.2819932553067455,14230.290406875067,209.2689765716921,2432467.698000001,35771.58379411765,15,4404.0,0.2597169227521767,15,4404.0
64815.0,47,6834.0,106.78125,1.134504579154577,13961.80507606388,218.15320431349807,2305776.9200000004,36027.764375,21,4506.0,0.12505891431610264,21,4506.0
64820.0,53,7053.0,108.50769230769231,1.1657375774025138,14095.435487579976,216.85285365507656,2337654.9280000003,35963.92196923077,26,4590.0,0.047125340371437806,26,4590.0
64825.0,56,7327.0,111.01515151515152,1.3450834019988132,14389.735083436995,218.02628914298472,2369419.4140000003,35900.29415151514,30,4729.0,0.03714651718051043,30,4729.0
64830.0,59,7616.0,110.3768115942029,1.0282673470135406,14666.33946391134,212.55564440451215,2432938.8220000006,35259.982927536235,33,4883.0,0.00031562022535566676,33,4883.0
64835.0,62,7922.0,121.87692307692308,0.5168063212788194,14930.270828830797,229.69647428970453,2432932.1020000004,37429.724646153845,34,5048.0,0.025076913343375046,34,5048.0
64840.0,56,8064.0,124.06153846153846,0.7587247551729864,15240.45974997913,234.4686115381404,2432932.1020000004,37429.724646153845,28,4954.0,0.03828474709698405,28,4954.0
64845.0,53,8219.0,124.53030303030303,1.583515124167449,15540.349130329,235.45983530801513,2432932.1020000004,36862.6076060606,25,4911.0,0.052203832895571,25,4911.0
64850.0,50,8400.0,129.23076923076923,1.5758546237693114,15793.537598830526,242.97750152046956,2401178.8220000006,36941.21264615385,23,5026.0,0.08805677842271076,23,5026.0
64855.0,54,8640.0,135.0,0.6683844038003923,15678.202756466917,244.97191806979555,2306084.762,36032.57440625,27,5165.0,0.02713677771376494,27,5165.0
64860.0,53,8871.0,138.609375,1.149756246734407,15861.017688445305,247.82840138195786,2306158.0080000004,36033.718875,27,5281.0,0.05022618738534435,27,5281.0
64865.0,57,9145.0,132.53623188405797,1.143740966460444,16168.994560582072,234.33325450118951,2369724.0430000005,34343.82671014493,30,5420.0,0.04377297918286616,30,5420.0
64870.0,60,9441.0,136.82608695652175,1.244951643136001,16456.984280654116,238.50701856020464,2401505.6890000002,34804.43027536232,34,5581.0,0.08202426657864888,34,5581.0
64875.0,67,9754.0,143.44117647058823,0.1459326003562583,16760.268643325202,246.4745388724295,2433288.2660000003,35783.650970588234,39,5755.0,0.00029683625142693936,39,5755.0
64880.0,61,9924.0,141.77142857142857,0.693629988929943,17075.47769239899,243.9353956056998,2433290.0530000003,34761.28647142856,33,5711.0,0.01737753658643463,33,5711.0
64885.0,55,10100.0,138.35616438356163,2.0953265004521553,17393.196369331974,238.26296396345174,2433293.0530000003,33332.781547945204,27,5720.0,0.06905005044855221,27,5720.0
64890.0,54,10295.0,142.98611111111111,1.6083962248228179,17660.925099594344,245.29062638325468,2401531.4310000003,33354.603208333334,27,5844.0,0.07376859607202019,27,5844.0
64895.0,58,10562.0,150.88571428571427,0.5814355008355315,17639.238882259073,251.98912688941533,2306316.13,32947.373285714275,32,6025.0,0.032165959410258634,32,6025.0
64900.0,52,9743.0,135.31944444444446,1.8930264823240164,17957.84150365178,249.4144653284969,2369919.7939999998,32915.55269444444,24,5248.0,0.1047260355494948,24,5248.0
64905.0,54,10004.0,135.1891891891892,2.4298582151829256,18164.821148374223,245.47055605911098,2369966.2979999995,32026.571594594592,28,5197.0,0.02502659629810562,28,5197.0
64910.0,58,10283.0,137.10666666666665,2.5301099030363874,18329.433113706,244.39244151607994,2433561.9369999995,32447.49249333333,32,5341.0,0.012491068360598271,32,5341.0
64915.0,59,10575.0,160.22727272727272,1.0022973607828902,17608.845895508035,266.8006953864853,2465351.4409999996,37353.80971212121,32,5496.0,0.057487875837824644,32,5496.0
64920.0,55,10709.0,169.984126984127,0.7111602274658596,17841.174111333858,283.1932398624421,2465347.8629999994,39132.50576190476,27,5430.0,0.03177960815000852,27,5430.0
64925.0,50,10853.0,161.98507462686567,2.071908084623703,18132.3858065626,270.6326239785463,2465350.8629999994,36796.28153731343,22,5343.0,0.04436306225320998,22,5343.0
64930.0,46,11018.0,164.44776119402985,2.236250757415988,18245.216180680058,272.31665941313514,2401816.7439999995,35848.01110447761,19,5439.0,0.13271394198605355,19,5439.0
64935.0,51,11240.0,172.92307692307693,1.305516349147835,18409.464560021144,283.222531692633,2338266.039,35973.32367692308,25,5572.0,0.05729489573621041,25,5572.0
64940.0,46,11194.0,174.90625,1.4709062069544871,18378.322252578037,287.1612851965317,2306612.0420000004,36040.81315625,19,5458.0,0.08641882430036268,19,5458.0
64945.0,49,11433.0,175.8923076923077,1.9648014294683116,18654.86047925075,286.9978535269347,2338427.7020000005,35975.8108,23,5500.0,0.08155771283363104,23,5500.0
64950.0,53,11692.0,177.15151515151516,1.8929884641926538,18924.29626160002,286.7317615393942,2402048.6120000007,36394.67593939394,27,5624.0,0.028624357288703297,27,5624.0
64955.0,58,11966.0,186.96875,0.9682840440823226,18968.901503088895,296.38908598576404,2433857.7370000007,38029.027140624996,30,5763.0,0.020058646897349066,30,5763.0
64960.0,51,12101.0,192.0793650793651,1.321643904604073,19136.112708038036,303.7478207625086,2465672.091000001,39137.652238095245,23,5721.0,0.0824920057918379,23,5721.0
64965.0,48,12259.0,182.97014925373134,2.4309564289521752,19414.252021787892,289.76495554907314,2465678.461000001,36801.1710597015,20,5692.0,0.14289047496214416,20,5692.0
64970.0,46,12405.0,185.1492537313433,2.957232298117133,19682.215575980135,293.76441158179307,2465678.461000001,36801.1710597015,19,5632.0,0.14540175531518104,19,5632.0
64975.0,47,12624.0,200.38095238095238,2.448551900546394,19681.283222601727,312.40132099367827,2338524.822000001,37119.441619047626,21,5640.0,0.12063268778290827,21,5640.0
64980.0,49,12867.0,210.9344262295082,2.4295275754531933,19660.237689807753,322.2989785214385,2275003.841000001,37295.14493442624,23,5697.0,0.10803227632291232,23,5697.0
64985.0,50,13113.0,201.73846153846154,2.0553737837782617,19746.571905782,303.79341393510765,2243255.6040000003,34511.62467692307,24,5812.0,0.09079503038851595,24,5812.0
64990.0,52,13367.0,208.859375,1.7193323671060168,19875.06992142935,310.5479675223336,2211492.6610000003,34554.572828125005,25,5936.0,0.09990475927736214,25,5936.0
64995.0,50,13505.0,214.36507936507937,1.463387944774046,20098.20833716419,319.0191799549872,2179689.0090000005,34598.23823809524,24,5958.0,0.10260284832434029,24,5958.0
65000.0,52,13762.0,211.72307692307692,1.5863081878562157,20377.575227151137,313.5011573407868,2243333.0960000004,34512.81686153846,26,6057.0,0.06581627373348155,26,6057.0
65005.0,56,14030.0,212.57575757575756,1.4786968243958387,20630.03534051696,312.57629303813593,2306972.1440000003,34954.12339393939,29,6180.0,0.030937695016551827,29,6180.0
65010.0,57,14311.0,213.59701492537314,1.4811813548282864,20914.925174474196,312.1630623055852,2338788.032,34907.28405970148,31,6316.0,0.06858999301854675,31,6316.0
65015.0,45,13351.0,202.28787878787878,1.6390851373735367,21059.04131333474,319.0763835353749,2402421.68,36400.328484848484,19,5839.0,0.10120290086288007,19,5839.0
65020.0,44,13311.0,195.75,2.0281462079761883,21342.50822794414,313.86041511682566,2466057.792,36265.555764705874,15,5501.0,0.144998072481671,15,5501.0
65025.0,48,13526.0,198.91176470588235,1.5761908193753509,21581.533663866674,317.3754950568629,2466063.985,36265.64683823528,21,5576.0,0.0764784258014509,21,5576.0
65030.0,49,13765.0,208.56060606060606,1.056297079578,21604.333564908367,327.3383873470964,2434208.6,36881.948484848486,23,5676.0,0.028475303985511777,23,5676.0
65035.0,55,13992.0,202.7826086956522,1.4874011394294178,21893.32679465748,317.29459122692015,2466020.834,35739.43237681159,28,5758.0,0.03430095012772155,28,5758.0
65040.0,59,14275.0,206.8840579710145,1.4717748072401642,21692.418517156013,314.3828770602322,2497830.3799999994,36200.44028985506,33,5896.0,0.03041387575919135,33,5896.0
65045.0,60,14571.0,199.6027397260274,0.9718367184322821,21721.668691368268,297.55710536120915,2497826.451,34216.80069863014,33,6046.0,0.029952546612014297,33,6046.0
65050.0,65,14891.0,206.81944444444446,1.1927991349104667,22029.457895182677,305.9646929886483,2497826.451,34692.03404166667,37,6211.0,0.09282945021271262,37,6211.0
65055.0,54,14875.0,209.50704225352112,0.8632836516698166,22344.63794089618,314.71321043515746,2497826.451,35180.65423943661,25,5878.0,0.05307041747265823,25,5878.0
65060.0,58,15029.0,203.09459459459458,1.089521784911336,22675.682733658083,306.4281450494336,2497828.432,33754.43827027028,27,5846.0,0.023551696353365317,27,5846.0
65065.0,54,15187.0,208.04109589041096,1.4969134673352784,22973.241775501134,314.70194213015264,2466008.1,33780.93287671234,26,5903.0,0.040362032296667974,26,5903.0
65070.0,53,15391.0,219.87142857142857,1.2683657983170535,23002.349260600608,328.6049894371516,2402370.9349999996,34319.58478571428,27,6034.0,0.031360964291230406,27,6034.0
65075.0,56,15653.0,220.46478873239437,1.1168138584437324,23310.6503473113,328.31901897621566,2402390.1689999998,33836.48125352112,30,6162.0,0.0105292683804417,30,6162.0
65080.0,52,15797.0,235.77611940298507,1.1407572734886342,23187.159053740055,346.0770008020904,2338738.432,34906.543761194036,26,6162.0,0.03011206479870744,26,6162.0
65085.0,56,16067.0,229.52857142857144,1.2575093203051713,23396.884249713126,334.2412035673303,2370584.207,33865.48867142856,30,6307.0,0.0020105460764393034,30,6307.0
65090.0,59,16357.0,237.05797101449275,1.6239481576434698,23667.81148663249,343.0117606758333,2370583.9129999997,34356.288594202895,32,6451.0,0.027489298875188552,32,6451.0
65095.0,61,16658.0,256.2769230769231,0.6152154888325286,23866.73821626112,367.18058794247867,2370580.3329999996,36470.46666153847,33,6598.0,0.027634040167756925,33,6598.0
65100.0,57,16766.0,266.12698412698415,0.3389151896632671,24135.135324014085,383.09738609546173,2370580.3329999996,37628.259253968245,28,6586.0,0.013132494242442831,28,6586.0
65105.0,51,16920.0,256.3636363636364,1.0336329797291022,24445.750579537726,370.39016029602624,2370580.3329999996,35917.88383333333,23,6625.0,0.017672232427202627,23,6625.0
65110.0,48,17081.0,251.19117647058823,1.5850606294564689,24744.53717717293,363.8902526054843,2370580.6369999996,34861.47995588236,21,6716.0,0.09878659132760355,21,6716.0
65115.0,51,17307.0,258.3134328358209,0.9601514983610356,24961.3783995712,372.5578865607643,2370580.5549999997,35381.79932835821,25,6836.0,0.01851941894412834,25,6836.0
65120.0,44,16259.0,242.67164179104478,1.5943389325558155,25042.72186474671,373.771968130548,2338813.841,34907.669268656726,17,5959.0,0.09937827595720294,17,5959.0
65125.0,47,16482.0,228.91666666666666,3.2227331514540203,25321.546664447727,351.6881481173296,2402571.907,33369.05426388889,21,5741.0,0.15521702807455326,21,5741.0
65130.0,51,16729.0,235.61971830985917,2.5940862184544295,25209.91100065447,355.06916902330255,2434444.541,34287.95128169014,25,5843.0,0.0715194195021344,25,5843.0
65135.0,60,17007.0,257.6818181818182,0.8924779535571993,24612.98683649528,372.92404297720145,2434437.671,36885.41925757576,30,5968.0,0.005452963816776083,30,5968.0
65140.0,53,17134.0,276.35483870967744,1.165225280724108,24759.117427021145,399.34060366163146,2434436.359,39265.102564516135,25,5944.0,0.03128018473220741,25,5944.0
65145.0,53,17399.0,280.6290322580645,1.6214456594872648,25034.592154770897,403.7837444317887,2434436.359,39265.102564516135,25,6050.0,0.0595408242930444,25,6050.0
65150.0,55,17666.0,299.4237288135593,0.8757253360438396,25208.16796286175,427.25708411630086,2434435.341,41261.615949152554,27,6162.0,0.00030753781731415844,27,6162.0
65155.0,55,17941.0,314.7543859649123,0.4503815513477363,25399.322343449177,445.60214637630133,2434435.341,42709.39194736842,27,6282.0,3.9182590826998e-07,27,6282.0
65160.0,48,17920.0,325.8181818181818,0.6922734618781025,25644.71690635644,466.26758011557155,2434435.341,44262.46074545455,20,6078.0,0.01729237374813064,20,6078.0
65165.0,44,17981.0,294.7704918032787,2.1157336405510834,25905.300747848174,424.67706144013385,2434442.789,39908.89818032787,16,5951.0,0.07070157682793113,16,5951.0
65170.0,40,17986.0,304.8474576271187,2.652519393139179,25928.85667858715,439.4721470946974,2370771.1610000003,40182.56205084746,13,6004.0,0.21887063878650487,13,6004.0
65175.0,43,18154.0,318.49122807017545,0.696375619102648,25841.395329512492,453.35781279846464,2307175.7290000007,40476.7671754386,17,6142.0,0.06808624583803259,17,6142.0
65180.0,45,18343.0,321.8070175438597,1.204970778210391,25955.65305310552,455.362334265009,2307272.460000001,40478.46421052633,19,6186.0,0.038833050924107555,19,6186.0
65185.0,48,18577.0,314.864406779661,1.413484763070238,26216.192625834192,444.3422478954948,2371110.188000001,40188.30827118645,22,6275.0,0.04641686538041931,22,6275.0
65190.0,52,18827.0,313.78333333333336,1.1814670891884866,26446.03811295448,440.7673018825747,2403024.862000001,40050.41436666668,26,6380.0,0.00031566562631609824,26,6380.0
65195.0,53,19089.0,323.54237288135596,0.8068346731253807,26677.910960320653,452.1679823783162,2434938.0240000007,41270.13600000001,26,6495.0,0.09100616151178917,26,6495.0
65200.0,49,19209.0,325.5762711864407,1.2299810318025663,26950.40705491511,456.7865602527986,2434938.0240000007,41270.13600000001,21,6345.0,0.09240516368824706,21,6345.0
65205.0,47,19338.0,306.95238095238096,1.9353713772563608,27222.33723668656,432.10059105851684,2434941.0240000007,38649.857523809536,19,6202.0,0.08379287968727132,19,6202.0
65210.0,44,19477.0,324.6166666666667,1.6253517857743356,27285.65189755001,454.7608649591668,2339284.2250000015,38988.07041666668,18,6274.0,0.13917857522585222,18,6274.0
65215.0,49,19707.0,317.85483870967744,0.9291682017363665,27386.18318855109,441.7126320734047,2339408.0110000004,37732.387274193556,22,6375.0,0.0503949110611648,22,6375.0
65220.0,50,19920.0,326.55737704918033,1.2427458609490416,27328.15604366937,448.00255809294055,2307716.0170000005,37831.4101147541,24,6457.0,0.05937085332296649,24,6457.0
65225.0,53,20180.0,305.75757575757575,1.1603476859306077,27620.79975872749,418.49696604132555,2371581.412,35933.05169696969,27,6572.0,0.04374073732131961,27,6572.0
65230.0,58,20462.0,310.030303030303,1.3723047519697906,27895.16353829627,422.65399300448894,2403517.938,36416.93845454545,32,6709.0,0.08211865605855312,32,6709.0
65235.0,62,20758.0,314.5151515151515,0.402028436487212,28186.373938978722,427.06627180270794,2435456.6800000006,36900.85878787877,35,6858.0,0.0006605705685986179,35,6858.0
65240.0,57,20913.0,316.8636363636364,0.7558153418235526,28477.41253291862,431.4759474684639,2435457.5480000004,36900.87193939394,29,6702.0,0.018339592320243743,29,6702.0
65245.0,53,21096.0,314.86567164179104,1.9788296404998214,28773.47516520927,429.4548532120788,2435457.5480000004,36350.11265671642,25,6582.0,0.06637115536522067,25,6582.0
65250.0,48,21247.0,317.1194029850746,1.9574994488510595,29055.332315427506,433.6616763496643,2435457.5480000004,36350.11265671642,21,6593.0,0.10063878899402612,21,6593.0
65255.0,54,21490.0,335.78125,0.9002055095934571,28714.4785300931,448.66372703270486,2308122.61,36064.41578125,28,6722.0,0.0455438553850395,28,6722.0
65260.0,53,21676.0,333.4769230769231,1.4862919674056603,28840.023954599463,443.6926762246072,2340189.2660000003,36002.91178461538,26,6779.0,0.08110732698086288,26,6779.0
65265.0,55,21944.0,327.5223880597015,1.1565645640191264,29012.433419650955,433.0213943231486,2340266.2610000004,34929.34717910447,29,6916.0,0.011174582649453405,29,6916.0
65270.0,58,22229.0,326.8970588235294,1.5150776670712882,29299.716519464135,430.8781841097667,2404168.423,35355.41798529411,32,7071.0,0.04242939010596321,32,7071.0
65275.0,59,22519.0,331.1617647058824,0.8061847622911027,29502.514536329618,433.86050788720024,2468071.5640000002,36295.17005882352,32,7229.0,0.07610020791745498,32,7229.0
65280.0,57,22673.0,338.4029850746269,0.9270853934936671,29816.50082235235,445.02240033361704,2468071.5640000002,36836.88901492537,29,7128.0,0.061322410727332355,29,7128.0
65285.0,55,22862.0,313.17808219178085,1.8634376596464868,30131.611374981847,412.76179965728556,2468077.5640000002,33809.28169863013,27,7120.0,0.03794039898550394,27,7120.0
65290.0,51,23037.0,311.31081081081084,2.251328712744693,30393.81836207758,410.72727516321055,2436139.1300000004,32920.79905405405,24,7227.0,0.14175029917361248,24,7227.0
65295.0,54,23285.0,332.64285714285717,0.8504692688331982,30305.38919274984,432.93413132499774,2308532.418,32979.03454285714,27,7355.0,0.039502137913824655,27,7355.0
65300.0,50,22553.0,322.1857142857143,1.629184362334247,30528.40619640284,436.12008852004055,2308577.298,32979.67568571427,23,6638.0,0.0787568607591794,23,6638.0
65305.0,53,22810.0,316.80555555555554,2.598021727369496,30824.253751408,428.1146354362223,2372506.828,32951.48372222222,27,6603.0,0.033783325420805185,27,6603.0
65310.0,56,23084.0,325.1267605633803,2.3069123557340614,30830.822533325114,434.23693708908604,2404467.534,33865.73991549295,30,6732.0,0.011500246526145567,30,6732.0
65315.0,59,23369.0,359.5230769230769,0.6802784636789034,30314.052361479808,466.37003633045845,2436424.575,37483.455,31,6872.0,0.029182059395459498,31,6872.0
65320.0,54,23530.0,367.65625,1.2923769110881902,30580.693986255945,477.82334353524914,2436422.253,38069.09770312501,26,6879.0,0.04787139137910267,26,6879.0
65325.0,55,23804.0,366.2153846153846,1.5112510586066166,30869.712280160795,474.91865046401216,2436422.253,37483.41927692309,27,6998.0,0.06253100828377407,27,6998.0
65330.0,58,24088.0,382.3492063492063,1.0905323697198892,31089.568200865142,493.4852095375419,2436421.231,38673.35287301586,30,7127.0,0.02666967863674983,30,7127.0
65335.0,59,24380.0,406.3333333333333,0.2455051379923656,31288.80355930237,521.4800593217061,2436418.231,40606.97051666666,31,7264.0,1.8383093942103635e-05,31,7264.0
65340.0,52,24385.0,413.3050847457627,0.709656519869715,31570.11438097221,535.0866844232577,2436418.231,41295.224254237284,24,7144.0,0.021539873713000295,24,7144.0
65345.0,47,24421.0,381.578125,2.1776628318593483,31847.705578733843,497.62039966771624,2436422.683,38069.104421874996,19,7060.0,0.06802960793104108,19,7060.0
65350.0,43,24492.0,388.76190476190476,2.441598775734008,31950.011943182304,507.14304671717935,2372517.6100000003,37659.00968253968,16,7047.0,0.1642281453584828,16,7047.0
65355.0,47,24679.0,398.0483870967742,1.3552027795611918,32043.859425842118,516.8364423522922,2340642.569,37752.299499999994,20,7157.0,0.10190825796502238,20,7157.0
65360.0,48,24857.0,414.28333333333336,1.328454924628924,31979.091579073644,532.9848596512272,2276838.114,37947.3019,22,7225.0,0.061945027366516144,22,7225.0
65365.0,52,25109.0,386.2923076923077,1.5031143479188722,32259.649380441082,496.3022981606321,2340838.46,36012.89938461538,26,7332.0,0.028193061090741666,26,7332.0
65370.0,55,25376.0,378.74626865671644,1.7584881194801278,32501.96618064026,485.1039728453771,2404843.87,35893.19208955224,28,7454.0,0.08202175368468256,28,7454.0
65375.0,56,25651.0,388.6515151515151,0.837464391805693,32756.00823361128,496.3031550547164,2436839.178,36921.80572727273,30,7584.0,0.04420192449110158,30,7584.0
65380.0,50,24857.0,376.6212121212121,0.9191822944130016,33046.92148835976,500.7109316418146,2468837.983,37406.636106060614,22,7084.0,0.08580361901724946,22,7084.0
65385.0,51,24827.0,376.1666666666667,0.987314072517632,33355.016173688586,505.37903293467554,2468837.983,37406.636106060614,19,7009.0,0.05120905597258973,19,7009.0
65390.0,51,25016.0,384.8615384615385,0.8082014579442985,33601.56690528863,516.9471831582866,2436873.912,37490.367876923076,22,7109.0,0.022541503096516695,22,7109.0
65395.0,50,25221.0,382.1363636363636,1.1760089827856253,33892.5328988979,513.523225740877,2404876.782,36437.527,24,7225.0,0.009891679921419741,24,7225.0
65400.0,54,25427.0,385.25757575757575,1.5235162400660864,34179.09549045933,517.8650831887776,2404887.024,36437.682181818185,28,7289.0,0.0008824219095188761,28,7289.0
65405.0,58,25708.0,383.7014925373134,1.0117090785954204,33821.5028234794,504.79854960417015,2372931.0700000008,35416.88164179105,29,7408.0,0.006036806325820182,29,7408.0
65410.0,58,25994.0,399.9076923076923,1.2500632591641243,33906.18458702734,521.6336090311898,2372930.471000001,36506.62263076923,30,7526.0,0.0841218851113373,30,7526.0
65415.0,59,26285.0,417.22222222222223,0.32247555141077233,34179.796053624,542.5364452956192,2372930.173000001,37665.558301587305,31,7647.0,0.015723646953918664,31,7647.0
65420.0,62,26592.0,415.5,0.13076031015588263,34452.288635341196,538.3170099272063,2372931.341000001,37077.052203125,34,7784.0,1.7578951437138615e-05,34,7784.0
65425.0,57,26699.0,417.171875,0.8330700138208789,34759.76640976837,543.1213501526308,2372931.341000001,37077.052203125,29,7662.0,0.020374851259666663,29,7662.0
65430.0,52,26803.0,412.3538461538462,1.318238364890323,35053.57646680616,539.2857917970179,2372932.145000001,36506.648384615386,24,7425.0,0.05780701378990219,24,7425.0
65435.0,52,26935.0,408.1060606060606,1.622577451340432,35189.37015777636,533.1722751178237,2340984.069000001,35469.4555909091,25,7515.0,0.10833054613815618,25,7515.0
65440.0,54,27165.0,417.9230769230769,0.9584802436043458,35178.8034123031,541.2123601892785,2309133.981000001,35525.13816923077,28,7691.0,0.06847091910542907,28,7691.0
65445.0,53,27313.0,390.1857142857143,1.3286624022149915,35185.93527718803,502.65621824554296,2309347.1410000008,32990.67344285715,26,7679.0,0.04740009576367092,26,7679.0
65450.0,55,27583.0,388.49295774647885,2.184522493110458,35485.047198963366,499.789397168498,2341401.131000001,32977.480718309875,29,7789.0,0.1030851856085444,29,7789.0
65455.0,60,27871.0,381.7945205479452,1.4880004798936197,35795.256307707874,490.34597681791587,2405500.731000001,32952.064808219184,34,7917.0,0.03733183348770906,34,7917.0
65460.0,65,28190.0,408.5507246376812,0.5433720941587827,35969.23171876672,521.2932133154594,2437545.322000001,35326.74379710146,39,8076.0,0.016378094487976537,39,8076.0
65465.0,55,28010.0,394.50704225352115,1.2911205290145755,36288.016193154624,511.0988196218959,2469595.244000001,34783.031605633805,27,7541.0,0.05679491733626957,27,7541.0
65470.0,51,28131.0,385.35616438356163,1.9857306152526784,36597.07856645449,501.3298433760888,2469595.556000001,33830.07610958904,21,7334.0,0.14501044358221848,21,7334.0
65475.0,51,28295.0,404.2142857142857,1.2038242080021067,36486.30505025005,521.2329292892864,2405579.349000001,34365.419271428575,23,7411.0,0.03350582832992048,23,7411.0
65480.0,57,28545.0,413.69565217391306,0.9220104096834071,36782.163192242726,533.074828873083,2373542.2910000007,34399.163637681166,30,7530.0,0.02828187841136932,30,7530.0
65485.0,57,28775.0,411.07142857142856,1.2676918644990858,36905.46328223852,527.2209040319789,2405606.6090000006,34365.8087,30,7611.0,0.0026143889608443082,30,7611.0
65490.0,59,29067.0,421.2608695652174,1.4077070764160917,36871.76146118319,534.3733545099013,2437669.448000001,35328.54272463769,33,7743.0,0.04388827196843925,33,7743.0
65495.0,64,29369.0,425.6376811594203,0.8922347555763279,36973.1421670522,535.8426401022058,2405705.1600000006,34865.29217391305,34,7879.0,0.018911974750532294,34,7879.0
65500.0,63,29681.0,443.0,0.6368938937599519,37261.378468137635,556.1399771363826,2405705.1600000006,35906.047164179115,35,8021.0,0.02416233079719558,35,8021.0
65505.0,55,29744.0,450.6666666666667,1.0033937484576236,37551.29925530771,568.9590796258748,2405705.1600000006,36450.078181818186,27,7715.0,0.06335182772957577,27,7715.0
65510.0,54,29880.0,445.97014925373134,1.1383583476195642,37858.69265256782,565.0551142174304,2405705.7030000007,35906.05526865672,25,7761.0,0.04016566063964889,25,7761.0
65515.0,53,30044.0,455.2121212121212,1.1879760252120946,38143.76676797395,577.9358601208174,2373638.293000001,35964.21656060605,26,7858.0,0.05448861381437363,26,7858.0
65520.0,57,30291.0,473.296875,0.5184587583198804,38038.70850894011,594.3548204521892,2373771.916,37090.1861875,30,8004.0,0.008238293968775979,30,8004.0
65525.0,48,29296.0,406.8888888888889,2.1008985664935937,38276.55726989618,531.6188509707802,2405871.9340000004,33414.88797222222,22,7170.0,0.07581719450969095,22,7170.0
65530.0,50,29542.0,410.30555555555554,3.4303311621324446,38406.01024171426,533.4168089126981,2405955.2510000006,33416.04515277778,23,6994.0,0.1544054713433087,23,6994.0
65535.0,54,29803.0,438.27941176470586,1.75812623897465,38083.3057761288,560.0486143548354,2405954.0850000004,35381.67772058823,26,7101.0,0.02996513018166275,26,7101.0
65540.0,59,30092.0,485.35483870967744,0.6222810715763537,37695.85838046932,607.9977158140214,2405946.3210000005,38805.585822580644,31,7229.0,1.3569070371109161e-05,31,7229.0
65545.0,50,30201.0,511.8813559322034,1.0851264292387657,37889.93972192452,642.2023681682125,2405945.7230000007,40778.7410677966,22,7185.0,0.022219462221724023,22,7185.0
65550.0,50,30451.0,499.1967213114754,1.9356197372896287,38157.54050679001,625.5334509309838,2405945.7510000006,39441.73362295082,22,7248.0,0.0,22,7248.0
65555.0,50,30701.0,511.68333333333334,2.1013499193051928,38363.02764039407,639.383794006568,2405942.3090000004,40099.03848333334,22,7328.0,0.04118990635686071,22,7328.0
65560.0,50,30951.0,562.7454545454545,0.7163368651266919,38464.82573655749,699.360467937409,2405938.5810000007,43744.337836363644,22,7408.0,0.045009154043802575,22,7408.0
65565.0,47,30905.0,572.3148148148148,0.7948650693124308,38685.59896442988,716.3999808227758,2405935.5810000007,44554.36261111112,19,7117.0,0.03384924658271302,19,7117.0
65570.0,42,30884.0,571.925925925926,1.7841865781855388,38926.20140465395,720.8555815676657,2405935.5810000007,44554.36261111112,14,6881.0,0.1175368533175252,14,6881.0
65575.0,40,30898.0,551.75,1.846949372439511,39096.54359862194,698.1525642611061,2373869.873,42390.53344642856,13,6773.0,0.09930869266387733,13,6773.0
65580.0,41,31055.0,564.6363636363636,1.8801545657766494,38944.16642450339,708.0757531727887,2342008.208,42581.96741818181,15,6860.0,0.10964031517004384,15,6860.0
65585.0,43,31215.0,538.1896551724138,1.48920034930737,38626.11848416073,665.9675600717368,2310295.713,39832.68470689655,16,6906.0,0.07864968639981852,16,6906.0
65590.0,47,31443.0,524.05,1.8360550014536376,38884.108616071164,648.0684769345191,2342438.805,39040.64674999999,21,6974.0,0.16810230525157613,21,6974.0
65595.0,51,31690.0,511.1290322580645,1.348521684413181,39152.35418235745,631.4895835864105,2406713.0670000003,38817.95269354838,25,7068.0,0.057309596273211534,25,7068.0
65600.0,56,31961.0,515.5,0.5946688008796612,39382.67687158489,635.2044656707241,2438851.654,39336.317,29,7200.0,0.00033533050218409395,29,7200.0
65605.0,51,32096.0,501.5,1.5015024003296482,39650.119952401954,619.5331242562804,2438854.654,38107.10396875,23,6986.0,0.04371332541519154,23,6986.0
65610.0,47,32248.0,503.875,2.2726467654847147,39920.19130988094,623.7529892168897,2438854.654,38107.10396875,19,6727.0,0.11028820824365612,19,6727.0
65615.0,48,32389.0,506.078125,1.9041527334117874,40123.81662655841,626.934634789975,2406765.9020000002,37605.71721875,21,6792.0,0.08055063910969436,21,6792.0
65620.0,52,32621.0,526.1451612903226,1.2088286434191713,40037.53179936498,645.7666419252415,2342710.964,37785.66070967742,26,6895.0,0.08052601055930524,26,6895.0
65625.0,45,32632.0,526.3225806451613,1.0040614810104351,39872.3891215658,643.1030503478354,2278719.1090000006,36753.53401612904,19,6736.0,0.09184412571332047,19,6736.0
65630.0,46,32853.0,513.328125,1.6618987276924693,40150.87651303648,627.357445516195,2343030.0000000005,36609.84375,19,6735.0,0.09118699997816006,19,6735.0
65635.0,52,33090.0,501.3636363636364,1.1754296366129704,40441.03237781601,612.742914815394,2407336.272000001,36474.792,24,6801.0,0.03285939836260924,24,6801.0
65640.0,55,33352.0,513.1076923076923,1.2811320564729656,40584.25804168569,624.3732006413185,2439486.8920000005,37530.56756923077,29,6906.0,0.03734722857152928,29,6906.0
65645.0,52,33438.0,484.60869565217394,1.7714732226882297,40836.82541767691,591.8380495315496,2471656.0190000003,35821.10172463769,26,6839.0,0.03412892531554044,26,6839.0
65650.0,56,33712.0,481.6,2.0872381771901214,40919.47200137013,584.5638857338593,2471756.7460000003,35310.81065714286,28,6943.0,0.09308372432653697,28,6943.0
65655.0,58,33988.0,507.2835820895522,1.410122319081785,41077.03091523102,613.0900136601645,2471752.8780000005,36891.83400000001,30,7055.0,0.02015408956501051,30,7055.0
65660.0,60,34285.0,535.703125,0.6578332412342294,41279.848011330054,644.9976251770324,2471752.0060000005,38621.12509375,32,7182.0,0.024765951514898518,32,7182.0
65665.0,54,34352.0,545.2698412698413,0.8164291461791774,41535.544476049676,659.2943567626934,2471752.0270000002,39234.15915873016,26,7010.0,0.04145084061972444,26,7010.0
65670.0,50,34488.0,547.4285714285714,2.0303740117387603,41816.52318578791,663.7543362823478,2471752.0270000002,39234.15915873016,22,6929.0,0.09146695656452379,22,6929.0
65675.0,48,34582.0,532.0307692307692,2.041786758663948,42048.076509481194,646.8934847612492,2439595.821,37532.2434,19,6942.0,0.08252390855246106,19,6942.0
65680.0,49,34795.0,561.2096774193549,1.556167161785825,41845.026613496215,674.9197840886486,2343369.5640000002,37796.283290322586,22,7042.0,0.08160786974236413,22,7042.0
65685.0,48,34934.0,554.5079365079365,1.6081802782377093,41941.646816728375,665.7404256623553,2279113.6370000006,36176.40693650795,22,7045.0,0.09499614807108021,22,7045.0
65690.0,52,35186.0,541.3230769230769,1.531423421886978,42222.018502756626,649.5695154270252,2343464.8850000007,36053.30592307693,26,7137.0,0.07484087869179797,26,7137.0
65695.0,57,35457.0,545.4923076923077,1.0488347290975266,42446.126650949795,653.0173330915352,2407823.649,37043.44075384616,30,7248.0,0.033332499541176806,30,7248.0
65700.0,59,35746.0,558.53125,0.5352503580407687,42714.45218662052,667.4133154159452,2439998.7910000007,38124.981109375,33,7377.0,0.012870170846616817,33,7377.0
65705.0,54,35867.0,527.4558823529412,1.3359402844798236,42977.34112738832,632.0197224615926,2472173.9060000004,36355.498617647056,26,7278.0,0.05853365508666923,26,7278.0
65710.0,50,36018.0,529.6764705882352,2.282306783074422,43264.78207492973,636.2467952195549,2472173.9060000004,36355.498617647056,21,7238.0,0.13615398374979637,21,7238.0
65715.0,50,36194.0,540.2089552238806,1.607141658345575,43501.70714879437,649.2792111760356,2440023.2910000007,36418.25807462687,23,7310.0,0.07267279683376121,23,7310.0
65720.0,54,36439.0,560.6,1.024699834401895,43574.48790368048,670.3767369796997,2375758.281000001,36550.1274,28,7421.0,0.02858840075292219,28,7421.0
65725.0,46,35627.0,556.671875,1.7377632434390762,43707.79391355635,682.934279899318,2343630.171000001,36619.221421875,19,6677.0,0.06279303685634251,19,6677.0
65730.0,48,35861.0,535.2388059701492,3.1040008407534563,43896.94572433873,655.1782943931155,2375852.099000001,35460.479089552246,22,6536.0,0.08407400227293751,22,6536.0
65735.0,49,36104.0,555.4461538461538,2.627765496709693,43638.8611688143,671.3670949048355,2408041.1970000006,37046.78764615384,23,6619.0,0.1005502780931468,23,6619.0
65740.0,54,36359.0,605.9833333333333,0.714225589385605,43335.35000961846,722.2558334936409,2440219.0330000008,40670.31721666666,26,6710.0,0.02093796551019353,26,6710.0
65745.0,50,36479.0,618.2881355932203,0.8840672703793536,43525.00345655601,737.7119229924748,2440222.3790000007,41359.701338983046,22,6673.0,0.05474136932440398,22,6673.0
65750.0,51,36731.0,622.5593220338983,1.2555148096987188,43789.007896172916,742.1865745114054,2440222.3790000007,41359.701338983046,22,6740.0,0.07832567936710418,22,6740.0
65755.0,50,36979.0,606.2131147540983,1.5366778923608075,44056.15450069501,722.2320409950001,2440222.9830000005,40003.655459016394,22,6820.0,0.03853994075199604,22,6820.0
65760.0,52,37236.0,642.0,1.2442403741306676,44240.9216924209,762.7745119382913,2440219.2370000007,42072.745465517226,24,6907.0,3.125663702455562e-05,24,6907.0
65765.0,42,25905.0,431.75,1.4637924394738315,44372.10141367582,739.5350235612636,2440225.2370000007,40670.42061666666,18,4987.0,0.06628994533694393,18,4987.0
65770.0,36,16869.0,281.15,3.613419935278034,44610.03078341554,743.5005130569256,2440225.2370000007,40670.42061666666,20,4075.0,0.20273417869157556,20,4075.0
65775.0,32,6665.0,114.91379310344827,2.6022179941928747,40617.42782363806,700.3004797178975,2323194.796,40055.082689655166,25,6156.0,0.03987332585250641,25,6156.0
65780.0,34,1087.0,18.74137931034483,2.591195071343972,38117.76646152156,657.2028700262337,2204877.345,38015.126637931025,30,6276.0,0.0013767999379493403,30,6276.0
65785.0,35,1216.0,21.714285714285715,2.2085938847709703,30039.903059256623,536.4268403438683,2091779.3460000004,37353.202607142855,28,7335.0,8.801612879784357e-05,28,7335.0
65790.0,41,1412.0,24.344827586206897,1.835270651043171,30282.57607578711,522.1133806170193,2212661.0230000005,38149.327982758616,28,7440.0,0.008867480309354268,28,7440.0
65795.0,47,1636.0,28.20689655172414,1.0437043892270728,29268.75418905206,504.63369291469076,2334711.9930000002,40253.65505172413,29,7549.0,6.729512964593279e-06,29,7549.0
65800.0,54,1891.0,32.60344827586207,0.5838697278602554,29516.878253794734,508.9116940309437,2455579.647000001,42337.58012068964,29,7659.0,0.0321180063682434,29,7659.0
65805.0,49,1594.0,26.131147540983605,0.9352362459589996,29775.129059967214,488.1168698355281,2516009.9390000007,41246.0645737705,23,7350.0,0.021205239638256858,23,7350.0
65810.0,46,1410.0,23.114754098360656,2.1707950607948017,30042.05838107684,492.492760345522,2516009.9390000007,41246.0645737705,18,7142.0,0.09586222654203212,18,7142.0
65815.0,45,1315.0,21.916666666666668,1.68124753173003,30132.274672706488,502.20457787844146,2483852.0240000007,41397.53373333334,18,7192.0,0.08712236472662507,18,7192.0
65820.0,49,1470.0,25.344827586206897,0.652669803338651,29923.552067373024,515.9233115064316,2387436.7700000005,41162.70293103447,22,7335.0,0.043359677359138246,22,7335.0
65825.0,48,1679.0,27.524590163934427,1.2218487470147976,30038.873833709866,492.4405546509814,2387551.097,39140.18191803279,22,7455.0,0.05371057384915793,22,7455.0
65830.0,53,1930.0,29.242424242424242,1.498751364344808,30315.972656041577,459.33291903093294,2452086.745,37152.82946969697,27,7541.0,0.09562137613656814,27,7541.0
65835.0,58,2203.0,32.88059701492537,1.1129511362607438,30603.54148062761,456.76927583026264,2516613.4540000004,37561.394835820895,31,7649.0,0.04744582618349932,31,7649.0
65840.0,60,2502.0,38.49230769230769,0.2671865012805823,30868.99017617039,474.907541171852,2516613.4540000004,38717.13006153846,33,7779.0,0.031729593137490186,33,7779.0
65845.0,54,2465.0,36.25,0.8677869318174317,31190.55730244121,458.68466621237064,2516616.4540000004,37009.06549999999,26,7551.0,0.025023433281181173,26,7551.0
65850.0,53,2643.0,38.86764705882353,1.2471418925139526,31502.578450847566,463.2732125124641,2516616.4540000004,37009.06549999999,24,7632.0,0.05415530346790006,24,7632.0
65855.0,55,2799.0,39.98571428571429,0.9268775323894043,31799.461251223172,454.27801787461675,2484349.4020000002,35490.70574285714,26,7723.0,0.012910980026901362,26,7723.0
65860.0,58,3062.0,44.3768115942029,1.1974747499382699,32109.31717670596,465.35242285081085,2452080.94,35537.404927536234,32,7854.0,0.022380564128494665,32,7854.0
65865.0,55,3230.0,47.5,1.3699786838517363,32293.509919235756,474.90455763581986,2484369.8910000003,36534.85133823528,29,7875.0,0.04635569203995302,29,7875.0
65870.0,58,3514.0,52.44776119402985,1.3599829201024423,32295.8550176195,482.02768683014176,2484504.629,37082.15864179105,31,7992.0,0.029852290992844564,31,7992.0
65875.0,60,3810.0,57.72727272727273,1.1801733946750939,32567.364439787107,493.44491575435023,2484504.469,37644.007106060606,32,8113.0,0.00012821500568285882,32,8113.0
65880.0,60,4110.0,68.5,0.0,32729.240828124002,545.4873471354,2484504.023,41408.40038333332,32,8238.0,0.0,32,8238.0
65885.0,54,4221.0,63.95454545454545,1.017572621759978,33034.88677933406,500.5285875656676,2484511.487,37644.11343939394,26,7990.0,0.014595414042540182,26,7990.0
65890.0,50,4358.0,66.03030303030303,2.308945618552616,33318.6614619976,504.82820396966054,2484511.487,37644.11343939394,22,7760.0,0.16356725131943595,22,7760.0
65895.0,50,4460.0,68.61538461538461,1.3599530893249083,33559.35098198859,516.297707415209,2452247.1,37726.87846153846,23,7830.0,0.09089319541681722,23,7830.0
65900.0,56,4698.0,72.27692307692308,0.5701472998446258,33278.38059504515,511.9750860776177,2388026.4829999995,36738.86896923077,30,7954.0,0.0394993380663719,30,7954.0
65905.0,47,3994.0,61.44615384615385,1.6661994705163394,33387.41214648365,513.6524945612871,2388163.0139999995,36740.969446153846,20,7259.0,0.10833273092965716,20,7259.0
65910.0,49,4231.0,61.31884057971015,2.714354388103021,33667.121848744515,487.9293021557176,2452801.5199999996,35547.84811594202,23,7182.0,0.049155744013713545,23,7182.0
65915.0,54,4493.0,65.1159420289855,2.535909290584827,33645.48844362399,487.6157745452752,2485113.866,36016.14298550724,28,7279.0,0.07144886077225043,28,7279.0
65920.0,57,4769.0,76.91935483870968,0.7846819358481038,33207.97680651282,535.6125291373036,2517423.076,40603.598,30,7386.0,0.04529099641420335,30,7386.0
65925.0,54,4938.0,78.38095238095238,0.9939589374129134,33459.66245953144,531.1057533258961,2517425.344,39959.13244444444,26,7383.0,0.028706892259107386,26,7383.0
65930.0,54,5208.0,82.66666666666667,1.5058640918622535,33741.139316315704,535.5736399415191,2517425.344,39959.13244444444,26,7475.0,0.061099880031090806,26,7475.0
65935.0,55,5480.0,84.3076923076923,1.474318988821758,34025.91416973141,523.4756026112525,2517425.952,38729.63003076923,27,7572.0,0.004998145928504398,27,7572.0
65940.0,56,5759.0,94.40983606557377,1.0235345870101804,34195.54364894324,560.5826827695613,2517422.202,41269.21642622951,28,7676.0,0.0,28,7676.0
65945.0,49,5738.0,94.06557377049181,1.0289969455606267,34433.0584970918,564.4763688047833,2517419.202,41269.16724590164,21,7314.0,0.02748831960805602,21,7314.0
65950.0,47,5804.0,95.14754098360656,2.1979505671945327,34699.11212994276,568.8379037695532,2517419.202,41269.16724590164,19,7024.0,0.12012071603435068,19,7024.0
65955.0,44,5822.0,97.03333333333333,1.5667451128063397,34921.92114193787,582.0320190322979,2485105.398,41418.4233,17,7074.0,0.0668778090493211,17,7074.0
65960.0,49,6019.0,102.01694915254237,0.6776539499370826,34465.34015451758,584.1583077036875,2388603.2830000008,40484.80140677966,23,7179.0,0.041381660555449354,23,7179.0
65965.0,47,6219.0,103.65,1.4409691837405136,34527.0329721357,575.4505495355949,2388769.5260000005,39812.82543333333,21,7249.0,0.01412780524524217,21,7249.0
65970.0,51,6466.0,104.29032258064517,1.5140546112021327,34799.16417277184,561.27684149632,2453479.4780000006,39572.24964516128,25,7331.0,0.08420995998328135,25,7331.0
65975.0,54,6729.0,105.140625,1.49093348222008,35053.49795998433,547.7109056247551,2518185.4670000006,39346.647921875,27,7429.0,0.04342941446801463,27,7429.0
65980.0,58,7009.0,114.90163934426229,0.5696098112162141,35294.633291689046,578.6005457653941,2518185.8540000003,41281.73531147541,30,7540.0,0.04357492569446406,30,7540.0
65985.0,52,7142.0,115.19354838709677,0.7835595407941204,35581.03747314637,573.88770117978,2518187.6060000006,40615.92912903226,24,7225.0,0.037747648101903016,24,7225.0
65990.0,49,7301.0,117.75806451612904,1.950190842259733,35856.89283390075,578.3369811919475,2518187.6060000006,40615.92912903226,21,7067.0,0.06398126093114614,21,7067.0
65995.0,44,7431.0,123.85,2.1467140169981915,35852.6547886044,597.5442464767401,2453643.4930000007,40894.05821666667,17,6828.0,0.12752000967734192,17,6828.0
66000.0,46,7634.0,131.6206896551724,1.485364555527304,35695.24533534423,615.4352644024867,2389209.2860000003,41193.26355172414,19,6899.0,0.09527720844832324,19,6899.0
66005.0,49,7873.0,123.015625,1.3995188308638404,35694.90254157812,557.7328522121579,2357030.5520000006,36828.602375,23,6990.0,0.06552548820649598,23,6990.0
66010.0,40,5572.0,83.16417910447761,2.6088100020422544,35809.78793792079,534.4744468346387,2389514.4180000005,35664.39429850747,18,5075.0,0.20052073302998966,18,5075.0
66015.0,40,3748.0,55.11764705882353,2.657942643254249,35959.37109202027,528.8142807650041,2421965.6310000005,35617.14163235295,24,4180.0,0.059587785517230964,24,4180.0
66020.0,34,2135.0,31.865671641791046,2.8082557641026997,34749.68403098854,518.6520004625156,2395077.567,35747.42637313433,29,5277.0,0.0701368634542963,29,5277.0
66025.0,40,1218.0,18.17910447761194,2.5418884635112904,30705.791655989302,458.2953978505864,2342628.0910000005,34964.59837313434,37,6082.0,0.04790566437401586,37,6082.0
66030.0,35,790.0,11.969696969696969,2.6040205097840516,26789.62086089631,405.9033463772168,2350733.5850000004,35617.17553030302,28,5728.0,0.05545523944670197,28,5728.0
66035.0,43,890.0,12.898550724637682,2.1798487499605654,22194.32056349731,321.65681976083073,2355196.396,34133.28110144927,25,5683.0,0.041510127891404874,25,5683.0
66040.0,45,1031.0,15.621212121212121,1.6832752432817975,21923.23856967332,332.1702813586868,2290704.677,34707.646621212116,24,5784.0,0.04425482408112486,24,5784.0
66045.0,50,1245.0,18.582089552238806,1.3382805763028436,22189.50535611939,331.1866471062596,2347238.7520000003,35033.41420895522,29,5908.0,0.04207832242495992,29,5908.0
66050.0,53,1338.0,19.391304347826086,1.2893133794745248,22355.59919771458,323.99419127122576,2500877.09,36244.59550724638,28,5918.0,0.022157669339778443,28,5918.0
66055.0,57,1608.0,23.647058823529413,1.2209985907355059,22339.041173611193,328.51531137663517,2500933.4560000002,36778.433176470586,31,6010.0,0.04841696107047349,31,6010.0
66060.0,60,1902.0,28.388059701492537,1.1253799487031606,22609.262734791333,337.45168260882593,2500936.562,37327.41137313432,32,6149.0,0.05317214811779052,32,6149.0
66065.0,61,2204.0,31.04225352112676,1.2643666273041008,22857.121106599912,321.9312831915481,2500941.0300000003,35224.52154929577,33,6291.0,0.040091579149717296,33,6291.0
66070.0,57,2341.0,34.4264705882353,1.2871632232764985,23065.761933170357,339.20238137015235,2500938.0300000003,36778.50044117647,29,6190.0,0.10055163878231933,29,6190.0
66075.0,55,2510.0,36.911764705882355,1.4964702807703387,23372.60179798692,343.7147323233371,2500938.0300000003,36778.50044117647,27,6160.0,0.07778751224158006,27,6160.0
66080.0,53,2658.0,39.088235294117645,1.5653882136843025,23673.564318857872,348.1406517479099,2500938.0300000003,36778.50044117647,26,6205.0,0.05422332812020053,26,6205.0
66085.0,56,2905.0,42.720588235294116,1.024755446181999,23563.018649168956,346.51498013483763,2403981.262,35352.66561764706,29,6346.0,0.03946410089352349,29,6346.0
66090.0,47,2066.0,29.514285714285716,2.0790337553013885,23676.096214360732,338.22994591943916,2371677.0249999994,33881.10035714285,20,5568.0,0.12293680865578152,20,5568.0
66095.0,51,2314.0,31.698630136986303,3.124571005629543,23959.775933957248,328.216108684346,2436488.7789999996,33376.55861643836,24,5470.0,0.13199496783086678,24,5470.0
66100.0,55,2568.0,36.16901408450704,2.0696412586610418,23603.73606866257,332.4469868825714,2501293.4509999994,35229.4852253521,28,5581.0,0.050030064436839994,28,5581.0
66105.0,61,2858.0,43.303030303030305,0.7365708907041982,23475.65375710435,355.69172359249,2533691.025,38389.25795454545,34,5720.0,6.371662303219497e-05,34,5720.0
66110.0,55,2972.0,47.17460317460318,0.8597322661680035,23670.57181138138,375.7233620854187,2533687.1289999997,40217.25601587301,27,5703.0,0.024118170388700958,27,5703.0
66115.0,56,3249.0,50.765625,1.0733155867911983,23933.24092260234,373.9568894156616,2533687.7409999995,39588.870953125,27,5789.0,0.0,27,5789.0
66120.0,55,3522.0,55.03125,1.671935826471647,24218.782010980816,378.41846892157525,2533687.7409999995,39588.870953125,27,5904.0,0.03475338301739143,27,5904.0
66125.0,55,3797.0,59.328125,1.053123552961312,24370.78090162691,380.7934515879204,2533686.9869999997,39588.859171874996,27,6019.0,0.005741816629664727,27,6019.0
66130.0,50,3792.0,62.16393442622951,1.5638166103744728,24539.637682319604,402.28914233310815,2533686.9869999997,41535.85224590164,22,5867.0,0.11560517480854317,22,5867.0
66135.0,48,3868.0,62.38709677419355,1.6455270148133414,24812.031767925415,400.1940607729905,2533687.442,40865.92648387096,20,5772.0,0.06176803263263131,20,5772.0
66140.0,46,3918.0,62.19047619047619,1.7123296947000128,25051.52641262747,397.6432763909122,2501283.5809999993,39702.91398412697,19,5849.0,0.08392271879962397,19,5849.0
66145.0,50,4120.0,67.54098360655738,1.0980061985200062,25030.9918475567,410.3441286484704,2436593.8059999994,39944.16075409835,23,5971.0,0.04339738878772711,23,5971.0
66150.0,49,4295.0,71.58333333333333,1.3831362914793475,25069.387667069594,417.82312778449324,2404292.609999999,40071.5435,23,6031.0,0.07483315556193053,23,6031.0
66155.0,52,4545.0,72.14285714285714,1.4404822706436031,25348.603447838308,402.3587848863222,2469171.871999999,39193.20431746032,26,6132.0,0.03222732819046166,26,6132.0
66160.0,55,4814.0,76.41269841269842,1.3380626732753342,25579.89318812069,406.0300506050903,2534049.5569999996,40223.00884126984,28,6251.0,0.058373821468712804,28,6251.0
66165.0,59,5098.0,78.43076923076923,0.5341422773647636,25831.233893759512,397.40359836553097,2534050.7209999994,38985.39570769231,31,6378.0,0.00033775105691694334,31,6378.0
66170.0,52,5230.0,81.71875,1.5508986691746909,26102.02535035256,407.84414609925875,2534050.7209999994,39594.542515625,24,6225.0,0.07972520426635525,24,6225.0
66175.0,49,5363.0,83.796875,1.9953408024412722,26379.84188323908,412.18502942561076,2534050.7209999994,39594.542515625,21,6028.0,0.09062566356675819,21,6028.0
66180.0,49,5526.0,89.12903225806451,1.5710738392989207,26453.304412765698,426.66620020589835,2469276.0979999998,39827.03383870967,22,6112.0,0.07701799946061202,22,6112.0
66185.0,50,5752.0,91.3015873015873,1.213139132531071,26446.392978766984,419.78401553598394,2404556.0400000005,38167.5561904762,24,6242.0,0.06031326000189114,24,6242.0
66190.0,51,5957.0,91.64615384615385,1.3951549900000138,26469.971098481685,407.23032459202597,2404717.9150000005,36995.66023076923,24,6297.0,0.12897632874262194,24,6297.0
66195.0,53,6216.0,94.18181818181819,1.5570356565538304,26760.294791232227,405.459011988367,2437175.1070000003,36926.895560606055,27,6406.0,0.051390645504105784,27,6406.0
66200.0,56,6492.0,96.8955223880597,1.3130592251135889,27039.48118365512,403.5743460247031,2502086.5170000005,37344.57488059702,30,6532.0,0.040758331801901665,30,6532.0
66205.0,61,6784.0,101.25373134328358,0.7435638066073846,27290.233549361088,407.3169186471804,2566989.5830000006,38313.277358208965,34,6674.0,0.02037899407895774,34,6674.0
66210.0,57,6935.0,105.07575757575758,0.8476145314782578,27591.020822903916,418.0457700439986,2566989.7770000002,38893.7845,29,6573.0,0.048926993834368465,29,6573.0
66215.0,54,7101.0,101.44285714285714,1.8810409964537382,27890.212315424513,398.43160450606445,2566993.8710000003,36671.34101428571,24,6515.0,0.08711031028261222,24,6515.0
66220.0,48,7293.0,105.69565217391305,2.687102406490765,28026.49161025249,406.18103782974634,2534615.3660000004,36733.556028985506,21,6440.0,0.11903261275105016,21,6440.0
66225.0,52,7528.0,114.06060606060606,1.7505243818870735,28122.171384170924,426.0935058207715,2437326.1620000005,36929.184272727274,25,6548.0,0.1168302897072861,25,6548.0
66230.0,54,7790.0,121.71875,0.6718427189814369,28132.30737608354,439.5673027513053,2372546.2130000005,37071.034578125,28,6671.0,0.03924325042928215,28,6671.0
66235.0,55,8005.0,125.078125,0.9984935645882171,28256.391221487454,441.50611283574153,2372642.8560000006,37072.544624999995,29,6736.0,0.06987303511196817,29,6736.0
66240.0,56,8285.0,127.46153846153847,1.076537637698191,28552.985958778525,439.27670705813125,2405107.9360000007,37001.66055384616,30,6866.0,0.037475745936897197,30,6866.0
66245.0,60,8578.0,117.5068493150685,1.1077903327344285,28826.041842169117,394.8772855091659,2470048.8540000007,33836.285671232865,34,7009.0,0.016002867429752918,34,7009.0
66250.0,62,8882.0,121.67123287671232,1.5248802650002018,29102.060814146505,398.65836731707543,2534981.196000001,34725.76980821917,35,7163.0,0.11809664728792166,35,7163.0
66255.0,52,8177.0,110.5,1.093086048242106,29437.121711203246,397.7989420432872,2567442.720000001,34695.171891891885,26,6734.0,0.05921719357024865,26,6734.0
66260.0,57,8297.0,110.62666666666667,1.485113783571811,29771.800657248157,396.9573420966421,2599907.423000001,34665.43230666667,28,6513.0,0.07713096742217593,28,6513.0
66265.0,54,8512.0,116.6027397260274,1.1866503296497668,29839.371192110226,408.75850948096206,2567438.606000001,35170.3918630137,27,6628.0,0.03817008535563878,27,6628.0
66270.0,62,8794.0,120.46575342465754,1.0072445506477483,30053.301428630515,411.6890606661715,2502540.4290000005,34281.37573972603,35,6769.0,0.009860659900321743,35,6769.0
66275.0,58,9006.0,121.70270270270271,1.7056538368300147,30179.21768902635,407.82726606792363,2535011.9590000003,34256.918364864854,32,6836.0,0.05037927375175264,32,6836.0
66280.0,62,9308.0,129.27777777777777,1.0742578535604954,30039.510753864397,417.21542713700546,2535039.816,35208.886333333336,35,6987.0,0.026047575971792202,35,6987.0
66285.0,65,9630.0,135.6338028169014,0.8334264778545091,30324.048260079704,427.09927126872816,2535036.08,35704.733521126764,37,7152.0,0.0002812426041292434,37,7152.0
66290.0,66,9960.0,144.34782608695653,0.37083763297157785,30600.092383872525,443.47959976626845,2535036.9910000004,36739.66653623189,38,7322.0,0.028202469643137107,38,7322.0
66295.0,57,10001.0,142.87142857142857,1.110169742827645,30902.316305383905,441.46166150548436,2535034.6070000003,36214.780099999996,29,7080.0,0.05930836038679882,29,7080.0
66300.0,57,10170.0,145.28571428571428,1.2002823268961753,31221.475645874434,446.0210806553491,2535034.6070000003,36214.780099999996,27,7140.0,0.03323066661613356,27,7140.0
66305.0,55,10314.0,143.25,1.2147649558287612,31516.184224467044,437.72478089537555,2502567.0670000003,34757.87593055555,27,7249.0,0.024878890592021054,27,7249.0
66310.0,58,10566.0,148.81690140845072,1.1786634033809937,31703.999367696735,446.53520236192577,2470145.0640000007,34790.77554929577,32,7407.0,0.07143401628224955,32,7407.0
66315.0,51,9462.0,133.26760563380282,1.8406358421335485,31854.42669679717,448.65389713798834,2502647.5770000005,35248.55742253521,24,6529.0,0.0795512635353665,24,6529.0
66320.0,53,9721.0,135.01388888888889,2.515510312335811,31980.004009950564,444.1667223604244,2535149.523,35210.41004166667,26,6284.0,0.009129491545992238,26,6284.0
66325.0,55,9993.0,138.79166666666666,2.632779492977999,31745.010697465073,440.90292635368155,2502696.952,34759.67988888888,27,6397.0,0.0,27,6397.0
66330.0,55,10268.0,157.96923076923076,1.4632006794953059,31173.071222131533,479.5857111097158,2502689.318,38502.91258461538,27,6512.0,0.06407981809512639,27,6512.0
66335.0,51,10384.0,170.2295081967213,0.9679270198899323,31211.75642488442,511.6681381128595,2502687.802,41027.6688852459,23,6488.0,0.031870809991467915,23,6488.0
66340.0,53,10646.0,174.52459016393442,1.4487586027557136,31486.810806080775,516.177226329193,2502687.802,41027.6688852459,25,6570.0,0.0350776455015997,25,6570.0
66345.0,54,10912.0,173.20634920634922,1.3282968752597408,31726.2997598449,503.5920596800778,2502689.3600000003,39725.22793650793,26,6676.0,0.005900927271819318,26,6676.0
66350.0,54,11182.0,189.52542372881356,0.9835707722221736,31864.410426544444,540.0747529922787,2502688.7660000003,42418.45366101694,26,6786.0,0.03426647993550789,26,6786.0
66355.0,48,11150.0,195.6140350877193,0.8843757885310566,32090.157450880273,562.9852184364961,2502688.7660000003,43906.82045614035,20,6587.0,0.07710333289362062,20,6587.0
66360.0,46,11188.0,196.28070175438597,1.3585347058124346,32352.783443251792,567.5926919868734,2502688.7660000003,43906.82045614035,18,6435.0,0.05009467908934138,18,6435.0
66365.0,44,11174.0,183.18032786885246,1.8306342841329857,32614.715835138642,534.6674727071909,2502691.7660000003,41027.733868852454,17,6499.0,0.060059910835729535,17,6499.0
66370.0,47,11350.0,183.06451612903226,1.4716776972694647,32356.445661961578,521.87815583809,2405414.7139999997,38797.01151612903,20,6615.0,0.14011682606390796,20,6615.0
66375.0,46,11535.0,186.0483870967742,1.9880194080891707,32478.597129862806,523.8483408042388,2405513.4329999997,38798.60375806451,20,6697.0,0.11756902522592079,20,6697.0
66380.0,50,11775.0,183.984375,1.2577346483029537,32754.599543283377,511.79061786380277,2470609.434,38603.27240625,24,6787.0,0.06845456834046751,24,6787.0
66385.0,57,12048.0,188.25,0.9717774377682183,33029.771695273506,516.0901827386485,2503159.778,39111.87153125,31,6910.0,0.0002886793144104758,31,6910.0
66390.0,57,12333.0,198.91935483870967,0.7759501907529613,33304.27406600519,537.1657107420192,2535706.912,40898.49858064515,31,7045.0,0.048847614017312926,31,7045.0
66395.0,55,12463.0,194.734375,1.0371443732001553,33545.32148722981,524.1456482379658,2568260.3559999997,40129.0680625,25,6861.0,0.053025894983281766,25,6861.0
66400.0,48,12605.0,196.953125,2.2161927946099684,33822.91675508538,528.483074298209,2568260.3559999997,40129.0680625,20,6726.0,0.09142204900460958,20,6726.0
66405.0,45,12765.0,190.52238805970148,2.4639731801275837,34022.45397328959,507.79782049685963,2535759.21,37847.1523880597,18,6688.0,0.1513342567513819,18,6688.0
66410.0,48,12982.0,206.06349206349208,1.4785055615146407,33828.44191481502,536.9593954732542,2405818.48,38187.59492063492,22,6776.0,0.11203350038411436,22,6776.0
66415.0,51,13192.0,212.7741935483871,0.7294050754076227,33816.04854186203,545.4201377719684,2373452.63,38281.494032258066,25,6847.0,0.027126407363675723,25,6847.0
66420.0,55,13460.0,210.3125,1.0111976732580998,34109.50771654749,532.9610580710547,2438577.933,38102.780203124996,29,6965.0,0.04487127861238025,29,6965.0
66425.0,59,13745.0,196.35714285714286,1.1599785336247124,34384.82363686618,491.21176624094556,2503707.109,35767.24441428571,32,7100.0,0.01571686209395661,32,7100.0
66430.0,61,14041.0,206.48529411764707,1.0685230975083069,34659.76055756183,509.7023611406153,2536269.132,37298.075470588235,34,7246.0,0.10577968193943257,34,7246.0
66435.0,60,14216.0,209.05882352941177,0.7336780422753577,34979.84904962107,514.4095448473689,2536269.132,37298.075470588235,32,7136.0,0.04669652874643156,32,7136.0
66440.0,56,14404.0,211.8235294117647,1.3403128451028763,35292.433431160825,519.0063739876593,2536269.132,37298.075470588235,28,7056.0,0.04211771370822901,28,7056.0
66445.0,54,14608.0,208.68571428571428,1.5701108534129185,35597.34752521966,508.5335360745669,2536269.543,36232.42204285714,27,7168.0,0.048818781671056,27,7168.0
66450.0,55,14863.0,221.83582089552237,1.0256018062264494,35436.77917242548,528.907151827246,2373702.3140000007,35428.39274626866,29,7300.0,0.07934747985452352,29,7300.0
66455.0,55,15066.0,218.34782608695653,1.3718756212472454,35589.69613116718,515.7926975531476,2406392.0000000005,34875.24637681159,29,7365.0,0.08977690031163722,29,7365.0
66460.0,61,15355.0,216.26760563380282,1.3379546015865003,35900.69167691102,505.6435447452257,2471545.003000001,34810.493,34,7504.0,0.054301573018907194,34,7504.0
66465.0,63,15661.0,223.72857142857143,0.9603007104936262,36174.828381281935,516.7832625897421,2504120.009000001,35773.142985714294,37,7660.0,0.026597613775165032,37,7660.0
66470.0,66,15985.0,235.0735294117647,0.19288606293992341,36449.98158640276,536.0291409765114,2536699.903000001,37304.410338235306,38,7830.0,0.004083973090924351,38,7830.0
66475.0,56,15624.0,226.43478260869566,0.7600058727388552,36767.79505021048,532.8665949305869,2536700.523000001,36763.775695652184,27,7551.0,0.03184608696794046,27,7551.0
66480.0,52,15754.0,228.31884057971016,1.3943406712829622,37080.163117390875,537.3936683679835,2536700.523000001,36763.775695652184,23,7467.0,0.03834772552742823,23,7467.0
66485.0,54,15939.0,212.52,1.521106160518991,37404.505477961204,498.7267397061496,2536706.523000001,33822.75364,26,7563.0,0.012701826377505582,26,7563.0
66490.0,56,16188.0,228.0,1.4909378994978317,37379.97828730954,526.4785674268951,2471567.1010000007,34810.80423943662,30,7707.0,0.09201307868830809,30,7707.0
66495.0,52,15402.0,220.02857142857144,1.568840347549659,37478.00082752326,535.4000118217609,2504161.2230000007,35773.731757142865,25,6947.0,0.05234755244889069,25,6947.0
66500.0,53,15662.0,214.54794520547946,2.62144809799754,37773.862329820826,517.4501689016553,2536762.6950000003,34750.173904109586,27,6898.0,0.02599299279496602,27,6898.0
66505.0,55,15935.0,227.64285714285714,2.560135644611826,37583.41066100886,536.9058665858407,2504258.2530000005,35775.117900000005,27,7013.0,0.012092193633157234,27,7013.0
66510.0,56,16213.0,265.78688524590166,0.7757332831276801,37061.747431717384,607.5696300281539,2504250.5870000003,41053.288311475415,28,7131.0,0.02484351681963864,28,7131.0
66515.0,52,16357.0,277.23728813559325,0.9526327989090689,37274.91933643857,631.7782938379419,2504247.5630000005,42444.87394915254,24,7131.0,0.01263149980397302,24,7131.0
66520.0,52,16617.0,281.64406779661016,1.1698678444633435,37544.57232970087,636.3486835542523,2504247.5630000005,42444.87394915254,24,7215.0,0.03621553265520623,24,7215.0
66525.0,53,16878.0,272.2258064516129,1.2797255383419006,37784.92479754841,609.4342709282001,2504249.1670000004,40391.1155967742,25,7316.0,0.010176490102929594,25,7316.0
66530.0,53,17143.0,290.5593220338983,1.1569305093218138,37941.44550539735,643.0753475491076,2504248.7210000004,42444.893576271184,25,7421.0,0.08146583401529386,25,7421.0
66535.0,48,17109.0,294.98275862068965,0.8948114626699769,38181.32761226447,658.2987519355944,2504248.7210000004,43176.7020862069,20,7232.0,0.0746070195483293,20,7232.0
66540.0,47,17100.0,294.82758620689657,1.5839384173401125,38445.53992440256,662.8541366276304,2504248.7210000004,43176.7020862069,19,7090.0,0.07300883963635071,19,7090.0
66545.0,43,17138.0,285.6333333333333,1.9471240948118627,38645.05860211418,644.0843100352364,2471668.8030000003,41194.48005,16,7052.0,0.07428243171441122,16,7052.0
66550.0,46,17316.0,283.8688524590164,1.6980400576271095,38589.11270237506,632.6084049569683,2439216.282,39987.15216393443,19,7167.0,0.14611797054902068,19,7167.0
66555.0,45,17482.0,296.3050847457627,1.4800122553820894,38417.50271304381,651.1441137804036,2374214.557,40240.92469491525,19,7226.0,0.04346293670149704,19,7226.0
66560.0,49,17718.0,290.4590163934426,1.4846312894080533,38683.348479223,634.1532537577542,2439511.272,39991.988065573765,23,7312.0,0.09821332046627174,23,7312.0
66565.0,52,17971.0,280.796875,1.454886992357697,38935.317713194774,608.3643392686686,2504806.9320000005,39137.6083125,25,7415.0,0.040984577220747595,25,7415.0
66570.0,54,18233.0,289.41269841269843,1.2262033094550362,39209.31793875391,622.3701260119668,2537452.5680000004,40277.0248888889,28,7527.0,0.05777283201938314,28,7527.0
66575.0,53,18368.0,291.55555555555554,0.8736477995166672,39408.728431547774,625.5353719293299,2537453.4760000007,40277.039301587305,23,7393.0,0.0288457413830439,23,7393.0
66580.0,48,18514.0,293.87301587301585,2.1708748490189316,39685.81411277253,629.9335573455962,2537453.4760000007,40277.039301587305,20,7261.0,0.09562107519936298,20,7261.0
66585.0,45,18684.0,306.2950819672131,2.393683552608196,39918.941856817124,654.4088828986415,2472154.865,40527.128934426226,18,7067.0,0.15021769973321591,18,7067.0
66590.0,47,18894.0,314.9,1.7361090847364247,39866.66519119022,664.4444198531705,2439692.9340000004,40661.5489,20,7152.0,0.0901977916115715,20,7152.0
66595.0,50,19137.0,335.7368421052632,0.7284401978627498,39597.00088040165,694.684225971959,2342073.405,41089.007105263154,24,7258.0,0.06231934393932553,24,7258.0
66600.0,50,19343.0,333.5,0.8150633194202034,39744.893278446405,685.2567806628692,2374819.0509999995,40945.15605172413,24,7314.0,0.04943329304484412,24,7314.0
66605.0,55,19603.0,288.27941176470586,1.5585827675637611,40032.311617833715,588.7104649681431,2440154.465,35884.624485294116,28,7424.0,0.057661951687846755,28,7424.0
66610.0,55,19874.0,296.6268656716418,1.8228275278555537,40274.63026032439,601.113884482454,2472812.809,36907.65386567164,29,7545.0,0.14077567097826263,29,7545.0
66615.0,59,20157.0,296.4264705882353,0.32834333396366583,40566.69966184526,596.5691126741953,2538125.763,37325.37886764705,33,7678.0,0.0352771804538561,33,7678.0
66620.0,54,19857.0,283.6714285714286,1.0155358082778723,40893.00729037394,584.1858184339137,2603443.9729999998,37192.05675714285,27,7225.0,0.04764606397748424,27,7225.0
66625.0,52,20009.0,285.84285714285716,1.5664648655161226,41208.86980661583,588.6981400945119,2603443.9729999998,37192.05675714285,23,7164.0,0.05210628551681315,23,7164.0
66630.0,49,20218.0,284.76056338028167,1.6430051188964456,41483.78096169673,584.2786050943204,2570798.2209999994,36208.425647887314,22,7255.0,0.030020272869132593,22,7255.0
66635.0,55,20480.0,301.1764705882353,1.096252959238265,41396.467480624226,608.7715805974151,2472904.9459999995,36366.24920588235,27,7368.0,0.029209507868238505,27,7368.0
66640.0,53,20621.0,303.25,1.398849997077078,41528.553873286684,610.7140275483338,2505570.7399999998,36846.62852941176,26,7376.0,0.06402020797545131,26,7376.0
66645.0,57,20898.0,294.3380281690141,1.5707538846565854,41737.30090551565,587.8493085283894,2538237.554,35749.82470422535,30,7502.0,0.0032195653139192974,30,7502.0
66650.0,59,21191.0,302.72857142857146,1.9131415400368248,41944.93203980888,599.2133148544126,2538234.404,36260.49148571428,31,7635.0,0.045165607479213506,31,7635.0
66655.0,59,21486.0,320.6865671641791,0.7917583570424866,42015.55819234126,627.0978834677801,2505629.7959999996,37397.45964179104,31,7770.0,0.004590711863072296,31,7770.0
66660.0,54,21562.0,336.90625,1.06198911374534,42243.605557638366,660.0563368380995,2505629.7959999996,39150.4655625,26,7623.0,0.021330567758431705,26,7623.0
66665.0,51,21719.0,324.1641791044776,1.3796500224674797,42547.281214147806,635.0340479723554,2505629.7959999996,37397.45964179104,23,7654.0,0.0331275609060454,23,7654.0
66670.0,47,21833.0,335.89230769230767,1.578903827780813,42653.865598833276,656.2133169051277,2440369.826,37544.15116923077,20,7739.0,0.08912659368043827,20,7739.0
66675.0,50,22049.0,344.515625,0.5846714731655884,42846.296116926955,669.4733768269839,2473060.107,38641.564171875,24,7856.0,0.017081945261585053,24,7856.0
66680.0,51,22285.0,332.6119402985075,0.7255748377783113,43052.51695871486,642.574879980819,2473114.7420000006,36912.16032835821,25,7847.0,0.02610542308892645,25,7847.0
66685.0,49,22529.0,326.5072463768116,2.0499324027169687,43248.36410944012,626.7878856440598,2473167.572,35843.008289855075,23,7843.0,0.12079541935234524,23,7843.0
66690.0,50,22776.0,320.7887323943662,1.8664648211167207,43544.42315150535,613.3017345282445,2538560.666,35754.375577464794,24,7940.0,0.15331990171405338,24,7940.0
66695.0,60,23055.0,329.35714285714283,0.5605559440878263,43567.52831108715,622.3932615869594,2473301.0500000003,35332.872142857144,34,8069.0,0.02728676135872546,34,8069.0
66700.0,51,22211.0,317.3,1.464243065961119,43806.188748267225,625.8026964038175,2473335.2710000006,35333.361014285714,24,7298.0,0.0827855231573721,24,7298.0
66705.0,55,22474.0,303.7027027027027,2.3545792202161895,44107.13361718397,596.042346178162,2538732.7870000005,34307.19982432433,29,7188.0,0.03468839961367299,29,7188.0
66710.0,58,22758.0,316.0833333333333,2.1199234255744384,44002.31896518863,611.1433189609533,2571424.1610000003,35714.22445833334,32,7322.0,0.012743199218473078,32,7322.0
66715.0,59,23050.0,344.02985074626866,1.018431084546463,43643.99202551538,651.4028660524682,2604111.818,38867.34056716419,32,7462.0,0.0403718460231873,32,7462.0
66720.0,49,15573.0,247.1904761904762,1.1465073049767567,43771.994144830904,694.7935578544585,2604110.882,41335.09336507937,24,4595.0,0.04841527046960415,24,4595.0
66725.0,44,10284.0,149.04347826086956,2.6841727387652354,44055.29655536451,638.4825587733988,2604116.882,37740.8243768116,26,5729.0,0.03960979525995509,26,5729.0
66730.0,35,4259.0,60.84285714285714,3.715615877836485,44255.66016542756,632.2237166489649,2604116.91,37201.67014285715,28,6523.0,0.07391008424412404,28,6523.0
66735.0,39,1017.0,15.646153846153846,2.4438715097360117,40474.79855221916,622.689208495679,2485250.2800000007,38234.61969230769,33,8025.0,0.01096285356394587,33,8025.0
66740.0,37,845.0,13.629032258064516,1.7429738532360444,32267.85726546618,520.4493107333254,2309195.731,37245.09243548388,29,7900.0,0.05358800960929973,29,7900.0
66745.0,40,865.0,13.307692307692308,2.5391609361150245,32530.99271898966,500.47681106137935,2493111.9850000003,38355.569,27,7806.0,0.038730419494228695,27,7806.0
66750.0,42,866.0,13.323076923076924,2.358817052736476,32102.246033995278,493.8807082153119,2493765.9690000005,38365.630292307695,24,7909.0,0.05330433227167067,24,7909.0
66755.0,50,1053.0,16.453125,0.9609188458395772,31817.310213986184,497.1454720935341,2420317.2410000004,37817.456890625006,27,8052.0,0.03637141600736385,27,8052.0
66760.0,41,980.0,14.848484848484848,1.8205003486246674,31277.570207610108,473.9025789031833,2482341.8680000002,37611.24042424243,21,4603.0,0.0995659254417814,21,4603.0
66765.0,38,1017.0,14.73913043478261,3.0888293834820346,31549.618449207668,457.2408470899663,2547806.773,36924.73584057971,26,3742.0,0.12470756704902912,26,3742.0
66770.0,38,1049.0,15.202898550724637,2.627948781625846,27105.19905868356,392.82897186497905,2494975.253,36159.06163768116,33,5794.0,0.02869233475075115,33,5794.0
66775.0,45,1192.0,18.625,1.6095981439730924,19538.92793964714,305.29574905698644,2195660.053,34307.188328125,40,5980.0,0.0002400127189361901,40,5980.0
66780.0,40,841.0,13.140625,1.503883373314789,16161.427941926857,252.52231159260714,2199041.119,34360.017484375,31,5809.0,0.019800602734698407,31,5809.0
66785.0,47,976.0,13.746478873239436,1.8998777565084117,16427.825633030872,231.37782581733617,2321638.358,32699.1318028169,29,5786.0,0.042954426639090534,29,5786.0
66790.0,53,1218.0,16.916666666666668,2.0455428263334414,16681.063863706848,231.681442551484,2444230.145,33947.64090277778,31,5941.0,0.07323260228324224,31,5941.0
66795.0,60,1504.0,21.797101449275363,0.6970079279177519,16771.23398881848,243.0613621567895,2505511.359,36311.75882608696,33,6086.0,0.021306460960935924,33,6086.0
66800.0,59,1529.0,23.166666666666668,0.552204496772456,16772.36428855743,254.1267316448095,2505511.359,37962.293318181815,31,5905.0,0.015133770272599418,31,5905.0
66805.0,54,1604.0,22.914285714285715,1.8465772545689003,17082.774946713984,244.03964209591405,2505514.359,35793.06227142857,26,5807.0,0.07168680004483563,26,5807.0
66810.0,51,1711.0,24.098591549295776,2.0846414242652975,17301.49197377896,243.68298554618255,2472819.396,34828.442197183096,24,5831.0,0.08976633943513321,24,5831.0
66815.0,55,1942.0,28.144927536231883,1.1304651630770637,17086.23831008542,247.62664217515103,2374868.487,34418.38386956522,28,5991.0,0.0811878466314058,28,5991.0
66820.0,53,1887.0,27.75,0.7518107507622158,17134.243637219497,251.97417113558083,2342281.2630000003,34445.31269117647,26,5814.0,0.06407781899142724,26,5814.0
66825.0,56,2152.0,30.742857142857144,0.9411115763939457,17450.021661481915,249.2860237354558,2407823.9080000003,34397.4844,29,5846.0,0.023090262346582024,29,5846.0
66830.0,58,2436.0,34.309859154929576,1.256977233239167,17773.319263217676,250.32844032700936,2440598.21,34374.62267605634,32,5985.0,0.03812127025529952,32,5985.0
66835.0,61,2736.0,37.47945205479452,1.3416899004967533,17838.046963678495,244.35680772162317,2506138.3589999997,34330.6624520548,35,6140.0,0.06132803429676279,35,6140.0
66840.0,56,2653.0,35.373333333333335,1.5841142227871932,18099.68137595576,241.3290850127434,2538941.641,33852.55521333333,29,5970.0,0.0430168978815972,29,5970.0
66845.0,57,2882.0,37.42857142857143,2.088955733029393,18230.991543034273,236.76612393550985,2506244.588,32548.631012987007,30,5961.0,0.08685063882155647,30,5961.0
66850.0,62,3182.0,42.42666666666667,1.6761399708121458,18457.90409859054,246.10538798120712,2506244.588,33416.59450666666,34,6108.0,0.04331154441796901,34,6108.0
66855.0,66,3501.0,49.309859154929576,0.5697391343543329,18600.338922464383,261.97660454175195,2506240.5039999997,35299.16202816901,38,6272.0,0.0012868697017000376,38,6272.0
66860.0,61,3623.0,51.028169014084504,0.657441613551285,18654.219141950463,262.7354808725417,2506239.5239999997,35299.1482253521,33,6158.0,0.01903055178641399,33,6158.0
66865.0,56,3761.0,52.971830985915496,1.8231978991590152,18972.36231542656,267.2163706398107,2506239.5239999997,35299.1482253521,28,6066.0,0.06950973901409443,28,6066.0
66870.0,53,3923.0,55.25352112676056,1.4754639631877806,19281.15284092442,271.5655329707664,2506239.5239999997,35299.1482253521,26,6183.0,0.05992858627142401,26,6183.0
66875.0,59,4182.0,60.608695652173914,0.7870219588930801,19233.772681337672,278.75032871503873,2408102.8339999993,34900.04107246376,32,6346.0,0.03354537188969486,32,6346.0
66880.0,53,4273.0,62.838235294117645,1.1422730900320168,19246.83612191051,283.04170767515444,2375513.496,34934.02199999999,27,6318.0,0.058810614271891715,27,6318.0
66885.0,57,4550.0,60.666666666666664,1.8233483354607611,19560.549261598946,260.8073234879859,2441115.8019999997,32548.21069333333,31,6379.0,0.08534765243812686,31,6379.0
66890.0,61,4842.0,63.71052631578947,1.995025054995033,19866.007191895515,261.39483147230936,2506711.678,32983.04839473685,34,6502.0,0.03800154451211999,34,6502.0
66895.0,65,5156.0,71.61111111111111,0.7737303631009768,19976.48962579196,277.451244802666,2506711.678,34815.43997222223,38,6669.0,0.0259175844697333,38,6669.0
66900.0,59,5212.0,75.53623188405797,0.5271743988821468,20175.31523271291,292.3958729378681,2506708.678,36329.11127536232,31,6595.0,0.027193712722692474,31,6595.0
66905.0,59,5417.0,75.23611111111111,0.9289777963418933,20514.872792745547,284.92878878813247,2506708.678,34815.39830555556,30,6702.0,0.0134910477248812,30,6702.0
66910.0,57,5607.0,76.8082191780822,1.2673928928248481,20791.11843340293,284.8098415534646,2473940.6739999996,33889.5982739726,29,6831.0,0.049519085204759984,29,6831.0
66915.0,62,5868.0,80.38356164383562,1.0105452883127342,21105.877346354886,289.1216074843135,2441141.8749999995,33440.299657534255,36,6988.0,0.005854073049029869,36,6988.0
66920.0,50,4639.0,65.33802816901408,1.8167483456186098,21266.143589571224,299.5231491488904,2473957.1929999995,34844.46750704225,23,5996.0,0.08517161168732103,23,5996.0
66925.0,51,4889.0,67.90277777777777,3.112769888413908,21410.69448375903,297.37075671887527,2474036.4189999998,34361.61693055555,25,5735.0,0.07829987669908933,25,5735.0
66930.0,56,5158.0,74.7536231884058,2.3104758658568625,21264.053573514935,308.1746894712309,2474035.535,35855.58746376811,28,5851.0,0.012392638801406263,28,5851.0
66935.0,59,5441.0,86.36507936507937,0.7212081661118004,20444.2958597127,324.5126326938523,2474025.741,39270.24985714285,29,5979.0,0.0,29,5979.0
66940.0,50,5506.0,90.26229508196721,1.472906054356617,20632.25747477627,338.23372909469293,2474024.255,40557.77467213114,22,5918.0,0.035178781622595134,22,5918.0
66945.0,50,5756.0,95.93333333333334,1.8242008004420944,20880.760101484368,348.0126683580729,2474024.255,41233.73758333333,22,5984.0,0.06745902834560419,22,5984.0
66950.0,51,6007.0,105.3859649122807,1.1014468507767978,21042.633296939406,369.16900520946314,2474023.197,43403.91573684211,23,6080.0,0.0015132042067184457,23,6080.0
66955.0,52,6265.0,113.9090909090909,0.6177680071946012,21235.975800074197,386.10865091044,2474023.197,44982.239945454545,24,6183.0,1.658207864288167e-05,24,6183.0
66960.0,46,6214.0,119.5,0.6364240823842178,21381.109804291576,411.1751885440689,2474023.197,47577.36917307692,18,5927.0,0.023124077427585474,18,5927.0
66965.0,42,6230.0,103.83333333333333,2.1399468846752847,21632.627278174314,360.5437879695719,2474033.685,41233.89475,14,5739.0,0.09872075097775664,14,5739.0
66970.0,37,6188.0,104.88135593220339,3.168569756690797,21802.09667236954,369.52706224355137,2441233.894,41376.84566101695,10,5677.0,0.29510305759061894,10,5677.0
66975.0,43,6337.0,109.25862068965517,1.2780714538727802,21664.850082249843,373.5318979698247,2408636.245,41528.21112068966,16,5768.0,0.09662217477990126,16,5768.0
66980.0,44,6521.0,116.44642857142857,1.4011549512514843,21452.243293517808,383.0757730985321,2343226.8730000006,41843.337017857135,18,5853.0,0.07368159420373172,18,5853.0
66985.0,47,6751.0,116.39655172413794,1.4622637680194297,21706.79449959175,374.2550775791681,2408966.9010000005,41533.912086206896,21,5938.0,0.04250063101288726,21,5938.0
66990.0,51,6997.0,116.61666666666666,1.3873834156015596,21924.98948809991,365.41649146833174,2474698.0740000005,41244.96790000001,24,6039.0,0.03498149102152961,24,6039.0
66995.0,53,7255.0,122.96610169491525,0.6588285835225424,22159.252675412426,375.5805538205496,2507557.5910000005,42500.976118644074,26,6151.0,0.07361124115815129,26,6151.0
67000.0,49,7381.0,123.01666666666667,1.2246731631192627,22435.794929206775,373.9299154867795,2507561.1750000003,41792.686250000006,21,5943.0,0.10911419843825267,21,5943.0
67005.0,46,7517.0,123.22950819672131,1.860129601800228,22700.88237061242,372.1456126329905,2507561.1750000003,41107.560245901645,18,5784.0,0.09500588646085635,18,5784.0
67010.0,44,7662.0,127.7,1.8196770287951465,22888.9244547463,381.48207424577157,2474743.1890000007,41245.71981666667,18,5757.0,0.1144663530302095,18,5757.0
67015.0,46,7888.0,129.31147540983608,1.2595666659848934,22983.047691480053,376.77127363082036,2441987.6000000006,40032.58360655739,20,5853.0,0.046430327519187506,20,5853.0
67020.0,48,8092.0,134.86666666666667,1.5686087821335624,22800.36625328762,380.00610422146013,2409411.3760000006,40156.85626666668,21,5937.0,0.073043432773611,21,5937.0
67025.0,51,8340.0,132.38095238095238,1.2894468601872466,22914.976536491526,363.72978629351616,2409523.1520000007,38246.39923809524,24,6054.0,0.049202512335843794,24,6054.0
67030.0,55,8603.0,134.421875,1.3514643631064858,23178.41189065199,362.1626857914373,2475282.6670000004,38676.291671875,29,6185.0,0.10044982394099172,29,6185.0
67035.0,58,8885.0,138.828125,0.41447484660616773,23450.886922421247,366.42010816283175,2541043.7030000007,39703.807859374996,31,6322.0,0.027277596742175173,31,6322.0
67040.0,53,9022.0,136.6969696969697,0.9257287404055975,23740.394695422492,359.7029499306436,2573921.3110000007,38998.80774242424,27,6197.0,0.0547821965107647,27,6197.0
67045.0,51,9194.0,133.2463768115942,2.340428785505809,24034.973643259847,348.3329513515919,2573924.3110000007,37303.25088405798,23,6109.0,0.08399141360135123,23,6109.0
67050.0,48,9365.0,135.7246376811594,2.3926667925322334,24316.85826306517,352.4182356965965,2573924.3110000007,37303.25088405798,21,6198.0,0.10994113272434831,21,6198.0
67055.0,54,9610.0,145.6060606060606,1.0056833961618081,24250.277869069367,367.428452561657,2442584.205,37008.851590909086,27,6310.0,0.0380692129151085,27,6310.0
67060.0,53,9796.0,153.0625,1.0168069692722983,24276.10730466941,379.3141766354594,2376983.1200000006,37140.36125,27,6348.0,0.0439229719745929,27,6348.0
67065.0,57,10071.0,148.10294117647058,1.314427846338386,24573.103829546555,361.3691739639199,2442763.0340000005,35922.985794117645,30,6468.0,0.03015228025694684,30,6468.0
67070.0,58,10357.0,154.5820895522388,1.544963219602951,24826.614002751998,370.54647765301485,2475651.2270000004,36950.018313432825,32,6599.0,0.046751262020616385,32,6599.0
67075.0,60,10651.0,161.37878787878788,0.6720803563744239,25056.91069797998,379.6501620906056,2508541.398,38008.202999999994,33,6736.0,0.061880905396457936,33,6736.0
67080.0,57,10810.0,166.30769230769232,0.7782923715903808,25361.806434979742,390.1816374612267,2508541.398,38592.94458461538,29,6724.0,0.03793758378166636,29,6724.0
67085.0,53,10968.0,158.95652173913044,1.7600814787741437,25664.851623059276,371.954371348685,2508544.398,36355.71591304348,25,6706.0,0.06280620502978036,25,6706.0
67090.0,49,11143.0,159.18571428571428,2.206535059372929,25858.09429190393,369.4013470271989,2475674.876,35366.783942857146,22,6735.0,0.1184203031626308,22,6735.0
67095.0,52,11380.0,169.8507462686567,1.239020080103151,25951.00960531542,387.3285015718719,2377066.18,35478.59970149253,26,6848.0,0.06608322167956857,26,6848.0
67100.0,47,10621.0,160.92424242424244,1.5825233087712163,26070.90579654142,395.01372419002155,2344241.4399999995,35518.80969696969,20,6128.0,0.10456051968166147,20,6128.0
67105.0,51,10862.0,159.73529411764707,2.6421151565423076,26348.913034664143,387.4840152156492,2410052.7119999994,35441.95164705882,25,6035.0,0.05321170196660442,25,6035.0
67110.0,55,11123.0,161.20289855072463,2.295568234521363,26472.160602466553,383.65450148502254,2475866.057,35882.11676811594,28,6141.0,0.0004386054923897864,28,6141.0
67115.0,57,11398.0,178.09375,1.1374908874079233,25837.706162626444,403.714158791038,2508763.278,39199.42621875,29,6261.0,0.045894825215221466,29,6261.0
67120.0,51,11546.0,183.26984126984127,1.426919736180384,26063.02787756715,413.6988551994785,2541669.907,40343.96677777778,24,6252.0,0.07171964482936796,24,6252.0
67125.0,54,11811.0,178.95454545454547,1.4516059677516329,26350.564668363128,399.25097982368374,2541672.907,38510.195560606066,26,6352.0,0.0796758260322966,26,6352.0
67130.0,56,12086.0,185.93846153846152,1.4352820181359272,26594.130740555887,409.14047293162895,2541672.019,39102.64644615384,28,6462.0,0.054168814152338145,28,6462.0
67135.0,58,12370.0,196.34920634920636,0.8487873804620699,26838.896072331132,426.01422337033534,2541671.845,40343.99753968253,30,6581.0,0.009848741811861492,30,6581.0
67140.0,51,12365.0,209.57627118644066,0.6856987310679056,27046.705109692717,458.41873067275793,2541668.3850000002,43079.12516949152,23,6471.0,0.025534685338040656,23,6471.0
67145.0,47,12444.0,194.4375,2.148225361243668,27322.79967047575,426.91874485118365,2541672.877,39713.638703125,19,6372.0,0.055773494572241546,19,6372.0
67150.0,43,12478.0,191.96923076923076,2.5930060835736928,27584.059123394196,424.37014035991064,2541672.939,39102.6606,16,6429.0,0.17893315535607085,16,6429.0
67155.0,47,12666.0,201.04761904761904,1.31992492163234,27654.2655866875,438.95659661408735,2443005.687999999,38777.86806349206,20,6523.0,0.10365520652915168,20,6523.0
67160.0,49,12878.0,211.11475409836066,0.8978309654391474,27603.514831917644,452.51663658881387,2377300.9569999995,38972.14683606557,23,6611.0,0.02576751749038912,23,6611.0
67165.0,55,13137.0,205.265625,1.3352292447105736,27890.649217317616,435.79139402058786,2443178.003,38174.65629687499,28,6715.0,0.03027315909378298,28,6715.0
67170.0,56,13410.0,200.1492537313433,1.6678156486133595,28183.836330259033,420.65427358595576,2476118.5250000004,36956.99291044776,30,6834.0,0.057245034650801614,30,6834.0
67175.0,60,13696.0,214.0,0.7366458324740404,28409.686954006775,443.90135865635585,2509048.9590000003,39203.889984375,32,6963.0,0.05491071193798722,32,6963.0
67180.0,50,13107.0,204.796875,0.9923559169839581,28709.358865959643,448.5837322806195,2509048.9590000003,39203.889984375,22,6455.0,0.07150775289924607,22,6455.0
67185.0,48,13197.0,206.203125,1.2256691723525601,29004.339885527756,453.1928107113713,2509048.9590000003,39203.889984375,19,6357.0,0.06628171693952188,19,6357.0
67190.0,48,13360.0,208.75,1.4526393463378173,29294.39672331513,457.72494880179875,2509048.9590000003,39203.889984375,20,6426.0,0.033345305783997456,20,6426.0
67195.0,52,13583.0,215.6031746031746,0.8717380324352556,29164.644884031062,462.93087117509623,2443245.0150000006,38781.666904761914,26,6534.0,0.009042087873109802,26,6534.0
67200.0,52,13785.0,222.33870967741936,1.0413818654768237,29079.954309805325,469.0315211258924,2476201.182,39938.72874193548,26,6599.0,0.026922986245548116,26,6599.0
67205.0,56,14056.0,203.71014492753622,1.2418033685798795,29384.355878145692,425.8602301180534,2476207.182,35887.060608695654,28,6711.0,0.014619809749125658,28,6711.0
67210.0,57,14338.0,214.0,1.49646920799833,29511.64203583909,440.47226919162836,2443330.7460000003,36467.62307462686,29,6830.0,0.11141393485929,29,6830.0
67215.0,60,14627.0,221.62121212121212,0.47295221698211154,29797.678746462916,451.4799810070139,2443330.7460000003,37020.16281818182,32,6954.0,0.01874926276664475,32,6954.0
67220.0,59,14773.0,220.49253731343285,0.6400684192152525,30112.579753954,449.44148886498505,2443331.6360000004,36467.63635820896,31,6857.0,0.013213722087591724,31,6857.0
67225.0,54,14917.0,226.0151515151515,1.4802897689600276,30377.919478826934,460.2715072549536,2443331.6360000004,37020.17630303031,26,6753.0,0.05151290955744553,26,6753.0
67230.0,50,15072.0,228.36363636363637,1.4273995267531128,30513.1127809804,462.31989062091526,2410441.8270000005,36521.845863636365,23,6755.0,0.08546076399957893,23,6755.0
67235.0,55,15306.0,231.9090909090909,1.0547956257918492,30515.983619868064,462.3633881798192,2377651.808,36025.027393939396,28,6885.0,0.0637966471593007,28,6885.0
67240.0,54,15483.0,238.2,1.2717595999667206,30547.910596573467,469.9678553318995,2344841.4280000003,36074.48350769231,28,6935.0,0.07737752122542657,28,6935.0
67245.0,56,15760.0,225.14285714285714,1.468750382304346,30848.771020106287,440.6967288586611,2410819.5520000006,34440.27931428572,30,7057.0,0.04918020904000347,30,7057.0
67250.0,60,16049.0,226.04225352112675,1.4423095917082864,31128.397748438292,438.4281373019478,2476794.6760000004,34884.43205633803,33,7191.0,0.02705120376252894,33,7191.0
67255.0,62,16352.0,240.47058823529412,0.6624986902227059,31340.9657201596,460.8965547082293,2509775.977,36908.470250000006,36,7339.0,0.05262119655331533,36,7339.0
67260.0,60,16523.0,242.98529411764707,0.6667393112375926,31663.331018066077,465.6372208539128,2542758.045,37393.50066176471,32,7218.0,0.02197214466880002,32,7218.0
67265.0,55,16703.0,235.25352112676057,1.844107943516976,31979.982063287567,450.42228258151516,2542758.045,35813.493591549304,27,7133.0,0.04484730622680466,27,7133.0
67270.0,53,16915.0,238.2394366197183,1.811602107189088,32079.143560073062,451.81892338131064,2476891.082,34885.78988732394,26,7237.0,0.10269528585954037,26,7237.0
67275.0,55,17170.0,248.84057971014494,1.0124079686341536,32228.23588706965,467.0758824212994,2411008.322,34942.1495942029,29,7361.0,0.03390460918061684,29,7361.0
67280.0,50,12365.0,179.20289855072463,1.246329268722459,32249.745984267003,467.38762296039135,2411195.486,34944.86211594203,26,5060.0,0.08453646280101058,26,5060.0
67285.0,46,9088.0,124.4931506849315,2.3817076886415243,32556.299851745498,445.97671029788376,2444198.276,33482.16816438356,30,5645.0,0.07702562406882073,30,5645.0
67290.0,42,4791.0,65.63013698630137,2.376273533457792,32818.73706047691,449.5717405544781,2510185.5620000004,34386.103589041086,36,6814.0,0.04574155419549118,36,6814.0
67295.0,48,2012.0,28.338028169014084,1.592503003531276,27393.518145637794,385.8241992343352,2268366.5,31948.823943661973,41,6994.0,0.0012198482901685645,41,6994.0
67300.0,43,1576.0,22.197183098591548,1.7968992449759422,23967.34724419986,337.56827104506846,2271819.228,31997.45391549296,32,6691.0,0.03700338267212795,32,6691.0
67305.0,44,1607.0,22.319444444444443,1.7585055379947283,24252.681298044576,336.84279580617454,2395394.237,33269.36440277778,30,6572.0,0.054813943434689226,30,6572.0
67310.0,53,1774.0,23.972972972972972,1.4144714068172748,23867.985226541085,322.5403408992038,2457657.6240000003,33211.58951351351,33,6711.0,0.02959810860256647,33,6711.0
67315.0,62,2029.0,27.41891891891892,1.0219660058332907,23651.432829567253,319.61395715631426,2486920.0890000006,33607.02822972972,38,6896.0,0.03750276539909703,38,6896.0
67320.0,53,901.0,12.342465753424657,1.5934666991010598,23460.607498905574,321.3781849165149,2581705.8600000003,35365.83369863014,28,5971.0,0.054717062151818194,28,5971.0
67325.0,57,1175.0,14.873417721518987,2.952831087927,23774.87590717018,300.94779629329344,2581712.3560000006,32679.90324050633,29,5783.0,0.02825296730240812,29,5783.0
67330.0,58,1461.0,19.223684210526315,2.7336830249430566,23624.12578830173,310.84376037239116,2548775.62,33536.52131578947,30,5914.0,0.08687802874927676,30,5914.0
67335.0,62,1759.0,25.492753623188406,0.879086092662936,22974.072807316075,332.95757691762446,2548768.0640000002,36938.667594202896,34,6057.0,0.008252245513339522,34,6057.0
67340.0,58,1887.0,29.484375,0.5034627778101596,23014.154909178083,359.5961704559078,2548762.932000001,39824.4208125,30,5926.0,0.014184966393484473,30,5926.0
67345.0,53,2009.0,31.390625,1.3073226527961743,23311.466997470052,364.2416718354699,2548762.932000001,39824.4208125,25,5821.0,0.0422794022561507,25,5821.0
67350.0,50,2149.0,33.578125,1.142455559648873,23394.007158499007,365.53136185154716,2482829.986,38794.21853125001,23,5923.0,0.045538525948159235,23,5923.0
67355.0,53,2376.0,36.55384615384615,1.2541599040120082,23522.24085387729,361.8806285211893,2482942.7620000006,38199.11941538461,26,6058.0,0.08607738188165226,26,6058.0
67360.0,47,2174.0,33.96875,1.4921037245045274,23506.7968584024,367.29370091253753,2450100.003,38282.812546875,21,5887.0,0.08004049512525747,21,5887.0
67365.0,50,2388.0,34.608695652173914,1.979291356846768,23794.10769048789,344.8421404418537,2516202.5700000003,36466.70391304348,24,5865.0,0.06730744605242099,24,5865.0
67370.0,54,2649.0,38.955882352941174,1.9556945514365116,23997.36040720839,352.9023589295353,2549245.038,37488.89761764705,28,5953.0,0.07494169250599853,28,5953.0
67375.0,58,2929.0,42.44927536231884,1.3616567979641074,24231.9674152782,351.18793355475657,2582292.242,37424.52524637681,31,6085.0,0.04477719180928017,31,6085.0
67380.0,57,3152.0,48.49230769230769,1.2074645002371782,24179.961808222357,371.9994124341903,2582292.242,39727.57295384615,29,6153.0,0.026802138955990453,29,6153.0
67385.0,58,3438.0,50.55882352941177,1.4673387894419272,24442.888508560576,359.45424277294984,2582292.521,37974.89001470588,30,6284.0,0.013341961194866206,30,6284.0
67390.0,59,3732.0,56.54545454545455,1.2028166812139034,24665.664408055316,373.7221880008383,2582291.7389999996,39125.63240909091,31,6423.0,0.06341572550616002,31,6423.0
67395.0,61,4030.0,63.96825396825397,0.09713751460493568,24950.094591857214,396.03324748979725,2582288.4189999993,40988.70506349205,33,6566.0,0.01719713367987926,33,6566.0
67400.0,56,4048.0,62.276923076923076,0.7586184987156029,25260.52666549308,388.623487161432,2582289.6309999996,39727.53278461539,28,6387.0,0.016646564772295765,28,6387.0
67405.0,51,4104.0,62.18181818181818,2.029895158409929,25552.36712887602,387.15707771024285,2582289.6309999996,39125.60046969696,23,6272.0,0.05737928870228111,23,6272.0
67410.0,47,4189.0,64.44615384615385,1.9988337183386302,25755.57986412602,396.23969021732324,2549269.9089999995,39219.53706153846,20,6254.0,0.11726221126435366,20,6254.0
67415.0,52,4400.0,69.84126984126983,0.9793712012193089,25556.07534236621,405.65198956136845,2450340.201,38894.28890476189,26,6427.0,0.06141935215224284,26,6427.0
67420.0,47,4398.0,69.80952380952381,1.2921415398665979,25545.972126052213,405.4916210484479,2450545.9,38897.55396825395,20,6327.0,0.07661709013211156,20,6327.0
67425.0,50,4639.0,70.28787878787878,1.5203648015466682,25825.128223724525,391.2898215715837,2483631.806,37630.78493939395,24,6355.0,0.05460164868317661,24,6355.0
67430.0,53,4898.0,73.1044776119403,1.6605735673744781,26081.01221639486,389.2688390506696,2549796.48,38056.663880597014,27,6469.0,0.043612889112638206,27,6469.0
67435.0,57,5176.0,79.63076923076923,0.8854270700683626,26266.124950714442,404.09423001099134,2582878.96,39736.59938461539,31,6602.0,0.04369417106018885,31,6602.0
67440.0,53,5319.0,87.19672131147541,0.6467601332819517,26348.2623193622,431.93872654692126,2582876.96,42342.24524590164,25,6428.0,0.01679583658856695,25,6428.0
67445.0,49,5472.0,81.67164179104478,1.8777454241841245,26638.88604278483,397.59531407141543,2582882.96,38550.49194029851,21,6303.0,0.04936207741365221,21,6303.0
67450.0,46,5644.0,81.79710144927536,2.5135886350795795,26917.049447866793,390.1021659111129,2582883.316,37433.091536231885,19,6386.0,0.1671882089644525,19,6386.0
67455.0,50,5866.0,88.87878787878788,1.0973912028744424,26810.483376130953,406.2194450928934,2483874.537,37634.46268181818,23,6489.0,0.04463452010787231,23,6489.0
67460.0,51,6041.0,92.93846153846154,1.5206693816798538,26799.73961665245,412.3036864100377,2450982.25,37707.419230769236,25,6529.0,0.12065529730302467,25,6529.0
67465.0,55,6306.0,91.3913043478261,1.6103204718482067,27091.494289627008,392.63035202357986,2517186.14,36480.95855072464,29,6645.0,0.0663190302810342,29,6645.0
67470.0,59,6585.0,94.07142857142857,1.4968227825211509,27386.66155148471,391.2380221640673,2583382.7760000005,36905.46822857143,32,6779.0,0.0319018735262613,32,6779.0
67475.0,63,6885.0,99.78260869565217,0.6583990150500939,27561.482857876723,399.4417805489381,2616481.3820000007,37920.02002898551,35,6934.0,0.02622788264455361,35,6934.0
67480.0,51,6276.0,93.67164179104478,1.5261592603330436,27844.04324399212,415.5827349849571,2616478.3820000007,39051.91614925374,23,6340.0,0.082023451427736,23,6340.0
67485.0,46,6295.0,92.57352941176471,1.8611318382129622,28137.312111241863,413.78400163591,2616478.3820000007,38477.62326470589,17,6099.0,0.12575659020024624,17,6099.0
67490.0,45,6443.0,99.12307692307692,1.2120929205534885,27967.286131263918,430.26594048098355,2550377.701000001,39236.58001538462,18,6168.0,0.07254024922563564,18,6168.0
67495.0,53,6677.0,104.328125,0.8229028827932922,28241.86773347156,441.2791833354932,2517292.282,39332.691906249995,26,6278.0,0.00953148845072343,26,6278.0
67500.0,54,6921.0,108.140625,1.2793131131573783,28282.300716854625,441.91094870085357,2550404.213,39850.065828125,28,6392.0,0.032627005250875626,28,6392.0
67505.0,57,7199.0,105.86764705882354,1.1849469869883418,28237.933584352086,415.26372918164833,2583519.0179999997,37992.926735294124,30,6525.0,0.004107567694993031,30,6525.0
67510.0,59,7492.0,113.51515151515152,1.3106381767286068,28390.373055681306,430.1571675103229,2550465.3200000003,38643.41393939394,31,6663.0,0.05194718050652337,31,6663.0
67515.0,60,7788.0,121.6875,0.12187923412920959,28661.727840352643,447.8394975055102,2550465.3200000003,39851.020625000005,32,6804.0,0.016215549897810568,32,6804.0
67520.0,58,7926.0,123.84375,0.5338127605866723,28975.173154761487,452.7370805431483,2550465.3200000003,39851.020625000005,30,6694.0,0.016353591790646972,30,6694.0
67525.0,53,8064.0,120.35820895522389,1.5226445196089724,29277.04472829078,436.97081684016086,2550468.3200000003,38066.691343283586,25,6632.0,0.051009683099394076,25,6632.0
67530.0,49,8214.0,120.79411764705883,2.0395408933360986,29531.161292563334,434.2817837141667,2517369.6440000003,37020.14182352942,22,6662.0,0.10343075256554636,22,6662.0
67535.0,54,8444.0,126.02985074626865,1.2078546241366708,29419.534513237784,439.09753004832515,2451335.4620000003,36587.09644776119,27,6797.0,0.09394906884936106,27,6797.0
67540.0,52,8621.0,128.67164179104478,1.2612721439803967,29576.045327894128,441.43351235662885,2451432.2380000004,36588.540865671646,26,6854.0,0.06560954548454677,26,6854.0
67545.0,57,8899.0,128.97101449275362,1.4602075206057068,29778.44402781425,431.57165257701826,2484630.2550000004,36009.13413043478,31,6987.0,0.05978451641181144,31,6987.0
67550.0,60,9190.0,129.43661971830986,1.5748351041998707,30084.084581618776,423.71950114956024,2550917.753,35928.419056338025,33,7133.0,0.03445142428689358,33,7133.0
67555.0,63,9499.0,139.69117647058823,0.5291635199259894,30267.307844852512,445.10746830665465,2584054.509,38000.801602941174,37,7297.0,0.015859088892718223,37,7297.0
67560.0,53,9389.0,138.0735294117647,1.129389949554922,30578.80781180777,449.68835017364364,2617194.264,38488.15094117647,25,7021.0,0.05807208017119291,25,7021.0
67565.0,52,9547.0,132.59722222222223,1.3890286907207512,30894.75355970485,429.0937994403452,2617197.264,36349.962,23,6983.0,0.03771340224353313,23,6983.0
67570.0,53,9750.0,139.28571428571428,1.538028195849312,31014.927624387114,443.0703946341017,2584048.8510000003,36914.98358571428,25,7088.0,0.09893521754707453,25,7088.0
67575.0,58,10013.0,147.25,0.6362953500248684,31314.885189898567,460.51301749850836,2517762.439,37025.91822058823,31,7222.0,0.01721764272979913,31,7222.0
67580.0,51,9317.0,133.1,1.1612837591226335,31460.7205939506,449.4388656278656,2550917.9960000003,36441.68565714286,24,6653.0,0.02601056819452591,24,6653.0
67585.0,53,9578.0,140.85294117647058,2.522002792003764,31560.159387894364,464.11999099844667,2550914.96,37513.45529411764,25,6505.0,1.5138597794579754e-05,25,6505.0
67590.0,53,9843.0,146.91044776119404,2.433785086920672,31703.115479738724,473.1808280558019,2550911.96,38073.312835820885,25,6615.0,0.02696316268489394,25,6615.0
67595.0,55,10113.0,165.78688524590163,1.1001861908076425,31175.685204090394,511.07680662443295,2517822.876,41275.78485245902,27,6730.0,6.242788611554145e-05,27,6730.0
67600.0,50,10272.0,180.21052631578948,1.0265258080144812,31170.1328733995,546.8444363754298,2517821.912,44172.31424561403,22,6734.0,0.030926156559294572,22,6734.0
67605.0,50,10522.0,169.70967741935485,1.491057963331971,31413.607592367447,506.6710901994752,2517826.378,40610.10287096774,22,6829.0,0.02984583476831891,22,6829.0
67610.0,50,10772.0,176.59016393442624,2.12761915642159,31636.821699661687,518.6364213059293,2517826.0560000003,41275.836983606554,22,6924.0,0.11410048815418207,22,6924.0
67615.0,53,11027.0,193.4561403508772,0.5898537212960354,31796.077552813764,557.8259219791889,2517822.4480000003,44172.3236491228,25,7024.0,0.05629868429529906,25,7024.0
67620.0,51,11019.0,193.31578947368422,0.47978550893414135,32064.74153529651,562.5393251806405,2517822.944,44172.332350877194,23,6842.0,0.026298480383092352,23,6842.0
67625.0,46,11011.0,180.50819672131146,1.9780338405026383,32337.0906988545,530.1162409648277,2517826.44,41275.843278688524,18,6685.0,0.10785944830185976,18,6685.0
67630.0,44,11039.0,175.22222222222223,2.153048382407898,32404.6222902648,514.359083972457,2484743.361,39440.37080952381,17,6635.0,0.17341844538332674,17,6635.0
67635.0,49,11217.0,180.91935483870967,1.3287828969973288,32336.631280546193,521.5585690410675,2451772.934,39544.72474193548,22,6776.0,0.06643801259851502,22,6776.0
67640.0,48,11408.0,187.01639344262296,1.350607805682141,32297.82716081727,529.4725764068404,2418785.8449999997,39652.226967213115,22,6870.0,0.07766328668069275,22,6870.0
67645.0,53,11665.0,182.265625,1.6905548165712998,32576.857339641636,509.0133959319005,2485208.127,38831.376984375,27,6982.0,0.07927009011637384,27,6982.0
67650.0,55,11932.0,186.4375,1.0882959961861014,32825.540737120784,512.8990740175122,2551620.5049999994,39869.070390625,28,7104.0,0.03837412317981751,28,7104.0
67655.0,61,12218.0,190.90625,0.2653512711745429,33068.559041640925,516.6962350256393,2584828.3819999998,40387.94346875,33,7245.0,0.015294551932623631,33,7245.0
67660.0,53,12355.0,190.07692307692307,1.247602957962135,33372.768170125586,513.4272026173167,2618036.156,40277.479323076914,26,7099.0,0.0692121379918887,26,7099.0
67665.0,51,12524.0,192.6769230769231,2.091354907813701,33655.52221103327,517.777264785127,2618036.156,40277.479323076914,23,6963.0,0.11542163961975828,23,6963.0
67670.0,47,12686.0,198.21875,1.9068689923591062,33747.53165813403,527.3051821583441,2584937.956,40389.655562500004,20,6959.0,0.07707473281584079,20,6959.0
67675.0,51,12920.0,211.80327868852459,1.0281196496883152,33828.83313740908,554.571035039493,2485412.327,40744.464377049175,24,7068.0,0.04744035398224287,24,7068.0
67680.0,50,13126.0,222.47457627118644,0.8572429866102586,33673.75684840027,570.7416414983094,2419260.264,41004.41125423729,24,7139.0,0.057085719634312235,24,7139.0
67685.0,53,13386.0,194.0,1.3604317692926529,33968.736370290004,492.3005271056519,2485713.7290000003,36024.83665217391,27,7254.0,0.029949061897171426,27,7254.0
67690.0,58,13664.0,195.2,1.8666502977501658,34253.20075707393,489.33143938677034,2552148.609,36459.26584285713,31,7387.0,0.12280457075444508,31,7387.0
67695.0,59,13952.0,202.20289855072463,0.4335478675166917,34512.602384012054,500.1826432465515,2585366.1040000003,37469.0739710145,33,7530.0,0.051649481275962666,33,7530.0
67700.0,60,14128.0,198.98591549295776,0.8258084624717269,34848.437146207165,490.8230583972839,2618585.291,36881.482971830985,34,7445.0,0.0496657378833549,34,7445.0
67705.0,57,14320.0,201.69014084507043,1.5071873369678361,35168.13307927718,495.3258180179882,2618585.291,36881.482971830985,29,7375.0,0.05140193222296293,29,7375.0
67710.0,55,14539.0,201.93055555555554,1.5292645921646921,35451.87962106311,492.3872169592097,2585377.5930000003,35908.022124999996,28,7501.0,0.04313818140792988,28,7501.0
67715.0,58,14808.0,208.56338028169014,1.1970183773171326,35472.83920856559,499.6174536417688,2519104.29,35480.34211267606,31,7643.0,0.04580902086297532,31,7643.0
67720.0,56,14987.0,217.20289855072463,1.1298515664057633,35501.03969012121,514.5078215959595,2452838.1950000003,35548.37963768116,30,7687.0,0.05941921944163002,30,7687.0
67725.0,59,15275.0,212.15277777777777,1.2352766356519018,35818.51276823504,497.47934400326426,2519296.2710000006,34990.22598611111,33,7831.0,0.028015898271965853,33,7831.0
67730.0,63,15581.0,219.45070422535213,0.9474302372871614,36087.30009348969,508.2718323026715,2552521.977000001,35951.013760563386,37,8004.0,0.02270320180317241,37,8004.0
67735.0,66,15905.0,224.01408450704224,0.6179052896541642,36389.437984031436,512.5272955497385,2552522.5870000008,35951.02235211269,38,8190.0,8.656535744923882e-05,38,8190.0
67740.0,55,15474.0,227.55882352941177,1.08890120668835,36642.3329466577,538.8578374508484,2552519.5870000008,37537.05275,27,7849.0,0.03590809350315296,27,7849.0
67745.0,53,15595.0,219.64788732394365,1.322108795948378,36961.32159114444,520.581994241471,2552519.5870000008,35950.98009859155,24,7743.0,0.047993694083706157,24,7743.0
67750.0,52,15782.0,225.45714285714286,1.6070089084075156,37258.787295389084,532.2683899341297,2519284.4930000007,35989.77847142858,24,7847.0,0.09764582049535658,24,7847.0
67755.0,57,16027.0,235.69117647058823,0.6290140751915072,37095.12491173217,545.5165428195905,2519385.653000001,37049.78901470588,30,7991.0,0.011814932791419798,30,7991.0
67760.0,51,15261.0,218.0142857142857,2.034613997357098,37283.904004498756,532.6272000642678,2552639.242000001,36466.27488571429,24,7270.0,0.09504547375034368,24,7270.0
67765.0,52,15517.0,212.56164383561645,2.7365740821052142,37348.17396983549,511.6188215045954,2585932.7640000004,35423.73649315069,26,7194.0,0.022294919899956477,26,7194.0
67770.0,56,15789.0,222.38028169014083,2.3590904687358303,37316.88547647638,525.5899362883995,2585931.2620000006,36421.567070422534,28,7318.0,0.07105697680495118,28,7318.0
67775.0,60,16079.0,251.234375,0.6138018069993626,36834.60679649884,575.540731195294,2585923.826000001,40405.05978125,32,7463.0,0.008483855208596399,32,7463.0
67780.0,55,16234.0,253.65625,1.0117089534814898,37094.12755321549,579.5957430189918,2585928.4500000007,40405.13203125,27,7465.0,0.04969539404597888,27,7465.0
67785.0,55,16509.0,250.13636363636363,1.5069856202742522,37383.95042560268,566.4234912970102,2585930.2420000006,39180.76124242425,27,7572.0,0.05019099633448651,27,7572.0
67790.0,56,16788.0,266.4761904761905,1.2327052419928826,37592.9771808424,596.7139235054348,2585929.3080000007,41046.496952380956,28,7676.0,0.0008162704604313361,28,7676.0
67795.0,57,17072.0,284.53333333333336,0.5181124009498982,37773.89616459359,629.5649360765597,2585929.3080000007,43098.821800000005,29,7785.0,0.0425438721748824,29,7785.0
67800.0,52,17029.0,288.6271186440678,0.7156801313921316,38053.01073488944,644.9662836421936,2585929.3080000007,43829.31030508476,24,7575.0,0.01804129225897893,24,7575.0
67805.0,47,17039.0,270.46031746031747,1.8700939046450438,38330.24889015774,608.4166490501228,2585932.3080000007,41046.544571428574,19,7453.0,0.05271869108484171,19,7453.0
67810.0,44,17084.0,262.83076923076925,2.425952079535234,38595.347495706046,593.7745768570159,2585932.6720000007,39783.57956923077,17,7506.0,0.1269557116639818,17,7506.0
67815.0,46,17267.0,283.0655737704918,1.0473353479770238,38333.42836493127,628.4168584414961,2453118.126000001,40215.05124590164,20,7609.0,0.05677053477223669,20,7609.0
67820.0,49,17487.0,286.672131147541,1.2957994358209752,38488.37932988063,630.9570381947642,2453191.3900000006,40216.25229508197,23,7706.0,0.08231280901425983,23,7706.0
67825.0,54,17745.0,281.6666666666667,1.4383896566575718,38767.075304718885,615.3504016622045,2519789.752000001,39996.662730158736,28,7799.0,0.04729119900727614,28,7799.0
67830.0,57,18017.0,290.5967741935484,0.8461610087114947,39001.721986222896,629.0600320358533,2586377.3750000005,41715.764112903234,30,7906.0,0.03207768002834356,30,7906.0
67835.0,61,18303.0,290.5238095238095,0.2514769909681594,39281.33740491869,623.5132921415666,2586378.1290000007,41053.6210952381,31,8023.0,3.285586008600269e-05,31,8023.0
67840.0,52,18438.0,297.38709677419354,1.1282830369267118,39568.03039317354,638.1940385995732,2586375.1290000007,41715.72788709678,24,7879.0,0.05084919459188629,24,7879.0
67845.0,47,18569.0,285.67692307692306,2.198230798958742,39845.409249599536,613.0062961476852,2586378.1290000007,39790.43275384616,19,7741.0,0.11274507541966035,19,7741.0
67850.0,47,18721.0,292.515625,1.97287194471094,40103.28359142694,626.613806116046,2553081.1490000007,39891.892953124996,20,7800.0,0.10824587462102446,20,7800.0
67855.0,51,18948.0,305.61290322580646,0.5328497625409665,39923.31701950121,643.9244680564713,2453445.1720000003,39571.69632258065,25,7895.0,0.03516158955189033,25,7895.0
67860.0,52,19184.0,309.4193548387097,0.908896382019053,40066.236122898335,646.2296148854571,2453541.9480000003,39573.25722580645,26,7982.0,0.0562159271842027,26,7982.0
67865.0,56,19454.0,281.94202898550725,1.3087636743944722,40371.83382578146,585.0990409533546,2520175.018,36524.275623188405,30,8087.0,0.040849490987112165,30,8087.0
67870.0,60,19745.0,282.07142857142856,1.4507328483532842,40662.86006687672,580.8980009553815,2586805.1440000003,36954.3592,33,8213.0,0.11659005014725356,33,8213.0
67875.0,64,20054.0,294.9117647058824,0.08623219393948657,40957.768042894044,602.3201182778533,2586805.1440000003,38041.252117647055,36,8351.0,0.010744130593877294,36,8351.0
67880.0,61,20231.0,297.5147058823529,0.5698576699670357,41290.72231483995,607.2165046299993,2586805.1440000003,38041.252117647055,33,8235.0,0.009817594424466296,33,8235.0
67885.0,57,20435.0,296.15942028985506,1.4649815611721233,41607.22923025241,603.003322177571,2586805.1440000003,37489.92962318841,29,8126.0,0.03808832757984753,29,8126.0
67890.0,54,20627.0,294.6714285714286,1.5641022356936138,41888.805196452704,598.4115028064673,2520172.907,36002.4701,26,8224.0,0.08374592126274699,26,8224.0
67895.0,57,20863.0,302.3623188405797,0.9955391157602508,41718.91191327856,604.6219117866457,2453826.051,35562.696391304344,30,8350.0,0.07668339678321057,30,8350.0
67900.0,56,21050.0,305.07246376811594,1.184956154194644,41883.22318845017,607.0032346152199,2453932.2600000002,35564.23565217391,30,8390.0,0.07570063265568884,30,8390.0
67905.0,60,21341.0,300.5774647887324,1.1074307860530797,42200.21343447804,594.3692033025077,2520594.9159999997,35501.33684507042,34,8516.0,0.014548693973090509,34,8516.0
67910.0,63,21651.0,300.7083333333333,1.3482453223179967,42526.69210413296,590.6485014462911,2553929.2249999996,35471.239236111105,37,8661.0,0.007272211435453569,37,8661.0
67915.0,64,21966.0,313.8,0.7984562839319622,42720.69954708741,610.2957078155345,2620592.7669999995,37437.039528571426,37,8811.0,0.048721611716952114,37,8811.0
67920.0,54,21467.0,311.1159420289855,1.343112351025568,43024.03223856644,623.5366991096583,2620592.7669999995,37979.60531884057,26,8203.0,0.04390976670232933,26,8203.0
67925.0,52,21591.0,287.88,1.7937013341013754,43343.2170332234,577.9095604429782,2620598.7669999995,34941.31689333333,22,8023.0,0.06162709386655564,22,8023.0
67930.0,51,21775.0,302.43055555555554,1.805167661297567,43216.7286489606,600.2323423466748,2554013.0269999993,35472.40315277778,23,8048.0,0.11648790622002976,23,8048.0
67935.0,55,22010.0,305.69444444444446,1.0553673657831268,43489.22350094723,604.0169930687114,2487366.756,34546.760500000004,29,8150.0,0.03900650443811776,29,8150.0
67940.0,63,22310.0,297.46666666666664,1.1245249746263453,43602.515021825995,581.3668669576798,2554063.113,34054.17483999999,36,8296.0,0.045911959973941464,36,8296.0
67945.0,53,21405.0,297.2916666666667,1.950366171384363,43559.80397670367,604.9972774542175,2554057.452,35473.02016666666,25,7448.0,0.07293282684840496,25,7448.0
67950.0,55,21675.0,301.0416666666667,2.510869105382538,43853.412538401,609.0751741444582,2554057.452,35473.02016666666,27,7321.0,0.004572992222703484,27,7321.0
67955.0,56,21953.0,309.19718309859155,2.464937347715461,43826.50245910718,617.2746825226361,2520801.438,35504.2456056338,28,7424.0,1.643298105415621e-05,28,7424.0
67960.0,56,22233.0,364.4754098360656,0.9224480902159662,43017.08672215441,705.1981429861378,2520793.384,41324.48170491803,28,7529.0,0.02672224841212912,28,7529.0
67965.0,51,22373.0,372.8833333333333,0.9538226893124314,43218.67470323327,720.3112450538878,2520791.242,42013.18736666666,23,7494.0,0.01216243963266126,23,7494.0
67970.0,51,22628.0,377.1333333333333,1.672197989057765,43486.660283391124,724.7776713898519,2520791.242,42013.18736666666,23,7574.0,0.039182158162965476,23,7574.0
67975.0,51,22883.0,394.5344827586207,1.4537530686309785,43666.906577177295,752.8776996065051,2520790.916,43461.91234482758,23,7654.0,0.053221948934713624,23,7654.0
67980.0,53,23143.0,420.7818181818182,0.4759182821938096,43836.16993911423,797.0212716202585,2520787.304,45832.496436363625,25,7739.0,2.8681014385724645e-05,25,7739.0
67985.0,48,23116.0,412.7857142857143,0.8279871451531831,44092.04309854301,787.3579124739821,2520787.304,45014.059,20,7520.0,0.02860511269507777,20,7520.0
67990.0,43,23084.0,398.0,1.939353583321384,44341.01763674669,764.5003040818394,2520787.6720000003,43461.8564137931,15,7335.0,0.15951304014584458,15,7335.0
67995.0,42,23096.0,398.2068965517241,1.6145753845232331,44590.583202214286,768.8031586588668,2520787.6720000003,43461.8564137931,15,7370.0,0.06976598627340523,15,7370.0
68000.0,47,23267.0,408.1929824561403,0.9792084460260769,44473.19329590048,780.231461331587,2487646.757,43642.925561403514,20,7474.0,0.08069392056118253,20,7474.0
68005.0,45,23448.0,384.39344262295083,1.7658604492814305,44586.53609603702,730.9268212465084,2487757.021,40782.901983606556,19,7541.0,0.08251247466805137,19,7541.0
68010.0,49,23684.0,375.93650793650795,1.9738807134355991,44689.733335297264,709.3608465920198,2521272.3260000004,40020.19565079365,23,7613.0,0.12101315216005644,23,7613.0
68015.0,57,23942.0,362.75757575757575,0.9439735286427821,44926.70172343623,680.7076018702458,2588080.7230000007,39213.34428787878,28,7706.0,0.04432243519829692,28,7706.0
68020.0,59,24227.0,378.546875,0.6552911612402166,45207.69355974542,706.370211871022,2588080.5390000003,40438.758421875,31,7822.0,0.02454330185975874,31,7822.0
68025.0,54,24357.0,386.6190476190476,1.0427937171227148,45490.64642571029,722.0737527890522,2588080.5390000003,41080.643476190475,26,7592.0,0.07607779263476049,26,7592.0
68030.0,51,24501.0,388.9047619047619,1.7266830950643473,45773.692631892416,726.5665497125777,2588080.5390000003,41080.643476190475,23,7344.0,0.0411230897667638,23,7344.0
68035.0,47,24672.0,397.93548387096774,1.73597137681119,45968.28864781326,741.4240104486006,2554731.7870000005,41205.35140322581,20,7412.0,0.07149785535517529,20,7412.0
68040.0,51,24897.0,421.9830508474576,0.8797189973949762,45724.620878766546,774.9935742163817,2454823.0820000004,41607.17088135593,24,7505.0,0.05612015499080765,24,7505.0
68045.0,50,25089.0,385.9846153846154,1.4039159978644777,45856.03747153219,705.4774995620334,2454938.0340000005,37768.27744615385,24,7548.0,0.05858950434758382,24,7548.0
68050.0,53,25349.0,384.07575757575756,2.001602241301988,46010.369717946494,697.12681390828,2488449.433000001,37703.77928787879,27,7643.0,0.11894414090255005,27,7643.0
68055.0,56,25619.0,382.3731343283582,0.8820574457311933,46283.77478589794,690.8026087447454,2555290.8270000005,38138.6690597015,30,7748.0,0.05931623698052768,30,7748.0
68060.0,62,25920.0,392.72727272727275,0.46120396741298886,46534.43768042841,705.0672375822487,2588710.3570000003,39222.884196969695,36,7884.0,0.023347566380494497,36,7884.0
68065.0,57,26078.0,389.2238805970149,0.8728128914393948,46853.51575908151,699.3062053594252,2622126.305,39136.213507462686,30,7743.0,0.02328257050783177,30,7743.0
68070.0,53,26241.0,385.8970588235294,1.7854605685022211,47154.142190516635,693.4432675075974,2622126.3890000004,38560.68219117647,25,7628.0,0.038182899661320345,25,7628.0
68075.0,49,26432.0,388.70588235294116,1.9715719648520704,47289.02201584291,695.4267943506308,2588792.7840000005,38070.482117647065,23,7708.0,0.09762571617653852,23,7708.0
68080.0,54,26693.0,423.6984126984127,0.7499757074602948,47218.44449358,749.499118945714,2421879.821000001,38442.536841269844,28,7814.0,0.06583114915936027,28,7814.0
68085.0,53,26852.0,400.7761194029851,1.1048517354683414,47375.73269247808,707.100487947434,2455420.5180000006,36648.06743283582,27,7821.0,0.030281693860065833,27,7821.0
68090.0,58,27126.0,387.51428571428573,1.7359282156179174,47673.45373080917,681.0493390115595,2522290.8330000006,36032.72618571429,30,7923.0,0.10018235479231641,30,7923.0
68095.0,59,27409.0,375.4657534246575,1.3772073034904493,47955.130342223856,656.9195937290938,2555724.811,35009.92891780822,33,8044.0,0.04987789093817896,33,8044.0
68100.0,65,27720.0,396.0,0.5549438191154102,48197.91849385546,688.5416927693636,2589151.537,36987.8791,38,8188.0,0.004834618391397898,38,8188.0
68105.0,60,27890.0,387.3611111111111,0.9597576185916132,48498.223248339666,673.5864340047174,2589148.537,35960.396347222224,32,8121.0,0.02156457316110039,32,8121.0
68110.0,57,28071.0,389.875,1.9190288706875147,48816.19680967731,678.0027334677405,2589148.537,35960.396347222224,29,8106.0,0.09214343273063363,29,8106.0
68115.0,55,28275.0,398.23943661971833,1.568513475247057,49111.25741881241,691.7078509691888,2555713.0270000002,35995.95812676057,28,8144.0,0.06764310871582725,28,8144.0
68120.0,60,28546.0,402.056338028169,0.9984415092391029,49157.34409104917,692.3569590288613,2488976.483,35056.0068028169,33,8280.0,0.042373661096333226,33,8280.0
68125.0,51,28068.0,400.9714285714286,1.9660466502382077,49193.36200265844,702.762314323692,2422217.777,34603.111099999995,25,7735.0,0.08988449058624665,25,7735.0
68130.0,54,28332.0,393.5,2.233974773730417,49485.20326501913,687.2944897919323,2489116.976,34571.069111111115,28,7751.0,0.08787797137986421,28,7751.0
68135.0,60,28620.0,386.7567567567568,1.802367418247183,49676.18641989183,671.2998164850243,2556017.779,34540.780797297295,33,7874.0,0.012413576726335869,33,7874.0
68140.0,62,28923.0,431.6865671641791,0.523951076784831,49311.47499713278,735.9921641363097,2589458.6590000005,38648.636701492534,36,8012.0,0.02783839784733817,36,8012.0
68145.0,57,29078.0,421.42028985507244,0.8831878263947736,49575.9002579187,718.4913080857782,2622904.7580000004,38013.112434782604,30,7974.0,0.04653763032692849,30,7974.0
68150.0,54,29266.0,424.1449275362319,2.1643088261218613,49879.15955108983,722.8863703056494,2622904.7580000004,38013.112434782604,26,7957.0,0.07834317323981557,26,7957.0
68155.0,51,29443.0,432.9852941176471,2.0163167015209673,50126.38873600017,737.1527755294142,2589474.234,38080.503441176465,24,7986.0,0.10109462778404746,24,7986.0
68160.0,55,29695.0,456.84615384615387,0.9841846587395595,50211.67190973064,772.4872601497023,2489186.5579999997,38295.17781538462,29,8103.0,0.055214713428100554,29,8103.0
68165.0,51,29644.0,423.48571428571427,1.6277442317421247,50253.35504854188,717.9050721220268,2455855.988,35083.65697142857,24,7943.0,0.08871924395672032,24,7943.0
68170.0,53,29899.0,404.0405405405405,2.1958036659072504,50552.25280002579,683.1385513516999,2489315.031,33639.392310810814,26,7976.0,0.1418175327059176,26,7976.0
68175.0,56,30170.0,407.7027027027027,1.591805329135972,50765.39521561501,686.0188542650675,2556227.2679999997,34543.611729729724,30,8083.0,0.046601677496484153,30,8083.0
68180.0,66,30484.0,417.5890410958904,0.8209028423016467,50988.41940667087,698.4714987215187,2589684.8039999995,35475.134301369864,39,8231.0,0.029570990013216013,39,8231.0
68185.0,58,29604.0,422.9142857142857,0.8319368718521885,51195.72998453103,731.3675712075861,2589683.9039999996,36995.48434285714,29,7754.0,0.028138056330162278,29,7754.0
68190.0,52,29556.0,428.3478260869565,1.1183960104804198,51474.55118540958,746.0079881943418,2589683.9039999996,37531.65078260869,23,7441.0,0.04942296224518249,23,7441.0
68195.0,54,29749.0,419.0,1.2474259554016507,51497.03352804663,725.3103313809382,2589684.5999999996,36474.43098591549,24,7519.0,0.03480261180212413,24,7519.0
68200.0,56,29991.0,434.6521739130435,1.1432087007381726,51768.34766678453,750.2659082142682,2522774.9960000003,36561.9564637681,30,7637.0,0.020643730688356496,30,7637.0
68205.0,57,30144.0,430.62857142857143,1.5157807486978216,51647.44773520244,737.8206819314632,2589733.0370000005,36996.18624285714,30,7640.0,0.06197012969031871,30,7640.0
68210.0,57,30427.0,434.6714285714286,1.8047225250262835,51701.18005640901,738.5882865201283,2623210.0310000004,37474.42901428571,31,7758.0,0.08532313443463417,31,7758.0
68215.0,60,30720.0,445.2173913043478,1.322840197615596,51881.119620489204,751.9002843549159,2589794.0830000006,37533.24757971014,32,7880.0,0.0034287762925169405,32,7880.0
68220.0,62,31029.0,484.828125,0.3901946809933071,52052.52803528991,813.3207505514047,2589793.4250000003,40465.522265625,34,8014.0,4.2611773150289964e-07,34,8014.0
68225.0,55,31138.0,464.74626865671644,1.1601982475377286,52318.0420704204,780.8662995585132,2589794.9410000006,38653.6558358209,27,7903.0,0.020516552462511717,27,7903.0
68230.0,50,31247.0,466.3731343283582,2.418125695649929,52603.292678168145,785.1237713159422,2589794.9410000006,38653.6558358209,22,7748.0,0.1476694888483214,22,7748.0
68235.0,50,31382.0,482.8,1.5490505521929336,52717.98755143122,811.0459623297111,2522903.6900000004,38813.90292307693,23,7818.0,0.08140550914256556,23,7818.0
68240.0,54,31620.0,501.9047619047619,0.8007404527728065,52765.34891856884,837.5452209296641,2456036.4350000005,38984.70531746032,27,7936.0,0.04508111233742669,27,7936.0
68245.0,52,31827.0,482.22727272727275,1.0983467180858817,52839.64971351194,800.6007532350291,2422660.6330000004,36706.979287878785,26,8002.0,0.02125918468153416,26,8002.0
68250.0,55,32094.0,452.0281690140845,2.0210572097584194,53141.978363752074,748.4785685035502,2489672.832000001,35065.81453521127,29,8104.0,0.1121310087394584,29,8104.0
68255.0,59,32377.0,443.52054794520546,1.6716460422152,53436.50800567103,732.0069589817947,2556671.9740000004,35022.90375342466,32,8222.0,0.0948251438497084,32,8222.0
68260.0,66,32689.0,466.98571428571427,0.22393653438392144,53686.16928644238,766.9452755206053,2590173.5860000006,37002.4798,39,8368.0,0.025458362483196002,39,8368.0
68265.0,63,32885.0,469.7857142857143,0.6027416508826847,54027.03000532986,771.8147143618548,2590173.5860000006,37002.4798,35,8326.0,0.014556284324898647,35,8326.0
68270.0,59,33101.0,472.87142857142857,1.3672419532029623,54348.18934597037,776.4027049424336,2590173.5860000006,37002.4798,31,8298.0,0.0474836176517092,31,8298.0
68275.0,56,33296.0,468.9577464788732,1.368874153735257,54539.21582007428,768.1579692968207,2556728.161000001,36010.2557887324,29,8410.0,0.048543428370421145,29,8410.0
68280.0,59,33564.0,486.4347826086956,1.0617054295451986,54710.149179415544,792.9007127451529,2489791.8900000006,36083.94043478262,32,8549.0,0.03481763284118753,32,8549.0
68285.0,51,33048.0,459.0,1.6216685759989071,54809.532224958784,761.2435031244275,2456404.3960000006,34116.727722222226,25,8001.0,0.060643810435120085,25,8001.0
68290.0,55,33314.0,450.18918918918916,2.8715684350903885,55107.15793903298,744.6913235004453,2523438.811,34100.524472972975,29,8032.0,0.11341165042224721,29,8032.0
68295.0,59,33596.0,454.0,1.781038354645534,55168.8789110734,745.525390690181,2590470.149,35006.35336486486,32,8160.0,0.029641264904320952,32,8160.0
68300.0,64,33910.0,498.6764705882353,0.3076742867032377,54864.6274490222,806.8327566032674,2590466.307,38095.09275,37,8306.0,2.141567531023126e-05,37,8306.0
68305.0,58,34071.0,508.5223880597015,1.0844416782127162,55175.749517582895,823.5186495161623,2590465.977,38663.67129850746,30,8230.0,0.017236198475948816,30,8230.0
68310.0,54,34254.0,511.25373134328356,1.5503471136768916,55475.79212445726,827.9968973799588,2590465.977,38663.67129850746,26,8150.0,0.05687266243847081,26,8150.0
68315.0,52,34417.0,513.6865671641791,1.6808487059447932,55755.0016788563,832.1642041620343,2556944.238,38163.34683582089,25,8172.0,0.06430892270395902,25,8172.0
68320.0,55,34665.0,541.640625,0.9231093718275369,55646.98690784217,869.4841704350337,2456585.0590000004,38384.141546875,28,8288.0,0.05718565035626491,28,8288.0
68325.0,48,34569.0,501.0,1.7262802029558881,55718.66715518553,807.5169152925439,2423194.026,35118.75399999999,22,8117.0,0.09729428421458199,22,8117.0
68330.0,51,34815.0,490.3521126760563,2.4824671742581996,56009.24887704409,788.8626602400577,2490262.088,35074.11391549295,24,8126.0,0.0972440044196638,24,8126.0
68335.0,57,35079.0,508.39130434782606,1.5179178640989917,56119.912493369215,813.332065121293,2557331.904,37062.781217391304,30,8225.0,0.06517601582722067,30,8225.0
68340.0,60,35372.0,520.1764705882352,1.0496832316112044,56337.5487729383,828.4933643079158,2590866.5100000002,38100.97808823529,34,8353.0,0.048445248800480616,34,8353.0
68345.0,56,35528.0,522.4705882352941,1.0492279621845613,56480.78813542383,830.5998255209383,2624392.4540000004,38594.00667647058,29,8282.0,0.0314500940821937,29,8282.0
68350.0,52,35697.0,509.95714285714286,2.1256473105176785,56774.803355622214,811.0686193660313,2624392.83,37491.32614285714,24,8250.0,0.11022736280669425,24,8250.0
68355.0,49,35888.0,512.6857142857143,2.1707190097539537,57065.466048399365,815.2209435485623,2624392.83,37491.32614285714,22,8266.0,0.07276937017222844,22,8266.0
68360.0,53,36135.0,547.5,1.1857609495175243,57084.919832468506,864.9230277646742,2490363.258,37732.77663636363,27,8379.0,0.08030188835883599,27,8379.0
68365.0,52,36321.0,550.3181818181819,1.2016063895751645,57110.42206314552,865.3094251991743,2456951.844,37226.543090909094,25,8400.0,0.027456469348914485,25,8400.0
68370.0,55,36590.0,546.1194029850747,1.5179884589569546,57406.60478337937,856.8149967668562,2490498.5100000002,37171.6195522388,29,8504.0,0.07623051903455129,29,8504.0
68375.0,60,36875.0,519.3661971830986,1.4368069895402256,57679.291807091184,812.3843916491714,2557581.879,36022.27998591549,32,8624.0,0.03100678475331751,32,8624.0
68380.0,61,37171.0,554.7910447761194,0.7190716340277346,57905.27470304334,864.2578313887064,2591126.202,38673.52540298507,35,8755.0,0.021585550594023,35,8755.0
68385.0,52,36399.0,551.5,1.0705812788088702,58210.8431935078,881.9824726289058,2591126.202,39259.48790909091,24,8076.0,0.07820867439257344,24,8076.0
68390.0,50,36251.0,549.2575757575758,1.2132659579106146,58514.36014881195,886.5812143759385,2591126.202,39259.48790909091,21,7874.0,0.065094719124812,21,7874.0
68395.0,49,36414.0,560.2153846153847,1.1544387141633172,58794.893810363545,904.5368278517464,2557581.134,39347.402061538465,21,7941.0,0.03642545738798719,21,7941.0
68400.0,53,36645.0,572.578125,0.8324678175151479,58961.74030219618,921.2771922218153,2524091.728,39438.93325,27,8058.0,0.01946574328392907,27,8058.0
68405.0,56,36886.0,505.28767123287673,1.4633162084260356,58311.63384400471,798.7895047123932,2591218.449,35496.1431369863,29,8134.0,0.05476833370945822,29,8134.0
68410.0,58,37168.0,489.05263157894734,2.163034367103713,58625.57629346889,771.3891617561695,2624792.1289999997,34536.738539473685,32,8251.0,0.1508005706681923,32,8251.0
68415.0,65,37473.0,506.3918918918919,0.8272052674775742,58830.451033520425,795.0060950475734,2591274.321,35017.22055405405,37,8384.0,0.06560760159271081,37,8384.0
68420.0,72,37821.0,518.0958904109589,0.21022548629134655,59160.72049264424,810.4208286663594,2591274.321,35496.90850684932,44,8557.0,9.43751294531646e-05,44,8557.0
68425.0,60,37843.0,525.5972222222222,0.8915626404491456,59504.30533363193,826.4486851893323,2591274.321,35989.921125,32,8022.0,0.026045596812614587,32,8022.0
68430.0,54,37958.0,512.9459459459459,1.6619396086724412,59833.82312969799,808.5651774283509,2591274.413,35017.2217972973,25,7810.0,0.07161121022556427,25,7810.0
68435.0,53,38114.0,522.1095890410959,1.7190394994684632,59753.177114625,818.5366728030823,2557757.1130000004,35037.76867123287,24,7817.0,0.08195782381496643,24,7817.0
68440.0,58,38327.0,539.8169014084507,0.9668408480873361,59770.20826289477,841.8339191957008,2524241.6410000003,35552.69916901408,31,7944.0,0.03802005091669708,31,7944.0
68445.0,53,37905.0,541.5,1.3481238355459086,59637.417448793,851.9631064113286,2557824.2320000003,36540.34617142857,25,7436.0,0.028305118267495013,25,7436.0
68450.0,55,38173.0,537.6478873239437,2.4860450291618506,59935.69644056306,844.1647385994796,2591411.5370000005,36498.75404225353,29,7484.0,0.049771166566527955,29,7484.0
68455.0,58,38456.0,565.5294117647059,1.6925233488862315,59692.29164916178,877.8278183700261,2557893.6270000003,37616.08275,30,7596.0,0.029647578985247284,30,7596.0
68460.0,59,38748.0,624.9677419354839,0.6307414417305445,59630.474087110364,961.7818401146833,2557886.1590000005,41256.22837096775,31,7713.0,9.440016436169445e-06,31,7713.0
68465.0,54,38839.0,606.859375,1.0739752005844014,59887.67626881994,935.7449417003115,2557886.1590000005,39966.971234375,26,7662.0,0.027443013824508155,26,7662.0
68470.0,55,39112.0,611.125,1.374882436877256,60171.72557474856,940.1832121054463,2557886.1590000005,39966.971234375,26,7724.0,0.06583071929385875,26,7724.0
68475.0,54,39379.0,625.063492063492,0.9090723900713031,60404.22478006031,958.797218731116,2557886.1590000005,40601.3676031746,26,7819.0,0.002834189841738989,26,7819.0
68480.0,57,39657.0,610.1076923076923,1.168769349709325,60643.25735881702,932.9731901356465,2557884.2600000002,39352.065538461546,29,7922.0,2.148032750319174e-06,29,7922.0
68485.0,50,39648.0,619.5,1.8021675199487674,60797.990616840114,949.9686033881264,2557883.8820000007,39966.935656249996,22,7743.0,0.04906824318214094,22,7743.0
68490.0,46,39653.0,639.5645161290323,2.208492394729988,61027.71649521251,984.3180079872981,2557883.8820000007,41256.19164516129,18,7470.0,0.13047355846278302,18,7470.0
68495.0,46,39705.0,630.2380952380952,1.8487914072138694,61296.34719499153,972.9578919839926,2557883.8820000007,40601.331460317466,19,7524.0,0.07907324751449514,19,7524.0
68500.0,50,39905.0,676.3559322033898,0.8353984830900236,60925.246985896614,1032.631304845705,2423787.9810000006,41081.15222033899,24,7644.0,0.07318637620677944,24,7644.0
68505.0,49,40077.0,657.0,0.9493071371167229,61057.82931158628,1000.9480215014141,2423890.1550000003,39735.90418032788,23,7693.0,0.02549782556125393,23,7693.0
68510.0,52,40330.0,640.1587301587301,1.6571311533018478,61338.17275990506,973.6217898397624,2491160.042000001,39542.22288888889,26,7782.0,0.04826194430656795,26,7782.0
68515.0,54,40593.0,634.265625,1.5315285320494587,61594.17593435777,962.40899897434,2558423.1420000014,39975.36159375,27,7881.0,0.08251445727176432,27,7881.0
68520.0,58,40870.0,670.0,0.018232653352646636,61796.78388794131,1013.0620309498573,2592052.9820000017,42492.67183606558,32,7993.0,0.0002883452521896335,32,7993.0
68525.0,54,41024.0,631.1384615384616,1.0788364929816223,62102.127736600974,955.4173497938607,2592055.9820000017,39877.78433846154,26,7848.0,0.022084263252840554,26,7848.0
68530.0,49,41174.0,614.5373134328358,2.2761740435031386,62384.612608887364,931.1136210281695,2592056.3620000016,38687.40838805972,21,7700.0,0.1124756914906502,21,7700.0
68535.0,47,41349.0,617.1492537313433,2.1907655799566164,62662.8982437311,935.2671379661357,2592056.3620000016,38687.40838805972,20,7655.0,0.08464579722740455,20,7655.0
68540.0,53,41587.0,649.796875,1.2055412562990804,62589.90644396515,977.9672881869554,2491359.358000001,38927.48996875,26,7756.0,0.07915621051964888,26,7756.0
68545.0,51,41787.0,673.983870967742,1.287321961548851,62425.337730866,1006.8602859817095,2424380.299000001,39102.908048387115,25,7806.0,0.05537156972026178,25,7806.0
68550.0,54,42049.0,657.015625,1.5566396874385875,62708.74235710556,979.8240993297742,2491674.9050000007,38932.420390625,28,7903.0,0.061778559393205194,28,7903.0
68555.0,59,42324.0,631.7014925373135,0.979071044711149,62951.52527022841,939.5750040332597,2558970.096000001,38193.58352238806,30,8013.0,0.0058244746029958,30,8013.0
68560.0,59,42612.0,655.5692307692308,0.5673645701539337,63203.52251920033,972.3618849107739,2592611.1560000004,39886.32547692308,33,8136.0,0.02785719701313179,33,8136.0
68565.0,48,42162.0,602.3142857142857,1.8138702523137151,63510.25482352072,907.2893546217242,2626263.7920000004,37518.05417142858,22,7688.0,0.13986197853944063,22,7688.0
68570.0,50,42302.0,604.3142857142857,1.9072475315944168,63808.49800826498,911.5499715466425,2626263.7920000004,37518.05417142858,20,7488.0,0.11843321636169003,20,7488.0
68575.0,51,42488.0,606.9714285714285,1.3659209213626486,64119.84816886087,915.9978309837265,2626263.7920000004,37518.05417142858,24,7561.0,0.02786913670834569,24,7561.0
68580.0,56,42742.0,647.6060606060606,0.9316977614811386,64057.45165822946,970.5674493671129,2525435.6740000006,38264.176878787875,29,7667.0,0.008459956689826156,29,7667.0
68585.0,56,42982.0,605.3802816901408,1.6616837084136327,64204.565127481,904.2896496828309,2525540.686,35570.99557746479,30,7750.0,0.03190742693924686,30,7750.0
68590.0,59,43271.0,627.1159420289855,1.3567075592007503,64028.19690627834,927.9448826996858,2559183.6780000003,37089.61852173913,32,7872.0,0.07657361058983783,32,7872.0
68595.0,63,43575.0,640.8088235294117,0.5540214884506235,64326.87438909264,945.9834468984211,2559183.2020000005,37635.0470882353,35,8002.0,0.02528480032112585,35,8002.0
68600.0,66,43902.0,665.1818181818181,8.537293797217123e-05,64614.122118421335,979.0018502791111,2559183.2020000005,38775.50306060606,38,8154.0,1.0993760405823523e-05,38,8154.0
68605.0,60,44048.0,657.4328358208955,0.6665163425167041,64939.881737981115,969.2519662385238,2559183.2020000005,38196.76420895521,32,8008.0,0.016353651266788356,32,8008.0
68610.0,55,44192.0,640.463768115942,1.6366622039041758,65251.73127658027,945.677264877975,2559183.2980000004,37089.61301449275,27,7928.0,0.06780226139721918,27,7928.0
68615.0,54,44360.0,642.8985507246376,1.4712030281488777,65525.49771233809,949.6448943817113,2525537.026,36601.98588405797,27,8026.0,0.0785970401241936,27,8026.0
68620.0,58,44613.0,656.0735294117648,0.7800948834679144,65498.83610993271,963.2181780872455,2492078.219,36648.209102941175,31,8164.0,0.048680422512540324,31,8164.0
68625.0,55,44774.0,668.2686567164179,1.154657398692435,65558.53427160748,978.485586143395,2458548.619,36694.75550746268,29,8191.0,0.05875088307766997,29,8191.0
68630.0,58,45060.0,653.0434782608696,1.0170102960382614,65865.58719652623,954.5737274858873,2525920.285,36607.54036231884,32,8308.0,0.012271975627112278,32,8308.0
68635.0,62,45362.0,621.3972602739726,1.5574981140282733,66183.89023733637,906.628633388169,2593294.5370000005,35524.58269863014,35,8445.0,0.027711888097682304,35,8445.0
68640.0,62,45668.0,643.2112676056338,1.3237576982155963,66389.00364150196,935.0563893169285,2626977.6040000007,36999.68456338029,35,8585.0,0.057701760729644065,35,8585.0
68645.0,54,45620.0,616.4864864864865,1.3698400880761235,66654.81729062597,900.7407741976479,2626983.6040000007,35499.77843243243,26,8265.0,0.04923587538515731,26,8265.0
68650.0,56,45781.0,618.6621621621622,1.8212293472458179,66980.04668111209,905.1357659609744,2626983.6040000007,35499.77843243243,24,8293.0,0.1136950963967834,24,8293.0
68655.0,54,45947.0,638.1527777777778,1.0748915681487377,67127.16317885334,932.3217108174073,2559689.3880000003,35551.2415,27,8381.0,0.04206551074383197,27,8381.0
68660.0,61,46222.0,624.6216216216217,0.9601505088814168,67446.03477838446,911.4329024106011,2526014.1599999997,34135.32648648649,35,8519.0,0.011457315883532744,35,8519.0
68665.0,49,45109.0,609.581081081081,2.2240685721988718,67605.24226086175,913.5843548765097,2559714.147,34590.731716216214,23,7574.0,0.0719832862737089,23,7574.0
68670.0,52,45364.0,638.9295774647887,2.668602302560724,67585.98782176289,951.9153214332797,2526075.421,35578.527056338025,25,7342.0,0.04449882189147037,25,7342.0
68675.0,55,45635.0,651.9285714285714,2.494660763284371,67651.49377374479,966.4499110534966,2526075.0889999997,36086.78698571427,27,7439.0,2.9838058007240433e-06,27,7439.0
68680.0,55,45910.0,752.6229508196722,1.0786617061776318,66746.16573513548,1094.1994382809094,2526066.139,41410.9203114754,27,7539.0,0.018330689393197257,27,7539.0
68685.0,56,46187.0,782.8305084745763,0.2096007342591362,66896.80941278458,1133.8442273353314,2526063.949,42814.64320338983,28,7641.0,9.20207759893521e-06,28,7641.0
68690.0,50,46295.0,784.6610169491526,1.2756381010554043,67172.44789712365,1138.516066052943,2526063.949,42814.64320338983,22,7578.0,0.038218770968301265,22,7578.0
68695.0,51,46546.0,788.9152542372881,1.5513602091985639,67434.29848686265,1142.9542116417397,2526063.949,42814.64320338983,22,7649.0,0.0585062405862413,22,7649.0
68700.0,51,46799.0,821.0350877192982,1.109714518011476,67624.05063670136,1186.3868532754623,2526062.995,44316.8946491228,23,7728.0,1.0488222252911664e-06,23,7728.0
68705.0,51,47054.0,825.5087719298245,1.1070446254033648,67801.0283736173,1189.4917258529351,2526062.0889999997,44316.87875438596,23,7808.0,0.0,23,7808.0
68710.0,40,31719.0,556.4736842105264,1.9598946524870997,67987.6553352583,1192.7658830747073,2526059.4729999998,44316.83285964913,16,5387.0,0.16259831660338264,16,5387.0
68715.0,34,19213.0,337.0701754385965,2.7883650736100862,68210.97391600805,1196.6837529124218,2526060.315,44316.84763157895,18,5454.0,0.06988041062839286,18,5454.0
68720.0,25,6676.0,117.12280701754386,3.065533919702407,64346.53135571797,1128.8865150125962,2466756.313,43276.42654385965,19,6511.0,0.06881016071625826,19,6511.0
68725.0,30,1186.0,20.448275862068964,2.986650171303062,58712.948069055405,1012.2922080871624,2346045.679,40449.06343103448,26,8575.0,0.04705105962099094,26,8575.0
68730.0,31,966.0,17.25,2.0161629789766726,49213.68439976385,878.8157928529259,2292117.5829999996,40930.671125,24,8347.0,0.07195372009191639,24,8347.0
68735.0,39,845.0,14.083333333333334,1.656027842685447,47523.77569036473,792.062928172746,2420350.5670000003,40339.17611666666,22,8132.0,0.06280768397876958,22,8132.0
68740.0,40,680.0,11.333333333333334,1.6083821802285874,47602.50294271697,793.3750490452832,2449857.8920000005,40830.96486666667,20,8196.0,0.0855714530755998,20,8196.0
68745.0,47,826.0,13.540983606557377,1.027619173278825,47669.71473175819,781.4707333075112,2513161.924,41199.375803278694,24,8337.0,0.07619977644783377,24,8337.0
68750.0,49,994.0,16.566666666666666,1.0363626025826536,47592.50632278606,793.2084387131009,2479648.274,41327.47123333334,24,8415.0,0.06371408816708198,24,8415.0
68755.0,53,1249.0,20.14516129032258,1.2435482229134043,47871.033289938736,772.113440160302,2547204.2770000002,41083.939951612905,28,8502.0,0.05073499652004911,28,8502.0
68760.0,55,1521.0,24.934426229508198,0.7869497764223401,48115.26284934922,788.7748008090035,2580982.5470000003,42311.189295081975,30,8609.0,0.009327211456038612,30,8609.0
68765.0,58,1805.0,27.348484848484848,0.7303575861246647,48352.746997928545,732.6173787564929,2614770.1300000004,39617.72924242425,32,8727.0,2.060691282207545e-06,32,8727.0
68770.0,52,1932.0,29.723076923076924,1.7866348253391782,48633.60255989652,748.2092701522539,2614770.1300000004,40227.232769230766,25,8413.0,0.11257757487283429,25,8413.0
68775.0,50,2073.0,31.892307692307693,1.7918713471370293,48915.24735910178,752.5422670631041,2614770.1300000004,40227.232769230766,23,8194.0,0.08908187290459135,23,8194.0
68780.0,50,2251.0,35.171875,1.705801067496207,48988.84216498026,765.4506588278164,2581123.2700000005,40330.05109375,24,8152.0,0.0626553357175969,24,8152.0
68785.0,51,2488.0,40.78688524590164,0.8679191017064175,48766.8176809873,799.4560275571685,2480133.4330000007,40657.92513114755,26,8253.0,0.04789458101112936,26,8253.0
68790.0,49,2679.0,43.20967741935484,1.3785971350303252,48718.756289050005,785.7863917588708,2446583.8930000006,39461.03053225807,24,8295.0,0.06070327490018876,24,8295.0
68795.0,53,2936.0,44.484848484848484,1.7015879224459258,49001.28241351743,742.4436729320821,2514177.8280000007,38093.60345454546,27,8387.0,0.10702389067070359,27,8387.0
68800.0,58,3209.0,47.8955223880597,1.1593149373212865,49274.05904976906,735.433717160732,2581768.432000001,38533.85719402986,32,8496.0,0.05820762566352258,32,8496.0
68805.0,60,3503.0,50.768115942028984,0.7684517200571288,49534.51465975445,717.8915168080355,2615561.823000001,37906.693086956526,35,8625.0,0.04162000103515589,35,8625.0
68810.0,57,3655.0,52.971014492753625,1.1581483661744174,49828.84165731437,722.157125468324,2649349.463000001,38396.369028985515,30,8430.0,0.06880898342980024,30,8430.0
68815.0,55,3849.0,54.2112676056338,1.7244389374927276,50141.00689811243,706.2113647621466,2649350.1350000007,37314.79063380282,28,8275.0,0.050367137521224986,28,8275.0
68820.0,53,4044.0,59.470588235294116,1.4834898684599997,50214.107383849485,738.4427556448454,2548084.5520000006,37471.83164705883,27,8372.0,0.047255732221957364,27,8372.0
68825.0,56,4301.0,62.333333333333336,0.8983780299868156,50176.93310046891,727.2019289923027,2480726.4150000005,35952.55673913044,30,8486.0,0.03563822913164521,30,8486.0
68830.0,57,4514.0,65.42028985507247,1.3041063804658675,50318.99370788926,729.2607783752064,2480849.582000001,35954.34176811595,32,8546.0,0.07066093934178966,32,8546.0
68835.0,59,4805.0,67.67605633802818,1.0848511359108233,50635.87160788329,713.181290251877,2548465.4720000005,35893.87988732394,34,8672.0,0.040795686143533995,34,8672.0
68840.0,64,5113.0,69.0945945945946,0.981882814926037,50931.09457549565,688.2580348039951,2616072.322,35352.328675675664,38,8815.0,0.006018766608642255,38,8815.0
68845.0,66,5435.0,73.44594594594595,1.250045734820759,51258.49945962495,692.6824251300668,2616071.9860000005,35352.32413513513,39,8968.0,1.2827013982567897e-06,39,8968.0
68850.0,56,4942.0,71.6231884057971,0.8113593493024467,51505.38176190217,746.4548081435096,2616071.9860000005,37914.08675362319,28,8551.0,0.06311011604698051,28,8551.0
68855.0,55,5067.0,72.38571428571429,0.9788651892659077,51829.94547828545,740.4277925469348,2616071.9860000005,37372.45694285714,27,8406.0,0.041144926072956715,27,8406.0
68860.0,55,5263.0,76.27536231884058,1.0687307061932623,52116.628961315764,755.3134632074747,2582281.3460000004,37424.367333333335,28,8500.0,0.04155176356900167,28,8500.0
68865.0,58,5514.0,79.91304347826087,0.7537942999459953,52237.77123304063,757.0691483049367,2548472.4020000002,36934.382637681156,33,8631.0,0.005142430821287176,33,8631.0
68870.0,60,5772.0,83.65217391304348,1.2214298573473834,52207.30213816749,756.6275672198186,2616128.964,37914.912521739134,34,8741.0,0.013107249255520028,34,8741.0
68875.0,61,6070.0,86.71428571428571,1.2763466755446664,52386.59932993197,748.3799904275994,2616128.762,37373.26802857143,34,8871.0,0.07996811776375817,34,8871.0
68880.0,63,6378.0,93.79411764705883,0.838517642584891,52483.642945215324,771.8182786061076,2582429.6440000003,37976.90652941176,36,9004.0,0.04077298374261908,36,9004.0
68885.0,64,6695.0,91.71232876712328,0.8456305110659765,52796.90522678022,723.2452770791812,2582435.6440000003,35375.83073972603,37,9146.0,0.0008456357755309608,37,9146.0
68890.0,55,6757.0,92.56164383561644,1.6719650008831557,53102.555044395354,727.4322608821282,2582435.1240000003,35375.823616438356,28,8904.0,0.12099935909667994,28,8904.0
68895.0,54,6902.0,94.54794520547945,1.292215174934454,53425.81390639075,731.8604644711062,2582435.1240000003,35375.823616438356,26,8987.0,0.03395660868221812,26,8987.0
68900.0,57,7043.0,99.19718309859155,0.9213740460554798,53576.24162229248,754.5949524266547,2514852.14,35420.45267605633,30,9091.0,0.03360142986326978,30,9091.0
68905.0,61,7300.0,102.8169014084507,0.7661371434635397,53825.62139850378,758.1073436408982,2548713.134,35897.36808450704,35,9244.0,0.010495572205762574,35,9244.0
68910.0,49,6035.0,86.21428571428571,1.8727614958618928,54030.79702302632,771.8685289003758,2582566.9430000004,36893.81347142857,23,8233.0,0.07351919868245371,23,8233.0
68915.0,53,6283.0,86.06849315068493,2.731421986638691,54300.87484973754,743.8476006813357,2616422.299,35841.40135616438,25,7932.0,0.030655382153339444,25,7932.0
68920.0,54,6552.0,91.0,2.845205855634523,54229.13787828015,753.1824705316686,2582640.8510000003,35870.011819444444,27,8026.0,0.03757240651324109,27,8026.0
68925.0,55,6824.0,104.98461538461538,1.742355315215362,53431.73733461797,822.0267282248915,2582633.4170000004,39732.8218,28,8123.0,0.07097976110841524,28,8123.0
68930.0,51,6962.0,118.0,0.8403100427572738,53335.52641579925,903.9919731491397,2582628.5010000006,43773.36442372881,24,8090.0,0.04294602239005769,24,8090.0
68935.0,52,7222.0,122.40677966101696,1.1895742536292828,53605.697350484545,908.5711415336364,2582628.5010000006,43773.36442372881,25,8171.0,0.0,25,8171.0
68940.0,52,7482.0,129.0,1.3102288416218664,53829.225514448146,928.0900950766919,2582628.5010000006,44528.07760344827,25,8256.0,2.875515830124826e-07,25,8256.0
68945.0,52,7742.0,129.03333333333333,1.1694639018006197,54019.34101055331,900.3223501758881,2582632.3590000006,43043.87264999999,25,8341.0,0.0,25,8341.0
68950.0,41,5493.0,94.70689655172414,2.0770751127770435,54210.95424173384,934.6716248574799,2582629.4180000005,44528.0934137931,17,4459.0,0.18156541753921907,17,4459.0
68955.0,35,3680.0,63.44827586206897,2.9552279277898683,54446.33871911119,938.7299779157102,2582629.4180000005,44528.0934137931,20,2574.0,0.06203994068204613,20,2574.0
68960.0,28,1867.0,33.339285714285715,3.0272642889858656,48357.528490104145,863.5272944661455,2461761.7029999997,43960.03041071429,22,6589.0,0.03863951123100534,22,6589.0
68965.0,34,1150.0,20.535714285714285,2.7480637582562397,40457.529666572715,722.4558869030844,2279486.096,40705.108857142855,29,7892.0,0.01859240073884444,29,7892.0
68970.0,31,903.0,16.125,2.7469048331614236,29916.411178035367,534.2216281792029,2163030.059,38625.53676785715,24,7580.0,0.07221436280745347,24,7580.0
68975.0,34,794.0,13.457627118644067,2.7522640128948423,28508.36893944821,483.19269388895265,2291381.468,38836.9740338983,22,7377.0,0.12354216338348349,22,7377.0
68980.0,40,642.0,10.7,2.000592264020456,28454.408174561227,474.24013624268724,2413872.459,40231.20765,22,7312.0,0.10220637311762908,22,7312.0
68985.0,46,794.0,13.233333333333333,1.180428959774425,28281.735145795596,471.36225242992657,2414218.522,40236.97536666666,25,7468.0,0.042095561033004346,25,7468.0
68990.0,45,868.0,14.466666666666667,1.1430914591333736,28026.02714552559,467.1004524254266,2473465.502,41224.425033333326,22,7481.0,0.055625433204822626,22,7481.0
68995.0,51,1111.0,17.359375,1.77961713860974,28300.74220398766,442.19909693730733,2541318.397,39708.099953125,25,7557.0,0.04967096247304382,25,7557.0
69000.0,54,1372.0,21.4375,1.7316957457051279,28497.188307675355,445.26856730742753,2609166.0609999998,40768.219703125,27,7658.0,0.060540241566580756,27,7658.0
69005.0,57,1646.0,25.323076923076922,0.7515508885461519,28666.727092207602,441.0265706493479,2643090.8910000003,40662.93678461539,31,7772.0,0.017796531931230628,31,7772.0
69010.0,52,1780.0,27.384615384615383,1.6969899179908516,28949.686590518435,445.3797937002837,2677013.9710000004,41184.83032307693,25,7555.0,0.13882638685258275,25,7555.0
69015.0,49,1923.0,29.584615384615386,1.967246792697001,29231.806673425806,449.72010266808945,2677013.9710000004,41184.83032307693,21,7215.0,0.04390414531006941,21,7215.0
69020.0,49,2110.0,31.96969696969697,2.017484637387882,29495.021728128202,446.8942686080031,2643086.392,40046.76351515151,22,7296.0,0.07291784010048506,22,7296.0
69025.0,51,2348.0,37.87096774193548,1.1264829564122456,29181.396739618853,470.6676893486913,2507773.8630000004,40447.96553225808,25,7406.0,0.04748234176643554,25,7406.0
69030.0,50,2526.0,40.095238095238095,1.265676779739995,29108.906933286908,462.0461417982049,2508031.6000000006,39810.0253968254,23,7424.0,0.06394680650294472,23,7424.0
69035.0,53,2783.0,42.166666666666664,1.8901943237874874,29396.090271860387,445.39530714939997,2541970.6630000006,38514.707015151514,27,7521.0,0.0949028401978741,27,7521.0
69040.0,56,3056.0,45.61194029850746,1.4690102524055624,29658.42038087724,442.6629907593618,2609836.6990000005,38952.78655223882,30,7634.0,0.06559657285110494,30,7634.0
69045.0,62,3350.0,49.26470588235294,0.30060915842524233,29888.134814575846,439.5313943319977,2643769.0510000004,38878.95663235294,35,7767.0,0.00015625680681808962,35,7767.0
69050.0,52,3282.0,48.26470588235294,1.4335678173057014,30200.613528332015,444.12666953429425,2643769.0510000004,38878.95663235294,24,7502.0,0.07060238808731098,24,7502.0
69055.0,52,3435.0,50.51470588235294,1.0029378340728166,30507.14042720526,448.6344180471362,2643769.0510000004,38878.95663235294,23,7574.0,0.04851673027305241,23,7574.0
69060.0,55,3654.0,55.36363636363637,0.8597581799249088,30674.414815410775,464.76386083955714,2609833.7090000003,39542.934984848485,26,7670.0,0.014302951231995969,26,7670.0
69065.0,57,3888.0,58.02985074626866,0.912966788372909,30878.489187403622,460.87297294632253,2575895.9370000004,38446.20801492538,31,7801.0,0.0030595080253996653,31,7801.0
69070.0,57,4128.0,59.82608695652174,1.309273371217914,31140.73403355678,451.31498599357656,2643801.191,38315.95928985508,30,7897.0,0.0956261716277328,30,7897.0
69075.0,58,4416.0,64.0,1.363333521025684,31451.656251965793,455.8211051009537,2643801.191,38315.95928985508,31,8022.0,0.019600561899460866,31,8022.0
69080.0,60,4712.0,69.29411764705883,1.2480850770808798,31538.593056975682,463.8028390731719,2609998.919,38382.33704411766,32,8148.0,0.023723568656403595,32,8148.0
69085.0,62,5016.0,76.0,0.716858838426984,31799.52352955862,481.8109625690701,2609998.0090000005,39545.42437878789,34,8282.0,1.917047055472677e-05,34,8282.0
69090.0,56,5134.0,81.4920634920635,0.7560958327331154,32067.81953757996,509.01300853301547,2609998.0090000005,41428.53982539683,28,8058.0,0.04305148040684445,28,8058.0
69095.0,54,5249.0,79.53030303030303,1.4764684420266125,32361.857244975025,490.3311703784097,2609998.973,39545.43898484849,24,7871.0,0.0518677245138445,24,7871.0
69100.0,49,5389.0,84.203125,1.5351725592296743,32393.50010806016,506.14843918844025,2542240.2920000004,39722.504562500006,22,7954.0,0.08323738390955353,22,7954.0
69105.0,52,5617.0,89.15873015873017,0.7534110745637548,32328.885774637383,513.1569170577365,2508510.3580000005,39817.624730158735,26,8101.0,0.0623355827511321,26,8101.0
69110.0,46,4584.0,70.52307692307693,1.7578105388945275,32444.37572033514,499.1442418513099,2542615.3060000003,39117.15855384615,19,7210.0,0.11253752990730721,19,7210.0
69115.0,49,4820.0,73.03030303030303,2.608801468579739,32712.29360675217,495.64081222351786,2576598.9050000003,39039.37734848484,23,6979.0,0.052215970956416426,23,6979.0
69120.0,54,5077.0,76.92424242424242,2.0362848431194194,32590.02259323996,493.78822110969656,2644558.795000001,40069.07265151515,27,7076.0,0.014751287229599447,27,7076.0
69125.0,55,5346.0,78.61764705882354,1.5044262738306002,32130.865550531293,472.5127286842838,2644565.1750000007,38890.6643382353,27,7181.0,0.02999588282375307,27,7181.0
69130.0,52,5489.0,85.765625,1.988489579288371,32167.082981742664,502.6106715897293,2644560.4450000008,41321.256953125,24,7154.0,0.15427655606077784,24,7154.0
69135.0,53,5751.0,89.859375,1.3677914648932825,32446.97520122673,506.98398751916784,2644560.4450000008,41321.256953125,24,7244.0,0.050506279752620294,24,7244.0
69140.0,55,6021.0,97.11290322580645,1.0559136816136303,32658.31009605886,526.7469370332076,2644559.767000001,42654.18979032259,27,7346.0,6.912152712409496e-06,27,7346.0
69145.0,55,6296.0,101.54838709677419,1.4968448939888046,32938.231556276005,531.2617992947744,2644559.767000001,42654.18979032259,27,7451.0,0.0,27,7451.0
69150.0,48,6270.0,108.10344827586206,1.2060767037971487,33102.97760791154,570.7409932398543,2644556.107000001,45595.79494827587,20,7219.0,0.020873554431825262,20,7219.0
69155.0,44,6323.0,109.01724137931035,2.2960749389307797,33345.99314556694,574.9309163028786,2644553.107000001,45595.743224137936,16,7054.0,0.1435168094934955,16,7054.0
69160.0,42,6326.0,110.98245614035088,1.839354344479882,33519.443000893,588.0604035244389,2610597.099000001,45799.94910526315,15,7096.0,0.10355179847012379,15,7096.0
69165.0,46,6506.0,116.17857142857143,1.0032996921047388,33441.606202772775,597.1715393352285,2542784.987,45406.87476785714,19,7189.0,0.05552776287385023,19,7189.0
69170.0,37,4481.0,81.47272727272727,1.541146569876479,33398.639967435585,607.2479994079197,2508960.881,45617.470563636365,15,3801.0,0.13695856654520897,15,3801.0
69175.0,33,2861.0,47.68333333333333,3.0938600323624823,33633.68206360952,560.5613677268254,2577005.794,42950.09656666666,19,2901.0,0.11952716217496306,19,2901.0
69180.0,28,1260.0,21.35593220338983,3.4588123724704154,29576.999113512848,501.3050697205566,2487919.9280000003,42168.13437288135,24,5129.0,0.07656928324919694,24,5129.0
69185.0,31,625.0,10.59322033898305,1.9554287114005025,20833.217579512177,353.1053827035962,2212596.7679999997,37501.64013559322,29,5250.0,0.023089686445029275,29,5250.0
69190.0,39,738.0,12.098360655737705,1.9709290842544167,17828.29283492291,292.267095654474,2279170.979,37363.45867213114,29,5315.0,0.09608611340206417,29,5315.0
69195.0,46,948.0,14.8125,1.347196206688845,18100.278521065957,282.81685189165535,2469802.043,38590.656921875,29,5445.0,0.02846967539206219,29,5445.0
69200.0,54,1200.0,18.181818181818183,1.034677109525159,18352.091736237457,278.06199600359776,2596880.5949999997,39346.675681818175,31,5581.0,9.643919289816789e-05,31,5581.0
69205.0,59,1487.0,21.55072463768116,1.4451011155447793,18623.877720613335,269.9112713132367,2596883.5949999997,37635.99413043478,31,5721.0,0.01550837491192054,31,5721.0
69210.0,52,1483.0,22.815384615384616,1.2749070662223962,18878.7845768233,290.4428396434352,2596883.5949999997,39952.05530769231,24,5458.0,0.08928698196234283,24,5458.0
69215.0,51,1567.0,23.742424242424242,1.5005447103533718,19172.65487554299,290.49477084156047,2596883.5949999997,39346.72113636363,23,5294.0,0.04987583419000592,23,5294.0
69220.0,51,1631.0,25.484375,1.2790104029154654,19185.279192027414,299.76998737542834,2528979.165,39515.299453125,24,5399.0,0.08486368949720878,24,5399.0
69225.0,55,1857.0,28.136363636363637,0.898079535994211,19306.01733678555,292.51541419372046,2529106.104,38319.789454545455,28,5551.0,0.037691416898589514,28,5551.0
69230.0,54,2097.0,32.765625,1.1734762581753502,19229.51498994202,300.46117171784414,2461270.617,38457.353390625,28,5683.0,0.050984866184270894,28,5683.0
69235.0,57,2379.0,36.04545454545455,1.246947227091676,19524.867682747594,295.8313285264785,2529389.909,38324.08953030303,31,5820.0,0.09350195965906644,31,5820.0
69240.0,61,2672.0,39.88059701492537,0.5380137377412559,19812.65977042805,295.71133985713493,2597498.0349999997,38768.6273880597,34,5968.0,0.0017338358998966368,34,5968.0
69245.0,64,2987.0,43.289855072463766,0.5308589936280065,20109.252041012558,291.4384353769935,2597501.0349999997,37644.94253623188,36,6132.0,2.435333756649274e-07,36,6132.0
69250.0,57,3136.0,44.8,1.395750360329257,20422.621828527837,291.7517404075404,2597500.519,37107.15027142856,29,5924.0,0.10032660280619903,29,5924.0
69255.0,54,3290.0,47.0,1.779587253078265,20728.450291931546,296.12071845616487,2597500.519,37107.15027142856,26,5817.0,0.05831555844621783,26,5817.0
69260.0,53,3479.0,50.42028985507246,1.7193980134669171,20967.49300819677,303.87671026372124,2563482.827,37151.925028985504,26,5818.0,0.08552214385401657,26,5818.0
69265.0,57,3735.0,54.9264705882353,1.0085315386257732,20882.800866615802,307.10001274434995,2495615.2339999997,36700.224029411766,31,5980.0,0.05938912262387741,31,5980.0
69270.0,50,3057.0,46.31818181818182,1.6887361055944454,20767.247800940328,314.6552697112172,2427746.371,36784.035924242424,23,5299.0,0.10811982426963011,23,5299.0
69275.0,54,3308.0,46.59154929577465,2.542670015780514,21050.084195756972,296.48005909516854,2495898.445,35153.49922535211,26,5260.0,0.05715776650410712,26,5260.0
69280.0,55,3571.0,50.29577464788732,2.2823089665391967,21033.04081061739,296.2400114171464,2564048.8340000003,36113.363859154924,28,5378.0,0.02929398071376061,28,5378.0
69285.0,58,3852.0,56.64705882352941,1.245354611440446,20660.711427436985,303.83399157995564,2598116.8040000005,38207.600058823526,32,5514.0,0.057196039373694066,32,5514.0
69290.0,54,3990.0,60.45454545454545,1.2746544153093438,20877.802698347296,316.33034391435297,2632190.0700000008,39881.667727272725,27,5391.0,0.08410329286328681,27,5391.0
69295.0,53,4167.0,63.13636363636363,1.8294008809159543,21169.212968917796,320.7456510442091,2632190.0700000008,39881.667727272725,25,5249.0,0.05461927230512406,25,5249.0
69300.0,49,4343.0,66.81538461538462,1.8202129814241015,21432.694009767176,329.73375399641805,2598111.0360000003,39970.93901538461,22,5350.0,0.07097382978524316,22,5350.0
69305.0,52,4583.0,68.40298507462687,1.4975776674432164,21290.443882203475,317.7678191373652,2496123.4230000004,37255.57347761195,26,5475.0,0.05157857411035179,26,5475.0
69310.0,49,4567.0,69.1969696969697,1.8231012406879834,21347.59328043259,323.4483830368573,2462180.9150000005,37305.77143939394,22,5375.0,0.10727718297201909,22,5375.0
69315.0,53,4818.0,71.91044776119404,1.5821477962880208,21634.46852824857,322.9025153469937,2496264.3490000004,37257.67685074627,25,5417.0,0.09638818110283619,25,5417.0
69320.0,55,5082.0,73.65217391304348,1.5344183225299113,21934.40341824847,317.8899046122967,2564430.9970000004,37165.666623188416,29,5540.0,0.041192483093377995,29,5540.0
69325.0,58,5364.0,77.73913043478261,1.7119352117551203,22091.0281073156,320.15982764225504,2632597.728,38153.590260869576,31,5677.0,0.027602582706688375,31,5677.0
69330.0,55,5530.0,83.78787878787878,1.5372160739685765,22236.464130040556,336.91612318243267,2632591.0700000003,39887.74348484849,27,5691.0,0.03577952103818482,27,5691.0
69335.0,57,5810.0,89.38461538461539,1.4370294233116576,22454.18256594145,345.44896255294543,2632591.0700000003,40501.40107692307,29,5816.0,0.05976116786064984,29,5816.0
69340.0,57,6095.0,95.234375,0.9424406822404386,22737.40383473717,355.27193491776836,2632591.0700000003,41134.235468750005,29,5946.0,0.022153552392336365,29,5946.0
69345.0,60,6389.0,103.04838709677419,0.14508551315155843,22897.61790872296,369.3164178826284,2632591.324,42461.15038709677,32,6085.0,0.018655009776428238,32,6085.0
69350.0,52,6375.0,102.8225806451613,0.8661242269606502,23194.01414235955,374.0970022961217,2632591.324,42461.15038709677,24,5964.0,0.0498937207495564,24,5964.0
69355.0,49,6420.0,100.3125,2.080055287214492,23474.500338906968,366.78906779542143,2632592.0080000004,41134.250125,21,5815.0,0.05118398966324193,21,5815.0
69360.0,45,6506.0,103.26984126984127,2.236605011101068,23681.868234107165,375.90267038265347,2598517.632,41246.311619047614,18,5895.0,0.0815614217109413,18,5895.0
69365.0,47,6704.0,101.57575757575758,1.5920226448281862,23677.07925449489,358.74362506810434,2496352.6450000005,37823.52492424243,21,6047.0,0.06561688903481974,21,6047.0
69370.0,49,6858.0,105.50769230769231,1.9937969056657106,23651.846635599974,363.87456362461495,2462392.8220000006,37882.966492307685,22,6056.0,0.16249157263444872,22,6056.0
69375.0,54,7114.0,107.78787878787878,1.285514722925345,23939.34938907446,362.7174149859767,2496506.522000001,37825.8563939394,27,6164.0,0.013782276078512417,27,6164.0
69380.0,57,7387.0,107.05797101449275,1.5467663726567442,24205.737553046212,350.80779062385824,2564740.0820000004,37170.146115942036,31,6295.0,0.03554236591834854,31,6295.0
69385.0,58,7674.0,112.8529411764706,1.4524792620235463,24466.851572831132,359.80664077692853,2598855.062000001,38218.45679411765,32,6437.0,0.01421357048170353,32,6437.0
69390.0,51,5894.0,92.09375,0.9766010302519886,24696.20225371651,385.8781602143205,2632963.5470000007,41140.055421875004,27,4761.0,0.06390798769186089,27,4761.0
69395.0,45,4320.0,66.46153846153847,2.0884734616132197,24981.124672541162,384.3249949621716,2632963.5470000007,40507.131492307686,30,4170.0,0.042952496883165124,30,4170.0
69400.0,39,2922.0,45.65625,2.6840352524955438,22640.37292192308,353.75582690504814,2571638.2320000003,40181.847375,32,5327.0,0.04837990662363574,32,5327.0
69405.0,41,2111.0,32.47692307692308,2.4134373690801145,17054.266399751887,262.3733292269521,2449597.662,37686.117876923076,36,5490.0,0.0009090840056708664,36,5490.0
69410.0,32,877.0,14.14516129032258,2.4747655926382657,12899.557782866972,208.05738359462856,2262354.9529999997,36489.596016129035,25,5323.0,0.06501980124702768,25,5323.0
69415.0,33,576.0,9.0,2.006892126859824,12746.817811643365,199.16902830692757,2390178.389,37346.537328125,20,4988.0,0.07721130017598923,20,4988.0
69420.0,40,614.0,9.164179104477611,1.826322004703043,13028.66165031976,194.45763657193663,2517619.586,37576.41173134328,23,5090.0,0.026533409524473837,23,5090.0
69425.0,49,783.0,11.514705882352942,1.374436680295426,12749.080334727789,187.48647551070263,2542920.9440000006,37395.896235294116,30,5248.0,0.03241336286126049,30,5248.0
69430.0,53,734.0,10.338028169014084,1.629563617867142,12522.535853071699,176.37374440946058,2640783.965000001,37194.140352112685,30,5093.0,0.054267292571823944,30,5093.0
69435.0,58,1010.0,14.428571428571429,2.0906600237401367,12601.922632772303,180.02746618246152,2640780.6890000007,37725.438414285716,30,5234.0,0.02577777347762006,30,5234.0
69440.0,59,1303.0,20.046153846153846,0.8024327317680052,12470.085122753293,191.84746342697375,2606698.7450000006,40103.05761538461,31,5382.0,0.024158296658222663,31,5382.0
69445.0,62,1608.0,24.363636363636363,0.456265652742043,12721.894889820041,192.75598317909154,2606700.2030000007,39495.45762121212,34,5542.0,2.845618670341553e-05,34,5542.0
69450.0,55,1706.0,26.246153846153845,1.262930615119977,13021.051830998358,200.3238743230517,2606700.2030000007,40103.08004615385,27,5513.0,0.0652739093701685,27,5513.0
69455.0,58,1982.0,29.147058823529413,1.3235372332314475,13317.037247535862,195.83878305199798,2606701.1750000007,38333.84080882353,28,5626.0,0.003940323412966553,28,5626.0
69460.0,57,2265.0,34.31818181818182,1.6847782098028208,13510.81075554115,204.70925387183567,2606699.633000001,39495.44898484848,29,5764.0,0.030245319439838183,29,5764.0
69465.0,58,2551.0,41.145161290322584,0.7591734032003897,13667.335410526119,220.44089371816327,2606699.4330000007,42043.5392419355,30,5905.0,0.05230783441783658,30,5905.0
69470.0,60,2846.0,47.43333333333333,0.00022282950873773883,13932.65351374263,232.21089189571052,2606699.4330000007,43444.99055,32,6055.0,3.177011098065411e-05,32,6055.0
69475.0,55,2846.0,47.43333333333333,0.3494937052674011,14228.914260895393,237.14857101492322,2606699.4330000007,43444.99055,27,5876.0,0.014032912074515272,27,5876.0
69480.0,50,2833.0,47.21666666666667,1.1955344458651191,14510.69837261646,241.844972876941,2606699.4330000007,43444.99055,22,5704.0,0.05607113429921652,22,5704.0
69485.0,48,2859.0,43.98461538461538,1.5719039854937902,14604.020270134093,224.67723492513994,2572634.417000001,39578.991030769226,21,5802.0,0.05671979603341782,21,5802.0
69490.0,51,3048.0,47.625,1.6198925112501166,14523.61112810585,226.93142387665387,2538683.5470000007,39666.930421875004,24,5994.0,0.11579521875081164,24,5994.0
69495.0,51,3246.0,50.71875,1.2646828134127985,14623.46495953108,228.4916399926732,2538819.3230000003,39669.051921875,25,6110.0,0.0656242147959591,25,6110.0
69500.0,56,3512.0,51.64705882352941,1.3639026405309305,14917.735819932712,219.3784679401869,2607240.8589999997,38341.77733823529,30,6242.0,0.054447267259847006,30,6242.0
69505.0,58,3794.0,54.98550724637681,1.472000711491452,15190.131415489424,220.1468321085424,2675656.447,38777.62966666666,31,6389.0,0.04714239422923457,31,6389.0
69510.0,62,4093.0,61.08955223880597,0.6299969259181,15487.990149959938,231.16403208895431,2675649.7909999997,39935.071507462686,34,6549.0,0.0005225221974367349,34,6549.0
69515.0,51,3790.0,57.42424242424242,1.4077319737143719,15742.79668000465,238.5272224243129,2675649.7909999997,40540.14834848484,23,5831.0,0.09167271683142751,23,5831.0
69520.0,46,3821.0,57.89393939393939,1.7824488930090543,16031.493139726934,242.90141120798378,2675649.7909999997,40540.14834848484,17,5623.0,0.09948807342425384,17,5623.0
69525.0,46,3954.0,59.014925373134325,1.5620042840274424,16003.005301996353,238.8508254029307,2641440.6479999996,39424.487283582086,20,5707.0,0.04122731836258585,20,5707.0
69530.0,53,4201.0,64.63076923076923,1.2786660364469566,15836.770787700925,243.64262750309115,2607370.7290000003,40113.39583076923,26,5835.0,0.053256258063452445,26,5835.0
69535.0,54,4447.0,67.37878787878788,1.021750879818206,15795.110728600288,239.3198595242467,2641594.764,40024.16309090908,28,5962.0,0.03447160324500505,28,5962.0
69540.0,59,4734.0,70.65671641791045,1.1175925420898405,16102.354182614723,240.33364451663763,2675819.508,39937.60459701492,32,6113.0,0.0007777103118847378,32,6113.0
69545.0,62,5039.0,74.1029411764706,0.7500624603364574,16197.98673571558,238.20568728993499,2641736.0160000003,38849.05905882353,34,6273.0,0.0024552333267176063,34,6273.0
69550.0,63,5352.0,81.0909090909091,0.497020736330242,16488.46144592785,249.82517342314918,2641736.0160000003,40026.30327272728,35,6441.0,0.05043742332814883,35,6441.0
69555.0,57,5484.0,83.0909090909091,0.5876165251676444,16804.087007919185,254.6073789078665,2641736.0160000003,40026.30327272728,29,6192.0,0.027801043744350374,29,6192.0
69560.0,56,5657.0,83.19117647058823,1.3004532286395778,17114.52646649717,251.6842127426055,2641737.276,38849.07758823529,28,6037.0,0.04251552561768191,28,6037.0
69565.0,53,5794.0,85.20588235294117,1.593681591812692,17186.628385802993,252.74453508533807,2607652.346,38347.82861764706,26,6161.0,0.052256363319061555,26,6161.0
69570.0,54,6032.0,91.39393939393939,0.8186699936155473,17035.94486551352,258.1203767502049,2539499.421,38477.26395454546,27,6314.0,0.07541863639039097,27,6314.0
69575.0,54,6228.0,92.95522388059702,1.2811901220675774,17155.905451755472,256.0582903247086,2539638.5719999997,37905.05331343283,28,6403.0,0.04907427510289111,28,6403.0
69580.0,57,6508.0,92.97142857142858,1.5227924702305609,17462.252184539397,249.46074549341995,2608152.2369999997,37259.317671428566,31,6548.0,0.0902778930489975,31,6548.0
69585.0,61,6803.0,93.1917808219178,1.0060013756404684,17743.434852844348,243.0607514088267,2676655.5730000003,36666.51469863013,34,6708.0,0.012714327106465353,34,6708.0
69590.0,65,7120.0,103.18840579710145,0.6488716207364973,18013.14323843724,261.06004693387314,2676654.943,38792.1006231884,37,6885.0,5.30324408486134e-06,37,6885.0
69595.0,54,7002.0,102.97058823529412,0.9807123392799366,18304.65294746187,269.1860727567923,2676654.943,39362.57269117647,25,6523.0,0.054787906590115336,25,6523.0
69600.0,54,7164.0,106.92537313432835,0.923178522808499,18613.080443552197,277.80717079928655,2676654.943,39950.0737761194,25,6500.0,0.02643873167120806,25,6500.0
69605.0,55,7379.0,102.48611111111111,1.3024475574503285,18728.593535632255,260.1193546615591,2642435.8090000004,36700.49734722222,26,6623.0,0.030880121981200114,26,6623.0
69610.0,55,7604.0,104.16438356164383,1.7938535484202929,19028.09315780538,260.65881038089566,2608178.1840000004,35728.4682739726,29,6777.0,0.11193157432749419,29,6777.0
69615.0,60,7876.0,107.89041095890411,1.494380427530343,19073.602203743463,261.2822219690885,2676733.7700000005,36667.58589041096,33,6932.0,0.018386225220308503,33,6932.0
69620.0,64,8186.0,113.69444444444444,1.1416334648191675,19304.20535694404,268.11396329088944,2676730.538,37176.813027777775,35,7102.0,0.031607825258800425,35,7102.0
69625.0,65,8504.0,121.48571428571428,0.8652574061890717,19383.638841803375,276.9091263114768,2642617.0220000003,37751.671742857136,37,7276.0,8.897931284883196e-06,37,7276.0
69630.0,65,8829.0,131.77611940298507,0.4203931660337502,19688.24016944894,293.8543308872976,2642617.0220000003,39442.04510447761,37,7456.0,0.0,37,7456.0
69635.0,59,8906.0,130.97058823529412,0.7202940346040702,19990.473078503586,293.97754527211157,2642614.796,38861.982294117646,29,7134.0,0.017735170212674234,29,7134.0
69640.0,53,9054.0,133.14705882352942,1.796706587937662,20296.48531993931,298.477725293225,2642614.796,38861.982294117646,25,6912.0,0.07728368973927413,25,6912.0
69645.0,50,9162.0,136.7462686567164,1.721150650762554,20299.03161223977,302.9706210782054,2574248.024,38421.61229850747,23,7021.0,0.08697052703389382,23,7021.0
69650.0,54,9390.0,146.71875,0.7376292197845398,20021.665038852374,312.8385162320683,2540329.3440000005,39692.64599999999,27,7167.0,0.06590204066537841,27,7167.0
69655.0,44,7971.0,122.63076923076923,1.7525449898810395,20106.527488654563,309.331192133147,2540482.42,39084.34492307692,18,6079.0,0.10990959645189152,18,6079.0
69660.0,47,8199.0,120.57352941176471,3.1233938586515997,20373.72656349659,299.6136259337733,2609098.8649999998,38369.10095588236,21,5741.0,0.09240661526391217,21,5741.0
69665.0,51,8447.0,117.31944444444444,3.01096421230715,20227.164931821393,280.93284627529715,2643405.755,36713.968819444446,25,5854.0,0.06127434280771967,25,5854.0
69670.0,53,8708.0,138.22222222222223,1.5715697777809345,19244.736569941913,305.47200904669705,2677700.893,42503.18877777778,26,5978.0,0.1449424964896287,26,5978.0
69675.0,50,8837.0,144.86885245901638,0.7395653606827759,19419.918264215023,318.35931580680375,2677699.7749999994,43896.717622950826,22,5803.0,0.031808970085131234,22,5803.0
69680.0,49,8975.0,147.13114754098362,1.4808987472935546,19698.443962911206,322.9253108673968,2677699.7749999994,43896.717622950826,21,5690.0,0.05103949263022373,21,5690.0
69685.0,45,9116.0,142.4375,1.752470297835503,19973.63607103731,312.08806360995794,2677702.7749999994,41839.105859375006,19,5780.0,0.06362893429698284,19,5780.0
69690.0,48,9349.0,146.078125,1.6001644127325774,20025.62791813333,312.90043622083334,2574908.471,40232.944859375,22,5893.0,0.09918709310017748,22,5893.0
69695.0,45,9379.0,144.2923076923077,2.0068598057379585,19960.52527737105,307.0850042672469,2575145.0760000004,39617.61655384616,19,5825.0,0.16666909820953463,19,5825.0
69700.0,53,9621.0,145.77272727272728,1.5532267105441668,20094.98476884971,304.46946619469253,2609567.2100000004,39538.897121212125,26,5910.0,0.04842476607103876,26,5910.0
69705.0,54,9887.0,149.8030303030303,1.6646248490667188,20332.851650487788,308.0735098558755,2643890.5020000003,40058.947,28,6041.0,0.03551458532047011,28,6041.0
69710.0,57,10167.0,161.38095238095238,0.8001405548260351,20518.07859967757,325.68378729646935,2678207.438,42511.229174603184,30,6184.0,0.00042844142310983336,30,6184.0
69715.0,52,10304.0,168.91803278688525,0.8977981077579903,20682.40240590463,339.05577714597746,2678208.13,43905.051311475414,24,6058.0,0.020943066866832092,24,6058.0
69720.0,48,10462.0,171.50819672131146,2.011231492649253,20950.641531012643,343.45313985266614,2678208.13,43905.051311475414,20,5971.0,0.06460762921565609,20,5971.0
69725.0,44,10607.0,168.36507936507937,1.9263685599099785,21003.13250920873,333.3830557017258,2609676.8470000005,41423.44201587302,16,5965.0,0.086986783502479,16,5965.0
69730.0,48,10802.0,174.2258064516129,1.8589626957995524,21125.56059694491,340.73484833782106,2575437.1570000006,41539.30898387097,21,6079.0,0.15342650312963363,21,6079.0
69735.0,48,11011.0,180.50819672131146,1.421288947357493,20995.694595508827,344.1917146804727,2507017.4450000003,41098.64663934427,22,6174.0,0.09355836888241727,22,6174.0
69740.0,51,11261.0,173.24615384615385,1.6605177904586421,21273.540872246198,327.2852441884032,2575703.1040000007,39626.2016,25,6289.0,0.08234938598565857,25,6289.0
69745.0,56,11528.0,177.35384615384615,1.2112980638832436,21539.58616677672,331.37824871964193,2644376.1539999996,40682.710061538455,29,6412.0,0.007928445078857588,29,6412.0
69750.0,58,11811.0,184.546875,0.574561758931426,21823.94975861001,340.9992149782815,2678713.3039999995,41854.895375,32,6550.0,0.03043863184767698,32,6550.0
69755.0,54,11951.0,186.734375,0.9540163455039192,22085.9362341452,345.0927536585186,2713055.416,42391.490874999996,27,6483.0,0.04518172819019374,27,6483.0
69760.0,51,12128.0,189.5,1.9171727032574637,22370.02905171518,349.5317039330496,2713055.416,42391.490874999996,23,6458.0,0.08150049869089636,23,6458.0
69765.0,48,12304.0,180.94117647058823,1.7101400287237296,22615.600940339253,332.58236676969506,2678739.482,39393.22767647058,20,6546.0,0.057589450565771035,20,6546.0
69770.0,51,12530.0,195.78125,1.4686459640570115,22651.80833980917,353.9345053095184,2541477.8019999997,39710.59065625,25,6659.0,0.08280713645139011,25,6659.0
69775.0,52,12763.0,196.35384615384615,1.156908114789009,22847.693452910364,351.5029761986208,2575874.913,39628.84481538461,26,6759.0,0.08872324833963131,26,6759.0
69780.0,58,13044.0,197.63636363636363,0.8668013356371823,23049.88952342851,349.24075035497737,2610275.3759999997,39549.62690909091,31,6895.0,0.015753871574051875,31,6895.0
69785.0,61,13344.0,193.3913043478261,1.1017920844282998,23342.037088757446,338.2903925906876,2644624.0620000004,38327.88495652174,35,7050.0,0.01632649999654791,35,7050.0
69790.0,62,13651.0,197.84057971014494,0.7857887676874358,23627.402239185325,342.426119408483,2678975.0059999996,38825.72472463768,35,7210.0,0.08670969394165641,35,7210.0
69795.0,54,13408.0,194.31884057971016,0.908000140273453,23952.227960339696,347.13373855564765,2678975.0059999996,38825.72472463768,26,6985.0,0.03300772777585289,26,6985.0
69800.0,55,13591.0,196.97101449275362,0.7242965321888065,24275.127218665773,351.8134379516777,2678975.0059999996,38825.72472463768,26,7012.0,0.03767812776926908,26,7012.0
69805.0,57,13769.0,199.55072463768116,0.8620665715968812,24569.026722340248,356.07285104840935,2644632.894,38328.012956521736,29,7134.0,0.011950431111660335,29,7134.0
69810.0,59,14029.0,203.31884057971016,0.9400209359002447,24878.296873311032,360.55502714943526,2610279.395,37830.13615942029,33,7290.0,0.030731536920225448,33,7290.0
69815.0,61,14256.0,198.0,1.2845480950758201,24811.76247594269,344.60781216587054,2679024.4560000002,37208.672999999995,32,7388.0,0.046895374536479704,32,7388.0
69820.0,60,14551.0,202.09722222222223,1.9294035116080304,25127.21122593651,348.98904480467365,2679024.4560000002,37208.672999999995,32,7533.0,0.0957373455403408,32,7533.0
69825.0,61,14854.0,212.2,1.158273585026826,25278.470596314284,361.1210085187754,2644721.914,37781.74162857143,33,7681.0,0.0279260661436041,33,7681.0
69830.0,65,15170.0,229.84848484848484,0.235443995181876,25523.32664312732,386.71707035041374,2644721.71,40071.54106060606,37,7842.0,0.00015197777585817623,37,7842.0
69835.0,59,15306.0,235.47692307692307,0.47289148545711684,25837.31550521626,397.4971616187116,2644721.71,40688.02630769231,31,7764.0,0.012392179241097038,31,7764.0
69840.0,54,15436.0,237.47692307692307,1.1902918739070616,26140.458771718855,402.16090418029,2644721.71,40688.02630769231,26,7697.0,0.036992115527888905,26,7697.0
69845.0,51,15610.0,213.83561643835617,2.3362526026596666,26441.721854733754,362.2153678730651,2644732.262,36229.20906849315,23,7655.0,0.08561354714072927,23,7655.0
69850.0,50,15800.0,222.53521126760563,2.668153472015432,26418.545337060164,372.09218784591775,2576134.0789999994,36283.57857746478,23,7713.0,0.18148871796044355,23,7713.0
69855.0,56,16062.0,236.2058823529412,0.808807702685701,26261.59214856216,386.19988453767877,2473204.402,36370.652970588235,30,7858.0,0.06916882357518697,30,7858.0
69860.0,49,14889.0,215.7826086956522,1.8022926762939167,26473.378463554414,383.6721516457161,2507664.473,36342.9633768116,22,6896.0,0.10619669096213598,22,6896.0
69865.0,53,15138.0,213.2112676056338,2.8136661744779623,26757.717946702178,376.86926685496036,2576466.5300000003,36288.2609859155,26,6644.0,0.05009057877765133,26,6644.0
69870.0,52,15398.0,219.97142857142856,2.6136990621528358,26453.68510909922,377.90978727284596,2610866.282,37298.08974285715,26,6753.0,0.03649252850739002,26,6753.0
69875.0,55,15665.0,237.34848484848484,1.7354981352612229,25975.457717938138,393.5675411808807,2679652.0919999997,40600.78927272728,28,6875.0,0.09213076079396815,28,6875.0
69880.0,53,15793.0,254.7258064516129,0.9634005390276636,25999.50918112286,419.3469222761752,2714046.0059999996,43774.935580645164,27,6858.0,0.03657429269512804,27,6858.0
69885.0,55,16067.0,255.03174603174602,1.1241756200118902,26286.918681802537,417.2526774889292,2714046.0059999996,43080.095333333324,27,6978.0,7.862489658702721e-07,27,6978.0
69890.0,55,16342.0,263.5806451612903,1.1550132645984257,26482.56492002301,427.1381438713387,2714046.4429999995,43774.94262903226,27,7098.0,0.03652543617956974,27,7098.0
69895.0,56,16619.0,272.44262295081967,0.767645793209168,26700.371036768935,437.7110006027693,2714043.3009999995,44492.51313114755,28,7220.0,0.02584935382018487,28,7220.0
69900.0,48,16580.0,281.0169491525424,1.2414962145131292,26937.327885330866,456.56487941238754,2714040.3009999995,46000.68306779662,20,7041.0,0.034717559808615565,20,7041.0
69905.0,45,16645.0,268.46774193548384,2.307469592951491,27203.004885831433,438.75814331986174,2714040.3009999995,43774.84356451613,17,6915.0,0.08342898767147262,17,6915.0
69910.0,44,16702.0,273.8032786885246,2.2089639059569026,27416.289800724102,449.4473737823623,2679635.1709999996,43928.44542622951,17,6984.0,0.15077222654784508,17,6984.0
69915.0,47,16896.0,291.3103448275862,0.8594584428429115,27321.946736357604,471.0680471785794,2576589.575,44423.95818965518,20,7091.0,0.049095530335108536,20,7091.0
69920.0,46,17092.0,289.6949152542373,1.2958661517835202,27341.24869207763,463.41099478097675,2542318.772,43090.148677966106,20,7172.0,0.05918554065148715,20,7172.0
69925.0,50,17338.0,270.90625,1.9643130196683745,27612.33295063867,431.44270235372915,2611179.6819999996,40799.68253125,24,7273.0,0.049374195355271586,24,7273.0
69930.0,53,17595.0,270.6923076923077,1.5069842549436019,27868.856924139804,428.75164498676634,2680037.1649999996,41231.341,26,7385.0,0.07452524772723504,26,7385.0
69935.0,60,17880.0,288.38709677419354,0.1544815045966853,28111.584146847697,453.4126475298015,2680037.1649999996,43226.405887096786,32,7520.0,0.0016794050977137188,32,7520.0
69940.0,54,18012.0,290.51612903225805,0.81532391742499,28410.149722023194,458.2282213229547,2680037.1649999996,43226.405887096786,26,7363.0,0.036959139513435955,26,7363.0
69945.0,51,18178.0,279.66153846153844,1.5864275715386467,28695.93694017442,441.47595292576034,2680039.1089999997,41231.370907692304,23,7274.0,0.052208524512206186,23,7274.0
69950.0,47,18318.0,281.81538461538463,2.1795366191663437,28976.6547243374,445.79468806672935,2680039.1089999997,41231.370907692304,20,7363.0,0.09204729580061874,20,7363.0
69955.0,51,18542.0,303.9672131147541,0.7749797404639843,28758.51458453789,471.4510587629163,2542580.615,41681.64942622951,24,7476.0,0.05745899932508352,24,7476.0
69960.0,51,18732.0,307.08196721311475,0.8995703830670542,28922.501324035537,474.1393659677956,2542658.055,41682.918934426234,25,7541.0,0.04908781444209113,25,7541.0
69965.0,54,18999.0,283.56716417910445,1.3378001503116963,29221.27025007415,436.1383619414052,2611556.316,38978.452477611936,28,7679.0,0.0440681166444071,28,7679.0
69970.0,59,19280.0,267.77777777777777,1.512636791460979,29493.8184068234,409.6363667614362,2680451.8660000004,37228.498138888885,32,7830.0,0.08531460288154404,32,7830.0
69975.0,61,19577.0,279.6714285714286,0.82578074770585,29746.78321982286,424.9540459974695,2714897.5760000004,38784.25108571428,35,7990.0,0.05806116292947301,35,7990.0
69980.0,60,19734.0,281.9142857142857,0.7752505527368815,30077.769221889583,429.6824174555654,2714897.5760000004,38784.25108571428,32,7921.0,0.04129721378698222,32,7921.0
69985.0,57,19911.0,284.4428571428571,1.6239107566392408,30396.656643348437,434.2379520478349,2714897.5760000004,38784.25108571428,29,7894.0,0.05052765658516836,29,7894.0
69990.0,54,20117.0,287.3857142857143,2.014224797288701,30698.93882744454,438.55626896349344,2714897.5760000004,38784.25108571428,27,7936.0,0.061617215464172786,27,7936.0
69995.0,57,20375.0,299.63235294117646,0.8868995620581498,30595.14595129531,449.9286169308134,2542828.184,37394.53211764706,29,8071.0,0.05065045818772145,29,8071.0
70000.0,54,20540.0,297.6811594202899,1.5773088409612328,30789.91610456338,446.23066818207786,2577351.3049999997,37352.917463768106,27,8071.0,0.0646769694102654,27,8071.0
70005.0,57,20815.0,285.13698630136986,1.8695506919972393,30994.82174203227,424.5865992059214,2577413.914,35307.039917808215,31,8181.0,0.09162305695733342,31,8181.0
70010.0,62,21111.0,289.1917808219178,1.3790892453744386,31263.015441432995,428.26048549908205,2646329.3939999994,36251.0875890411,36,8312.0,0.04998918123450765,36,8312.0
70015.0,66,21431.0,297.65277777777777,0.6026746434519672,31539.281786098505,438.0455803624793,2680784.3939999994,37233.116583333336,39,8465.0,0.0025276197197092592,39,8465.0
70020.0,57,20825.0,301.81159420289856,0.7863701506691867,31823.336386300227,461.20777371449617,2680780.902,38851.89713043478,29,7953.0,0.029227165604235727,29,7953.0
70025.0,51,20886.0,282.2432432432432,1.4285486145467405,32154.665638255472,434.52250862507384,2680785.4579999996,36226.830513513516,22,7846.0,0.06031710664149742,22,7846.0
70030.0,50,21069.0,288.6164383561644,1.7812074694115576,32459.51382078895,444.65087425738295,2646324.6359999995,36251.0224109589,22,7918.0,0.09431301798242217,22,7918.0
70035.0,59,21312.0,296.0,0.8166391511902655,32638.973805064532,453.31908062589616,2611946.1509999996,36277.029875,32,8036.0,0.021810630779281547,32,8036.0
70040.0,54,20779.0,292.6619718309859,1.4883024241888958,32468.187693438325,457.29841821744105,2646427.6779999994,37273.629267605626,26,7463.0,0.03807709653126353,26,7463.0
70045.0,57,21045.0,292.2916666666667,2.3312836422041516,32447.861178735136,450.6647385935434,2646474.2459999993,36756.58675,30,7456.0,0.02133834946043985,30,7456.0
70050.0,55,21320.0,296.1111111111111,2.411225909504802,32408.828588058284,450.1226192785872,2680950.1489999993,37235.41873611111,29,7566.0,0.09283788989661708,29,7566.0
70055.0,59,21607.0,327.3787878787879,0.9714269951594084,32152.91877866184,487.16543604033086,2680941.8969999994,40620.33177272727,31,7680.0,0.05516201770165729,31,7680.0
70060.0,56,21740.0,339.6875,0.7079565959471866,32425.62669280813,506.650417075127,2680941.118999999,41889.704984375,28,7594.0,0.0262526296327072,28,7594.0
70065.0,53,21905.0,342.265625,1.5575519179673987,32718.09241120586,511.2201939250914,2680941.118999999,41889.704984375,25,7526.0,0.05303604088813765,25,7526.0
70070.0,48,22037.0,349.7936507936508,2.2173759999988643,32974.33099610515,523.4020793032561,2646462.3309999993,42007.33858730159,21,7411.0,0.09410810940689769,21,7411.0
70075.0,48,22255.0,353.25396825396825,1.8793603929931162,32972.91528768665,523.3796077410578,2577624.105,40914.668333333335,22,7501.0,0.07782639665606991,22,7501.0
70080.0,51,22503.0,368.9016393442623,1.233086523525208,32918.614756598836,539.6494222393251,2508803.425,41127.924999999996,25,7602.0,0.04033326030258736,25,7602.0
70085.0,39,15151.0,226.13432835820896,1.9895787523693935,33016.88855225453,492.7893813769333,2508919.4469999997,37446.558910447755,17,4940.0,0.10725408603801911,17,4940.0
70090.0,40,9952.0,144.231884057971,3.216178410442672,33280.652832415515,482.32830191906544,2577918.409,37361.13636231884,23,5870.0,0.13534417946842378,23,5870.0
70095.0,34,4090.0,60.14705882352941,2.768448664369042,32393.575073630745,476.37610402398155,2549052.0549999997,37486.059632352946,29,6657.0,0.04693439511201867,29,6657.0
70100.0,42,956.0,14.484848484848484,1.8930814965556453,29298.360632724456,443.9145550412796,2427981.31,36787.595606060604,37,6818.0,0.02901968947251883,37,6818.0
70105.0,40,1019.0,15.676923076923076,1.6177797417310777,23653.820127917137,363.90492504487906,2403537.548,36977.50073846154,31,6797.0,0.024293218728080896,31,6797.0
70110.0,44,1128.0,16.58823529411765,2.1348274459438024,23936.868319717538,352.01276940761073,2596664.058,38186.23614705884,26,6789.0,0.052416795562258034,26,6789.0
70115.0,47,1306.0,19.205882352941178,1.6560246863957682,23527.07571973945,345.98640764322704,2562802.8110000007,37688.27663235295,26,6902.0,0.04800838511976483,26,6902.0
70120.0,53,1544.0,23.393939393939394,0.6843188704979727,23593.44633758159,357.4764596603271,2523770.4720000005,38238.94654545456,29,7036.0,0.03512797604665799,29,7036.0
70125.0,52,1414.0,20.492753623188406,1.1473066334354034,23708.670679070518,343.60392288508,2489361.335000001,36077.70050724638,26,6941.0,0.06925922215715015,26,6941.0
70130.0,53,1637.0,22.73611111111111,1.9419765109776561,24018.075374518117,333.58438020164044,2558383.977000001,35533.110791666666,27,6894.0,0.10690363209989898,27,6894.0
70135.0,59,1917.0,25.905405405405407,1.432986983127659,24329.643228947814,328.77896255334883,2627392.017000001,35505.29752702703,32,7029.0,0.037668961645608734,32,7029.0
70140.0,67,2236.0,32.405797101449274,0.3592455530820006,24313.31779916031,352.36692462551173,2627391.381000001,38078.13595652175,39,7199.0,2.8471749018052787e-05,39,7199.0
70145.0,60,2408.0,34.4,0.9017491358998102,24535.359826700667,350.505140381438,2627391.381000001,37534.16258571429,32,7156.0,0.014766735958002965,32,7156.0
70150.0,56,2608.0,36.22222222222222,1.9677436310997445,24847.346539808426,345.10203527511703,2627391.797000001,36491.552736111116,28,7159.0,0.1097658596685272,28,7159.0
70155.0,54,2800.0,39.436619718309856,1.945692289668679,25024.073505314962,352.45173951147825,2592937.0930000013,36520.24074647888,26,7232.0,0.0682965244795666,26,7232.0
70160.0,56,3038.0,44.6764705882353,0.8357761490732522,25064.354296134887,368.5934455313954,2489528.8680000007,36610.71864705883,29,7377.0,0.06498684049504495,29,7377.0
70165.0,54,3182.0,45.457142857142856,1.4784233260935322,25216.40596006974,360.23437085813924,2455080.4840000006,35072.578342857145,28,7393.0,0.06310250137745207,28,7393.0
70170.0,57,3463.0,48.09722222222222,2.0453975734708796,25521.343883860824,354.46310949806696,2524131.7960000006,35057.38605555556,31,7493.0,0.09268570610759751,31,7493.0
70175.0,61,3752.0,50.7027027027027,1.2966619483808526,25789.13491746205,348.5018232089466,2558656.786000001,34576.44305405405,33,7637.0,0.01194907440865558,33,7637.0
70180.0,65,4067.0,56.486111111111114,0.8310436492694566,25977.834869348073,360.8032620742789,2627703.227000001,36495.878152777776,39,7818.0,0.015315205876822016,39,7818.0
70185.0,55,3476.0,48.95774647887324,0.9645404324571782,26247.405543725825,369.6817682214906,2662228.759000001,37496.17970422536,28,7397.0,0.07650585224256083,28,7397.0
70190.0,55,3427.0,48.267605633802816,1.1398202841497047,26573.791418764496,374.2787523769648,2662228.759000001,37496.17970422536,25,7136.0,0.05036474941619663,25,7136.0
70195.0,52,3602.0,51.457142857142856,0.9293954991572595,26858.415155744002,383.6916450820573,2627724.199000001,37538.91712857143,25,7247.0,0.02445000542861283,25,7247.0
70200.0,58,3863.0,56.80882352941177,0.6775548480765414,26925.03870285663,395.95645151259765,2593205.1970000006,38135.37054411764,31,7380.0,0.003975829358284343,31,7380.0
70205.0,60,4096.0,53.1948051948052,1.7230795059230555,27250.786770911534,353.90632170014976,2627755.969,34126.700896103896,34,7469.0,0.03661596609365927,34,7469.0
70210.0,61,4398.0,58.64,2.055399500792082,27053.08915068663,360.7078553424883,2627754.376,35036.72501333333,33,7609.0,0.11404647461958015,33,7609.0
70215.0,65,4712.0,65.44444444444444,0.5139431093115358,27038.466242149698,375.5342533631901,2593251.346,36017.37980555555,37,7758.0,0.016518284399681664,37,7758.0
70220.0,70,5059.0,72.27142857142857,0.0005199428455356526,27323.71835006589,390.3388335723698,2593251.346,37046.4478,42,7940.0,5.3284464943331624e-05,42,7940.0
70225.0,64,5217.0,74.52857142857142,0.4586979858425989,27667.589365203872,395.2512766457696,2593251.346,37046.4478,36,7901.0,0.013082764208764567,36,7901.0
70230.0,59,5370.0,74.58333333333333,1.4024967567752797,27998.147990882997,388.86316654004156,2593251.478,36017.38163888889,31,7867.0,0.047655073312038464,31,7867.0
70235.0,56,5542.0,78.05633802816901,1.1691607204146426,28156.53853567179,396.5709652911519,2524225.5760000004,35552.47290140845,29,7991.0,0.06290774603752383,29,7991.0
70240.0,60,5802.0,81.71830985915493,0.7595186320136109,28355.328563375893,399.37082483628024,2524299.43,35553.513098591546,33,8152.0,0.05448811524375876,33,8152.0
70245.0,53,4888.0,66.95890410958904,1.5166229120068317,28441.016366975487,389.6029639311712,2489878.651,34107.92672602739,26,7345.0,0.05571235242984271,26,7345.0
70250.0,57,5161.0,68.81333333333333,2.743445724702578,28745.317377464482,383.2708983661932,2559019.005,34120.2534,29,7223.0,0.07141531070759898,29,7223.0
70255.0,59,5440.0,72.53333333333333,2.0270715138580084,28547.448906039917,380.6326520805322,2593588.107,34581.174759999994,33,7353.0,0.012837890350434561,33,7353.0
70260.0,62,5745.0,83.26086956521739,1.087586624599411,28146.847824453263,407.9253307891777,2628150.7359999996,38089.14110144928,35,7501.0,0.025045983383745946,35,7501.0
70265.0,56,5799.0,82.84285714285714,1.3227942228560667,28408.921275785826,405.8417325112261,2628149.8899999997,37544.99842857142,28,7444.0,0.04522269227899922,28,7444.0
70270.0,58,6086.0,88.20289855072464,1.6723316348293285,28668.791574703755,415.4897329667211,2628149.8899999997,38089.1288405797,30,7513.0,0.08572519968433197,30,7513.0
70275.0,59,6377.0,93.77941176470588,1.2372952288337913,28923.403780019064,425.34417323557454,2628146.11,38649.20749999999,31,7639.0,0.0009490292520992682,31,7639.0
70280.0,62,6681.0,99.71641791044776,0.6302465684762417,29079.754633979937,434.02618856686473,2628147.59,39226.08343283582,34,7778.0,2.8036564577471496e-07,34,7778.0
70285.0,54,6694.0,101.42424242424242,1.3465273522967738,29275.047395189336,443.56132416953534,2628148.212,39820.427454545454,26,7614.0,0.05529888299999369,26,7614.0
70290.0,50,6735.0,102.04545454545455,1.703596088203882,29560.458269381776,447.8857313542694,2628148.212,39820.427454545454,22,7470.0,0.11100392096821048,22,7470.0
70295.0,50,6830.0,103.48484848484848,1.5552759021992784,29812.893912945976,451.7105138325148,2593575.766,39296.60251515151,23,7459.0,0.07275048652291118,23,7459.0
70300.0,52,7052.0,108.49230769230769,1.1650653589064086,29916.648389606726,460.25612907087265,2559106.521,39370.86955384615,26,7631.0,0.079927956352466,26,7631.0
70305.0,50,7206.0,109.18181818181819,1.4177018907992804,29935.264718317925,453.5646169442111,2524678.238,38252.700575757575,24,7630.0,0.06937406943063501,24,7630.0
70310.0,54,7465.0,113.10606060606061,1.4963890036365053,29923.815065085015,453.391137349773,2524872.588,38255.64527272727,28,7735.0,0.022277696397411402,28,7735.0
70315.0,58,7741.0,115.53731343283582,1.4918863200641617,30194.81603988561,450.6688961176956,2594088.0160000003,38717.73158208955,31,7857.0,0.06809991020903647,31,7857.0
70320.0,60,8031.0,125.484375,0.44726079585022693,30376.898538860554,474.6390396696962,2628693.9940000004,41073.34365625,34,7992.0,0.0280257530189637,34,7992.0
70325.0,51,7571.0,108.15714285714286,1.6258570982507743,30680.429869519077,438.2918552788439,2663301.0290000006,38047.15755714286,23,7291.0,0.06964485840936233,23,7291.0
70330.0,45,7538.0,104.69444444444444,2.6980470921424313,30966.52663566421,430.0906477175585,2663301.4490000005,36990.29790277778,16,6898.0,0.21597210840036293,16,6898.0
70335.0,46,7681.0,108.1830985915493,1.9725470008984263,30947.245146278292,435.87669220110257,2663301.4490000005,37511.28801408451,18,6953.0,0.06520905838132322,18,6953.0
70340.0,53,7921.0,118.22388059701493,0.9854365349220565,30880.403538735725,460.9015453542645,2525083.400000001,37687.81194029851,27,7066.0,0.04895823474878148,27,7066.0
70345.0,53,8136.0,121.43283582089552,1.3007606908959148,30907.676257198764,461.308600853713,2559702.7700000005,38204.51895522388,27,7137.0,0.007138521020130677,27,7137.0
70350.0,55,8408.0,127.39393939393939,1.1653388340384088,30802.158890574745,466.6993771299205,2594316.9040000006,39307.83187878789,29,7254.0,0.0007839665077198138,29,7254.0
70355.0,60,8693.0,125.98550724637681,1.3834947574482883,31070.59379783397,450.2984608381736,2628939.5300000007,38100.57289855073,31,7383.0,0.026137685530261807,31,7383.0
70360.0,59,8986.0,138.24615384615385,0.8363149997159675,31157.159688078398,479.3409182781293,2594411.7570000007,39914.02703076923,31,7513.0,0.04231662719959522,31,7513.0
70365.0,55,9122.0,140.33846153846153,1.2372074028204314,31436.76672378676,483.6425649813348,2594411.7570000007,39914.02703076923,27,7373.0,0.09843914268881265,27,7373.0
70370.0,53,9264.0,142.52307692307693,1.4400365224224703,31728.318953707814,488.12798390319705,2594411.7570000007,39914.02703076923,25,7181.0,0.06344427893545801,25,7181.0
70375.0,50,9434.0,147.40625,1.3558000006529713,32002.398264580796,500.0374728840748,2559791.9820000003,39996.74971875,23,7274.0,0.0759197422152407,23,7274.0
70380.0,53,9672.0,153.52380952380952,0.9196754057241504,31957.593800034923,507.26339365134794,2525375.261000001,40085.32160317462,26,7396.0,0.05152596171736224,26,7396.0
70385.0,53,9893.0,147.65671641791045,1.494053097284243,31988.412642902596,477.438994670188,2490913.1210000007,37177.807776119414,27,7481.0,0.053250890702123445,27,7481.0
70390.0,55,10166.0,149.5,1.6689120297517537,32164.07418851505,473.00109100757413,2525627.6540000006,37141.58314705883,29,7599.0,0.11983735273036977,29,7599.0
70395.0,60,10455.0,151.52173913043478,0.7723141598226705,32451.57076200176,470.3126197391559,2594909.9240000006,37607.390202898554,33,7742.0,0.0320995812172987,33,7742.0
70400.0,65,10769.0,158.36764705882354,0.3349240961547344,32738.19213271666,481.44400195171556,2629549.5120000006,38669.84576470589,39,7916.0,0.012674222356821627,39,7916.0
70405.0,60,10942.0,149.8904109589041,1.3452917955898385,33072.482600709125,453.0477068590291,2664193.173000001,36495.79689041096,32,7873.0,0.05928367316266452,32,7873.0
70410.0,55,11121.0,150.28378378378378,2.156728496354644,33384.60972615281,451.1433746777407,2664193.309000001,36002.61228378378,27,7868.0,0.08385408990452563,27,7868.0
70415.0,55,11336.0,153.1891891891892,1.7688067150651043,33659.07774478903,454.8524019566085,2629570.7510000006,35534.73987837837,28,7988.0,0.08319264925911837,28,7988.0
70420.0,62,11617.0,165.95714285714286,0.5739006286508285,33633.37207300195,480.4767439000277,2491156.2120000003,35587.94588571429,35,8138.0,0.04343762741327052,35,8138.0
70425.0,51,10781.0,154.0142857142857,1.6254077574310108,33861.493733104624,483.7356247586376,2491208.2660000003,35588.68951428571,25,7338.0,0.08120522494406232,25,7338.0
70430.0,53,11044.0,153.38888888888889,2.2831269016551263,34158.40319706291,474.42226662587404,2560507.4020000007,35562.60280555555,27,7258.0,0.01440473696244437,27,7258.0
70435.0,58,11323.0,150.97333333333333,2.4120394219165404,34444.78796144693,459.2638394859591,2629816.1270000003,35064.21502666666,31,7377.0,0.018491619598254648,31,7377.0
70440.0,59,11611.0,170.75,1.4754532346655749,33645.09156282973,494.7807582769079,2629810.7070000004,38673.686867647055,31,7502.0,0.07158565962020254,31,7502.0
70445.0,55,11730.0,172.5,1.0971461133992506,33837.32502873205,497.6077210107656,2629809.857000001,38673.67436764705,27,7475.0,0.03834355606420931,27,7475.0
70450.0,59,12018.0,176.73529411764707,1.4845961657199056,34141.505424224364,502.08096212094677,2629809.857000001,38673.67436764705,30,7567.0,0.08598780795484152,30,7567.0
70455.0,59,12307.0,183.6865671641791,0.969509417184294,34395.7206040766,513.3689642399495,2629806.0750000007,39250.8369402985,31,7688.0,0.009166974873449989,31,7688.0
70460.0,62,12614.0,191.12121212121212,0.3639193339153246,34584.19259402726,524.0029180913225,2629807.7510000006,39845.57198484848,34,7825.0,0.004568191929397994,34,7825.0
70465.0,60,12895.0,198.3846153846154,0.7660558581562378,34852.713828099346,536.195597355375,2629807.7510000006,40458.58078461538,32,7936.0,0.006889514481301945,32,7936.0
70470.0,61,13198.0,203.04615384615386,0.6774602744727687,35160.77636059612,540.9350209322484,2629807.7510000006,40458.58078461538,33,8069.0,0.003555928590942118,33,8069.0
70475.0,62,13507.0,207.8,0.5393583506029251,35449.11002267177,545.3709234257199,2629807.3970000003,40458.57533846154,34,8208.0,2.0220917683278783e-06,34,8208.0
70480.0,62,13817.0,219.31746031746033,0.14362918680171502,35741.80824827505,567.3302896551598,2629806.7570000007,41742.964396825395,34,8348.0,0.017676024293652205,34,8348.0
70485.0,56,13688.0,201.2941176470588,0.9159347060270674,36056.98716143867,530.2498111976275,2629811.6090000006,38673.70013235294,28,8120.0,0.017389159955460302,28,8120.0
70490.0,52,13702.0,201.5,2.3210442374113036,36352.113538736994,534.5899049814266,2629811.6090000006,38673.70013235294,24,7987.0,0.09798685282356628,24,7987.0
70495.0,51,13654.0,206.87878787878788,1.3637860943849658,36401.73541111943,551.5414456230217,2560564.098,38796.42572727273,24,8071.0,0.08339314021334535,24,8071.0
70500.0,56,13864.0,213.2923076923077,0.6809486226651135,36495.998712508735,561.4769032693654,2526026.7130000005,38861.94943076923,29,8233.0,0.03570487194444128,29,8233.0
70505.0,51,13921.0,207.77611940298507,1.4036565646508907,36504.22057643824,544.8391130811679,2491511.995,37186.746194029845,25,8222.0,0.07109798252030047,25,8222.0
70510.0,54,14185.0,199.7887323943662,1.7829299000136365,36802.70896366429,518.3480135727367,2560934.442,36069.49918309859,28,8290.0,0.09789322939784656,28,8290.0
70515.0,61,14467.0,198.17808219178082,1.4758141956242963,37080.30741891222,507.9494166974277,2630352.4229999995,36032.22497260274,34,8412.0,0.018525107148118725,34,8412.0
70520.0,63,14775.0,211.07142857142858,1.0348086369875409,37275.05221163407,532.5007458804866,2630351.4969999995,37576.44995714285,35,8557.0,0.06133539013950854,35,8557.0
70525.0,56,14025.0,206.25,0.6611042482400641,37485.823741423985,551.2621138444704,2630348.4969999995,38681.59554411764,27,7878.0,0.024279243024414268,27,7878.0
70530.0,51,13861.0,203.83823529411765,1.2660487624832328,37798.08872847667,555.85424600701,2630348.4969999995,38681.59554411764,22,7519.0,0.07663608968427471,22,7519.0
70535.0,52,14007.0,200.1,1.245749957560295,38026.03330889371,543.2290472699101,2595694.2509999997,37081.34644285714,22,7594.0,0.04688788978837837,22,7594.0
70540.0,55,14242.0,209.44117647058823,1.1643666923410227,38018.48496742225,559.0953671679742,2560978.743,37661.45210294117,29,7714.0,0.03270043416983528,29,7714.0
70545.0,55,14405.0,211.83823529411765,1.5415418452100589,37757.95766322821,555.2640832827678,2630439.303,38682.93092647058,29,7734.0,0.07669923430902985,29,7734.0
70550.0,58,14689.0,219.23880597014926,1.3795403012212757,37812.90596134228,564.3717307663029,2630435.681,39260.234044776116,30,7851.0,0.029160570549298163,30,7851.0
70555.0,59,14980.0,230.46153846153845,1.0686428217270865,37890.928121527795,582.9373557158124,2595818.259,39935.665523076925,31,7972.0,3.243388605410667e-05,31,7972.0
70560.0,59,15275.0,250.40983606557376,0.3869460423688742,38084.97442655779,624.3438430583246,2595817.549,42554.38604918032,31,8097.0,0.0,31,8097.0
70565.0,53,15380.0,229.55223880597015,1.136866028057994,38359.08322613994,572.5236302408949,2595828.117,38743.70323880597,25,7895.0,0.019027837402499557,25,7895.0
70570.0,48,15474.0,230.955223880597,2.677126591820877,38640.54698328515,576.7245818400771,2595828.117,38743.70323880597,20,7704.0,0.1878931449906624,20,7704.0
70575.0,47,15591.0,236.22727272727272,1.5956824926915154,38742.75918347808,587.0115027799711,2561182.897,38805.80146969697,20,7639.0,0.0964002226168195,20,7639.0
70580.0,55,15819.0,247.171875,0.8137919553215519,38653.20947659538,603.9563980718029,2491953.754,38936.77740625,28,7763.0,0.05135538872294215,28,7763.0
70585.0,52,16048.0,250.75,1.173639359814083,38778.10122734203,605.9078316772193,2492070.2180000003,38938.59715625,26,7860.0,0.0396654362707789,26,7860.0
70590.0,54,16314.0,243.49253731343285,1.5288827745971008,38909.31685798216,580.7360725071964,2526953.3380000005,37715.72146268657,28,7966.0,0.0450808993241244,28,7966.0
70595.0,60,16597.0,237.1,1.5097492402823376,39198.85580122795,559.9836543032568,2596473.7130000005,37092.48161428571,33,8089.0,0.08138719786988831,33,8089.0
70600.0,61,16896.0,248.47058823529412,0.6301676017173331,39458.03548620473,580.265227738305,2631230.0220000003,38694.55914705882,35,8228.0,0.07281778968826395,35,8228.0
70605.0,59,17070.0,243.85714285714286,0.9670749296065091,39787.58761932025,568.3941088474322,2665989.1080000005,38085.558685714284,32,8072.0,0.04411151893654312,32,8072.0
70610.0,57,17282.0,246.88571428571427,1.8381160984303424,40099.82599672195,572.8546570960278,2665989.1080000005,38085.558685714284,29,7926.0,0.07229722919007951,29,7926.0
70615.0,53,17473.0,249.61428571428573,2.094424752610123,40209.321959931396,574.4188851418771,2596570.2400000007,37093.86057142857,26,7822.0,0.07405732823475283,26,7822.0
70620.0,55,17726.0,260.6764705882353,1.8626281583955462,40309.84168129289,592.791789430778,2527163.379,37164.1673382353,28,7936.0,0.07438677768516282,28,7936.0
70625.0,55,17998.0,260.84057971014494,1.0512036720397808,40174.814204121496,582.2436841177031,2457922.312000001,35622.06249275363,29,8058.0,0.04216723401108651,29,8058.0
70630.0,50,17505.0,253.69565217391303,1.6719727134066484,40280.46922373555,583.7749162860224,2458046.2260000007,35623.8583478261,24,7486.0,0.11218524840562975,24,7486.0
70635.0,56,17769.0,250.26760563380282,2.3274078551447164,40573.74020439439,571.4611296393575,2527584.6410000003,35599.783676056344,29,7509.0,0.06042901705735074,29,7509.0
70640.0,57,18050.0,243.9189189189189,2.2328561980935344,40873.59850378097,552.3459257267697,2562354.1770000006,34626.4077972973,31,7630.0,0.02587522592188263,31,7630.0
70645.0,61,18346.0,265.8840579710145,0.9631981428521569,40336.14624126188,584.5818295835054,2631883.2600000002,38143.23565217391,35,7766.0,0.01602301199858441,35,7766.0
70650.0,55,18495.0,264.2142857142857,1.5792996509027297,40639.254411262125,580.5607773037445,2701418.304,38591.690057142856,28,7713.0,0.11880918043310551,28,7713.0
70655.0,54,18663.0,262.85915492957747,1.9635641538443536,40946.63056494785,576.7131065485611,2701418.304,38048.14512676057,26,7667.0,0.049391954733380504,26,7667.0
70660.0,52,18878.0,265.88732394366195,2.095564987440324,41245.321943676136,580.9200273757205,2701418.304,38048.14512676057,25,7764.0,0.06941470327903494,25,7764.0
70665.0,55,19139.0,285.65671641791045,0.8136656652539801,41127.04985597323,613.8365650145261,2492953.5090000005,37208.26132835821,29,7886.0,0.048090201854748195,29,7886.0
70670.0,50,19067.0,284.5820895522388,1.304481669665743,41365.82913095236,617.400434790334,2492970.5650000004,37208.51589552238,23,7728.0,0.04056126562274475,23,7728.0
70675.0,53,19322.0,280.0289855072464,1.8757839353954235,41660.4268768267,603.7743025627058,2527746.3000000003,36634.004347826085,27,7756.0,0.12168660893476448,27,7756.0
70680.0,58,19600.0,280.0,1.4128317422275831,41893.06217440384,598.472316777198,2597291.3220000006,37104.16174285715,32,7867.0,0.0017755656499572085,32,7867.0
70685.0,59,19894.0,276.30555555555554,1.5601482079500055,42094.52570489285,584.6461903457342,2632066.5290000006,36556.47956944445,33,8001.0,0.027501502047526643,33,8001.0
70690.0,50,19292.0,275.6,2.0933852354855254,42253.83101047682,603.6261572925262,2632066.0290000006,37600.943271428565,22,7406.0,0.13087444112458366,22,7406.0
70695.0,43,19076.0,280.52941176470586,2.199357420442722,42436.459079197426,624.0655746940802,2632066.0290000006,38706.853367647054,15,6948.0,0.11039157590672784,15,6948.0
70700.0,47,19230.0,287.0149253731343,1.9413311288229764,42707.423163187195,637.4242263162267,2597289.2670000005,38765.511447761186,19,6999.0,0.09449101824850425,19,6999.0
70705.0,53,19456.0,304.0,1.020905330479379,42537.95644754826,664.6555694929418,2527788.876,39496.7011875,27,7110.0,0.029570955027803103,27,7110.0
70710.0,52,19662.0,312.0952380952381,1.2566919841175246,41994.8997072681,666.5857096391762,2597360.761,41227.94858730159,25,7157.0,0.037778852418423395,25,7157.0
70715.0,57,19928.0,297.43283582089555,1.2914669397849543,42286.06568661712,631.1353087554793,2632147.386,39285.78188059702,28,7262.0,0.0016804528922198345,28,7262.0
70720.0,58,20214.0,306.27272727272725,1.4063936928565388,42478.95465983024,643.6205251489434,2597388.761,39354.37516666667,30,7382.0,0.04174257959999459,30,7382.0
70725.0,59,20505.0,315.46153846153845,0.6266477126965032,42700.98804410153,656.9382776015622,2597388.761,39959.82709230769,31,7503.0,0.05316504806354009,31,7503.0
70730.0,56,20636.0,317.4769230769231,1.0406095062199505,43006.05637521861,661.631636541825,2597388.761,39959.82709230769,28,7446.0,0.06342918064802767,28,7446.0
70735.0,52,20779.0,319.67692307692306,1.5074082861442353,43299.17682195089,666.1411818761678,2597388.761,39959.82709230769,24,7358.0,0.044264234018609745,24,7358.0
70740.0,51,20946.0,332.4761904761905,1.2444308293583002,43444.7724419366,689.5995625704223,2527845.8559999997,40124.537396825384,24,7447.0,0.06591910102679154,24,7447.0
70745.0,52,21179.0,316.1044776119403,1.257081084364749,43553.40579278174,650.0508327280861,2493131.383,37210.9161641791,26,7590.0,0.05029204647870538,26,7590.0
70750.0,53,21385.0,314.4852941176471,1.5868557759354622,43666.36736167705,642.1524612011332,2493226.257,36665.09201470588,26,7636.0,0.1326945317645106,26,7636.0
70755.0,56,21655.0,309.35714285714283,1.5307018256602087,43972.07208677426,628.1724583824897,2528040.123,36114.85889999999,30,7746.0,0.1060875472889035,30,7746.0
70760.0,60,21948.0,309.1267605633803,1.0313009896683343,44267.37931012879,623.4842156356173,2597664.742,36586.82735211267,34,7879.0,0.013025877444108878,34,7879.0
70765.0,64,22264.0,313.5774647887324,0.973455423255706,44561.438841898154,627.6258991816644,2632474.378,37077.103915492946,38,8035.0,0.013879136971869967,38,8035.0
70770.0,64,22584.0,313.6666666666667,0.8668534531323815,44880.05298807098,623.3340692787641,2702095.481,37529.10390277778,38,8195.0,0.056335174904603956,38,8195.0
70775.0,56,22352.0,310.44444444444446,1.1169240739934772,45183.76627128396,627.5523093233883,2702095.481,37529.10390277778,27,7701.0,0.03557728835942252,27,7701.0
70780.0,52,22428.0,311.5,1.4443573606568243,45507.112430147565,632.0432281964942,2702095.481,37529.10390277778,23,7471.0,0.0702498520710011,23,7471.0
70785.0,52,22575.0,322.5,1.0420073444737623,45500.20883259336,650.0029833227625,2667278.015,38103.97164285715,25,7561.0,0.028054836882966245,25,7561.0
70790.0,56,22831.0,335.75,0.9742250554481304,45785.37395160312,673.3143228176932,2597645.6300000004,38200.671029411766,30,7684.0,0.005455015692186055,30,7684.0
70795.0,59,23081.0,334.5072463768116,1.0840915228203944,45832.456514039084,664.2385002034653,2597664.3430000003,37647.30931884058,33,7774.0,0.00037084446831262235,33,7774.0
70800.0,61,23383.0,349.0,1.0520755195180898,45828.789810315626,684.0117882136664,2562895.791,38252.17598507463,33,7909.0,6.642408710655922e-06,33,7909.0
70805.0,62,23689.0,329.0138888888889,1.0356622725801392,45951.26338624177,638.2119914755806,2562898.1410000003,35595.80751388889,34,8045.0,0.021466472812297733,34,8045.0
70810.0,63,24004.0,342.9142857142857,1.0004610123854356,46228.3849013883,660.4054985912614,2562898.1410000003,36612.83058571429,35,8190.0,0.09284901099454275,35,8190.0
70815.0,54,24039.0,343.4142857142857,0.7769151142585917,46555.43882439918,665.077697491417,2562898.1410000003,36612.83058571429,26,7907.0,0.04685702308257322,26,7907.0
70820.0,57,24175.0,335.7638888888889,1.1074468973519527,46884.93998408972,651.1797220012462,2562899.429,35595.82540277778,28,7942.0,0.03671813747694223,28,7942.0
70825.0,57,24339.0,342.80281690140845,1.3474915807244368,47055.27306903534,662.7503249159909,2528132.359,35607.49801408451,30,8055.0,0.02238108731797837,30,8055.0
70830.0,58,24598.0,346.4507042253521,0.8455715068279369,47153.708064651946,664.1367333049569,2562996.6960000005,36098.54501408451,32,8223.0,0.021056739240124238,32,8223.0
70835.0,58,24800.0,349.2957746478873,1.2793058436531548,47353.0794260372,666.9447806484112,2597854.764000001,36589.50371830986,32,8293.0,0.02870051412067,32,8293.0
70840.0,60,25099.0,353.50704225352115,1.3101286748672278,47516.26503951818,669.2431695706786,2597945.2620000006,36590.778338028176,34,8432.0,0.05087458450673952,34,8432.0
70845.0,63,25413.0,348.1232876712329,1.2392327611687182,47808.17961570008,654.9065700780834,2597946.7640000004,35588.31183561644,35,8577.0,0.006740007399842055,35,8577.0
70850.0,64,25731.0,378.3970588235294,0.7808435044914601,48022.55450557719,706.2140368467233,2597943.1200000006,38205.04588235294,36,8725.0,0.023198555746912795,36,8725.0
70855.0,57,25830.0,385.5223880597015,0.8006656426916876,48336.253017929936,721.4366122079095,2597943.1200000006,38775.2704477612,29,8536.0,0.02870843420322356,29,8536.0
70860.0,54,25969.0,387.5970149253731,1.4163772927369127,48643.14170211301,726.017040330045,2597943.1200000006,38775.2704477612,26,8408.0,0.03755393882772264,26,8408.0
70865.0,51,26126.0,389.94029850746267,1.4893675397788768,48707.18916646212,726.972972633763,2528306.3310000007,37735.915388059715,24,8499.0,0.05539417284080436,24,8499.0
70870.0,53,26363.0,382.07246376811594,1.4043634230431856,48982.18649187763,709.8867607518497,2563197.946000001,37147.79631884058,27,8649.0,0.08326192362619073,27,8649.0
70875.0,44,24712.0,363.4117647058824,1.9817315010482053,48784.509686876285,717.4192601011223,2528641.841000001,37185.9094264706,17,7373.0,0.08872797453980776,17,7373.0
70880.0,47,24936.0,361.39130434782606,3.11383759347091,49052.37554949157,710.9039934708924,2563533.206000001,37152.655159420305,21,6902.0,0.1140480296075125,21,6902.0
70885.0,51,25183.0,349.7638888888889,2.6634980164250006,48903.617520693166,679.2169100096273,2633307.276000001,36573.712166666664,25,6989.0,0.036459682559002164,25,6989.0
70890.0,55,25450.0,391.53846153846155,1.6444180187726416,48125.16375827582,740.3871347427053,2633303.062000001,40512.3548,27,7090.0,0.044173134042986464,27,7090.0
70895.0,52,25588.0,412.7096774193548,1.08620238078939,47862.22028807699,771.971294968984,2633298.134000001,42472.550548387095,22,7058.0,0.022249305723336787,22,7058.0
70900.0,52,25847.0,423.72131147540983,1.5849388630491255,48126.70432540024,788.9623659901681,2633298.134000001,43168.821868852465,24,7147.0,0.037409263452538116,24,7147.0
70905.0,53,26109.0,442.52542372881356,1.342648860773847,48332.896342283515,819.20163292006,2633296.988000001,44632.152338983055,25,7239.0,0.05620000630550353,25,7239.0
70910.0,54,26375.0,462.719298245614,0.1920926110749196,48493.71742538719,850.7669723752143,2633301.056000001,46198.264140350875,26,7335.0,0.03071146054406239,26,7335.0
70915.0,48,26348.0,462.2456140350877,1.1047652331208395,48764.702155582134,855.5210904488098,2633301.056000001,46198.264140350875,20,7056.0,0.08929937383446351,20,7056.0
70920.0,43,26367.0,462.57894736842104,1.8135738336059188,49018.01738462987,859.9652172742087,2633301.056000001,46198.264140350875,15,6836.0,0.0827466155672658,15,6836.0
70925.0,42,26425.0,426.2096774193548,1.9828891069618666,49239.46358906227,794.1848965977789,2598416.6540000006,41909.94603225806,15,6883.0,0.07639708491058689,15,6883.0
70930.0,46,26603.0,450.89830508474574,1.7701031741675448,48868.36659691972,828.2773999477921,2494092.156000001,42272.74840677966,19,6976.0,0.15835134830996442,19,6976.0
70935.0,46,26778.0,453.864406779661,1.1797320595390042,48970.78235696674,830.013260287572,2494208.270000001,42274.71644067796,20,7029.0,0.06278542421087031,20,7029.0
70940.0,50,27024.0,443.0163934426229,1.3277201015382787,49242.14686069071,807.248309191651,2564072.6720000007,42033.978229508204,24,7115.0,0.05724876502127844,24,7115.0
70945.0,52,27279.0,439.98387096774195,1.5507552250179657,49480.9190305224,798.0793392019743,2633924.7090000003,42482.6565967742,25,7210.0,0.060229023464293804,25,7210.0
70950.0,55,27546.0,459.1,0.6906615857555926,49737.95243250458,828.9658738750767,2633918.0690000006,43898.634483333335,27,7312.0,0.0005690981622617158,27,7312.0
70955.0,49,27670.0,468.9830508474576,1.2510851460390322,49959.09176408093,846.7642671878125,2633918.0690000006,44642.679135593215,21,7101.0,0.08802213354414003,21,7101.0
70960.0,45,27786.0,470.9491525423729,1.7631412031279874,50219.6827519007,851.1810635915375,2633918.0690000006,44642.679135593215,17,6893.0,0.09412124872516962,17,6893.0
70965.0,45,27928.0,457.8360655737705,1.6445828730013972,50291.93065427452,824.4578795782709,2599110.2590000005,42608.364901639354,18,6947.0,0.06760910196543235,18,6947.0
70970.0,48,28141.0,476.96610169491527,1.2531877616364626,50343.962511227604,853.2875001902987,2529382.3540000003,42870.8873559322,21,7034.0,0.08435458530204949,21,7034.0
70975.0,48,28358.0,464.88524590163934,0.988556079135742,50250.271541310365,823.7749433001702,2494705.5230000005,40896.81185245902,22,7107.0,0.046710988300025194,22,7107.0
70980.0,53,28615.0,454.2063492063492,1.7304191319102507,50527.71639278607,802.027244329938,2564601.9690000005,40707.967761904765,27,7204.0,0.1009577455483389,27,7204.0
70985.0,56,28885.0,431.1194029850746,0.6864559442208105,50792.87268603033,758.102577403438,2634493.7220000005,39320.80182089552,29,7314.0,0.014256855384846442,29,7314.0
70990.0,62,29190.0,442.27272727272725,0.7843958895620844,51097.414143252674,774.203244594738,2634493.7220000005,39916.57154545454,34,7453.0,0.04790388593560081,34,7453.0
70995.0,56,29331.0,444.40909090909093,0.6300963563610175,51412.919340046516,778.9836263643411,2634493.7220000005,39916.57154545454,28,7292.0,0.022797678843977237,28,7292.0
71000.0,54,29491.0,433.69117647058823,1.5464554706100992,51718.49220051195,760.5660617722343,2634495.0140000004,38742.573735294114,26,7192.0,0.044002385851874326,26,7192.0
71005.0,52,29676.0,430.0869565217391,1.957897770881647,52016.24666204125,753.8586472759602,2634495.0140000004,38181.08715942028,25,7284.0,0.05022224881321639,25,7284.0
71010.0,54,29924.0,453.3939393939394,0.9252443223328879,51933.16144263616,786.8660824641845,2529871.9420000003,38331.39306060606,28,7424.0,0.07144367138031335,28,7424.0
71015.0,47,20948.0,312.65671641791045,1.328589018282666,51963.931642687035,775.5810692938364,2530044.8060000003,37761.8627761194,24,5485.0,0.07071458196187956,24,5485.0
71020.0,41,12049.0,177.19117647058823,2.351744063113776,52252.41630000233,768.4178867647403,2565007.498,37720.6985,28,5591.0,0.07662894353158858,28,5591.0
71025.0,36,4960.0,70.85714285714286,2.566676035602836,52471.28066520546,749.5897237886495,2634936.041,37641.94344285715,31,6691.0,0.05758047862629356,31,6691.0
71030.0,39,1495.0,22.313432835820894,2.403067897731768,45228.64988670947,675.0544759210369,2481164.97,37032.312985074626,38,7810.0,0.026322146883663793,38,7810.0
71035.0,34,1224.0,18.545454545454547,2.1795836005231335,39570.656174410935,599.5553965819837,2421402.9320000005,36687.923212121204,28,7571.0,0.06243301032987471,28,7571.0
71040.0,44,1305.0,19.47761194029851,1.397072065002922,36662.551748914295,547.2022649091684,2489782.2840000005,37160.9296119403,27,7628.0,0.014114264186043066,27,7628.0
71045.0,47,1438.0,19.698630136986303,1.7235058233252811,36012.34268499265,493.31976280811847,2555946.8750000005,35012.97089041096,29,7734.0,0.011975411032282885,29,7734.0
71050.0,54,1676.0,22.64864864864865,1.7017900703844901,36265.45923179857,490.0737734026836,2581600.1840000004,34886.48897297297,32,7867.0,0.04847129503577261,32,7867.0
71055.0,58,1813.0,24.5,1.2504600181174574,36309.43610804261,490.6680555140893,2646940.6709999996,35769.46852702703,33,7881.0,0.01128972633815772,33,7881.0
71060.0,63,2119.0,29.430555555555557,1.1167072716401591,36446.137227576095,506.1963503830014,2646939.605,36763.05006944445,34,7986.0,0.024771678661641774,34,7986.0
71065.0,65,2431.0,32.851351351351354,1.3548188470378582,36777.28181796954,496.9902948374263,2646942.6289999997,35769.49498648649,37,8124.0,0.008447315187221745,37,8124.0
71070.0,64,2751.0,39.3,1.03217438687397,37066.56835797882,529.522405113983,2646941.479,37813.44969999999,36,8269.0,0.040365374110309944,36,8269.0
71075.0,62,2894.0,41.94202898550725,0.5649111354678411,37212.49889965828,539.3115782559173,2646942.4869999997,38361.485318840576,32,8109.0,0.02664688498024121,32,8109.0
71080.0,57,3062.0,44.3768115942029,1.4964288467013074,37531.58245317769,543.9359775822854,2646942.4869999997,38361.485318840576,29,8021.0,0.0614578796424978,29,8021.0
71085.0,54,3191.0,46.2463768115942,1.2732772611358032,37657.79369548479,545.7651260215188,2612051.849,37855.82389855072,27,8121.0,0.07463023295164621,27,8121.0
71090.0,59,3444.0,50.64705882352941,0.6064166778531239,37650.21550023001,553.679639709265,2577252.4140000003,37900.77079411765,32,8289.0,0.04315771761677058,32,8289.0
71095.0,48,2044.0,30.058823529411764,1.4957491578304503,37833.07435339336,556.3687404910788,2577339.524,37902.051823529415,22,7207.0,0.05691600385943853,22,7207.0
71100.0,51,2290.0,32.714285714285715,2.911856189255901,38115.46793336958,544.5066847624225,2647375.728,37819.653257142854,25,6881.0,0.06680368692637227,25,6881.0
71105.0,55,2554.0,34.986301369863014,2.526873778016439,37666.24757508158,515.9759941791998,2717403.8300000005,37224.71,28,7000.0,0.04856568796243909,28,7000.0
71110.0,58,2834.0,43.6,1.2882512914536832,36999.97266924988,569.2303487576905,2717395.0300000003,41806.07738461539,30,7124.0,0.09412311755489877,30,7124.0
71115.0,52,2971.0,47.15873015873016,0.712946753113046,37208.36888640513,590.6090299429387,2717391.8120000004,43133.20336507937,24,6975.0,0.02570219556050362,24,6975.0
71120.0,52,3143.0,49.888888888888886,1.4540061303279292,37498.43768038302,595.2132965140162,2717391.8120000004,43133.20336507937,24,6871.0,0.04096422114872533,24,6871.0
71125.0,49,3307.0,50.87692307692308,1.719082597556905,37619.09867234764,578.7553641899636,2682469.0770000005,41268.75503076923,21,6945.0,0.05681704015350043,21,6945.0
71130.0,50,3514.0,54.90625,1.4655566467894312,37717.391587460515,589.3342435540707,2577504.8870000006,40273.513859375,24,7042.0,0.08408438187565934,24,7042.0
71135.0,47,3482.0,53.56923076923077,1.5988552625191943,37735.53393790595,580.5466759677838,2577678.7640000004,39656.59636923078,20,6924.0,0.1187653732727946,20,6924.0
71140.0,53,3726.0,55.61194029850746,1.9824748018233804,38020.17221836026,567.4652569904517,2647748.911000001,39518.64046268657,25,6939.0,0.08477793977420492,25,6939.0
71145.0,53,3985.0,58.60294117647059,1.7939703119604196,38264.10177886194,562.707379100911,2682781.1820000014,39452.66444117648,27,7036.0,0.038110464149690236,27,7036.0
71150.0,58,4270.0,66.71875,0.9743840423006969,38417.79050338805,600.2779766154384,2717810.3940000013,42465.78740625,31,7154.0,0.02165695116203195,31,7154.0
71155.0,53,4407.0,69.95238095238095,1.0623881595456333,38535.576177903014,611.6758123476669,2717808.1180000016,43139.81139682542,25,7019.0,0.026722782714025613,25,7019.0
71160.0,48,4550.0,73.38709677419355,2.0317242549118153,38792.78323008124,625.6900520980846,2717808.1180000016,43835.61480645162,20,6899.0,0.06435340555426501,20,6899.0
71165.0,44,4693.0,72.2,2.6707546190142395,39041.68333244482,600.6412820376127,2682774.483000002,41273.45358461539,18,6707.0,0.123824526986086,18,6707.0
71170.0,45,4915.0,79.2741935483871,2.167653591912338,38847.08427321725,626.5658753744716,2577915.5020000013,41579.28229032258,19,6793.0,0.16731974151124482,19,6793.0
71175.0,50,5155.0,83.14516129032258,1.0296799298033124,38994.46546025708,628.9429912944692,2578004.958000001,41580.72512903226,24,6868.0,0.06269212070835346,24,6868.0
71180.0,50,5356.0,85.01587301587301,1.151879534153211,38907.72635442769,617.5829580067887,2543203.5100000007,40368.309682539686,24,6905.0,0.055204634752339984,24,6905.0
71185.0,54,5619.0,86.44615384615385,1.7212491978041493,39190.49161224976,602.9306401884579,2613304.2460000007,40204.68070769231,27,7002.0,0.043873598577899374,27,7002.0
71190.0,55,5887.0,91.984375,1.3489418946875433,39446.24143091625,616.3475223580667,2648353.0740000005,41380.51678125,29,7105.0,0.06734202266955823,29,7105.0
71195.0,59,6173.0,94.96923076923076,0.6027085742530524,39691.97360586931,610.6457477826048,2718440.3860000004,41822.15978461539,33,7226.0,0.012238151370070513,33,7226.0
71200.0,50,5847.0,91.359375,1.0861967433529125,39966.024411494676,624.4691314296047,2753484.7580000004,43023.19934375,23,6836.0,0.08174708024025436,23,6836.0
71205.0,51,5995.0,85.64285714285714,1.371827001992443,40269.93498194621,575.2847854563747,2753489.6260000006,39335.56608571429,19,6780.0,0.05008049257101958,19,6780.0
71210.0,48,6190.0,91.02941176470588,1.9817862267814685,40421.44309872567,594.432986745966,2683443.0730000003,39462.39813235294,20,6847.0,0.10691689988641581,20,6847.0
71215.0,52,6420.0,95.82089552238806,1.155222940517927,40688.028247673254,607.2840036966161,2648405.4860000005,39528.440089552234,26,6951.0,0.0531478835344526,26,6951.0
71220.0,56,6651.0,96.3913043478261,1.4132658364762627,40772.16649947184,590.9009637604617,2718520.9220000003,39398.85394202898,29,7019.0,0.052388218874165574,29,7019.0
71225.0,58,6937.0,97.70422535211267,1.3978369127516275,40705.069629286605,573.3108398491071,2718562.8860000004,38289.61811267606,32,7140.0,0.06643215872892257,32,7140.0
71230.0,62,7236.0,99.12328767123287,1.1535869063098427,40989.919307605334,561.5057439397992,2718563.0670000007,37240.58995890411,34,7267.0,0.04741271961614908,34,7267.0
71235.0,64,7553.0,107.9,0.5038629094729427,41282.36352993308,589.7480504276155,2718562.133000001,38836.6019,36,7409.0,0.027024577052827313,36,7409.0
71240.0,60,7696.0,109.94285714285714,0.7330827537626935,41614.0755237695,594.4867931967076,2718562.133000001,38836.6019,32,7331.0,0.034126365764901065,32,7331.0
71245.0,58,7856.0,110.64788732394366,1.513632899286834,41938.670042532445,590.6854935567953,2718562.133000001,38289.60750704225,30,7312.0,0.0450240577966576,30,7312.0
71250.0,56,8040.0,114.85714285714286,1.4139867715398893,42123.110288551616,601.7587184078803,2683550.4730000007,38336.435328571424,29,7423.0,0.07437366355998566,29,7423.0
71255.0,62,8304.0,118.62857142857143,0.5705399838635111,42167.82037440838,602.3974339201201,2578479.1310000005,36835.416157142856,33,7568.0,0.02784747074704215,33,7568.0
71260.0,52,7607.0,108.67142857142858,1.6956251232284214,42387.27642643843,605.5325203776921,2578527.5430000005,36836.107757142854,25,6883.0,0.08001333886572302,25,6883.0
71265.0,54,7869.0,109.29166666666667,2.6712163151080457,42677.97726011821,592.7496841683088,2648697.3910000008,36787.46376388889,28,6818.0,0.11163703350288767,28,6818.0
71270.0,58,8146.0,111.58904109589041,2.047863952786704,42797.25080437741,586.2637096490058,2718861.5370000005,37244.6785890411,31,6930.0,0.006773222650700324,31,6930.0
71275.0,61,8444.0,127.93939393939394,0.8746407446172757,42392.71154750121,642.3138113257761,2718854.0230000005,41194.75792424242,33,7059.0,3.7563549880695557e-06,33,7059.0
71280.0,47,5896.0,96.65573770491804,1.1434085878240763,42465.8593951087,696.1616294280117,2718852.0010000006,44571.34427868852,23,5108.0,0.051510042606646975,23,5108.0
71285.0,41,4157.0,60.2463768115942,2.491762254563056,42747.35813674819,619.5269295180898,2718862.5850000004,39403.80557971014,23,6175.0,0.037849716183562136,23,6175.0
71290.0,34,2145.0,31.08695652173913,3.916205131683155,43004.91188593069,623.2595925497201,2718862.5850000004,39403.80557971014,27,6276.0,0.12407892931084824,27,6276.0
71295.0,36,1108.0,17.3125,2.107917264924405,35736.280473097606,558.37938239215,2594990.15,40546.721093750006,30,6873.0,0.050539780450329606,30,6873.0
71300.0,40,1012.0,16.322580645161292,1.6922137153600045,30188.4575673897,486.9106059256403,2403964.175,38773.61572580644,31,6740.0,0.030618075234382366,31,6740.0
71305.0,42,992.0,15.5,2.2137197319887227,28141.58263814294,439.7122287209835,2537064.4839999997,39641.6325625,26,6671.0,0.07242069603178512,26,6671.0
71310.0,43,1014.0,15.6,2.0233638902217224,28122.460747465833,432.65324226870484,2502190.2169999997,38495.234107692304,24,6682.0,0.06150649251603988,24,6682.0
71315.0,50,1253.0,18.984848484848484,1.4321693301218459,28100.80404530628,425.769758262216,2563107.4099999997,38834.96075757576,27,6823.0,0.09069981017003409,27,6823.0
71320.0,47,1180.0,18.153846153846153,1.373866336386949,28040.19813902811,431.3876636773554,2558555.7530000005,39362.396199999996,23,6747.0,0.09414460904748233,23,6747.0
71325.0,51,1433.0,21.073529411764707,1.677947299938879,28331.356924104697,416.6376018250688,2628798.0530000003,38658.794897058826,25,6742.0,0.05092791558463844,25,6742.0
71330.0,57,1703.0,24.681159420289855,1.807595199043203,28594.23532697478,414.4092076373155,2699040.4860000005,39116.52878260869,30,6857.0,0.0564337195105738,30,6857.0
71335.0,59,1992.0,29.294117647058822,1.2251729125701791,28744.433784786892,422.71226154098355,2734157.3100000005,40208.195735294124,33,6991.0,0.02917188039955762,33,6991.0
71340.0,49,1567.0,24.107692307692307,1.3199300974546953,28829.846646563496,443.5361022548227,2769267.9980000006,42604.12304615385,22,6543.0,0.04012292879823351,22,6543.0
71345.0,48,1689.0,24.83823529411765,1.7928983891802641,29124.717400982365,428.3046676615053,2769267.9980000006,40724.52938235294,18,6399.0,0.07050676379735628,18,6399.0
71350.0,48,1847.0,27.567164179104477,1.755379086022363,29356.867613463295,438.1622031860192,2734185.1480000005,40808.73355223881,20,6467.0,0.08221768597734795,20,6467.0
71355.0,52,2085.0,32.578125,0.6922249547645247,29356.863241426665,458.70098814729124,2664022.934000001,41625.358343750006,25,6564.0,0.013749373836107526,25,6564.0
71360.0,51,2251.0,33.59701492537314,1.3162488664040248,29652.88670703647,442.58039861248443,2699160.6320000007,40285.97958208956,24,6603.0,0.015315540778681783,24,6603.0
71365.0,54,2510.0,37.46268656716418,1.416600057075572,29509.54618353147,440.4409878139023,2699157.901000001,40285.93882089553,27,6701.0,0.00019329148989674253,27,6701.0
71370.0,55,2781.0,42.13636363636363,1.5046987427944352,29784.425463945696,451.2791736961468,2699157.537000001,40896.32631818183,27,6811.0,0.06698267956472627,27,6811.0
71375.0,58,3063.0,45.71641791044776,1.0604705536310934,30086.17290290993,449.04735675984955,2699157.537000001,40285.93338805971,30,6928.0,0.0031807662219888034,30,6928.0
71380.0,55,3200.0,50.0,0.8349203464522552,30120.394231554183,470.6311598680338,2664119.5610000007,41626.868140624996,27,6790.0,0.05404980466083371,27,6790.0
71385.0,52,3359.0,51.676923076923075,1.5462676821632073,30392.293776228376,467.5737504035133,2664121.4330000007,40986.48358461539,24,6657.0,0.11050365550022169,24,6657.0
71390.0,49,3485.0,54.453125,1.3133156077992227,30503.764529997618,476.6213207812125,2629077.0330000008,41079.328640625004,22,6743.0,0.052495907051429716,22,6743.0
71395.0,53,3718.0,59.01587301587302,0.751701015771251,30480.40211342826,483.81590656235323,2594132.5500000007,41176.70714285716,26,6867.0,0.07388250252536635,26,6867.0
71400.0,54,3927.0,62.333333333333336,0.9360932216920987,30624.108205881206,486.0969556489079,2594241.6040000007,41178.43815873016,28,6946.0,0.05144164625965757,28,6946.0
71405.0,56,4205.0,60.94202898550725,1.3429642369010175,30927.310822149942,448.2218959731875,2664570.2460000007,38616.960086956526,30,7069.0,0.0523102788071831,30,7069.0
71410.0,62,4497.0,62.458333333333336,1.3457938038639625,31206.654713941665,433.4257599158563,2734895.959000001,37984.666097222216,35,7206.0,0.0739304980544724,35,7206.0
71415.0,62,4803.0,68.61428571428571,0.7731803536994288,31468.317834930385,449.5473976418625,2770057.877000001,39572.255385714285,36,7357.0,0.05248321609980406,36,7357.0
71420.0,60,4958.0,69.83098591549296,0.9422671460734497,31798.17869603729,447.8616717751731,2805220.5720000006,39510.14890140844,32,7229.0,0.06554846635983204,32,7229.0
71425.0,57,5132.0,72.28169014084507,1.6679418856907664,32116.246515512004,452.34150021847876,2805220.5720000006,39510.14890140844,29,7178.0,0.04725142757032378,29,7178.0
71430.0,53,5337.0,76.24285714285715,1.8032114813014486,32369.09443377082,462.41563476815446,2770084.1740000006,39572.63105714286,26,7221.0,0.06075211140137653,26,7221.0
71435.0,58,5594.0,79.91428571428571,1.1485566637572346,32352.552583757206,462.17932262510277,2664758.4420000003,38067.97774285713,29,7346.0,0.04538734611306152,29,7346.0
71440.0,54,5763.0,84.75,1.4934719117869042,32405.31284282477,476.5487182768347,2594569.1300000004,38155.42838235294,28,7371.0,0.052233032782535306,28,7371.0
71445.0,57,6041.0,83.90277777777777,1.6742374915025329,32614.442420032025,452.978366944889,2629796.7860000003,36524.95536111111,31,7494.0,0.07910762906272567,31,7494.0
71450.0,61,6336.0,86.79452054794521,1.4111090369337136,32902.148535921864,450.714363505779,2700142.8880000003,36988.25873972602,34,7634.0,0.046731028116170276,34,7634.0
71455.0,64,6646.0,92.30555555555556,0.7759751162556662,33152.140330009766,460.4463934723578,2735316.4379999996,37990.506083333334,37,7788.0,0.02554014021473156,37,7788.0
71460.0,61,6842.0,99.15942028985508,0.8374818874983978,33438.011780348126,484.6088663818568,2735312.93,39642.21637681159,33,7759.0,0.0358996644961879,33,7759.0
71465.0,57,7028.0,94.97297297297297,1.9246003158267582,33762.17974693948,456.2456722559388,2735317.5179999997,36963.75024324324,29,7657.0,0.03607810285558146,29,7657.0
71470.0,53,7230.0,99.04109589041096,2.327763066726746,34062.114189831635,466.60430397029637,2700143.4359999998,36988.26624657534,26,7767.0,0.13528163376976313,26,7767.0
71475.0,57,7486.0,106.94285714285714,0.8278029919096473,33994.227224272705,485.63181748960994,2594796.5289999996,37068.52184285714,31,7911.0,0.05152008210556696,31,7911.0
71480.0,49,6393.0,91.32857142857142,1.6955696766165997,34087.36570944547,486.9623672777924,2594925.7219999996,37070.36745714286,22,6958.0,0.08899830744267928,22,6958.0
71485.0,52,6644.0,92.27777777777777,2.6149071035447444,34381.436506517995,477.5199514794165,2630110.9719999996,36529.319055555556,26,6759.0,0.013160334631494786,26,6759.0
71490.0,55,6915.0,93.44594594594595,2.464071073778077,34348.16660332555,464.16441355845313,2700489.5179999997,36493.10159459459,29,6875.0,0.03405421885575398,29,6875.0
71495.0,57,7197.0,104.30434782608695,1.8359786422293456,33671.34745340394,487.9905428029557,2735669.39,39647.38246376811,31,7002.0,0.08473881397642792,31,7002.0
71500.0,55,7344.0,112.98461538461538,0.9419413429582503,33770.63358468344,519.5482089951298,2770847.587,42628.424415384616,27,6963.0,0.053370026342407964,27,6963.0
71505.0,53,7530.0,115.84615384615384,1.7655110030480123,34063.137768156885,524.0482733562598,2770847.587,42628.424415384616,25,6948.0,0.04657629996374513,25,6948.0
71510.0,50,7706.0,122.31746031746032,1.480436963408271,34300.65327671371,544.4548139160905,2700486.0979999998,42864.858698412696,22,7037.0,0.06326592763056285,22,7037.0
71515.0,53,7935.0,125.95238095238095,0.8898212302404761,34396.59296494698,545.9776661102695,2630167.31,41748.68746031745,26,7146.0,0.033775942945531254,26,7146.0
71520.0,48,7936.0,128.0,1.2971466124189084,34507.22489981107,556.5681435453398,2595042.275,41855.520564516126,22,7063.0,0.0467251516289415,22,7063.0
71525.0,52,8188.0,116.97142857142858,1.760065707829469,34800.62910203316,497.15184431475944,2665446.6709999996,38077.80958571428,25,7099.0,0.06245686173667752,25,7099.0
71530.0,54,8448.0,117.33333333333333,2.5868175917124656,35091.433009338056,487.3810140185839,2735842.6429999997,37997.814486111114,27,7206.0,0.14624743753033925,27,7206.0
71535.0,60,8727.0,126.47826086956522,0.7681125718019978,35220.09012818526,510.43608881427906,2735842.295,39649.88833333333,32,7325.0,0.026047326538645315,32,7325.0
71540.0,57,8886.0,130.6764705882353,0.8689490784566586,35395.08859737307,520.5160087848982,2735843.5989999995,40232.994102941186,29,7301.0,0.04571363163341042,29,7301.0
71545.0,55,9070.0,133.38235294117646,1.8916300985471366,35699.86836356284,524.9980641700414,2735843.5989999995,40232.994102941186,27,7285.0,0.04862187919619254,27,7285.0
71550.0,52,9247.0,140.1060606060606,1.2353775010576094,35866.27628498703,543.4284285604094,2665479.9529999997,40386.0598939394,24,7384.0,0.055779291571115885,24,7384.0
71555.0,57,9483.0,145.8923076923077,0.6768207418520732,35968.031173789306,553.3543257506044,2595152.125,39925.41730769231,30,7518.0,0.03278505724091466,30,7518.0
71560.0,54,9663.0,148.66153846153847,1.0639318974026806,36177.4112230653,556.5755572779274,2595192.632,39926.04049230769,28,7561.0,0.043623905967762874,28,7561.0
71565.0,57,9943.0,142.04285714285714,1.4793272508815134,36479.71115895607,521.1387308422294,2665629.6900000004,38080.42414285715,31,7686.0,0.02844808401121302,31,7686.0
71570.0,60,10237.0,146.24285714285713,1.5592248633824244,36778.13017712862,525.4018596732659,2700843.8340000007,38583.483342857144,34,7825.0,0.03590553153687849,34,7825.0
71575.0,61,10539.0,159.6818181818182,0.40998433995456407,36967.188571530845,560.1089177504672,2736057.6710000006,41455.41925757576,34,7970.0,0.049788793214096676,34,7970.0
71580.0,55,9748.0,147.6969696969697,0.7865557462865898,37283.79152018111,564.9059321239564,2736057.6710000006,41455.41925757576,26,7412.0,0.035623104780349746,26,7412.0
71585.0,50,9726.0,140.95652173913044,1.7736546694384645,37591.48206865653,544.8040879515439,2736057.6710000006,39653.00972463769,21,7123.0,0.06542256683499179,21,7123.0
71590.0,50,9888.0,143.30434782608697,1.7361080723035005,37528.132962068965,543.8859849575211,2700838.3360000006,39142.58457971015,23,7091.0,0.10026754201929002,23,7091.0
71595.0,55,10133.0,149.01470588235293,1.3123387348507083,37827.65916888281,556.2891054247472,2665621.2280000006,39200.312176470594,29,7213.0,0.007367146606704535,29,7213.0
71600.0,56,10362.0,157.0,1.2988526369222533,37323.48071688682,565.5072835891941,2736092.864000001,41455.952484848494,29,7303.0,0.049767120722767726,29,7303.0
71605.0,58,10643.0,154.2463768115942,1.5770368034287008,37496.580817325994,543.4287074974782,2700923.844000001,39143.82382608696,30,7426.0,0.03549252385973669,30,7426.0
71610.0,60,10935.0,163.2089552238806,1.1970038288855458,37750.59296518055,563.4416860474707,2700923.091000001,40312.284940298516,32,7553.0,0.052635295999762285,32,7553.0
71615.0,62,11234.0,167.67164179104478,0.2670748252610237,38014.0070819919,567.3732400297297,2700923.8870000006,40312.29682089553,32,7687.0,0.019197980213322054,32,7687.0
71620.0,57,11354.0,169.46268656716418,0.9223606915926053,38331.400485382306,572.1104550057063,2700923.8870000006,40312.29682089553,29,7585.0,0.03650633484694243,29,7585.0
71625.0,55,11506.0,171.73134328358208,1.51588020918134,38633.763301661216,576.623332860615,2700923.8870000006,40312.29682089553,27,7498.0,0.09256340089799285,27,7498.0
71630.0,53,11624.0,176.12121212121212,1.305203228450014,38888.59880426522,589.2211940040185,2665707.0500000007,40389.50075757576,26,7508.0,0.05934026303990858,26,7508.0
71635.0,55,11863.0,182.5076923076923,0.9125368681315855,38916.36196235662,598.7132609593324,2630594.975000001,40470.69192307693,28,7644.0,0.04772470715423776,28,7644.0
71640.0,47,11433.0,178.640625,1.5159011730851535,38935.12087357713,608.3612636496426,2595487.9440000006,40554.499124999995,21,7151.0,0.05942955390373276,21,7151.0
71645.0,50,11677.0,164.46478873239437,2.3190876219878938,39096.69058316913,550.6576138474526,2630850.0800000005,37054.22647887325,24,7175.0,0.02707268405703315,24,7175.0
71650.0,54,11934.0,165.75,2.910976622350436,39347.67666842085,546.4955092836228,2701380.4020000002,37519.172249999996,27,7279.0,0.16106798002335426,27,7279.0
71655.0,59,12207.0,182.19402985074626,0.7263140589309216,38999.57886749774,582.0832666790707,2736639.0500000003,40845.358955223885,32,7396.0,0.02680684388409935,32,7396.0
71660.0,57,12378.0,193.40625,0.5861534502017809,39216.66704268271,612.7604225419174,2736635.3160000006,42759.926812499994,29,7304.0,0.012852651431217069,29,7304.0
71665.0,53,12568.0,196.375,1.4493368774763273,39510.798939861976,617.3562334353431,2736635.3160000006,42759.926812499994,25,7221.0,0.04264537973877879,25,7221.0
71670.0,49,12734.0,195.90769230769232,1.5594491466495124,39644.789856998344,609.9198439538206,2701452.0450000004,41560.80069230769,22,7308.0,0.057771673862361775,22,7308.0
71675.0,53,12971.0,202.671875,1.226939100117448,39776.95701786556,621.5149534041493,2630995.130000001,41109.29890625,26,7419.0,0.09453132559243775,26,7419.0
71680.0,47,12941.0,205.4126984126984,1.398551630132841,39799.65602461701,631.7405718193177,2595877.6720000007,41204.407492063496,21,7293.0,0.08081828536739272,21,7293.0
71685.0,52,13188.0,193.94117647058823,2.2841983532140775,40081.87682928235,589.4393651365052,2666446.6230000006,39212.4503382353,25,7341.0,0.07678390476068049,25,7341.0
71690.0,53,13445.0,200.67164179104478,2.0180305728296273,40249.9475226371,600.7454854124938,2701723.3690000004,40324.22938805969,27,7443.0,0.07174359855294697,27,7443.0
71695.0,58,13723.0,204.82089552238807,1.1081845852599894,40371.23378605472,602.5557281500702,2737009.1130000004,40850.88228358208,30,7563.0,0.04423368042611495,30,7563.0
71700.0,54,13859.0,213.2153846153846,1.3239107879439924,40601.78646593636,624.642868706713,2737006.1130000004,42107.78635384615,26,7443.0,0.027379166473962133,26,7443.0
71705.0,52,14024.0,209.3134328358209,1.8621804256150347,40889.669893178594,610.2935804952027,2737006.1130000004,40850.837507462675,24,7352.0,0.04884098724630446,24,7352.0
71710.0,48,14178.0,214.8181818181818,2.483692379431318,41149.739968952716,623.4809086204959,2701722.39,40935.18772727272,21,7251.0,0.09790510155878689,21,7251.0
71715.0,49,14399.0,228.55555555555554,1.6982047654101293,41109.44683922202,652.5309022098734,2596028.441,41206.800650793644,23,7349.0,0.09132097378442944,23,7349.0
71720.0,54,14658.0,229.03125,1.059892817726411,41030.283713426674,641.0981830222919,2560959.469,40014.991703125,28,7469.0,0.0648037756403851,28,7469.0
71725.0,52,14854.0,228.52307692307693,1.511273437300781,41149.70659945355,633.0724092223624,2561056.417,39400.86795384615,25,7510.0,0.030825433409537636,25,7510.0
71730.0,55,15121.0,229.1060606060606,1.7738089802835975,41435.855075610954,627.8159859941056,2596356.026,39338.727666666666,29,7622.0,0.09578455628161839,29,7622.0
71735.0,58,15401.0,226.48529411764707,1.3701769477854633,41712.25905111996,613.4155742811759,2666953.8670000006,39219.90980882353,32,7747.0,0.04513848581636672,32,7747.0
71740.0,61,15696.0,237.8181818181818,0.4977435707476945,41939.818115332164,635.4517896262449,2737539.9830000005,41477.87853030304,34,7887.0,0.03569020086445259,34,7887.0
71745.0,52,15122.0,219.15942028985506,1.0959725094506068,42249.7036345067,612.3145454276333,2772838.788,40186.06939130435,25,7412.0,0.051382629951835096,25,7412.0
71750.0,49,15180.0,220.0,1.928046056560644,42553.79555098607,616.7216746519721,2772838.788,40186.06939130435,19,7168.0,0.08765700016370877,19,7168.0
71755.0,47,15366.0,229.34328358208955,1.48728039785291,42555.815592793886,635.1614267581177,2737557.3759999997,40859.06531343284,20,7236.0,0.06933441443230295,20,7236.0
71760.0,53,15607.0,240.1076923076923,0.9213001714986687,42730.91924838928,657.3987576675275,2667002.51,41030.807846153846,27,7351.0,0.02560231536044937,27,7351.0
71765.0,57,15830.0,222.95774647887325,1.5408731958826123,42683.402970302515,601.1746897225707,2737619.0870000003,38558.01530985916,30,7419.0,0.05736795366030854,30,7419.0
71770.0,57,16111.0,217.71621621621622,1.8809936663751963,42889.52753101559,579.5882098785892,2737658.7,36995.38783783784,31,7545.0,0.12581550097186983,31,7545.0
71775.0,64,16412.0,227.94444444444446,0.7622715009121337,42996.35252729326,597.1715628790733,2737654.3140000002,38022.97658333334,36,7684.0,0.015605341144669622,36,7684.0
71780.0,68,16748.0,235.88732394366198,0.330002967923907,43302.765532503414,609.8981060915977,2737654.3140000002,38558.51146478873,40,7855.0,0.01660236325414321,40,7855.0
71785.0,63,16904.0,241.4857142857143,0.5980111542217758,43612.90113754598,623.0414448220854,2737654.3140000002,39109.347342857145,35,7803.0,0.013545151283596978,35,7803.0
71790.0,58,17067.0,243.81428571428572,1.3455526621327556,43934.7208659496,627.638869513566,2737654.3140000002,39109.347342857145,30,7798.0,0.040616382689273665,30,7798.0
71795.0,57,17244.0,239.5,1.574046534381906,44118.996523786554,612.7638406081464,2702391.978,37533.22191666667,28,7848.0,0.06226805580560182,28,7848.0
71800.0,56,17495.0,253.55072463768116,1.1864752164877852,44161.90632166772,640.0276278502566,2596569.7160000005,37631.44515942029,29,7991.0,0.06314779573232436,29,7991.0
71805.0,54,17639.0,255.63768115942028,1.2825592856762578,44282.18344061579,641.7707745016779,2561340.0000000005,37120.86956521739,28,8002.0,0.06901908307648952,28,8002.0
71810.0,58,17924.0,252.45070422535213,1.6231480227290394,44592.88772662228,628.068841220032,2632006.6520000007,37070.51622535212,32,8132.0,0.08175192908223851,32,8132.0
71815.0,63,18224.0,256.67605633802816,1.041073574089053,44849.86166635026,631.6881924838065,2702667.268000001,38065.73616901409,36,8277.0,0.013619322483113733,36,8277.0
71820.0,65,18547.0,268.7971014492754,0.6459785857779433,45102.21041481069,653.6552234030535,2737994.411000001,39681.07842028986,39,8445.0,0.016597373003412727,39,8445.0
71825.0,55,18403.0,252.0958904109589,1.3546006189329147,45384.03780013952,621.6991479471168,2773325.633000001,37990.76209589041,27,8116.0,0.0567300680070758,27,8116.0
71830.0,55,18590.0,254.65753424657535,1.6708948398810883,45702.098639748954,626.0561457499857,2773325.633000001,37990.76209589041,24,8108.0,0.09035981191467686,24,8108.0
71835.0,54,18770.0,264.36619718309856,1.040341789474647,45910.69401105083,646.629493113392,2702691.4080000008,38066.076169014086,26,8204.0,0.05274056560036025,26,8204.0
71840.0,60,19031.0,271.87142857142857,0.8363009991621371,46218.29982894486,660.2614261277836,2667372.812000001,38105.325885714294,33,8347.0,0.010172935765888702,33,8347.0
71845.0,52,18085.0,244.3918918918919,1.8946378800890804,46322.65067511498,625.9817658799318,2702720.377000001,36523.24833783784,24,7513.0,0.04244345289108701,24,7513.0
71850.0,53,18347.0,244.62666666666667,2.968441151165216,46234.552998471336,616.4607066462842,2702762.6300000013,36036.83506666667,26,7359.0,0.10556616279025556,26,7359.0
71855.0,56,18612.0,251.51351351351352,2.6845110096270433,46282.63790715898,625.4410527994457,2702762.548000001,36523.81821621621,28,7468.0,0.1006222741908435,28,7468.0
71860.0,60,18901.0,286.3787878787879,0.7298153139332743,45575.526702851756,690.5382833765416,2702754.5640000007,40950.82672727273,32,7592.0,0.018736878362260647,32,7592.0
71865.0,50,12857.0,200.890625,1.2346102256967184,45808.68562025791,715.7607128165298,2702753.254000001,42230.51959375,25,4733.0,0.04200338848976432,25,4733.0
71870.0,43,9115.0,144.68253968253967,2.165132758306221,46059.597328449825,731.1047194992035,2702753.254000001,42900.84530158732,26,5802.0,0.040768642796326485,26,5802.0
71875.0,35,3649.0,57.015625,2.8759329300486343,44570.596345850165,696.4155679039088,2638382.4940000013,41224.72646875,28,5915.0,0.024370241002744007,28,5915.0
71880.0,35,1015.0,17.5,2.4358063924698117,41343.45164196694,712.8181317580509,2443464.025000001,42128.690086206894,30,6610.0,0.010538147962850221,30,6610.0
71885.0,34,909.0,14.901639344262295,1.9235874025421165,34391.74711586632,563.7991330469889,2384127.7600000002,39084.06163934427,26,6480.0,0.025631649526433892,26,6480.0
71890.0,40,898.0,14.483870967741936,2.2559767125228323,33247.483441790784,536.2497329321096,2451492.97,39540.20919354839,23,6366.0,0.09390544179714892,23,6366.0
71895.0,44,876.0,14.129032258064516,1.3656570664764232,33481.34642120312,540.0217164710183,2482177.554000001,40035.121838709674,22,6459.0,0.054743819243919675,22,6459.0
71900.0,52,1073.0,16.50769230769231,0.9005860866063105,33476.29762939185,515.0199635291053,2579013.7909999997,39677.13524615385,27,6616.0,0.03869778590891201,27,6616.0
71905.0,48,1031.0,16.109375,1.6053791063051803,33473.83616025339,523.0286900039595,2543816.551,39747.133609375,22,6582.0,0.06894629374290075,22,6582.0
71910.0,51,1268.0,19.21212121212121,1.5409277735810036,33756.016497912424,511.4547954229157,2614592.368,39615.03587878787,24,6581.0,0.054297856485446154,24,6581.0
71915.0,55,1534.0,23.242424242424242,1.1909939332451378,34018.04896113387,515.4249842596046,2649984.5,40151.2803030303,29,6704.0,0.0005262352614847076,29,6704.0
71920.0,58,1821.0,28.904761904761905,0.9569761461582137,34219.9344313558,543.1735624024732,2649983.8439999996,42063.23561904762,30,6839.0,0.024971543514166528,30,6839.0
71925.0,53,1960.0,29.696969696969695,1.1368612492418904,34335.55582243849,520.235694279371,2649988.869,40151.3465,25,6648.0,0.027136897367373267,25,6648.0
71930.0,48,2099.0,32.292307692307695,2.2910694676103485,34546.69003867658,531.4875390565627,2649988.869,40769.059523076925,20,6510.0,0.12175102303843513,20,6510.0
71935.0,46,2253.0,35.203125,1.6504806148541875,34646.930454335,541.3582883489846,2614694.769,40854.605765625,19,6497.0,0.10370853587320865,19,6497.0
71940.0,52,2483.0,39.41269841269841,0.9968420891086003,34712.06679856881,550.9851872788701,2579462.9269999997,40943.85598412698,26,6618.0,0.04873021916328807,26,6618.0
71945.0,51,2681.0,41.890625,1.2625394747373395,34580.99793002218,540.3280926565967,2508931.0609999998,39202.047828125,25,6687.0,0.06630127433441539,25,6687.0
71950.0,54,2943.0,43.279411764705884,1.5939251023882537,34867.92167759562,512.7635540822886,2579753.962999999,37937.55827941176,28,6795.0,0.13397000628486527,28,6795.0
71955.0,60,3226.0,46.7536231884058,1.0936422011442657,35162.86182489334,509.60669311439625,2650576.1319999998,38414.146840579706,33,6933.0,0.002048798137204556,33,6933.0
71960.0,61,3530.0,51.911764705882355,1.0027143238159504,35393.10735151327,520.4868728163717,2685984.09,39499.76602941176,35,7092.0,0.07180488009566267,35,7092.0
71965.0,57,3683.0,52.614285714285714,1.06928688134176,35695.02597567126,509.92894250958955,2756803.165,39382.902357142855,31,6978.0,0.03801076371902475,31,6978.0
71970.0,54,3863.0,55.98550724637681,2.0479442334724225,35997.68291375865,521.705549474763,2756803.165,39953.669057971005,26,6896.0,0.07935047145943286,26,6896.0
71975.0,55,4079.0,58.27142857142857,1.6410552734099857,36104.23781856235,515.774825979462,2686078.2209999994,38372.546014285705,26,7005.0,0.056896781895883576,26,7005.0
71980.0,54,4338.0,64.74626865671642,1.152880037375527,36091.35159070282,538.6768894134749,2580011.2809999995,38507.63105970148,28,7134.0,0.05350637536492519,28,7134.0
71985.0,53,4521.0,68.5,1.1067239453681341,36247.7741327799,549.2086989815136,2544689.391,38555.89986363637,27,7179.0,0.05995257625474119,27,7179.0
71990.0,58,4801.0,70.6029411764706,1.0724469258695741,36552.65814726464,537.5390904009505,2615529.9789999994,38463.67616176471,31,7312.0,0.03438123861297308,31,7312.0
71995.0,61,5097.0,73.8695652173913,1.2182498633529701,36867.09687952223,534.3057518771338,2650947.102999999,38419.52323188406,35,7465.0,0.014858553328546817,35,7465.0
72000.0,63,5407.0,83.18461538461538,0.37816352535838915,37075.11288568598,570.3863520874766,2686365.5139999995,41328.70021538462,35,7625.0,0.02378918266595189,35,7625.0
72005.0,53,4867.0,65.77027027027027,1.3908652462649802,37382.03091578707,505.1625799430685,2686378.994,36302.418837837846,24,7189.0,0.04589445364995221,24,7189.0
72010.0,51,5011.0,65.9342105263158,2.628273096293205,37691.226869238184,495.93719564787085,2686393.834,35347.28728947368,22,6998.0,0.18389528757342044,22,6998.0
72015.0,51,5175.0,69.93243243243244,1.2505128374356083,37743.309329045,510.04472066277026,2650973.0209999997,35823.95974324325,24,7093.0,0.0692320520616639,24,7093.0
72020.0,63,5459.0,75.81944444444444,0.569385730586146,37845.66118854392,525.6341831742211,2615552.1719999993,36327.11350000001,37,7272.0,0.00984089606558589,37,7272.0
72025.0,54,4621.0,65.08450704225352,1.4685020632791466,37865.34889096061,533.3147731121213,2650991.133,37337.90328169014,27,6517.0,0.052681582712000075,27,6517.0
72030.0,55,4891.0,66.0945945945946,2.6047271960264493,38167.36586774701,515.7752144290134,2686434.150999999,36303.164202702705,28,6458.0,0.031300543330454185,28,6458.0
72035.0,56,5170.0,69.86486486486487,2.783788566488716,38298.801000815045,517.5513648758788,2651089.803,35825.53787837838,28,6592.0,0.033997645064840376,28,6592.0
72040.0,59,5455.0,85.234375,0.8695141089040486,37463.19160956308,585.362368899423,2651081.2369999993,41423.144328125,31,6722.0,0.025988739074450554,31,6722.0
72045.0,54,5569.0,91.29508196721312,0.6878933532736978,37628.11532648107,616.8543496144438,2651077.2089999993,43460.2821147541,26,6625.0,0.023085803139243993,26,6625.0
72050.0,49,5678.0,93.08196721311475,1.500656502307732,37905.71566333543,621.4051748087779,2651077.2089999993,43460.2821147541,21,6538.0,0.07468935119419462,21,6538.0
72055.0,48,5810.0,93.70967741935483,1.3275698126285365,38047.12782784391,613.6633520619987,2615683.1129999994,42188.43730645161,21,6620.0,0.050634846467334474,21,6620.0
72060.0,50,6025.0,100.41666666666667,0.9511975524834032,38015.06745287104,633.5844575478507,2544951.433,42415.85721666667,23,6731.0,0.04205989447499945,23,6731.0
72065.0,46,6022.0,95.58730158730158,1.3744942980892283,38168.220528699414,605.844770296816,2545032.1689999998,40397.33601587302,20,6650.0,0.06844659909399539,20,6650.0
72070.0,51,6260.0,96.3076923076923,2.039719531107202,38442.167029022916,591.4179542926603,2615979.715,40245.84176923078,23,6679.0,0.12985720193417835,23,6679.0
72075.0,54,6518.0,100.27692307692308,1.607246567218751,38670.05262935103,594.9238866054004,2651450.005,40791.53853846154,28,6783.0,0.03538854628496571,28,6783.0
72080.0,58,6797.0,104.56923076923077,0.911971831621385,38810.50210668658,597.0846477951781,2686914.817,41337.15103076923,31,6905.0,0.01862620090769601,31,6905.0
72085.0,52,6938.0,106.73846153846154,1.4461355168927108,38993.3276574314,599.8973485758679,2686914.817,41337.15103076923,24,6813.0,0.05186129786078739,24,6813.0
72090.0,49,7094.0,109.13846153846154,2.083621710721808,39270.32699704578,604.1588768776274,2686914.817,41337.15103076923,21,6722.0,0.1145411812840639,21,6722.0
72095.0,49,7237.0,111.33846153846154,1.8077815302043894,39538.87717705284,608.2904181085055,2651444.289,40791.4506,22,6718.0,0.07946214354022721,22,6718.0
72100.0,51,7472.0,120.51612903225806,0.9183739138873913,39427.17779475744,635.9222224960878,2545219.5859999997,41051.92880645162,25,6844.0,0.07026690654276328,25,6844.0
72105.0,51,7620.0,117.23076923076923,1.1268475318678435,39588.45131981539,609.053097227929,2580785.1470000003,39704.386876923076,24,6837.0,0.031226821502077985,24,6837.0
72110.0,53,7881.0,121.24615384615385,1.8294930486864,39745.63537504997,611.4713134623074,2580860.923,39705.55266153845,27,6943.0,0.06526553847741433,27,6943.0
72115.0,55,8151.0,121.65671641791045,1.6200046347803052,40030.420562913,597.4689636255673,2651831.6989999996,39579.57759701492,29,7058.0,0.0646043047840407,29,7058.0
72120.0,60,8438.0,133.93650793650792,0.23936705474157546,40191.93220137338,637.9671777995775,2687315.5229999996,42655.801952380956,33,7188.0,0.0004407722716365156,33,7188.0
72125.0,55,8599.0,130.28787878787878,1.032865659298321,40490.87700997414,613.4981365147598,2687318.5229999996,40716.94731818181,27,7106.0,0.013685685434107704,27,7106.0
72130.0,51,8772.0,129.0,2.147387582742166,40778.74763066646,599.6874651568597,2687318.9829999995,39519.39680882353,23,7016.0,0.12112385051958768,23,7016.0
72135.0,50,8925.0,133.2089552238806,1.605241089051791,41056.21175787751,612.7792799683211,2651830.9439999997,39579.56632835821,23,7097.0,0.051599485515028534,23,7097.0
72140.0,53,9166.0,143.21875,0.9064452876379572,41054.582658905994,641.4778540454064,2545517.814,39773.715843750004,27,7214.0,0.06907091383290347,27,7214.0
72145.0,52,9380.0,146.5625,1.1680913090555034,41087.3319905835,641.9895623528673,2545686.9709999994,39776.358921875,26,7288.0,0.05698673802479973,26,7288.0
72150.0,57,9652.0,146.24242424242425,1.2297992675751148,41379.930825586154,626.9686488725176,2616692.082999999,39646.84974242424,30,7405.0,0.018715422901362792,30,7405.0
72155.0,60,9939.0,144.04347826086956,1.3564247282816888,41649.732959044006,603.6193182470148,2652194.095999999,38437.595594202896,32,7537.0,0.028256718888809557,32,7537.0
72160.0,59,10234.0,152.7462686567164,0.7184629229860976,41886.54763467356,625.172352756322,2723194.535999999,40644.69456716417,33,7677.0,0.0589463952643456,33,7677.0
72165.0,50,9637.0,135.73239436619718,1.6267373817577437,42202.24308044122,594.3977898653695,2723200.893999999,38354.94216901408,22,7203.0,0.11683978265774393,22,7203.0
72170.0,50,9696.0,136.56338028169014,1.8547462472151564,42509.13984721371,598.7202795382213,2723200.893999999,38354.94216901408,20,6986.0,0.11076992275404828,20,6986.0
72175.0,52,9866.0,140.94285714285715,1.3603565540303282,42686.85687155888,609.8122410222699,2687758.128999999,38396.5447,24,7066.0,0.04072620775694398,24,7066.0
72180.0,56,10110.0,150.8955223880597,0.782450853707609,42788.36222876241,638.6322720710812,2616778.8539999994,39056.400805970145,30,7191.0,0.00837540893835774,30,7191.0
72185.0,57,10353.0,143.79166666666666,1.3346417071588392,42867.02834596696,595.3753936939858,2652299.8709999993,36837.49820833334,31,7292.0,0.0035241445509960724,31,7292.0
72190.0,60,10647.0,152.1,1.4968811652585419,42857.786621649735,612.2540945949963,2652291.110999999,37889.87301428572,33,7429.0,0.09382046206709868,33,7429.0
72195.0,64,10954.0,161.08823529411765,0.6076753151536711,43009.56558961821,632.4936116120329,2616847.7489999994,38483.05513235293,36,7573.0,0.012930976845860972,36,7573.0
72200.0,65,11277.0,170.86363636363637,0.219459348923968,43292.66163459231,655.9494187059446,2616847.7489999994,39649.208318181816,37,7731.0,5.474274729033045e-06,37,7731.0
72205.0,60,11434.0,173.24242424242425,0.4445404058253342,43613.00947763064,660.8031739034947,2616847.7489999994,39649.208318181816,32,7679.0,0.012428063915368843,32,7679.0
72210.0,56,11611.0,170.75,1.6020499570526736,43925.882653876404,645.9688625570062,2616847.9249999993,38483.05772058823,28,7618.0,0.06860001220608139,28,7618.0
72215.0,54,11750.0,172.7941176470588,1.2865783340414998,44099.08464546141,648.5159506685502,2581374.974999999,37961.39669117646,27,7724.0,0.08022223783639379,27,7724.0
72220.0,58,12000.0,179.1044776119403,0.6572267962403889,44147.39249723423,658.9163059288694,2545993.1469999994,37999.8977164179,31,7868.0,0.053625337966797894,31,7868.0
72225.0,49,11144.0,166.32835820895522,1.5379059605489591,44329.1721614181,661.6294352450466,2546076.224999999,38001.13768656716,22,7094.0,0.08780424770628455,22,7094.0
72230.0,51,11394.0,165.1304347826087,2.5209302252993737,44614.761801916844,646.5907507524178,2617171.3509999993,37930.01957971013,25,6977.0,0.051196538096535085,25,6977.0
72235.0,55,11659.0,161.93055555555554,2.2805751206021383,44713.55592070688,621.021610009818,2688264.6119999997,37337.008499999996,28,7087.0,0.005649999640446421,28,7087.0
72240.0,58,11942.0,183.72307692307692,1.3176281366002458,44144.48424253634,679.1459114236363,2688256.219,41357.78798461539,30,7211.0,0.02438716531035828,30,7211.0
72245.0,53,12053.0,179.8955223880597,1.1832888992553325,44254.61254122762,660.5166050929499,2688261.099,40123.29998507463,25,7181.0,0.030870340597249097,25,7181.0
72250.0,56,12329.0,184.01492537313433,1.961736855142085,44546.61662649472,664.8748750223095,2688261.099,40123.29998507463,27,7266.0,0.12531944327638944,27,7266.0
72255.0,57,12604.0,190.96969696969697,1.1465537465868731,44786.08450966264,678.5770380251919,2688257.297,40731.17116666667,29,7378.0,0.017572605211949015,29,7378.0
72260.0,60,12900.0,198.46153846153845,0.6186847145043544,44968.671183267485,691.8257105118076,2688258.972,41357.83033846154,32,7509.0,0.004641705045609783,32,7509.0
72265.0,53,12895.0,204.68253968253967,1.2944666954304944,45216.393154160025,717.7205262565085,2688258.972,42670.77733333333,25,7305.0,0.04636921858209204,25,7305.0
72270.0,49,12978.0,206.0,1.7851041629587368,45494.61311300182,722.1367160793941,2688258.972,42670.77733333333,21,7173.0,0.07880082147756512,21,7173.0
72275.0,49,13063.0,207.34920634920636,1.848575538334123,45696.53931399699,725.3418938729682,2652742.418,42107.02250793651,21,7162.0,0.07673980148025875,21,7162.0
72280.0,50,13229.0,220.48333333333332,0.9798022248263855,45477.05913481172,757.9509855801957,2546315.88,42438.598,23,7286.0,0.0712174351089814,23,7286.0
72285.0,49,13381.0,212.3968253968254,1.4780630069356488,45634.47546825908,724.3567534644301,2546402.777,40419.0916984127,23,7334.0,0.06544644006428296,23,7334.0
72290.0,51,13629.0,212.953125,1.899012578928855,45761.18378306911,715.0184966104548,2582091.798,40345.18434375001,25,7440.0,0.07883042830146343,25,7440.0
72295.0,56,13896.0,217.125,0.9246703538567795,45992.32423563067,718.6300661817294,2653258.822,41457.16909375,29,7565.0,0.0356302610360917,29,7565.0
72300.0,59,14183.0,228.75806451612902,0.29430736250092265,46216.014490179376,745.4195885512805,2688839.776,43368.383483870966,33,7707.0,0.02980177668394677,33,7707.0
72305.0,54,14321.0,216.9848484848485,1.0657347284451273,46526.62868243544,704.9489194308399,2724424.014,41279.15172727273,27,7552.0,0.029062993895754098,27,7552.0
72310.0,50,14481.0,212.9558823529412,2.173756934891908,46813.450838454075,688.4331005655013,2724424.478,40065.06585294118,22,7436.0,0.14235614409973285,22,7436.0
72315.0,49,14675.0,212.68115942028984,2.0472936974308933,47100.64090333741,682.6179841063395,2724425.3140000002,39484.42484057971,22,7511.0,0.05426816839449139,22,7511.0
72320.0,53,14918.0,229.5076923076923,0.839925599865433,46868.259673599016,721.0501488246005,2546798.097,39181.50918461539,26,7614.0,0.07338379546974994,26,7614.0
72325.0,53,15104.0,222.11764705882354,1.4686901837829447,47026.016140053376,691.559060883138,2546899.172,37454.3995882353,27,7650.0,0.06755335075053319,27,7650.0
72330.0,58,15382.0,219.74285714285713,1.864801387834087,47324.39948261601,676.0628497516574,2618096.185,37401.37407142858,31,7768.0,0.08586353561300442,31,7768.0
72335.0,60,15670.0,217.63888888888889,1.1944730579106644,47595.498117547286,661.0485849659347,2653687.163,36856.766152777775,32,7896.0,0.016160108717587354,32,7896.0
72340.0,63,15980.0,231.59420289855072,0.6883042756614017,47841.59149294114,693.3563984484224,2689281.7430000002,38975.09772463769,37,8046.0,0.02569032487972629,37,8046.0
72345.0,54,15370.0,226.02941176470588,1.0720540399702194,48157.22361712002,708.1944649576474,2689281.7430000002,39548.2609264706,26,7472.0,0.07196117775006847,26,7472.0
72350.0,52,15420.0,226.76470588235293,1.0350976463210189,48471.1915169593,712.8116399552835,2689281.7430000002,39548.2609264706,23,7230.0,0.056431850399064926,23,7230.0
72355.0,51,15586.0,232.62686567164178,1.0207407063200147,48455.78985648273,723.220744126608,2689272.7830000003,40138.39974626866,23,7314.0,0.025693112344388067,23,7314.0
72360.0,55,15825.0,243.46153846153845,0.761926335771151,48718.723410305254,749.5188216970039,2618089.848,40278.30535384616,29,7432.0,0.004569078814989103,29,7432.0
72365.0,57,16077.0,229.67142857142858,1.3083634840411285,48584.54702038779,694.0649574341114,2653715.279,37910.218271428574,31,7540.0,0.018020882020487194,31,7540.0
72370.0,59,16369.0,233.84285714285716,1.8158328895457636,48707.14111719662,695.8163016742375,2689334.061,38419.05801428572,32,7670.0,0.12219494878803022,32,7670.0
72375.0,61,16669.0,245.13235294117646,0.5827173031395092,48829.63572987384,718.0828783804978,2653822.1990000005,39026.79704411765,33,7801.0,0.028279301556254046,33,7801.0
72380.0,66,16993.0,253.62686567164178,0.23774332377435564,49133.98845009582,733.3431111954603,2653822.1990000005,39609.28655223882,38,7955.0,3.253027898933796e-05,38,7955.0
72385.0,60,17132.0,259.57575757575756,0.48145115683504375,49453.13091595588,749.2898623629682,2653822.1990000005,40209.42725757576,32,7833.0,0.012728632126253362,32,7833.0
72390.0,56,17296.0,254.35294117647058,1.4193728704152004,49764.96985049163,731.8377919189943,2653822.379,39026.79969117647,28,7717.0,0.04270014476623926,28,7717.0
72395.0,53,17423.0,252.5072463768116,1.5369977607949314,50029.10148037334,725.0594417445413,2618228.3740000003,37945.33875362319,26,7817.0,0.08433079039078474,26,7817.0
72400.0,57,17668.0,263.7014925373134,0.8019430503052064,49878.291893863716,744.4521178188616,2547230.2150000003,38018.361417910455,30,7953.0,0.07573873146712103,30,7953.0
72405.0,56,17836.0,251.2112676056338,1.3931384118568158,50049.11431644249,704.9171030484858,2547333.412,35877.9353802817,30,7992.0,0.07216782925828148,30,7992.0
72410.0,58,18123.0,248.26027397260273,1.3369583740349191,50367.59095288981,689.9669993546548,2618625.559,35871.583,32,8115.0,0.057953896413421725,32,8115.0
72415.0,63,18431.0,245.74666666666667,1.3755070705048709,50665.708192030186,675.5427758937359,2654272.2329999995,35390.29643999999,37,8263.0,0.02038245186898537,37,8263.0
72420.0,65,18753.0,253.4189189189189,1.0991871150176924,50921.01631567982,688.1218421037814,2725561.7949999995,36831.91614864864,39,8425.0,0.041226917732861974,39,8425.0
72425.0,58,18644.0,251.94594594594594,0.946359745021656,51212.10020737945,692.0554082078307,2725558.7949999995,36831.87560810811,29,8118.0,0.0454303784982132,29,8118.0
72430.0,56,18799.0,254.04054054054055,1.5216481169177853,51542.8061903199,696.5244079772963,2725558.7949999995,36831.87560810811,27,8056.0,0.09517908818748547,27,8056.0
72435.0,56,19001.0,260.28767123287673,1.0217710724521698,51825.317125734335,709.9358510374566,2689936.6549999993,36848.44732876713,28,8160.0,0.0200363106696598,28,8160.0
72440.0,61,19270.0,263.972602739726,0.8749596220534936,51992.97839050765,712.2325806918858,2654290.5789999994,36360.14491780822,35,8308.0,0.005782352693384581,35,8308.0
72445.0,51,18045.0,247.1917808219178,2.2546516760717523,52121.10193703329,713.9876977675794,2654307.5679999995,36360.377643835614,24,7282.0,0.05426215013984074,24,7282.0
72450.0,52,18298.0,257.71830985915494,3.0124327671914437,52181.332759070225,734.948348719299,2654302.8959999997,37384.54783098592,24,7011.0,0.07923569966259685,24,7011.0
72455.0,54,18564.0,273.0,2.4854463413088643,51768.73950712713,761.3049927518697,2654298.8619999997,39033.80679411765,26,7107.0,4.9148814969432635e-05,26,7107.0
72460.0,54,18834.0,319.22033898305085,1.010131001636513,51045.57763590256,865.1792819644505,2618702.852,44384.794101694904,26,7207.0,0.023859547706341046,26,7207.0
72465.0,49,18982.0,333.0175438596491,0.8834150389534189,51195.552316269706,898.1675844959601,2618703.6199999996,45942.16877192982,21,7185.0,0.017641982392727986,21,7185.0
72470.0,49,19227.0,337.3157894736842,1.3346529681730424,51452.59430089856,902.6770929982207,2618703.6199999996,45942.16877192982,21,7260.0,0.0,21,7260.0
72475.0,49,19472.0,335.7241379310345,1.408073846540081,51664.13889686972,890.7610154632713,2618706.872,45150.11848275862,21,7335.0,0.08114425760191364,21,7335.0
72480.0,51,19721.0,358.56363636363636,0.7746700776748693,51853.780793740705,942.7960144316495,2618706.21,47612.84018181819,23,7414.0,0.06483332852832308,23,7414.0
72485.0,46,19696.0,333.8305084745763,1.06807515392288,52078.10699610067,882.6797795949266,2618712.21,44384.9527118644,18,7185.0,0.025621358383810695,18,7185.0
72490.0,43,19671.0,322.4754098360656,2.5109590270316327,52330.69904199726,857.8803121638896,2618712.678,42929.71603278689,15,6960.0,0.22136802704292743,15,6960.0
72495.0,41,19684.0,328.06666666666666,1.8629791789296395,52393.89100918451,873.2315168197421,2583124.4329999997,43052.07388333333,14,6869.0,0.09591217587511856,14,6869.0
72500.0,49,19866.0,336.7118644067797,1.0557172807321606,52283.1857663299,886.1556909547439,2547676.7969999993,43180.96266101694,22,6997.0,0.08292577492027364,22,6997.0
72505.0,47,20048.0,334.1333333333333,1.3607565593570388,52366.39978087364,872.7733296812274,2583525.9279999994,43058.76546666666,20,7066.0,0.040871814505623695,20,7066.0
72510.0,49,20291.0,338.18333333333334,1.5068837270762814,52470.537048893886,874.5089508148983,2583646.5159999994,43060.775266666664,23,7149.0,0.05539151962179053,23,7149.0
72515.0,54,20547.0,326.14285714285717,1.2909098714153673,52703.17336245817,836.5583073406061,2655074.2949999995,42144.036428571424,26,7245.0,0.0415782509521926,26,7245.0
72520.0,54,20814.0,341.21311475409834,0.7818224714828246,52925.558464855225,867.6321059812334,2690787.5089999996,44111.27063934426,28,7352.0,0.07288327468389677,28,7352.0
72525.0,50,20940.0,332.3809523809524,1.3516884647860918,53210.828137055876,844.6163196358078,2726501.6829999997,43277.804492063486,23,7150.0,0.10597627176090477,23,7150.0
72530.0,49,21077.0,334.55555555555554,1.8438267335652918,53489.54490519335,849.0403953205295,2726501.6829999997,43277.804492063486,21,6965.0,0.07433055785564158,21,6965.0
72535.0,48,21262.0,342.93548387096774,1.6332777746862086,53574.07686297087,864.0980139188852,2690902.0679999995,43401.64625806451,20,7034.0,0.060747238646648445,20,7034.0
72540.0,50,21481.0,358.01666666666665,1.0565352884164347,53632.51893444121,893.8753155740203,2619592.9859999996,43659.88309999999,23,7124.0,0.042576298284435786,23,7124.0
72545.0,43,21343.0,338.77777777777777,1.4548053928674791,53559.4077109399,850.1493287450779,2548399.934,40450.7926031746,17,6758.0,0.08601066029871635,17,6758.0
72550.0,43,21542.0,326.3939393939394,2.4354561751147266,53826.10374763092,815.5470264792563,2619860.795,39694.860530303034,16,6693.0,0.18905764338980696,16,6693.0
72555.0,48,21761.0,324.7910447761194,1.9218369652548026,54106.9205040181,807.5659776719119,2655587.4129999997,39635.633029850746,22,6741.0,0.08296809186217473,22,6741.0
72560.0,53,22014.0,333.54545454545456,1.271853425614687,53983.98131940636,817.9391109000962,2691387.2459999993,40778.59463636364,27,6835.0,0.043753759075104516,27,6835.0
72565.0,50,22143.0,335.5,1.3618004011875882,54112.642573451,819.8885238401667,2691388.6929999995,40778.61656060607,24,6813.0,0.015211786447776154,24,6813.0
72570.0,54,22408.0,334.44776119402985,1.9091805755274527,54259.95416887586,809.8500622220281,2655742.8919999995,39637.953611940306,27,6907.0,0.05062260357571668,27,6907.0
72575.0,55,22683.0,354.421875,1.3144014361342449,54458.75485476753,850.9180446057429,2655738.5659999996,41495.91509375,27,7012.0,0.07338476883667924,27,7012.0
72580.0,58,22968.0,364.57142857142856,0.7612175551541743,54714.77846152289,868.4885470083,2655738.5659999996,42154.58041269841,30,7127.0,0.03103229963538125,30,7127.0
72585.0,54,23072.0,384.53333333333336,0.5272438123492019,54937.91515108363,915.6319191847272,2655738.5659999996,44262.309433333336,26,6971.0,0.01569235178757594,26,6971.0
72590.0,50,23214.0,386.9,1.4797142137409338,55214.211744592685,920.2368624098782,2655738.5659999996,44262.309433333336,22,6844.0,0.061666968099013925,22,6844.0
72595.0,46,23341.0,382.6393442622951,1.7579915257804102,55453.704867605564,909.0771289771409,2620008.4099999997,42950.95754098361,18,6857.0,0.07994249492731252,18,6857.0
72600.0,47,23519.0,391.98333333333335,1.4744130433778213,55384.95681619644,923.0826136032741,2584474.624,43074.57706666667,21,6954.0,0.05373269740246351,21,6954.0
72605.0,40,16471.0,265.66129032258067,1.8596109916386834,55276.322896527374,891.5535951052805,2513210.037,40535.645758064515,18,5046.0,0.11605140806831946,18,5046.0
72610.0,38,10171.0,158.921875,2.746823793627836,55531.31876777026,867.6768557464106,2584725.916,40386.3424375,23,5133.0,0.14674558506008442,23,5133.0
72615.0,37,5293.0,82.703125,2.2029293035033404,54208.6462265312,847.0100972895503,2590974.402,40483.97503125,30,6222.0,0.036599363822904615,30,6222.0
72620.0,38,1157.0,18.078125,2.315299713750182,51619.56620578813,806.55572196544,2495980.608,38999.697,36,6359.0,0.026389726482073356,36,6359.0
72625.0,38,1203.0,18.796875,2.117270897144013,44581.46011546339,696.5853143041156,2471965.2550000004,38624.457109375,31,7013.0,0.031698564569039106,31,7013.0
72630.0,42,1313.0,19.597014925373134,2.3479785124352994,41439.810926946986,618.5046407007009,2608649.2229999998,38935.06302985075,27,6998.0,0.06036814745715799,27,6998.0
72635.0,43,1450.0,21.323529411764707,2.4324468243008353,40936.984075376226,602.014471696709,2573613.9940000004,37847.264617647066,25,7047.0,0.10072937834943747,25,7047.0
72640.0,50,1673.0,25.348484848484848,1.1668434055177774,40878.63263497298,619.3732217420146,2564163.929,38850.96862121212,28,7162.0,0.06983225384160428,28,7162.0
72645.0,47,1657.0,23.338028169014084,1.4432142157470336,41008.97780887317,577.5912367446923,2595216.8989999997,36552.35069014085,27,5090.0,0.07284173818849056,27,5090.0
72650.0,45,1745.0,23.904109589041095,3.0345305080819065,41303.28935018554,565.7984842491171,2666755.314,36530.89471232877,30,4488.0,0.11966349158103945,30,4488.0
72655.0,43,1778.0,24.356164383561644,2.398413184631633,34916.829053239955,478.3127267567119,2610995.275,35767.05856164383,37,6340.0,0.03257004037209721,37,6340.0
72660.0,49,1927.0,27.52857142857143,1.6528233680837754,27267.238132020906,389.53197331458455,2387354.7449999996,34105.06778571428,46,6558.0,0.021470713976339467,46,6558.0
72665.0,41,818.0,11.054054054054054,2.239152271717489,22846.96150913711,308.74272309644766,2427587.158,32805.231864864865,32,5679.0,0.0427052733539869,32,5679.0
72670.0,48,1044.0,13.384615384615385,2.7306103890404656,22394.317022454725,287.1066284930095,2561805.3419999997,32843.65823076923,33,5556.0,0.031039562684802752,33,5556.0
72675.0,56,1303.0,16.2875,2.5988582188107157,22711.327931397904,283.8915991424739,2695296.6810000003,33691.2085125,35,5710.0,0.004094416958105316,35,5710.0
72680.0,62,1604.0,22.591549295774648,0.9901290590586219,21798.08495509889,307.015281057731,2762005.087,38901.48009859155,36,5875.0,0.020518941899874896,36,5875.0
72685.0,58,1617.0,23.779411764705884,0.9961366008562761,21940.465599443032,322.6539058741624,2761997.4729999998,40617.60989705882,30,5768.0,0.02502425550928883,30,5768.0
72690.0,54,1694.0,25.28358208955224,1.5757942625326062,22180.88519365104,331.0579879649411,2761997.4729999998,41223.842880597,26,5693.0,0.049596816369418394,26,5693.0
72695.0,53,1821.0,26.014285714285716,1.6880520518237805,22478.411445602516,321.12016350860756,2761998.5169999995,39457.12167142856,24,5799.0,0.05758036609782297,24,5799.0
72700.0,55,2050.0,31.060606060606062,0.9185049022572661,22415.085869939525,339.6225131809021,2619054.941999999,39682.650636363636,27,5943.0,0.028831765073077473,27,5943.0
72705.0,47,1618.0,24.892307692307693,1.5469159481653931,22453.267442487413,345.4348837305757,2583400.818999999,39744.627984615385,20,5660.0,0.12222845527407895,20,5660.0
72710.0,48,1792.0,26.352941176470587,2.0939282239887698,22734.607976757903,334.33247024643987,2654996.5929999994,39044.067544117635,22,5532.0,0.12646576748092403,22,5532.0
72715.0,52,2045.0,30.073529411764707,1.999499741610091,22938.81234857515,337.3354757143405,2690794.9029999995,39570.51327941177,26,5597.0,0.0465328286339765,26,5597.0
72720.0,57,2317.0,36.203125,1.0802041833340008,22846.079050076474,356.96998515744514,2762392.5749999997,43162.383984374996,30,5724.0,0.05420903653909506,30,5724.0
72725.0,52,2450.0,35.507246376811594,1.5852777562223996,22879.557612728895,331.58779148882445,2762400.190999999,40034.78537681159,24,5628.0,0.043194850553126045,24,5628.0
72730.0,47,2580.0,37.94117647058823,2.991111375771224,23091.902029945097,339.58679455801627,2762400.190999999,40623.53222058823,19,5562.0,0.18735155647183183,19,5562.0
72735.0,48,2738.0,40.26470588235294,1.9900326902891596,23372.05570541147,343.70670155016865,2762400.190999999,40623.53222058823,21,5564.0,0.07884049072821758,21,5564.0
72740.0,54,2983.0,48.11290322580645,0.6294640836961948,23154.737209253562,373.46350337505754,2547817.7449999996,41093.8345967742,28,5702.0,0.056821874433301174,28,5702.0
72745.0,49,3088.0,49.01587301587302,1.0804819039977172,23337.404247637845,370.43498805774374,2583685.0139999995,41010.873238095235,22,5657.0,0.03865601977947834,22,5657.0
72750.0,51,3336.0,50.54545454545455,1.8467929972092163,23622.601302807598,357.91820155769096,2619496.4839999997,39689.34066666667,25,5717.0,0.06618869751631856,25,5717.0
72755.0,55,3600.0,52.94117647058823,1.9661533726124678,23893.10200762438,351.36914717094686,2691117.804,39575.261823529414,28,5826.0,0.06364815144595067,28,5826.0
72760.0,57,3876.0,59.63076923076923,1.2329137533614984,24060.718958613128,370.1649070555866,2726923.4869999997,41952.66903076923,30,5956.0,0.058947317223468375,30,5956.0
72765.0,50,3087.0,49.79032258064516,0.8585252478538504,24182.987775463585,390.048189926832,2726920.4869999997,43982.5885,26,3543.0,0.0345091435796256,26,3543.0
72770.0,43,2510.0,40.483870967741936,2.2837088850603866,24452.404698295355,394.39362416605417,2726920.4869999997,43982.5885,27,2481.0,0.04147115032053344,27,2481.0
72775.0,36,1804.0,28.1875,2.7312809053792266,21376.876122635116,334.01368941617363,2663201.1040000003,41612.517250000004,29,4735.0,0.03993450335057308,29,4735.0
72780.0,37,1489.0,24.40983606557377,2.755400786730331,15310.637998916984,250.9940655560161,2468490.9710000004,40467.065098360654,33,4971.0,0.04360639668208086,33,4971.0
72785.0,31,823.0,13.063492063492063,2.213956020761881,12562.112001357364,199.39860319614868,2337528.716,37103.63041269841,24,4479.0,0.0383957034611911,24,4479.0
72790.0,38,830.0,12.575757575757576,2.333049670585563,12698.036599736226,192.39449393539732,2471280.3920000005,37443.642303030305,24,4446.0,0.14485507714598034,24,4446.0
72795.0,46,876.0,13.074626865671641,1.5978437831129664,12953.465176160378,193.33530113672205,2569113.8550000004,38344.98291044776,25,4552.0,0.05513934499112663,25,4552.0
72800.0,56,1047.0,15.173913043478262,0.8864448240975795,12868.088355711763,186.4940341407501,2666990.574,38652.03730434783,33,4726.0,0.014683362128093019,33,4726.0
72805.0,52,1163.0,15.931506849315069,1.7156807209706422,12883.19492799964,176.4821223013649,2769637.756,37940.24323287672,28,4784.0,0.05566124012835882,28,4784.0
72810.0,58,1444.0,19.78082191780822,1.9092554816573848,13052.910230797315,178.8069894629769,2769709.949,37941.232178082195,31,4884.0,0.07146009784579815,31,4884.0
72815.0,63,1750.0,25.0,0.8424309592692829,13270.18817287455,189.57411675535064,2769709.475,39567.27821428572,35,5038.0,0.005787917787249994,35,5038.0
72820.0,65,2072.0,30.470588235294116,0.545789621154632,13543.68048780772,199.17177187952524,2769708.809,40731.01189705883,37,5205.0,0.01935546399025583,37,5205.0
72825.0,60,2216.0,32.588235294117645,0.5665672195577994,13802.489999127,202.97779410480882,2769710.713,40731.03989705883,32,5048.0,0.013478927940669195,32,5048.0
72830.0,55,2362.0,34.73529411764706,1.6488491824470581,14113.341898907047,207.5491455721624,2769710.713,40731.03989705883,27,4958.0,0.048283938946206355,27,4958.0
72835.0,53,2530.0,38.333333333333336,1.1498310326343135,14193.174213599395,215.0480941454454,2698136.0500000003,40880.84924242424,26,5072.0,0.07344416503595319,26,5072.0
72840.0,57,2781.0,42.13636363636363,0.6907012356569968,14332.90847624037,217.16527994303596,2698243.6750000003,40882.47992424243,30,5225.0,0.03354435353597132,30,5225.0
72845.0,48,2200.0,31.884057971014492,1.872138396148969,14357.551268911815,208.080453172635,2662558.0570000005,38587.79792753623,22,4642.0,0.08461324079166001,22,4642.0
72850.0,51,2452.0,33.58904109589041,2.9584847305821507,14642.815852728532,200.5865185305278,2734313.159,37456.344643835626,25,4630.0,0.11191859887931167,25,4630.0
72855.0,56,2720.0,38.309859154929576,1.9294173073519663,14402.712133558003,202.85510047264788,2806054.053,39521.88807042254,29,4753.0,0.03150463171488635,29,4753.0
72860.0,62,3018.0,47.15625,0.21480323403889595,14301.07743700356,223.4543349531806,2806048.153,43844.502390625,34,4901.0,0.025174008316803817,34,4901.0
72865.0,57,3167.0,48.723076923076924,0.6776597127092743,14615.524102223859,224.85421695729016,2806048.162,43169.97172307692,29,4766.0,0.02979230714684548,29,4766.0
72870.0,52,3325.0,51.15384615384615,1.6536953898096791,14908.304740801885,229.35853447387515,2806048.162,43169.97172307692,24,4572.0,0.05404572676420846,24,4572.0
72875.0,52,3501.0,52.25373134328358,1.7175766179757648,15037.658621470324,224.44266599209442,2770252.375,41347.05037313433,23,4672.0,0.06913361644360262,23,4672.0
72880.0,51,3736.0,57.47692307692308,1.295713398786488,15124.376127507,232.68270965395385,2698624.1400000006,41517.294461538455,25,4828.0,0.06428819210664066,25,4828.0
72885.0,47,3680.0,54.92537313432836,1.8437758608767478,14994.299690979431,223.7955177758123,2663006.2400000007,39746.36179104478,20,4700.0,0.12053229346498182,20,4700.0
72890.0,51,3925.0,57.720588235294116,2.396637005695897,15272.40331202577,224.59416635332013,2698900.1850000005,39689.70860294118,24,4754.0,0.15394175382232395,24,4754.0
72895.0,55,4184.0,62.44776119402985,1.2454204834789486,15447.59987341241,230.56119214048363,2770678.673000001,41353.413029850744,29,4868.0,0.023893159725951824,29,4868.0
72900.0,60,4473.0,67.77272727272727,0.9676083149250518,15644.209194519446,237.03347264423394,2842455.3370000008,43067.505106060606,33,5012.0,0.01695022819893481,33,5012.0
72905.0,54,4615.0,67.86764705882354,1.3367387943854263,15790.583966250992,232.21447009192636,2842456.957000001,41800.837602941174,26,4899.0,0.038279457585557175,26,4899.0
72910.0,49,4765.0,71.11940298507463,2.589173289838298,16063.929529254683,239.76014222768183,2842456.957000001,42424.73070149253,21,4821.0,0.15642797834005856,21,4821.0
72915.0,51,4947.0,74.95454545454545,1.6590714267901376,16197.868993763615,245.4222574812669,2806646.752000001,42524.950787878784,24,4910.0,0.0820371533544152,24,4910.0
72920.0,53,5192.0,82.41269841269842,0.8713991046115607,16449.926441350875,261.1099435135059,2698968.5110000004,42840.770015873015,27,5034.0,0.04148376168116453,27,5034.0
72925.0,51,5397.0,85.66666666666667,0.959255176496062,16347.713315058609,259.48751293743817,2663309.957,42274.761222222216,25,5107.0,0.025378698109650863,25,5107.0
72930.0,56,5668.0,84.59701492537313,1.6336791677092133,16641.64743415823,248.38279752474975,2735121.2490000003,40822.705208955216,29,5233.0,0.06451731633929497,29,5233.0
72935.0,57,5948.0,88.77611940298507,1.3381104179340595,16907.55812709261,252.35161383720305,2771024.751,41358.57837313433,31,5368.0,0.08094350489240455,31,5368.0
72940.0,60,6242.0,96.03076923076924,0.22479367206877365,17152.539801182596,263.88522771050157,2806919.6249999995,43183.37884615385,33,5516.0,0.025146473862596046,33,5516.0
72945.0,58,6404.0,95.58208955223881,0.7333851078167788,17472.88218970407,260.7892864134934,2806924.121,41894.389865671634,30,5484.0,0.03231856908347695,30,5484.0
72950.0,53,6563.0,97.95522388059702,1.607516857232588,17776.734990935667,265.324402849786,2806924.121,41894.389865671634,25,5474.0,0.06320288978190651,25,5474.0
72955.0,51,6750.0,99.26470588235294,2.1967681969125046,18054.41058385606,265.50603799788314,2771016.5429999996,40750.243279411756,24,5416.0,0.0822577947902995,24,5416.0
72960.0,51,6985.0,105.83333333333333,2.4836948227741042,18081.739544603366,273.9657506758085,2699309.9569999995,40898.63571212121,24,5458.0,0.12099745252300523,24,5458.0
72965.0,50,7235.0,103.35714285714286,2.45584598339621,18079.044330422043,258.2720618631719,2627613.803,37537.34004285713,24,5490.0,0.11611764455658148,24,5490.0
72970.0,52,7494.0,107.05714285714286,2.4545319660884695,18209.193609774575,260.1313372824937,2627695.471,37538.50672857142,26,5588.0,0.1530562886008784,26,5588.0
72975.0,58,7768.0,112.57971014492753,1.0355120832832572,18336.039472996017,265.73970250718855,2591860.413,37563.19439130434,31,5717.0,0.05971162065497303,31,5717.0
72980.0,55,7919.0,114.76811594202898,1.3575696188370183,18528.64211029305,268.53104507671077,2520081.267,36522.916913043475,29,5730.0,0.062706613511665,29,5730.0
72985.0,58,8202.0,115.52112676056338,1.7882904107469244,18836.529441252016,265.30323156692964,2591917.683,36505.88285915493,31,5858.0,0.04602248613708778,31,5858.0
72990.0,59,8488.0,119.54929577464789,1.4459700301069587,19093.414412438833,268.92132975265946,2663750.5690000006,37517.61364788733,32,6002.0,0.06540505972091099,32,6002.0
72995.0,62,8790.0,127.3913043478261,0.7390581073340807,19325.895947973815,280.0854485213594,2699665.301000001,39125.584072463775,36,6159.0,0.0260903944123666,36,6159.0
73000.0,56,8929.0,129.40579710144928,1.2325220246391535,19574.019663500236,283.6814443985541,2771489.190000001,40166.51000000001,30,6186.0,0.08542260487731097,30,6186.0
73005.0,54,9166.0,123.86486486486487,2.082881858550601,19885.29105335084,268.7201493696058,2843317.022000001,38423.203,27,6260.0,0.07183579407002237,27,6260.0
73010.0,55,9435.0,127.5,2.502897880545886,20136.352987727365,272.11287821253165,2843329.895000001,38423.37695945946,29,6384.0,0.100230991271278,29,6384.0
73015.0,59,9717.0,138.81428571428572,0.9030127597292095,20267.11985901001,289.53028370014295,2699641.262000001,38566.30374285715,33,6521.0,0.059554320894480844,33,6521.0
73020.0,54,9129.0,128.57746478873239,1.2900794249289458,20554.813129550534,289.50441027535965,2699618.8240000005,38022.800338028166,27,5910.0,0.054607238593429745,27,5910.0
73025.0,57,9405.0,125.4,2.4921214722362826,20867.49998225813,278.2333330967751,2735528.8240000005,36473.71765333334,31,5919.0,0.05292514474890437,31,5919.0
73030.0,60,9697.0,122.74683544303798,2.1793277300096228,21018.79381320956,266.06068117986786,2807347.1760000004,35536.04020253166,34,6066.0,0.08323114313176122,34,6066.0
73035.0,64,10004.0,138.94444444444446,0.7547635380260772,20554.145263026232,285.4742397642532,2879146.7500000005,39988.14930555555,37,6228.0,0.02992328813455989,37,6228.0
73040.0,60,10139.0,142.80281690140845,0.8911445077561623,20875.883569803722,294.0265291521651,2879145.7960000006,40551.349239436626,32,6267.0,0.05216735588948783,32,6267.0
73045.0,58,10340.0,139.72972972972974,1.96165319688942,21199.87167937007,286.4847524239199,2879148.7960000006,38907.41616216216,30,6332.0,0.05067072329873092,30,6332.0
73050.0,54,10534.0,144.3013698630137,2.215302933044401,21448.83036764839,293.81959407737526,2843230.1110000005,38948.35768493151,27,6425.0,0.10150259654777574,27,6425.0
73055.0,58,10799.0,149.98611111111111,1.0710199620020258,21586.191769441193,299.8082190200166,2699582.433,37494.20045833333,30,6581.0,0.060747728376926276,30,6581.0
73060.0,52,10779.0,151.81690140845072,1.6517817905523247,21848.057455834296,307.7191190962577,2663676.095,37516.56471830986,26,6461.0,0.05542810331680491,26,6461.0
73065.0,55,11051.0,153.48611111111111,2.224429996983,22103.632049597138,306.994889577738,2699603.944,37494.49922222222,29,6543.0,0.12314758566706015,29,6543.0
73070.0,60,11335.0,159.64788732394365,1.347805122546177,22295.676469746326,314.02361224994814,2735519.2100000004,38528.439577464786,34,6682.0,0.009447096246670275,34,6682.0
73075.0,63,11645.0,168.768115942029,0.8617975897678607,22469.51879732061,325.6451999611682,2807354.836,40686.30197101449,37,6847.0,0.013768426223592256,37,6847.0
73080.0,53,10393.0,155.11940298507463,1.1917212778163417,22683.080286684213,338.55343711468976,2843271.92,42436.894328358205,25,6233.0,0.06012282406140963,25,6233.0
73085.0,48,10031.0,139.31944444444446,1.9534013334961533,22968.23718560684,319.0032942445394,2843279.544,39489.99366666666,18,5758.0,0.08311906340631875,18,5758.0
73090.0,44,10126.0,142.61971830985917,2.4190953675575866,23188.08968331489,326.5928124410548,2807366.489,39540.37308450704,16,5824.0,0.11895853311623494,16,5824.0
73095.0,48,10338.0,152.02941176470588,0.8918401087038308,23152.75352335082,340.4816694610416,2735537.9709999994,40228.49957352941,22,5921.0,0.0332485144510734,22,5921.0
73100.0,56,10571.0,151.0142857142857,1.302712886208064,23091.72670255732,329.8818100365332,2771472.2239999995,39592.46034285714,29,6020.0,0.02186213359934109,29,6020.0
73105.0,58,10849.0,157.231884057971,1.4745097137620666,22803.530405566093,330.485947906755,2807403.0129999993,40687.000188405786,31,6153.0,0.05163035048368484,31,6153.0
73110.0,61,11143.0,161.4927536231884,1.2492616076139484,23017.56515461229,333.58790079148247,2771485.5629999996,40166.45743478261,33,6297.0,0.025761482806605444,33,6297.0
73115.0,62,11451.0,173.5,0.6552782313506534,23254.935864814743,352.34751310325373,2771482.5629999996,41992.16004545454,34,6450.0,0.026069091899433884,34,6450.0
73120.0,52,11452.0,176.1846153846154,0.9784651949837352,23551.18200467701,362.3258769950309,2771482.5629999996,42638.19327692307,24,5890.0,0.05926967080124797,24,5890.0
73125.0,49,11539.0,169.69117647058823,1.620950039699094,23852.342467764323,350.7697421730048,2771485.5629999996,40757.14063235293,20,5670.0,0.07446034174069725,20,5670.0
73130.0,50,11684.0,177.03030303030303,1.5748506660233963,23819.437860854607,360.90057364931215,2735552.1689999998,41447.760136363635,21,5756.0,0.08004729573046492,21,5756.0
73135.0,55,11890.0,177.46268656716418,0.9200524728048963,23764.107839348744,354.6881767066977,2735604.537,40829.91846268657,29,5894.0,0.009868472574442474,29,5894.0
73140.0,57,12136.0,183.87878787878788,1.171879473665116,23717.932503126613,359.36261368373647,2771559.0949999997,41993.319621212126,31,6022.0,0.05885530365296541,31,6022.0
73145.0,60,12430.0,180.14492753623188,0.9012460149365318,23921.59562668663,346.6897916911105,2771601.5909999995,40168.138999999996,33,6165.0,0.001710322031317921,33,6165.0
73150.0,62,12737.0,187.30882352941177,1.1619741286895675,24212.814769787314,356.0708054380486,2771601.493,40758.845485294114,34,6318.0,0.07297388431909435,34,6318.0
73155.0,64,13050.0,197.72727272727272,0.1954810258720002,24504.839573225803,371.2854480791787,2771601.1089999997,41993.956196969695,36,6476.0,0.00044990380457390374,36,6476.0
73160.0,59,13192.0,196.8955223880597,0.6340389929310047,24810.255259376274,370.30231730412345,2771602.4489999996,41367.200731343284,31,6386.0,0.018509483836371052,31,6386.0
73165.0,54,13327.0,195.98529411764707,1.8086975629721689,25118.215291250657,369.3855189889802,2771602.4489999996,40758.859544117644,26,6321.0,0.04585664872076922,26,6321.0
73170.0,52,13481.0,201.2089552238806,1.2992898389499998,25371.243477899654,378.67527578954724,2735668.1199999996,40830.86746268657,25,6431.0,0.07219779440097937,25,6431.0
73175.0,58,13728.0,204.8955223880597,0.7308895560939215,25412.270260931728,379.28761583480184,2699837.767,40296.086074626866,31,6583.0,0.023707231111621978,31,6583.0
73180.0,49,9617.0,143.53731343283582,1.453327889472907,25461.327514549874,380.019813649998,2664012.7860000003,39761.384865671644,27,4849.0,0.0967964582466587,27,4849.0
73185.0,45,6688.0,94.19718309859155,2.198804852964945,25752.21168564729,362.7072068401027,2735993.9680000003,38535.12630985915,31,3540.0,0.050171755536726204,31,3540.0
73190.0,44,3377.0,47.563380281690144,2.527015628472664,23364.37942794934,329.0757665908357,2675957.855000001,37689.54725352112,38,5670.0,0.02652145874014324,38,5670.0
73195.0,43,1645.0,24.55223880597015,1.7797932615976306,18575.25149077377,277.24255956378767,2411728.861000001,35995.953149253735,40,6249.0,0.008829385716547108,40,6249.0
73200.0,41,873.0,13.029850746268657,1.9169800491027587,15452.716130947147,230.63755419324087,2414857.1720000007,36042.64435820895,32,5575.0,0.032477960329808785,32,5575.0
73205.0,49,1102.0,14.5,2.51494438164792,15238.315131929237,200.50414647275306,2549725.0220000003,33549.01344736842,32,5583.0,0.01815144150775195,32,5583.0
73210.0,54,1352.0,17.11392405063291,2.557255238595111,15383.209713256994,194.7241735855315,2684102.7430000007,33975.9840886076,32,5733.0,0.0934742083680041,32,5733.0
73215.0,62,1648.0,22.88888888888889,0.9802428660841289,14874.83577966367,206.59494138421758,2751265.6190000004,38212.02248611111,35,5891.0,0.01237572551343823,35,5891.0
73220.0,60,1678.0,23.97142857142857,0.8567349295505663,15156.495052834664,216.521357897638,2751263.9930000007,39303.77132857143,32,5701.0,0.030637086675729976,32,5701.0
73225.0,57,1753.0,25.405797101449274,1.4456330081781792,15414.714334003156,223.40165701453844,2751263.9930000007,39873.39120289856,29,5609.0,0.04428230399355489,29,5609.0
73230.0,53,1828.0,27.28358208955224,1.447810782124599,15468.852313855816,230.87839274411667,2679403.647000001,39991.09920895523,27,5618.0,0.05517712558788634,27,5618.0
73235.0,58,2097.0,31.29850746268657,0.7050576175069924,15254.652066050328,227.68137412015415,2571694.7410000004,38383.503597014926,29,5785.0,0.04239040438760796,29,5785.0
73240.0,47,1849.0,27.597014925373134,1.5760851087321746,15408.041512213073,229.9707688390011,2571805.931000001,38385.163149253734,21,5596.0,0.062130782323830874,21,5596.0
73245.0,51,2095.0,29.928571428571427,2.591720977033345,15692.841436236815,224.18344908909737,2643859.593000001,37769.422757142864,24,5562.0,0.1610930374566896,24,5562.0
73250.0,57,2360.0,33.714285714285715,1.7121746290092432,15822.527255554078,226.0361036507725,2715905.2450000006,38798.64635714287,30,5688.0,0.02457316388506616,30,5688.0
73255.0,61,2656.0,39.64179104477612,0.6615306972531741,15865.315139083848,236.79574834453499,2751926.8980000005,41073.53579104478,35,5844.0,0.015880075724266658,35,5844.0
73260.0,55,2813.0,41.985074626865675,1.163325451231783,16070.248430308007,239.8544541837015,2787953.7460000003,41611.24994029851,28,5712.0,0.07761038738317302,28,5712.0
73265.0,52,2977.0,41.929577464788736,1.9327791426184509,16342.856872425496,230.18108271021825,2787958.3740000003,39267.01935211267,24,5616.0,0.03868077995010742,24,5616.0
73270.0,50,3185.0,46.15942028985507,2.6814295606667087,16436.6849886866,238.2128259229942,2716014.1790000005,39362.524333333335,22,5507.0,0.15496227113431169,22,5507.0
73275.0,51,3411.0,51.68181818181818,1.7709532278851,16403.10437340184,248.5318844454824,2608106.3260000004,39516.76251515151,25,5624.0,0.10378330469214932,25,5624.0
73280.0,56,3685.0,56.69230769230769,0.7777680503645433,16456.020368421636,253.16954412956358,2572241.5140000004,39572.94636923077,30,5768.0,0.04560765846826006,30,5768.0
73285.0,53,3791.0,55.75,1.474796478625665,16550.911437114777,243.39575642815848,2572370.875,37828.98345588235,26,5752.0,0.07124270657283652,26,5752.0
73290.0,55,4061.0,56.40277777777778,2.1463208901141937,16853.64205916193,234.0783619328046,2608407.1500000004,36227.87708333333,28,5837.0,0.11258403974762182,28,5837.0
73295.0,56,4333.0,58.554054054054056,1.7847808820919315,17125.176253597707,231.42130072429333,2680471.659,36222.589986486484,30,5973.0,0.07165625314931956,30,5973.0
73300.0,64,4632.0,64.33333333333333,1.150360561841878,17359.695684413568,241.106884505744,2752539.9410000006,38229.72140277778,37,6132.0,0.04263211254455927,37,6132.0
73305.0,54,3981.0,56.871428571428574,0.9463800500440099,17541.29887200024,250.58998388571754,2788569.215000001,39836.70307142858,28,5683.0,0.048668270057588926,28,5683.0
73310.0,51,3953.0,56.47142857142857,1.2838072859092675,17849.876751466905,254.99823930666997,2824599.6750000007,40351.42392857143,22,5428.0,0.07893839638548726,22,5428.0
73315.0,52,4166.0,57.861111111111114,1.3776481732568355,18170.190716834582,252.36375995603578,2824600.4470000006,39230.561763888894,24,5531.0,0.040093171849911804,24,5531.0
73320.0,58,4421.0,64.07246376811594,1.0464669277842344,18175.385253466768,263.41138048502563,2752529.7720000003,39891.73582608695,31,5667.0,0.0037987752789992693,31,5667.0
73325.0,51,3369.0,46.791666666666664,1.4859146842303521,18212.432092743245,252.95044573254512,2752532.2850000006,38229.615069444444,29,4107.0,0.016786012000213645,29,4107.0
73330.0,46,2719.0,38.84285714285714,2.538862184341982,18092.44283462663,258.4634690660948,2752528.8330000006,39321.840471428564,29,3434.0,0.11018147843900794,29,3434.0
73335.0,41,1802.0,26.115942028985508,1.9471728594541033,18223.097608547552,264.10286389199354,2716541.6780000003,39370.16924637681,33,5241.0,0.03253196667861101,33,5241.0
73340.0,42,1255.0,18.73134328358209,1.877187110444142,16675.262368177064,248.88451295786663,2516279.3860000004,37556.40874626866,39,5423.0,0.014423743917633534,39,5423.0
73345.0,39,1135.0,17.196969696969695,1.755107946428152,13002.874657933975,197.01325239293908,2452437.946,37158.1506969697,30,5071.0,0.03341364774713017,30,5071.0
73350.0,38,1163.0,17.35820895522388,1.7256525010478,13289.456200456154,198.35009254412176,2519732.4460000005,37607.94695522387,24,5070.0,0.05531804922747003,24,5070.0
73355.0,48,1267.0,18.63235294117647,1.2347255466422615,12878.635752457949,189.39170224202874,2582809.8,37982.49705882352,28,5201.0,0.022746758238778236,28,5201.0
73360.0,57,1490.0,21.594202898550726,0.7763369071493804,12887.068930462125,186.76911493423376,2753456.835,39905.171521739125,32,5386.0,0.021724416034151817,32,5386.0
73365.0,56,1588.0,21.753424657534246,1.199555026347632,13037.031746408838,178.58947597820332,2789538.447,38212.85543835616,29,5414.0,0.017111691673159596,29,5414.0
73370.0,59,1874.0,25.324324324324323,2.1260141251305518,13352.40381464389,180.43788938707968,2825619.165,38184.042770270265,32,5544.0,0.052779575002613606,32,5544.0
73375.0,59,2165.0,29.65753424657534,1.5359414541808234,13468.325144303873,184.49760471649145,2825717.59,38708.4601369863,33,5705.0,0.06266169625780862,33,5705.0
73380.0,66,2483.0,35.98550724637681,0.3852393921546325,13640.20625483922,197.68414862085837,2825713.9179999996,40952.375623188396,38,5885.0,0.0036566981739174255,38,5885.0
73385.0,60,2648.0,37.82857142857143,0.9913975669657631,13923.684753801434,198.90978219716342,2825713.9179999996,40367.34168571428,32,5850.0,0.01330852077805148,32,5850.0
73390.0,55,2799.0,38.875,2.006763739172108,14233.94455003783,197.69367430608102,2825714.4059999995,39246.03341666667,27,5801.0,0.11977949510032729,27,5801.0
73395.0,54,2973.0,41.87323943661972,1.7770361015349112,14523.081151124701,204.55043874823525,2789636.4189999993,39290.65378873239,27,5840.0,0.06035676429896727,27,5840.0
73400.0,57,3231.0,48.223880597014926,0.6974970427477156,14293.192203967375,213.33122692488627,2645558.5239999997,39485.94811940299,30,6005.0,0.06411934993261027,30,6005.0
73405.0,47,2116.0,30.666666666666668,1.7351880988375843,14604.200654582995,211.65508195047823,2681660.954,38864.651507246366,20,5067.0,0.07403332656924508,20,5067.0
73410.0,50,2353.0,33.140845070422536,2.8896931671037938,14760.306913118058,207.89164666363465,2717839.742,38279.4329859155,24,4885.0,0.07214997944624005,24,4885.0
73415.0,55,2611.0,35.28378378378378,2.669362284309133,14819.795889687643,200.26751202280605,2753948.188,37215.51605405405,27,5013.0,0.061096146097769866,27,5013.0
73420.0,55,2882.0,43.666666666666664,1.41761103817228,13894.954886628126,210.52961949436553,2826134.5870000003,42820.22101515151,29,5154.0,0.07938559939950174,29,5154.0
73425.0,53,2976.0,47.23809523809524,1.2259209513622205,14106.986987715334,223.9204283764339,2826133.3850000007,44859.260079365085,25,5119.0,0.08767112847352179,25,5119.0
73430.0,55,3245.0,51.507936507936506,1.1033375171198996,14393.993287305624,228.4760839254861,2826133.3850000007,44859.260079365085,27,5239.0,0.00016697416591777528,27,5239.0
73435.0,55,3520.0,57.704918032786885,1.10006538971584,14591.214881205517,239.2002439541888,2826132.427,46330.03978688524,27,5374.0,0.0,27,5374.0
73440.0,55,3795.0,65.43103448275862,0.5738636168157888,14798.48828635901,255.1463497648105,2826131.6530000004,48726.407810344834,27,5509.0,0.0,27,5509.0
73445.0,48,3790.0,60.15873015873016,1.3463817763142147,14986.867442225159,237.8867847972248,2826142.285,44859.40134920635,20,5341.0,0.019065411147121097,20,5341.0
73450.0,44,3855.0,61.19047619047619,3.045461092279403,15246.043476272782,242.00069009956803,2826142.285,44859.40134920635,16,5202.0,0.22645682173951132,16,5202.0
73455.0,44,3878.0,61.55555555555556,1.7892385846880992,15508.012352445769,246.15892622929798,2826142.285,44859.40134920635,17,5276.0,0.08367814528185065,17,5276.0
73460.0,51,4086.0,68.1,0.783211305578296,15419.16132435284,256.98602207254737,2718001.0840000003,45300.01806666667,24,5421.0,0.03687224163411848,24,5421.0
73465.0,48,4295.0,72.79661016949153,0.9601162214212986,15396.948018982524,260.9652206607208,2682068.5850000004,45458.78957627119,22,5533.0,0.02878375842079863,22,5533.0
73470.0,51,4542.0,72.0952380952381,1.6802010255887285,15675.98287056182,248.82512492955277,2754335.7770000007,43719.61550793652,25,5650.0,0.05604587952890107,25,5650.0
73475.0,55,4808.0,75.125,1.4428582939668924,15925.504842908169,248.83601317044014,2826605.6050000014,44165.71257812501,28,5786.0,0.09053657771511875,28,5786.0
73480.0,59,5093.0,83.49180327868852,0.19590750455943232,16170.623298050552,265.0921852139435,2826602.6050000014,46337.747622950825,31,5935.0,0.028509841352261284,31,5935.0
73485.0,54,5231.0,84.37096774193549,0.711047856098084,16469.422111883847,265.6358405142557,2826602.6050000014,45590.364596774205,26,5798.0,0.012298081201617942,26,5798.0
73490.0,49,5380.0,85.39682539682539,1.5863455998081135,16750.66479962651,265.88356824803986,2826603.5260000015,44866.722634920654,21,5669.0,0.07452154477422095,21,5669.0
73495.0,48,5560.0,86.875,1.609580396000372,17014.291618424188,265.8483065378779,2790463.429000001,43600.99107812501,20,5770.0,0.07966819978508104,20,5770.0
73500.0,50,5762.0,92.93548387096774,1.2413523325895455,17109.148150880592,275.954002433558,2718300.181000001,43843.55130645163,24,5897.0,0.04353457299924884,24,5897.0
73505.0,50,5964.0,91.75384615384615,1.448693463978851,17041.464137447925,262.17637134535283,2718542.79,41823.73523076923,24,5987.0,0.05657102302773898,24,5987.0
73510.0,55,6227.0,94.34848484848484,1.3992203758894666,17167.565365641793,260.1146267521484,2754809.325,41739.535227272725,28,6120.0,0.09981473465625194,28,6120.0
73515.0,58,6509.0,98.62121212121212,0.7503705420987193,17442.715603659955,264.2835697524236,2790965.353,42287.353833333334,32,6272.0,0.0011004737474908342,32,6272.0
73520.0,61,6809.0,100.13235294117646,0.9385239801501793,17723.53835019425,260.6402698557979,2863275.377,42106.990838235295,34,6442.0,0.048735873547663865,34,6442.0
73525.0,51,5061.0,73.34782608695652,1.44120546327693,18008.760590375095,260.9965302952912,2863278.377,41496.788072463765,27,4437.0,0.05034300788072868,27,4437.0
73530.0,46,4031.0,58.42028985507246,2.4253534701246977,18302.462087622327,265.253073733657,2863278.377,41496.788072463765,29,3881.0,0.07747491988578013,29,3881.0
73535.0,40,2455.0,35.57971014492754,2.514881641038076,17688.132823440625,256.349751064357,2796492.093,40528.87091304348,33,5345.0,0.020403335823967996,33,5345.0
73540.0,42,1778.0,27.78125,1.8388094890707694,14181.025605927356,221.57852509261494,2462487.1040000003,38476.361000000004,40,5535.0,0.020402384005056857,40,5535.0
73545.0,38,1025.0,15.073529411764707,1.7417586234582871,12415.630087234858,182.5827954005126,2531614.836,37229.62994117647,28,5093.0,0.03727852460882885,28,5093.0
73550.0,44,1057.0,15.318840579710145,2.0031401799659494,12063.061403621281,174.82697686407653,2599637.7900000005,37675.91,27,4975.0,0.05651286239505674,27,4975.0
73555.0,48,1095.0,15.869565217391305,1.3231231257130929,12051.602286794869,174.66090270717194,2698422.5519999997,39107.573217391306,26,5104.0,0.04585338946815384,26,5104.0
73560.0,59,1323.0,19.746268656716417,0.6179589676813588,12110.863263696483,180.7591531894997,2693558.47,40202.365223880595,34,5292.0,0.006294171549820704,34,5292.0
73565.0,56,1432.0,20.457142857142856,1.1828013066028602,12168.614892415178,173.83735560593112,2729747.322,38996.390314285716,30,5278.0,0.01086531584253416,30,5278.0
73570.0,61,1725.0,23.31081081081081,1.7882768168121772,12480.25231135518,168.6520582615565,2729752.134,36888.542351351345,32,5428.0,0.06798234127120528,32,5428.0
73575.0,59,2019.0,27.65753424657534,1.812595248667059,12616.237704032643,172.82517402784438,2693671.416,36899.60843835617,31,5583.0,0.05156845166286234,31,5583.0
73580.0,63,2330.0,34.26470588235294,0.6176255408609305,12744.59490309273,187.42051328077537,2693669.7819999997,39612.7909117647,35,5754.0,0.023829175622184978,35,5754.0
73585.0,61,2476.0,36.95522388059702,0.5822403767801714,13025.701339097443,194.41345282234988,2693669.7819999997,40204.02659701493,33,5625.0,0.01549201555459468,33,5625.0
73590.0,56,2614.0,39.60606060606061,1.1477516431268906,13330.707816433303,201.98042146111064,2693669.7819999997,40813.17851515151,28,5505.0,0.051022417290461156,28,5505.0
73595.0,55,2773.0,40.779411764705884,1.3934031701177634,13427.376542293432,197.4614197396093,2657588.201,39082.1794264706,26,5508.0,0.06811731310254873,26,5508.0
73600.0,56,3015.0,45.0,1.2336874280295484,13378.853398793788,199.68437908647454,2621610.133,39128.50944776119,30,5735.0,0.06563939758077207,30,5735.0
73605.0,49,2135.0,30.070422535211268,1.8612388631050951,13342.676315558963,187.9250185289995,2621858.78,36927.58845070423,21,4928.0,0.11218174880504911,21,4928.0
73610.0,51,2387.0,33.15277777777778,2.868050613951015,13627.350014770422,189.26875020514476,2658084.252,36917.836833333335,24,4841.0,0.10323340961778403,24,4841.0
73615.0,57,2649.0,36.791666666666664,2.2945986689514046,13691.00460535841,190.15284174108908,2730523.7410000004,37923.94084722223,31,4980.0,0.05378237517293583,31,4980.0
73620.0,59,2939.0,45.215384615384615,0.8020014750998082,13051.528446783292,200.7927453351276,2766738.0270000002,42565.20041538462,33,5140.0,0.02239491736399592,33,5140.0
73625.0,55,3046.0,44.794117647058826,1.2245204220054782,13282.407997941458,195.3295293814921,2802962.2670000005,41220.033338235284,28,5140.0,0.042043360822762756,28,5140.0
73630.0,58,3330.0,48.970588235294116,1.470552061746096,13583.16652876766,199.7524489524656,2802962.2670000005,41220.033338235284,29,5258.0,0.08952064637698079,29,5258.0
73635.0,60,3617.0,53.19117647058823,1.0954836758287343,13892.372210488837,204.2995913307183,2802962.2670000005,41220.033338235284,32,5406.0,0.01997329808327189,32,5406.0
73640.0,61,3919.0,60.292307692307695,0.8445214461781209,14077.159729883557,216.57168815205483,2802961.4890000005,43122.48444615384,33,5568.0,7.614389951432844e-05,33,5568.0
73645.0,54,3910.0,61.09375,0.9875598866785211,14272.26730738243,223.0041766778506,2802958.8880000003,43796.232625000004,26,5345.0,0.024685177578213684,26,5345.0
73650.0,49,3993.0,61.43076923076923,2.166935200266427,14527.754880075885,223.50392123193686,2802959.0960000004,43122.44763076924,21,5171.0,0.11096937665433036,21,5171.0
73655.0,47,4041.0,62.16923076923077,2.0795904805022984,14584.048477093827,224.3699765706743,2766860.0810000002,42567.078169230765,20,5266.0,0.12429799972867425,20,5266.0
73660.0,51,4250.0,68.54838709677419,0.9072694352456853,14601.578072224136,235.50932374555063,2658308.3759999997,42875.94154838709,24,5406.0,0.06695982719680524,24,5406.0
73665.0,49,4407.0,72.24590163934427,1.0344095564141207,14540.550350312087,238.36967787396878,2622289.5669999993,42988.35355737705,23,5463.0,0.044031833528574336,23,5463.0
73670.0,52,4660.0,73.96825396825396,1.2281904355825428,14819.61476452806,235.23198038933444,2694802.758999999,42774.64696825396,26,5586.0,0.04027558748822328,26,5586.0
73675.0,55,4929.0,75.83076923076923,1.2535908507369884,15081.380182303286,232.02123357389684,2731052.546999999,42016.19303076924,29,5724.0,0.009037524790749615,29,5724.0
73680.0,58,5212.0,84.06451612903226,0.8810216669092423,15274.796782939966,246.36769004741902,2767305.752999999,44633.96375806451,30,5865.0,0.030762375444199994,30,5865.0
73685.0,53,5351.0,79.86567164179104,1.2377270775207765,15562.924350592224,232.28245299391398,2767311.752999999,41303.16049253731,25,5701.0,0.01984599484115128,25,5701.0
73690.0,49,5497.0,82.04477611940298,2.4932096835115205,15845.828123686939,236.50489736846194,2767311.752999999,41303.16049253731,21,5544.0,0.1736330182567788,21,5544.0
73695.0,47,5659.0,84.46268656716418,1.7864764290506703,16124.517263806374,240.66443677322962,2767311.752999999,41303.16049253731,20,5508.0,0.07947409727236969,20,5508.0
73700.0,54,5902.0,88.08955223880596,1.193904595674284,16223.951916576734,242.14853606830962,2694920.3659999995,40222.69202985075,27,5643.0,0.05491770855891638,27,5643.0
73705.0,52,6120.0,95.625,1.3520728751894315,15838.507132730323,247.47667394891147,2586575.011,40415.234546875,26,5737.0,0.03575536562122023,26,5737.0
73710.0,55,6387.0,96.77272727272727,1.298613585442168,16132.437202779367,244.43086670877844,2659120.437,40289.7035909091,29,5864.0,0.059276485710305034,29,5864.0
73715.0,58,6669.0,99.53731343283582,1.0974436115964055,16394.455772407742,244.69336973742915,2731661.534,40771.067671641795,31,6006.0,0.033313817818803146,31,6006.0
73720.0,61,6971.0,105.62121212121212,0.5688827655042604,16689.151155637715,252.86592660057156,2767929.832,41938.33078787879,35,6168.0,0.024595592257698046,35,6168.0
73725.0,57,7134.0,104.91176470588235,0.8684283871091933,16967.29757637966,249.5190820055834,2767928.8940000003,40704.83667647059,29,6099.0,0.02737729621317621,29,6099.0
73730.0,52,7298.0,105.76811594202898,2.183910932779909,17267.06496134438,250.24731828035343,2767932.0319999997,40114.95698550725,24,6054.0,0.12410471508807978,24,6054.0
73735.0,49,7483.0,110.04411764705883,2.2853535953305366,17539.027884082803,257.92688064827655,2731659.5009999997,40171.46325,22,5968.0,0.1224235450338179,22,5968.0
73740.0,53,7724.0,117.03030303030303,1.7268431714586454,17540.296852359043,265.7620735205916,2659260.054,40291.819,26,6058.0,0.09126349496124314,26,6058.0
73745.0,55,7992.0,121.0909090909091,1.215432843427847,17443.138772919552,264.2899814078721,2550627.105,38645.865227272734,29,6202.0,0.06544804805603828,29,6202.0
73750.0,49,7580.0,109.85507246376811,2.003512271580589,17628.19956094432,255.48115305716408,2586980.1530000004,37492.46598550726,23,5711.0,0.11647053992740469,23,5711.0
73755.0,55,7836.0,111.94285714285714,2.1939364813729676,17850.280315035412,255.00400450050594,2623295.3310000007,37475.6475857143,28,5766.0,0.05745087189737196,28,5766.0
73760.0,56,8108.0,114.19718309859155,2.218750579286005,18141.024224572568,255.50738344468417,2659578.4890000005,37458.85195774649,30,5898.0,0.08849271883950532,30,5898.0
73765.0,60,8396.0,123.47058823529412,0.7260372570380198,17765.6969126105,261.2602487148603,2732136.429,40178.47689705883,34,6046.0,0.01788296816585906,34,6046.0
73770.0,55,8535.0,125.51470588235294,1.4242823048489752,18004.33299247934,264.76960283057866,2804699.1689999998,41245.57601470588,28,6029.0,0.09377510112679864,28,6029.0
73775.0,55,8726.0,121.19444444444444,2.0431810566243525,18302.854765688644,254.20631619012005,2840979.8389999997,39458.05331944444,27,6068.0,0.0855031800622666,27,6068.0
73780.0,52,8945.0,122.53424657534246,2.428443980357861,18601.24888848163,254.8116286093374,2877258.0739999996,39414.494164383555,25,6153.0,0.10144014137978037,25,6153.0
73785.0,57,9210.0,135.44117647058823,1.121421834187403,18650.135553506516,274.2666993162723,2695911.533,39645.757838235295,30,6291.0,0.07774978973704057,30,6291.0
73790.0,51,9193.0,137.2089552238806,1.1271108561164653,18841.110101835522,281.21059853485855,2659649.7929999996,39696.26556716418,25,6203.0,0.04220921881861376,25,6203.0
73795.0,55,9462.0,139.14705882352942,1.6310138594735417,19086.351023406347,280.6816326971522,2695945.7509999997,39646.26104411765,29,6282.0,0.05914036796608717,29,6282.0
73800.0,58,9744.0,143.2941176470588,1.4130448113860632,19286.189334997387,283.6204313970205,2768507.977,40713.352602941166,31,6419.0,0.036012696075060885,31,6419.0
73805.0,63,10041.0,135.6891891891892,1.0782102054757152,19496.511456204455,263.46637102979,2804799.417,37902.694824324324,36,6570.0,0.008979711504705681,36,6570.0
73810.0,50,9009.0,126.88732394366197,1.6796434743968667,19678.943982252928,277.16822510215394,2804799.417,39504.217140845074,22,6056.0,0.13996404112212807,22,6056.0
73815.0,49,8835.0,124.43661971830986,1.1854364157666073,19995.096690552607,281.62108014862827,2804799.417,39504.217140845074,20,5684.0,0.07117795751669526,20,5684.0
73820.0,52,9021.0,127.05633802816901,1.2958091355462853,20316.937545880195,286.1540499419746,2804799.417,39504.217140845074,24,5779.0,0.04075970475607243,24,5779.0
73825.0,57,9265.0,138.28358208955223,0.734680978072302,20319.480252724294,303.2758246675269,2695946.97,40238.01447761193,31,5917.0,0.01033174717345293,31,5917.0
73830.0,56,9454.0,137.0144927536232,1.3133644251220462,20069.929553947597,290.8685442601101,2768544.696,40123.836173913034,29,5978.0,0.026391818128706564,29,5978.0
73835.0,58,9740.0,141.15942028985506,1.6741263636732666,20131.43664505414,291.7599513775963,2768541.0360000003,40123.78313043478,30,6103.0,0.03188001647630102,30,6103.0
73840.0,58,10030.0,149.70149253731344,1.2947080698804398,20310.479947189302,303.1414917490941,2732269.2240000004,40780.13767164178,30,6238.0,0.03722261274541716,30,6238.0
73845.0,62,10333.0,156.56060606060606,0.44853128583581225,20503.93826140331,310.6657312333836,2732269.2240000004,41398.018545454535,34,6386.0,0.00011189568448644497,34,6386.0
73850.0,56,10452.0,160.8,1.0346070973679053,20785.284595257574,319.77360915780883,2732269.2240000004,42034.91113846154,28,6346.0,0.06541033033923023,28,6346.0
73855.0,53,10569.0,157.7462686567164,1.4155800422299847,21085.020274002836,314.7017951343707,2732270.0080000004,40780.14937313432,25,6321.0,0.052864353514596986,25,6321.0
73860.0,50,10690.0,161.96969696969697,1.7414142329854043,21271.880925507678,322.3012261440557,2695983.328,40848.23224242424,24,6361.0,0.07637154261881066,24,6361.0
73865.0,54,10951.0,163.44776119402985,1.1048829513478062,21341.811284189283,318.5344967789446,2623463.5270000002,39156.17204477612,28,6530.0,0.05659595272619214,28,6530.0
73870.0,55,11156.0,164.05882352941177,1.4315150559157486,21546.733848192896,316.86373306166024,2659835.4919999996,39115.22782352941,28,6590.0,0.11236244609336433,28,6590.0
73875.0,57,11437.0,168.19117647058823,1.161148205040641,21761.024181031193,320.0150614857528,2659883.124,39115.92829411764,31,6726.0,0.03596941076130816,31,6726.0
73880.0,60,11729.0,160.67123287671234,1.4073682328378136,22076.251458951312,302.41440354727825,2732535.8959999997,37431.99857534246,34,6873.0,0.031008609821346587,34,6873.0
73885.0,62,12034.0,162.6216216216216,1.6896719129047189,22361.83382888756,302.1869436336156,2768863.9889999996,37417.08093243244,36,7033.0,0.04333306751278215,36,7033.0
73890.0,56,12188.0,174.11428571428573,1.1307389070549434,22603.215179527866,322.9030739932552,2805191.6449999996,40074.16635714286,29,6993.0,0.08386086889295713,29,6993.0
73895.0,57,12362.0,174.11267605633802,1.7264110524433252,22920.99159733704,322.8308675681275,2805191.6449999996,39509.741478873235,29,6967.0,0.059258317749717855,29,6967.0
73900.0,54,12574.0,182.231884057971,1.7315484401430905,23091.27517831704,334.6561620045947,2732577.0709999995,39602.56624637681,27,7016.0,0.0837245421962205,27,7016.0
73905.0,57,12839.0,188.80882352941177,0.8120862521688037,23149.144345977365,340.42859332319654,2623709.0940000005,38583.95726470589,31,7157.0,0.04395454161323848,31,7157.0
73910.0,50,12253.0,177.57971014492753,1.879036449607935,23344.19590267772,338.3216797489524,2660108.397000001,38552.295608695655,23,6546.0,0.08604377154073771,23,6546.0
73915.0,53,12509.0,181.28985507246378,2.375115694335356,23524.215151110515,340.9306543639206,2660162.173000001,38553.074971014496,27,6547.0,0.059482179258098566,27,6547.0
73920.0,58,12785.0,182.64285714285714,1.8901848554956768,23668.863038362855,338.12661483375507,2732838.2080000006,39040.54582857143,32,6678.0,0.00022273854299574545,32,6678.0
73925.0,58,13075.0,192.27941176470588,1.0968116505072487,23194.795981366566,341.09994090244965,2769172.0230000014,40723.11798529413,32,6823.0,0.04749034677838028,32,6823.0
73930.0,54,13220.0,188.85714285714286,1.910484181944899,23491.827641818996,335.5975377402714,2805511.381000001,40078.73401428572,26,6756.0,0.14875490916779474,26,6756.0
73935.0,51,13376.0,191.0857142857143,1.9031644440721123,23792.864339992026,339.89806199988624,2805511.381000001,40078.73401428572,23,6699.0,0.06458694860057157,23,6699.0
73940.0,53,13571.0,193.87142857142857,1.7765736191230956,24092.798187401157,344.182831248588,2805511.381000001,40078.73401428572,26,6809.0,0.0754069634829435,26,6809.0
73945.0,57,13835.0,212.84615384615384,0.48803296890278886,24023.28827430241,369.5890503738832,2623973.9390000007,40368.829830769224,31,6965.0,0.03249330785148614,31,6965.0
73950.0,52,13870.0,210.15151515151516,1.0464790928523406,24206.707339804296,366.76829302733785,2660393.2190000005,40308.98816666666,25,6886.0,0.0325295309384156,25,6886.0
73955.0,57,14139.0,201.9857142857143,1.6996889998303057,24504.2346040734,350.06049434390576,2696742.5570000005,38524.89367142858,29,6979.0,0.03627766079817305,29,6979.0
73960.0,57,14418.0,203.07042253521126,1.8836288803180892,24747.521670991944,348.55664325340774,2733093.7840000005,38494.27864788733,30,7112.0,0.040487137702462074,30,7112.0
73965.0,60,14711.0,219.56716417910448,1.1215533527037285,24907.253462920922,371.75005168538695,2733092.5700000003,40792.42641791044,32,7253.0,0.054382573494503234,32,7253.0
73970.0,51,14120.0,220.625,1.0312553873298653,25089.406001814816,392.02196877835644,2733089.5700000003,42704.52453125,23,6552.0,0.06723293945108291,23,6552.0
73975.0,47,13928.0,217.625,1.4753579763171034,25379.56680414049,396.55573131469515,2733089.5700000003,42704.52453125,18,6191.0,0.07460833293300881,18,6191.0
73980.0,48,14073.0,226.98387096774192,1.1026623560993805,25285.385492124595,407.8287982600743,2696740.052,43495.80729032258,20,6263.0,0.048288707041093566,20,6263.0
73985.0,52,14291.0,216.53030303030303,1.0869300200057705,25132.380137509383,380.79363844711185,2696815.795,40860.845378787875,25,6381.0,0.009169697281961525,25,6381.0
73990.0,51,14490.0,219.54545454545453,1.9024373577985367,25174.050250228134,381.42500379133537,2733187.3719999995,41411.92987878788,25,6454.0,0.09122208181206576,25,6454.0
73995.0,54,14755.0,223.56060606060606,1.1659088228287784,25224.865347790022,382.1949295119701,2769559.195,41963.018106060605,28,6574.0,0.00714195510404586,28,6574.0
74000.0,58,15041.0,235.015625,1.0673617109044091,25389.115501890843,396.7049297170446,2733231.447,42706.741359375,30,6707.0,1.2088239664481674e-05,30,6707.0
74005.0,58,15331.0,232.28787878787878,1.1256834830414462,25679.886941677636,389.0891960860248,2733230.625,41412.58522727272,30,6842.0,0.019942407613469996,30,6842.0
74010.0,52,15437.0,241.203125,1.194881167003603,25904.494606042717,404.7577282194176,2733230.841,42706.731890625,24,6737.0,0.061568030410440754,24,6737.0
74015.0,50,15554.0,239.2923076923077,1.7827336273848144,26192.64336289004,402.9637440444622,2733230.841,42049.70524615385,22,6661.0,0.06832825819030273,22,6661.0
74020.0,49,15700.0,249.20634920634922,1.1817259167890803,26303.029033572613,417.50839735829555,2660548.501,42230.92858730158,22,6752.0,0.07269430828337742,22,6752.0
74025.0,53,15931.0,261.1639344262295,0.518669745849079,26345.498271109325,431.8934142804808,2587896.592,42424.53429508197,27,6885.0,0.035499605814302095,27,6885.0
74030.0,53,16173.0,260.85483870967744,0.7522168685240821,26516.68186370012,427.6884171564537,2624371.538,42328.573193548385,27,7009.0,0.04906650483268689,27,7009.0
74035.0,57,16449.0,249.22727272727272,1.0828809917470525,26814.39152817542,406.2786595178094,2697175.6580000003,40866.29784848484,30,7140.0,0.04088659129100177,30,7140.0
74040.0,59,16740.0,246.1764705882353,1.1660084553370533,27105.54150225012,398.61090444485467,2733582.1420000005,40199.737382352934,33,7286.0,0.044162687572644785,33,7286.0
74045.0,63,17043.0,236.70833333333334,0.7147285449588693,27400.099101060292,380.55693195917075,2806382.3810000005,38977.53306944444,36,7443.0,0.03956439129903554,36,7443.0
74050.0,60,17213.0,239.06944444444446,1.3965453003876702,27733.23893142737,385.18387404760233,2806382.3810000005,38977.53306944444,32,7362.0,0.09320656206657993,32,7362.0
74055.0,56,17389.0,241.51388888888889,1.6973079634033443,28053.516752042135,389.63217711169636,2806382.3810000005,38977.53306944444,28,7312.0,0.05317361148568816,28,7312.0
74060.0,55,17600.0,237.83783783783784,1.8575195164894218,28318.621587144284,382.6840755019498,2770009.5960000004,37432.5621081081,28,7354.0,0.05900000479990885,28,7354.0
74065.0,57,17867.0,258.94202898550725,0.9918259820939745,28094.956307464352,407.17327981832386,2588269.193,37511.147724637674,31,7517.0,0.04978692442701868,31,7517.0
74070.0,52,17396.0,252.1159420289855,1.2855132923938972,28288.182771998414,409.97366336229584,2588344.218,37512.23504347825,25,6972.0,0.04909355287222524,25,6972.0
74075.0,55,17660.0,245.27777777777777,2.272814133111985,28591.534612280633,397.10464739278655,2661174.722,36960.76002777778,29,7020.0,0.047867529129066874,29,7020.0
74080.0,58,17943.0,256.3285714285714,1.6925869789693972,28415.020898195,405.92886997421436,2733998.3899999997,39057.119857142854,31,7158.0,0.05420880049680074,31,7158.0
74085.0,62,18240.0,253.33333333333334,0.801730714210541,28436.965260629768,394.95785084208,2770410.1459999997,38477.91869444444,36,7310.0,0.0001452616657673506,36,7310.0
74090.0,57,18410.0,266.81159420289856,1.2724520627872364,28691.144954227213,415.8136949888003,2770409.0719999997,40150.85611594202,29,7257.0,0.060094821003109956,29,7257.0
74095.0,55,18602.0,269.59420289855075,1.7045232251790592,28996.02716699766,420.23227778257484,2770409.0719999997,40150.85611594202,27,7217.0,0.08755218116076253,27,7217.0
74100.0,55,18801.0,272.4782608695652,1.533023405836321,29303.54758889314,424.689095491205,2770409.0719999997,40150.85611594202,27,7332.0,0.04736358279603788,27,7332.0
74105.0,57,19048.0,276.05797101449275,1.0315894512381703,29323.572737723196,424.9793150394666,2661309.372,38569.70104347826,30,7477.0,0.031096141394957286,30,7477.0
74110.0,52,19017.0,271.6714285714286,1.585893630854762,29396.027638646232,419.94325198066053,2625020.664,37500.29519999999,26,7364.0,0.10393494575113982,26,7364.0
74115.0,56,19284.0,264.16438356164383,1.6868346801357856,29702.48798363754,406.8833970361307,2697881.837,36957.285438356164,29,7438.0,0.028173557640834773,29,7438.0
74120.0,58,19568.0,271.77777777777777,1.6689804843907927,29905.336932175363,415.35190183576896,2734308.403,37976.505597222225,32,7577.0,0.06528692813576183,32,7577.0
74125.0,63,19872.0,276.0,1.2882899241538392,30154.9855562681,418.81924383705706,2770738.17,38482.47458333333,36,7734.0,0.0007196149759230049,36,7734.0
74130.0,53,19293.0,287.95522388059703,1.168342882173614,30281.228898922316,451.95864028242255,2770735.17,41354.25626865672,25,7097.0,0.06762868404851355,25,7097.0
74135.0,49,19077.0,276.4782608695652,1.5560969893968206,30552.692146875517,442.7926398097901,2770736.2459999993,40155.59776811595,18,6729.0,0.07755241708007578,18,6729.0
74140.0,48,19230.0,287.0149253731343,1.8432361241725652,30678.68107415155,457.8907623007693,2697953.2409999995,40267.958820895525,19,6805.0,0.07551117146334697,19,6805.0
74145.0,53,19430.0,298.9230769230769,0.9390127346692179,30317.97332629859,466.43035886613234,2697962.315,41507.112538461544,26,6917.0,0.04746765774250055,26,6917.0
74150.0,53,19621.0,301.8615384615385,1.2750074540964578,30367.161995243467,467.18710761913036,2734406.617,42067.79410769231,27,6982.0,0.04379839093983194,27,6982.0
74155.0,56,19894.0,301.42424242424244,1.1857071992411699,30415.34754405503,460.838599152349,2807296.034,42534.7883939394,30,7109.0,0.020376140875746445,30,7109.0
74160.0,59,20184.0,320.3809523809524,0.7463763140556037,30564.31566599957,485.14786771427885,2770892.534,43982.42117460317,31,7248.0,0.01872097820692288,31,7248.0
74165.0,60,20481.0,301.19117647058823,0.679680719201927,30800.026830140567,452.9415710314789,2770903.182,40748.57620588236,32,7390.0,3.4992584575843457e-06,32,7390.0
74170.0,53,20596.0,302.88235294117646,1.9759861007944663,31102.17968965766,457.38499543614193,2770903.182,40748.57620588236,25,7295.0,0.15068057575635183,25,7295.0
74175.0,50,20717.0,304.6617647058824,1.6320143933855187,31396.53058040169,461.71368500590734,2770903.182,40748.57620588236,22,7219.0,0.06473993819731468,22,7219.0
74180.0,54,20887.0,316.469696969697,1.1360113833140912,31531.123963299215,477.74430247423044,2698071.549,40879.87195454546,27,7332.0,0.04565007766707655,27,7332.0
74185.0,57,21138.0,330.28125,0.5087401572217097,31569.818194925956,493.27840929571795,2625302.2900000005,41020.34828125,30,7484.0,0.03654988452651254,30,7484.0
74190.0,54,21354.0,323.54545454545456,1.1167044141370657,31749.269538296634,481.0495384590399,2625375.2860000003,39778.41342424243,28,7588.0,0.03558433549678512,28,7588.0
74195.0,57,21634.0,309.0571428571429,1.6507346113114982,32050.71360730434,457.8673372472049,2698315.5200000005,38547.36457142857,31,7738.0,0.07120056969467332,31,7738.0
74200.0,60,21925.0,304.5138888888889,1.2645804333792343,32367.814762953407,449.5529828187972,2734788.711,37983.17654166667,33,7893.0,0.04983517575565264,33,7893.0
74205.0,66,22248.0,327.1764705882353,0.12745110516035446,32603.646109812842,479.4653839678359,2734781.887,40217.38069117647,38,8065.0,0.0003798888850235575,38,8065.0
74210.0,61,22425.0,329.77941176470586,0.5723400502895405,32933.644266852476,484.3182980419482,2734781.887,40217.38069117647,33,8028.0,0.028235552379449344,33,8028.0
74215.0,57,22598.0,322.8285714285714,1.3655510337647845,33256.30966501598,475.09013807165695,2734782.6790000005,39068.323985714276,29,7973.0,0.04535840470402565,29,7973.0
74220.0,53,22791.0,325.5857142857143,2.2665009253338293,33558.390890497714,479.4055841499676,2734782.6790000005,39068.323985714276,26,7864.0,0.06287285745459492,26,7864.0
74225.0,54,23035.0,329.07142857142856,1.6447517748290332,33450.315729207985,477.86165327439977,2625561.019,37508.014557142866,27,7984.0,0.07297119335302032,27,7984.0
74230.0,58,23315.0,337.8985507246377,1.3155527195145493,33528.463067286626,485.9197545983568,2589214.4390000002,37524.84694202898,32,8124.0,0.08678711123029674,32,8124.0
74235.0,52,22782.0,330.17391304347825,1.64446363007541,33632.8527028277,487.43264786706806,2589344.103,37526.726130434785,26,7524.0,0.10600230131302708,26,7524.0
74240.0,57,23050.0,315.75342465753425,2.0365498624381457,33932.73229733656,464.8319492785831,2662326.909,36470.23163013699,30,7539.0,0.015623853084806624,30,7539.0
74245.0,58,23335.0,307.0394736842105,2.453811901004806,34124.2602849798,449.00342480236566,2698820.2589999996,35510.79288157894,32,7664.0,0.040198756213678175,32,7664.0
74250.0,60,23628.0,337.54285714285714,1.1554992629167404,33697.06926837225,481.38670383388944,2771790.892999999,39597.01275714285,34,7797.0,0.08452599400578495,34,7797.0
74255.0,66,23940.0,337.1830985915493,0.17735006913185097,33981.34224826624,478.610454200933,2844768.8529999997,40067.16694366197,39,7949.0,0.00667145366679596,39,7949.0
74260.0,61,24059.0,338.85915492957747,0.8256744262520503,34323.35057462779,483.4274728820817,2844768.8529999997,40067.16694366197,33,7867.0,0.03958849610158037,33,7867.0
74265.0,58,24254.0,332.24657534246575,1.8072891573094227,34643.207305103824,474.56448363155926,2844770.7889999994,38969.462863013694,30,7835.0,0.05596938497133706,30,7835.0
74270.0,53,24451.0,344.38028169014086,2.033228670832808,34764.49126977774,489.6407221095457,2771873.5299999993,39040.47225352112,26,7894.0,0.06462280640471046,26,7894.0
74275.0,56,24712.0,363.4117647058824,1.0548424850794293,34803.910296514,511.82221024285303,2626003.867999999,38617.70394117647,30,8029.0,0.07759199362912957,30,8029.0
74280.0,52,24559.0,355.92753623188406,1.3988113149528218,35011.444960691675,507.4122458071258,2662557.3539999994,38587.787739130436,25,7832.0,0.07055965043175759,25,7832.0
74285.0,54,24827.0,340.09589041095893,1.9167081486968207,35251.130499261846,482.8921986200254,2662590.407999999,36473.841205479446,28,7843.0,0.06323323684683305,28,7843.0
74290.0,57,25108.0,334.7733333333333,1.9764642174646105,35427.97755307959,472.3730340410612,2735592.4599999986,36474.566133333334,31,7946.0,0.0872384313425363,31,7946.0
74295.0,64,25405.0,343.31081081081084,1.4311258357000802,35578.290115984106,480.7877042700555,2808584.7449999987,37953.847905405404,37,8083.0,0.030711436324027,37,8083.0
74300.0,56,18107.0,262.42028985507244,0.9014861272721552,35682.89335769217,517.1433819955388,2808583.7769999984,40704.11271014492,32,6233.0,0.05633688038612918,32,6233.0
74305.0,51,12326.0,178.63768115942028,1.9098918769426008,35989.409234079714,521.5856410736191,2808583.7769999984,40704.11271014492,35,6349.0,0.05529784432666856,35,6349.0
74310.0,44,5761.0,84.72058823529412,2.378824108976537,34652.94013896409,509.6020608671191,2741804.048999999,40320.64777941176,37,8412.0,0.018660287037177276,37,8412.0
74315.0,45,2207.0,33.43939393939394,1.6924671578697592,28533.10012954164,432.31969893244917,2406627.272999999,36464.04959090909,41,8592.0,0.00015021613818320555,41,8592.0
74320.0,36,1223.0,18.253731343283583,1.9829249043215074,23886.602925898733,356.5164615805783,2411155.5659999987,35987.39650746268,28,7863.0,0.07544613658709992,28,7863.0
74325.0,40,738.0,9.972972972972974,2.071514432567602,24183.159970360626,326.7994590589273,2683936.087999999,36269.40659459459,21,7424.0,0.1007282456509701,21,7424.0
74330.0,44,798.0,10.783783783783784,1.4930999115528178,24323.501505303833,328.6959662878897,2747344.0909999986,37126.271499999995,23,7516.0,0.0673333723469419,23,7516.0
74335.0,59,1015.0,14.097222222222221,0.7388903087396557,24281.050179887083,337.2368080539873,2710873.5899999985,37651.02208333333,33,7680.0,0.015115779098668103,33,7680.0
74340.0,58,1069.0,14.847222222222221,1.3094095837935305,24250.515191820938,336.8127109975129,2747411.5209999993,38158.493347222226,31,7667.0,0.030717718115419384,31,7667.0
74345.0,59,1362.0,17.92105263157895,1.9053047876918092,24006.684391773437,315.8774262075451,2783947.104999999,36630.882960526316,33,7800.0,0.041367875781333864,33,7800.0
74350.0,60,1659.0,21.545454545454547,2.3139782001452174,24276.93626243336,315.2848865251086,2820484.304999999,36629.666298701304,33,7963.0,0.10796701075323199,33,7963.0
74355.0,63,1970.0,26.986301369863014,0.822569184614991,24309.514352087008,333.0070459190002,2784017.9089999986,38137.23163013699,35,8119.0,0.03991114927392214,35,8119.0
74360.0,62,2126.0,30.37142857142857,0.5521989725517371,24549.384567727615,350.7054938246803,2784014.9089999986,39771.64155714285,34,8063.0,0.010467352843530285,34,8063.0
74365.0,59,2311.0,32.54929577464789,1.4850958921231685,24875.39144609176,350.3576260012924,2784014.9089999986,39211.477591549294,31,8011.0,0.04359304859804035,31,8011.0
74370.0,56,2466.0,34.732394366197184,1.387043759741656,25055.74226221485,352.8977783410543,2710989.5469999993,38182.95136619717,29,8127.0,0.05670656446993261,29,8127.0
74375.0,59,2733.0,38.49295774647887,1.0143271719944054,25248.974460495057,355.619358598522,2674516.7529999996,37669.25004225352,33,8275.0,0.04458949526161255,33,8275.0
74380.0,54,2292.0,32.74285714285714,1.4213943047113595,25324.445200098195,361.7777885728314,2638088.1169999996,37686.9731,27,7755.0,0.0765259565672244,27,7755.0
74385.0,57,2565.0,35.625,2.1926475385321513,25628.28703087217,355.9484309843358,2711203.05,37655.597916666666,31,7807.0,0.037721438477907876,31,7807.0
74390.0,59,2857.0,41.405797101449274,1.4708922165891694,25512.05756855522,369.73996476166985,2747758.9939999995,39822.59411594203,33,7939.0,0.02228472716014049,33,7939.0
74395.0,62,3160.0,47.16417910447761,0.7266273654568957,25497.778684675493,380.5638609653059,2784310.1999999997,41556.86865671642,34,8078.0,0.027031360900368694,34,8078.0
74400.0,57,3275.0,50.38461538461539,1.0477905421471718,25736.841623009914,395.95140958476793,2784309.374,42835.52883076924,29,8055.0,0.02104441550258872,29,8055.0
74405.0,58,3561.0,49.458333333333336,1.6247356617269904,26047.15912671309,361.7660989821263,2784315.374,38671.04686111111,29,8138.0,0.023294443153157526,29,8138.0
74410.0,59,3851.0,54.23943661971831,2.0925947034261743,26305.856340207618,370.5050188761637,2784311.5479999995,39215.65560563381,31,8259.0,0.10650191693572386,31,8259.0
74415.0,62,4150.0,61.029411764705884,0.6416592178899398,26487.77542180669,389.52610914421615,2784311.4359999998,40945.75641176471,34,8388.0,0.011826827854719417,34,8388.0
74420.0,54,3739.0,55.80597014925373,0.8039530058091745,26737.004489351526,399.05976849778403,2784312.4059999995,41556.90158208956,25,7728.0,0.028039174396272085,25,7728.0
74425.0,48,3592.0,53.61194029850746,1.7478131451645134,27036.10369593209,403.5239357601805,2784312.4059999995,41556.90158208956,19,7400.0,0.07763725446134652,19,7400.0
74430.0,47,3625.0,54.1044776119403,1.6427868850780765,26972.869216433388,402.5801375587073,2784312.3789999997,41556.90117910448,19,7339.0,0.07244627624133865,19,7339.0
74435.0,52,3826.0,58.86153846153846,1.1793257177849106,26911.542158812514,414.0237255201925,2711196.0840000003,41710.70898461539,26,7465.0,0.036029574318451,26,7465.0
74440.0,53,4000.0,63.492063492063494,1.1221199316301718,26606.58059800495,422.3266761588088,2747789.1190000004,43615.700301587305,27,7479.0,0.03462239323791493,27,7479.0
74445.0,56,4279.0,64.83333333333333,1.457420091668409,26895.544088754017,407.5082437690002,2747791.059,41633.19786363637,28,7589.0,1.1023882847272816e-05,28,7589.0
74450.0,56,4559.0,71.234375,1.4646398623083945,26972.32796158744,421.4426243998038,2711298.241,42364.035015625,28,7699.0,0.03302048177830514,28,7699.0
74455.0,57,4840.0,80.66666666666667,0.44883669535164655,27153.662614485365,452.5610435747561,2711294.5570000005,45188.24261666668,29,7810.0,0.03613433772522456,29,7810.0
74460.0,54,4953.0,83.94915254237289,0.3928679624425372,27439.835880890743,465.0819640828942,2711294.5570000005,45954.14503389831,26,7588.0,0.014206272150147376,26,7588.0
74465.0,49,5055.0,81.53225806451613,1.5537847896511896,27723.704867110097,447.15653011467896,2711294.5570000005,43730.55737096775,21,7381.0,0.05897174009696098,21,7381.0
74470.0,47,5175.0,80.859375,1.8126169009856115,27995.650036683215,437.4320318231753,2711295.069,42363.985453124995,20,7452.0,0.14306837717896995,20,7452.0
74475.0,52,5388.0,86.90322580645162,0.9711697937359379,27700.698765956175,446.7854639670352,2638456.4910000004,42555.749854838716,25,7599.0,0.0462934169185972,25,7599.0
74480.0,49,5586.0,90.09677419354838,1.1962540613269026,27799.274047554904,448.3753878637888,2638586.2670000005,42557.843016129045,23,7666.0,0.06687768457976499,23,7666.0
74485.0,55,5844.0,87.22388059701493,1.405271576657543,28089.84174593723,419.2513693423467,2711850.9120000005,40475.386746268654,28,7764.0,0.03230733066588161,28,7764.0
74490.0,56,6121.0,92.74242424242425,1.4856727504244753,28345.121871161125,429.4715435024413,2748482.7019999996,41643.67730303031,30,7881.0,0.07611920182582384,30,7881.0
74495.0,61,6409.0,95.65671641791045,0.2985904177436448,28626.035738264258,427.25426475021294,2785117.2500000005,41568.914179104475,32,8006.0,0.004889034501318513,32,8006.0
74500.0,56,6558.0,99.36363636363636,1.2315554876861867,28904.17639722065,437.9420666245554,2785117.2500000005,42198.746212121216,28,7787.0,0.0524282534481235,28,7787.0
74505.0,53,6736.0,102.06060606060606,1.885843850390216,29192.530053611936,442.31106141836267,2785117.2500000005,42198.746212121216,25,7449.0,0.09827980278543733,25,7449.0
74510.0,51,6906.0,103.07462686567165,1.6707502524538285,29464.360795122655,439.76657903168143,2748485.0290000006,41022.16461194031,23,7532.0,0.08528243124000928,23,7532.0
74515.0,53,7129.0,111.390625,0.9282899251888089,29133.09779827278,455.20465309801233,2639006.916,41234.4830625,26,7645.0,0.06408413893052109,26,7645.0
74520.0,55,7353.0,116.71428571428571,0.8209824873698526,29074.770087790195,461.50428710778107,2602627.228,41311.5433015873,29,7725.0,0.054976489418526044,29,7725.0
74525.0,57,7635.0,107.53521126760563,1.1401410464405046,29387.891796230928,413.9139689609991,2675930.2509999997,37689.15846478872,31,7847.0,0.023473836628804458,31,7847.0
74530.0,62,7933.0,110.18055555555556,1.5816371843276316,29691.290164633294,412.37903006435147,2749228.066,38183.72313888888,35,7985.0,0.1039864807180499,35,7985.0
74535.0,63,8242.0,116.08450704225352,0.45680321584507955,29967.55028583153,422.0781730398808,2785877.992,39237.718197183094,37,8151.0,0.04809200388213759,37,8151.0
74540.0,61,6315.0,87.70833333333333,0.592111275468025,30315.68940125706,421.051241684126,2822521.64,39201.68944444444,37,6365.0,0.021751530904215815,37,6365.0
74545.0,54,4839.0,67.20833333333333,1.8019978083017674,30643.039608555355,425.59777234104666,2822521.64,39201.68944444444,38,4596.0,0.023078214858829972,38,4596.0
74550.0,46,2896.0,40.22222222222222,2.1281325487152407,28026.88632090872,389.26231001262136,2688382.5449999995,37338.64645833333,40,8691.0,0.013416657658938992,40,8691.0
74555.0,46,2256.0,32.69565217391305,2.0417390629695102,23135.26151630066,335.29364516377774,2419428.7799999993,35064.18521739131,43,8883.0,0.04122714401445747,43,8883.0
74560.0,41,1573.0,22.47142857142857,1.5750248176435864,20075.845775468573,286.79779679240806,2491010.6719999993,35585.86674285715,34,8418.0,0.041647222651566444,34,8418.0
74565.0,45,1526.0,20.07894736842105,1.9613466563342778,20390.616464737617,268.29758506233713,2696202.0059999996,35476.34218421052,31,8203.0,0.050261082530728585,31,8203.0
74570.0,47,1573.0,20.69736842105263,1.782204363895466,19484.57368532493,256.375969543749,2765528.3079999997,36388.53036842105,30,8200.0,0.04309599096364309,30,8200.0
74575.0,57,1800.0,23.376623376623378,1.131828885820291,19465.715498934067,252.80149998615667,2724177.9269999997,35378.934116883116,37,8370.0,0.015284579497226392,37,8370.0
74580.0,58,1843.0,24.25,1.5559338496398847,19236.190869178256,253.1077745944507,2829236.753,37226.799381578945,35,8305.0,0.039553670116955084,35,8305.0
74585.0,62,2144.0,27.139240506329113,1.687580293106877,19444.492198127387,246.1328126345239,2829236.231,35813.116848101265,35,8406.0,0.0057890045555412375,35,8406.0
74590.0,65,2468.0,32.473684210526315,1.8041971824877325,19463.791131445305,256.1025148874382,2792695.253,36745.99017105263,37,8555.0,0.0899289105736159,37,8555.0
74595.0,67,2795.0,39.36619718309859,0.3807080550156265,19640.610869620694,276.62832210733376,2792694.739,39333.72871830986,39,8707.0,0.0008279038715807616,39,8707.0
74600.0,60,2887.0,40.66197183098591,0.45031420867884897,19907.55556766624,280.3881065868485,2792693.111,39333.7057887324,32,8538.0,0.020810691461418084,32,8538.0
74605.0,58,3037.0,42.18055555555556,1.2179195869229382,20241.589067234425,281.1331814893671,2792693.111,38787.40431944444,29,8641.0,0.009745758554816101,29,8641.0
74610.0,58,3208.0,44.55555555555556,1.0849286660811785,20570.234980858146,285.69770806747425,2792693.111,38787.40431944444,31,8754.0,0.031490830956952744,31,8754.0
74615.0,62,3482.0,49.74285714285714,0.5571669918292294,20713.265670716883,295.9037952959555,2792688.525,39895.550357142856,36,8946.0,0.0038434616175139573,36,8946.0
74620.0,48,2022.0,28.885714285714286,1.767756029300277,21018.395567953336,300.2627938279048,2829407.488,40420.10697142858,22,7807.0,0.08753029589317984,22,7807.0
74625.0,52,2277.0,31.625,2.7372493882225126,21080.161946937824,292.7800270408032,2829574.214,39299.64186111111,25,7447.0,0.05960254968913933,25,7447.0
74630.0,54,2543.0,36.32857142857143,2.694336131680006,21094.126336646328,301.34466195209046,2829573.816,40422.48308571429,26,7528.0,0.000135179576464382,26,7528.0
74635.0,54,2813.0,45.37096774193548,1.247620673785796,20088.075118621728,324.00121159067317,2829565.078,45638.146419354845,26,7623.0,0.027595353659547163,26,7623.0
74640.0,56,3090.0,55.17857142857143,2.2201084418943856e-06,20021.021087150006,357.5182336991073,2829560.3360000006,50527.863142857146,28,7725.0,2.9914845782278604e-07,28,7725.0
74645.0,50,3171.0,51.145161290322584,1.2688077486083782,20304.129988438148,327.485967555454,2829566.3360000006,45638.16670967741,22,7656.0,0.030597019135140086,22,7656.0
74650.0,50,3421.0,53.453125,2.2969291051003338,20570.405272227476,321.4125823785545,2829566.8520000004,44211.9820625,22,7706.0,0.14392177305232823,22,7706.0
74655.0,51,3673.0,59.24193548387097,1.595293840128072,20744.67451247681,334.59152439478737,2829566.166,45638.16396774193,23,7783.0,0.03482222432424392,23,7783.0
74660.0,55,3943.0,66.83050847457628,0.6196207595902816,20910.91749866198,354.4223304857963,2829565.1940000006,47958.732101694906,27,7878.0,0.023858418329342726,27,7878.0
74665.0,52,3883.0,65.8135593220339,0.751203440602934,21155.05395120151,358.5602364610426,2829568.2060000002,47958.78315254237,24,7451.0,0.03939976824132674,24,7451.0
74670.0,46,3850.0,65.2542372881356,1.8967137780726975,21418.910104936673,363.03237465994374,2829568.2060000002,47958.78315254237,18,7118.0,0.138444796358028,18,7118.0
74675.0,45,3861.0,64.35,1.6822974511177107,21319.442945355942,355.32404908926577,2756330.383,45938.839716666655,16,7015.0,0.11115928968868385,16,7015.0
74680.0,46,4032.0,69.51724137931035,1.126726844790087,20818.361308418036,358.93726393824227,2683395.3529999997,46265.43712068965,20,7175.0,0.08450195252888915,20,7175.0
74685.0,46,4160.0,68.19672131147541,1.865781044056141,21080.44229196708,345.58102117978825,2756938.86,45195.719016393436,19,7138.0,0.12103213467655682,19,7138.0
74690.0,49,4396.0,72.06557377049181,1.3256387527728573,21165.87146779201,346.9814994720003,2757081.871,45198.06345901638,23,7209.0,0.04635071008686643,23,7209.0
74695.0,54,4656.0,75.09677419354838,1.3048428223653372,21409.951615854105,345.3218002557113,2830621.6809999994,45655.188403225795,28,7305.0,0.035949749490522404,28,7305.0
74700.0,56,4930.0,82.16666666666667,0.46850823941382924,21615.3339449881,360.2555657498017,2904161.014999999,48402.68358333334,29,7414.0,0.03218031432885996,29,7414.0
74705.0,51,5061.0,79.078125,1.2882156797671596,21871.370229006585,341.7401598282279,2904162.6749999993,45377.541796875,23,7101.0,0.04096885673781622,23,7101.0
74710.0,46,5201.0,81.265625,2.771959018253045,22138.81745989892,345.91902281092064,2904162.6749999993,45377.541796875,18,6875.0,0.161831386955502,18,6875.0
74715.0,45,5359.0,86.43548387096774,1.9602161482126677,22113.59532829451,356.6708923918471,2830810.3459999994,45658.23138709677,18,6783.0,0.10645575791778171,18,6783.0
74720.0,50,5583.0,94.62711864406779,0.8258334526429765,21974.465066202618,372.4485604441122,2720772.173,46114.78259322035,23,6866.0,0.04297757014639353,23,6866.0
74725.0,47,5765.0,94.50819672131148,1.2554044350188196,21887.78559966029,358.81615737148013,2684260.745,44004.274508196715,21,6895.0,0.03767322242070654,21,6895.0
74730.0,51,6012.0,92.49230769230769,1.9260549284217976,22164.151824921006,340.98695115263087,2757825.742,42428.08833846154,25,6977.0,0.10023807796014678,25,6977.0
74735.0,57,6277.0,92.30882352941177,1.5614419460680733,22453.528448823272,330.19894777681293,2831393.015,41638.132573529416,30,7077.0,0.05879120753520826,30,7077.0
74740.0,60,6569.0,102.640625,0.5360043477348999,22656.770799356425,354.0120437399444,2868170.1550000003,44815.158671875004,34,7204.0,0.06639149592205033,34,7204.0
74745.0,57,6732.0,102.0,1.0402411348387595,22965.713706939918,347.9653591960596,2904954.6020000004,44014.46366666667,29,6997.0,0.06233588931155965,29,6997.0
74750.0,52,6899.0,104.53030303030303,1.8537943606652638,23256.810790842137,352.37592107336576,2904954.6020000004,44014.46366666667,24,6804.0,0.054618617017886,24,6804.0
74755.0,50,7083.0,107.31818181818181,1.730539242212585,23322.356787189008,353.3690422301364,2831519.869000001,42901.8161969697,23,6884.0,0.06149975253183106,23,6884.0
74760.0,52,7323.0,116.23809523809524,1.1728178184731313,23269.61629667784,369.35898883615613,2721376.864000001,43196.458158730165,25,6983.0,0.044604641161560946,25,6983.0
74765.0,52,7509.0,113.77272727272727,1.0346909302130378,23301.603834540878,353.05460355364966,2684753.224000001,40678.07915151516,26,7016.0,0.017104978407693178,26,7016.0
74770.0,56,7782.0,114.44117647058823,1.5992308148903505,23602.61672028914,347.09730471013444,2758342.059000001,40563.85380882354,29,7122.0,0.10219573205907051,29,7122.0
74775.0,61,8067.0,116.91304347826087,0.9368712541231404,23882.32060962736,346.120588545324,2831927.9570000004,41042.43415942029,34,7244.0,0.05037470806794259,34,7244.0
74780.0,65,8381.0,119.72857142857143,0.3702784831372166,24179.946154141384,345.4278022020197,2868720.2710000006,40981.71815714286,38,7392.0,0.008495677180333946,38,7392.0
74785.0,60,8568.0,124.17391304347827,0.9652232805347362,24468.08476237632,354.60992409241044,2868720.2710000006,41575.656101449276,32,7394.0,0.012156452851343324,32,7394.0
74790.0,56,8769.0,127.08695652173913,1.507213012112336,24780.287886583592,359.13460705193614,2868720.2710000006,41575.656101449276,28,7387.0,0.05572200607812602,28,7387.0
74795.0,53,8952.0,129.7391304347826,2.1317026509972505,25071.2108309734,363.3508816083102,2831925.5910000005,41042.39986956522,26,7349.0,0.07123532718734434,26,7349.0
74800.0,54,9199.0,141.52307692307693,1.3808338339943838,24985.848371548116,384.3976672545865,2684860.1130000004,41305.540199999996,27,7461.0,0.09661877702194376,27,7461.0
74805.0,56,9472.0,135.31428571428572,0.9580881187470341,25152.04489717897,359.3149271025568,2648118.33,37830.261857142854,30,7584.0,0.056779845842978474,30,7584.0
74810.0,49,8600.0,121.12676056338029,2.281666389872688,25393.161511338283,357.65016213152524,2684948.619,37816.17773239437,22,6745.0,0.1383380126433349,22,6745.0
74815.0,55,8859.0,121.35616438356165,2.867792192725844,25678.672138417794,351.76263203312055,2758566.195,37788.57801369863,27,6635.0,0.10921669951765821,27,6635.0
74820.0,56,9124.0,124.98630136986301,2.328560567233204,25647.270958231016,351.3324788798769,2795370.4829999995,38292.74634246575,30,6741.0,0.02959389009137761,30,6741.0
74825.0,59,9416.0,136.46376811594203,1.1781029190267505,25083.32237492292,363.52641123076705,2868972.8529999997,41579.31671014492,33,6868.0,0.06053060932653513,33,6868.0
74830.0,55,9550.0,132.63888888888889,1.350630567687305,25393.53117142154,352.68793293641033,2905774.1239999994,40357.97394444444,29,6835.0,0.0735202342243146,29,6835.0
74835.0,55,9736.0,137.1267605633803,2.0741791978209414,25652.551624342024,361.30354400481735,2905774.1239999994,40926.39611267605,27,6833.0,0.07961832933591818,27,6833.0
74840.0,54,9939.0,141.9857142857143,1.547831449982268,25937.286647006556,370.532666385808,2868961.3029999994,40985.16147142857,27,6928.0,0.0691176783237434,27,6928.0
74845.0,58,10207.0,150.10294117647058,0.7127370385291838,26050.42290606085,383.09445450089487,2758603.7739999993,40567.70255882352,31,7049.0,0.030953249084652978,31,7049.0
74850.0,49,10046.0,147.73529411764707,1.5272249703450713,26279.071294151105,386.45693079633975,2758636.9669999992,40568.19069117647,23,6866.0,0.0775661597026885,23,6866.0
74855.0,54,10304.0,143.11111111111111,1.9156764894626912,26496.815460336806,368.0113258380114,2795477.3129999996,38826.07379166667,26,6841.0,0.08030525990597043,26,6841.0
74860.0,58,10577.0,142.93243243243242,1.869179646861291,26807.581341159716,362.2646127183746,2869105.5429999996,38771.69652702703,31,6949.0,0.019990335750863848,31,6949.0
74865.0,61,10874.0,157.59420289855072,1.1660417564768497,26820.560822768228,388.7037800401192,2905919.587,42114.7766231884,34,7080.0,0.051136883009076366,34,7080.0
74870.0,57,11014.0,166.87878787878788,0.9740430175913626,26975.249754133623,408.7159053656611,2905916.3269999996,44029.03525757576,29,7035.0,0.03701308934547963,29,7035.0
74875.0,52,11169.0,171.83076923076922,1.7753037134265557,27217.80675319395,418.73548851067636,2905916.3269999996,44706.40503076923,24,7006.0,0.060596710360466606,24,7006.0
74880.0,48,11350.0,177.34375,2.3435522908750883,27456.122377410986,429.00191214704665,2869112.9629999995,44829.890046875,21,6957.0,0.09638310019650463,21,6957.0
74885.0,47,11573.0,170.19117647058823,2.6006070396525303,27422.576475721897,403.2731834664986,2721942.5229999996,40028.56651470588,21,6953.0,0.12227034046333805,21,6953.0
74890.0,48,11808.0,171.1304347826087,2.93271415855766,27597.796333517163,399.9680628045966,2758808.0919999997,39982.72597101449,21,7023.0,0.19412848358953752,21,7023.0
74895.0,53,12056.0,182.66666666666666,0.9149412747868557,27644.8847703983,418.86189046058024,2648411.548,40127.4476969697,27,7106.0,0.06301540677577652,27,7106.0
74900.0,53,12178.0,181.76119402985074,1.321892504942161,27839.621385164897,415.51673709201344,2648458.3949999996,39529.229776119406,27,7090.0,0.07302985468652648,27,7090.0
74905.0,55,12447.0,180.3913043478261,1.710658750540837,28133.19277861946,407.7274315741951,2722111.9329999997,39450.897579710145,28,7155.0,0.0730310343483168,28,7155.0
74910.0,57,12729.0,179.28169014084506,1.889184332280127,28399.721754150705,399.99608104437624,2758939.659,38858.30505633803,31,7268.0,0.034421432526530536,31,7268.0
74915.0,60,13022.0,188.7246376811594,1.3377814340744683,28557.68397246127,413.87947786175755,2832583.2719999994,41051.93147826087,34,7396.0,0.0896362588727166,34,7396.0
74920.0,52,12296.0,180.8235294117647,0.9393558472983361,28788.631999469202,423.3622352863117,2906223.1939999997,42738.57638235295,24,6931.0,0.06911954901135868,24,6931.0
74925.0,52,12290.0,175.57142857142858,1.335759223971439,29104.55769818582,415.7793956883689,2943047.6729999995,42043.53818571429,23,6837.0,0.0706501662776291,23,6837.0
74930.0,50,12494.0,175.9718309859155,1.3124144984976556,29370.55725880637,413.66982054656864,2979876.0409999997,41970.085084507045,23,6915.0,0.08898714205269193,23,6915.0
74935.0,55,12742.0,179.46478873239437,1.0097433232248345,29663.45657605414,417.79516304301615,2906219.208,40932.66490140846,29,7010.0,0.012376524364256545,29,7010.0
74940.0,58,12987.0,185.52857142857144,1.3148960223173998,29905.8223525591,427.22603360798723,2869396.253,40991.375042857144,32,7091.0,0.0009281994885550347,32,7091.0
74945.0,62,13291.0,187.19718309859155,1.055173766942305,29712.244441306197,418.48231607473514,2869393.241,40413.98930985916,34,7226.0,0.007098191722428511,34,7226.0
74950.0,63,13605.0,197.17391304347825,1.1808585865847954,29822.727788939184,432.21344621650996,2869392.378,41585.39678260869,35,7365.0,0.0530357385783893,35,7365.0
74955.0,63,13920.0,207.76119402985074,0.19359711062912924,30120.327787016842,449.5571311495051,2869391.974,42826.74588059702,35,7505.0,0.0016783395153992162,35,7505.0
74960.0,54,13904.0,204.47058823529412,1.0160546626342273,30423.571604126173,447.4054647665615,2869393.354,42196.9610882353,26,7184.0,0.03349962571244622,26,7184.0
74965.0,51,14018.0,197.43661971830986,1.6317621515205532,30734.016510744637,432.87347198231896,2869396.354,40414.03315492957,22,7055.0,0.037442020795520614,22,7055.0
74970.0,53,14163.0,205.2608695652174,1.5620382785656077,30859.118794928152,447.23360572359644,2832573.9639999997,41051.79657971015,25,7134.0,0.08106283406244413,25,7134.0
74975.0,56,14395.0,208.6231884057971,0.9285892509558153,31042.414446280847,449.89006443885296,2795787.9289999995,40518.665637681166,29,7262.0,0.015625203284354308,29,7262.0
74980.0,56,14603.0,208.61428571428573,1.2747517968208533,31081.23916051884,444.01770229312643,2832647.8899999997,40466.398428571425,30,7331.0,0.048792653817300975,30,7331.0
74985.0,58,14891.0,206.81944444444446,1.7556863071383122,31260.588301003092,434.17483751393195,2869511.187,39854.322041666666,32,7454.0,0.07612896593773431,32,7454.0
74990.0,61,15188.0,216.97142857142856,1.3088793219895507,31431.622098567193,449.0231728366743,2832697.9869999997,40467.1141,33,7581.0,0.01641210164643446,33,7581.0
74995.0,63,15501.0,234.86363636363637,0.3528176614559052,31663.773094047174,479.7541377885936,2832697.2969999993,42919.656015151515,35,7719.0,0.01994369612206743,35,7719.0
75000.0,53,10914.0,167.90769230769232,0.9849642197076669,31969.619446271743,491.8402991734114,2832697.2969999993,43579.95841538462,29,5887.0,0.024879786519990562,29,5887.0
75005.0,43,6777.0,98.21739130434783,2.6994158560762753,32259.735199013903,467.5323941886073,2832700.2969999993,41053.62749275362,29,3764.0,0.03157073515026675,29,3764.0
75010.0,37,3493.0,51.36764705882353,2.9955933948332976,29291.1800405575,430.7526476552573,2698049.6319999993,39677.20047058823,31,7137.0,0.08106240657357086,31,7137.0
75015.0,42,1944.0,30.375,1.8125758583599165,21744.071067960966,339.75111043689003,2430037.376,37969.334,38,7726.0,0.009227477838657952,38,7726.0
75020.0,36,924.0,14.215384615384615,2.469796431767383,19116.84975976059,294.10538091939367,2501543.3360000006,38485.282092307694,27,6941.0,0.05293472203189987,27,6941.0
75025.0,41,1111.0,16.582089552238806,2.9051912768623778,18701.54740140712,279.1275731553302,2639777.901,39399.67016417909,28,6784.0,0.021966758447258247,28,6784.0
75030.0,47,1332.0,19.880597014925375,2.5455918270390216,18658.25799493926,278.48146261103375,2777378.505,41453.410522388054,28,6909.0,0.0,28,6909.0
75035.0,54,1583.0,25.532258064516128,0.7776615212315563,17552.920967311886,283.1116285050304,2846572.914,45912.46635483871,28,7034.0,0.0,28,7034.0
75040.0,49,1435.0,24.322033898305083,1.053122188280501,17725.461560104242,300.43155186617366,2846570.9859999996,48246.965864406775,22,6829.0,0.04227657031493104,22,6829.0
75045.0,46,1333.0,21.5,2.0586856691863837,17994.61604349708,290.2357426370496,2846573.9859999996,45912.48364516129,18,6668.0,0.11472466442458659,18,6668.0
75050.0,45,1295.0,21.583333333333332,1.8884485743915285,18029.814110958756,300.4969018493126,2772901.9839999997,46215.03306666666,18,6619.0,0.11691913578191263,18,6619.0
75055.0,50,1463.0,24.796610169491526,0.7416892155836123,17851.14281484778,302.5617426245385,2699342.552,45751.5686779661,23,6765.0,0.06511801291967517,23,6765.0
75060.0,47,1511.0,25.610169491525422,1.4297274688127064,17979.648423106526,304.73980378146655,2699439.606,45753.21366101693,21,6761.0,0.11528900535496109,21,6761.0
75065.0,49,1750.0,26.515151515151516,1.856375171593702,18254.931386605687,276.58986949402555,2773298.829,42019.67922727273,23,6825.0,0.03374090101143771,23,6825.0
75070.0,54,2007.0,29.955223880597014,2.3770718913568056,18488.7706664274,275.9518009914538,2847145.783,42494.713179104474,27,6937.0,0.14869731474152742,27,6937.0
75075.0,55,2276.0,35.5625,0.741386638786689,18611.13686220311,290.79901347192373,2884065.6100000003,45063.525156250005,29,7061.0,0.03711654485092698,29,7061.0
75080.0,55,2425.0,38.492063492063494,0.8390553560769733,18870.859571565536,299.5374535169133,2920989.4740000004,46364.91228571428,27,6851.0,0.045464598751028415,27,6851.0
75085.0,51,2596.0,40.5625,1.9349733455027662,19157.389817219388,299.3342158940529,2920989.4740000004,45640.460531250006,23,6705.0,0.05555712810387064,23,6705.0
75090.0,47,2753.0,42.353846153846156,1.8969730407910714,19182.157511012218,295.11011555403394,2847301.776,43804.64270769231,20,6794.0,0.09777695631544044,20,6794.0
75095.0,51,2986.0,46.65625,1.4106763180267783,19283.23692047736,301.3005768824587,2773564.057,43336.938390625,24,6904.0,0.0775270599443745,24,6904.0
75100.0,51,3147.0,49.95238095238095,1.2026728448931323,19243.535391107715,305.45294271599545,2736853.1980000003,43442.114253968255,25,6931.0,0.06864747842481646,25,6931.0
75105.0,54,3412.0,52.49230769230769,1.4529078615364437,19527.851892027084,300.42849064657054,2810723.0660000006,43241.893323076925,28,7052.0,0.04158203865726227,28,7052.0
75110.0,57,3690.0,57.65625,1.0237708048976932,19761.992798137504,308.78113747089867,2847654.6480000005,44494.603875,30,7184.0,0.000558065613685336,30,7184.0
75115.0,59,3982.0,64.2258064516129,0.4070237785646605,19977.84139390544,322.2232482887975,2847655.340000001,45929.924838709674,31,7324.0,8.613024574166586e-07,31,7324.0
75120.0,53,4123.0,67.59016393442623,0.8627961857375016,20264.57226908507,332.2061027718865,2847655.340000001,46682.87442622951,25,7143.0,0.04968341236200982,25,7143.0
75125.0,49,4278.0,63.850746268656714,1.954700618413419,20553.02152397017,306.7615152831369,2847661.340000001,42502.40805970149,21,6958.0,0.08913890654558962,21,6958.0
75130.0,48,4411.0,65.83582089552239,2.2569608311682576,20834.117776724666,310.9569817421591,2847661.340000001,42502.40805970149,21,7045.0,0.1491351639116061,21,7045.0
75135.0,53,4639.0,69.23880597014926,0.8999913686535939,20726.6959733262,309.3536712436745,2774044.3110000007,41403.64643283582,27,7184.0,0.06666577993325257,27,7184.0
75140.0,55,4890.0,70.8695652173913,1.4282198666839476,20664.32017346135,299.48290106465726,2774318.2400000007,40207.51072463769,28,7290.0,0.08449291332634135,28,7290.0
75145.0,58,5173.0,73.9,1.3539089217744495,20974.507471707766,299.6358210243967,2811271.9920000006,40161.02845714286,32,7428.0,0.02255515203454916,32,7428.0
75150.0,63,5478.0,76.08333333333333,0.9655466058183642,21298.44714365444,295.8117658840895,2885181.616000001,40071.966888888885,37,7588.0,0.009276350169871007,37,7588.0
75155.0,65,5800.0,82.85714285714286,0.4473726649089552,21589.902501465698,308.4271785923671,2922133.968000001,41744.77097142857,39,7765.0,0.023531677667837432,39,7765.0
75160.0,55,5269.0,76.3623188405797,1.027724859877224,21904.288129771536,317.45345115610917,2922133.968000001,42349.76765217391,27,7269.0,0.07244448386376605,27,7269.0
75165.0,52,5378.0,74.69444444444444,1.249139795466326,22224.6017526131,308.67502434184877,2922135.9240000006,40585.22116666667,21,7199.0,0.054857860218015746,21,7199.0
75170.0,49,5546.0,78.11267605633803,1.638931288247635,22498.23746327019,316.87658398972087,2885200.5080000004,40636.62687323944,22,7298.0,0.05486106100171053,22,7298.0
75175.0,56,5788.0,83.8840579710145,1.0651717641238179,22613.170617001855,327.72711039133134,2811401.032,40744.942492753624,30,7438.0,0.04780698904451548,30,7438.0
75180.0,60,6037.0,86.24285714285715,1.2288984607568223,22667.21505195898,323.81735788512833,2885341.1200000006,41219.158857142866,33,7542.0,0.02879357873619444,33,7542.0
75185.0,61,6337.0,90.52857142857142,1.0357787337597792,22514.15458096399,321.63077972805706,2848405.4980000006,40691.50711428572,35,7697.0,0.00032274966198715373,35,7697.0
75190.0,63,6651.0,93.67605633802818,1.0904154399208101,22800.627137950905,321.13559349226625,2848405.3340000007,40118.3849859155,35,7857.0,0.07525722970186825,35,7857.0
75195.0,63,6966.0,102.44117647058823,0.38699599857270695,23086.03495679855,339.5005140705671,2848404.3560000006,41888.29935294118,35,8017.0,0.0011761193909995446,35,8017.0
75200.0,57,7013.0,103.13235294117646,0.5197253030266179,23413.159656099968,344.3111714132349,2848404.3560000006,41888.29935294118,28,7824.0,0.029340961258171785,28,7824.0
75205.0,57,7164.0,99.5,1.1974622979292069,23742.96406737412,329.7633898246406,2848406.3560000006,39561.19938888888,28,7869.0,0.03156266933786442,28,7869.0
75210.0,56,7330.0,101.80555555555556,1.3736636539080362,24023.816726912537,333.6641212071186,2811450.7770000007,39047.92745833333,29,7995.0,0.058337722332990324,29,7995.0
75215.0,61,7589.0,103.95890410958904,0.8573738870541529,24108.855661714588,330.25829673581643,2811450.9320000005,38513.02646575343,33,8157.0,0.023392891364590905,33,8157.0
75220.0,60,7803.0,108.375,1.255343157330049,24310.792688724025,337.64989845450043,2848454.1890000007,39561.86373611111,34,8226.0,0.03573636257180371,34,8226.0
75225.0,64,8112.0,114.25352112676056,1.081039229060114,24489.640590160187,344.924515354369,2811529.769000001,39599.01083098592,35,8384.0,0.034481970346122985,35,8384.0
75230.0,64,8428.0,120.4,0.9167307994877278,24790.90775994053,354.15582514200764,2811529.5050000013,40164.70721428572,36,8546.0,1.098228636931995e-05,36,8546.0
75235.0,64,8748.0,130.56716417910448,0.6135727430379156,25024.67427729249,373.5026011536195,2811529.5050000013,41963.12694029851,36,8711.0,0.0,36,8711.0
75240.0,59,8884.0,138.8125,0.41605030501714196,25309.355415715476,395.4586783705544,2811528.955000001,43930.139921875,31,8599.0,0.017117194167300592,31,8599.0
75245.0,54,9013.0,128.75714285714287,1.6213029418179552,25620.614548116904,366.008779258813,2811536.627000001,40164.808957142865,26,8485.0,0.0636660153326782,26,8485.0
75250.0,51,9159.0,132.7391304347826,2.1306066199839235,25743.367276654513,373.0922793718047,2774610.437000001,40211.74546376812,24,8486.0,0.11676508986520075,24,8486.0
75255.0,56,9398.0,138.2058823529412,0.9173126895837731,25720.035365646123,378.2358142006784,2737799.838000001,40261.76232352942,30,8658.0,0.06576152852556316,30,8658.0
75260.0,49,7963.0,115.40579710144928,1.9556984586381956,25866.79672464513,374.88111195137867,2774948.374000001,40216.643101449285,21,7549.0,0.10989393190849889,21,7549.0
75265.0,48,8200.0,118.84057971014492,3.1265206037518114,26003.271998686196,376.85901447371305,2775048.428000001,40218.09315942029,22,7206.0,0.0882999896544444,22,7206.0
75270.0,52,8453.0,122.5072463768116,2.6650899845224383,25691.266967079813,372.3372024214466,2849118.2320000012,41291.56857971015,26,7306.0,0.023016616119839312,26,7306.0
75275.0,54,8718.0,136.21875,1.5219465807205386,24832.854007340287,388.01334386469205,2923173.341000001,45674.583453125,27,7426.0,0.0837099678152789,27,7426.0
75280.0,53,8898.0,148.3,0.7948155510101427,24985.547144925746,416.42578574876256,2923169.9550000005,48719.49925,25,7458.0,0.04420030866591009,25,7458.0
75285.0,54,9167.0,145.5079365079365,1.0448656706822883,25269.82451464301,401.10832562925424,2923172.9550000005,46399.57071428571,26,7572.0,3.0037146250233855e-07,26,7572.0
75290.0,54,9437.0,147.453125,1.6493499499336215,25550.392646498352,399.22488510153687,2923173.873000001,45674.591765624995,26,7687.0,0.06314525489842777,26,7687.0
75295.0,56,9710.0,151.71875,1.050563176146845,25756.179417639985,402.4403034006249,2923174.771000001,45674.605796874996,28,7805.0,0.04440314099402407,28,7805.0
75300.0,49,9668.0,158.49180327868854,1.3787515898198475,25982.335549618383,425.9399270429243,2923171.6490000007,47920.84670491803,21,7531.0,0.06700976651888375,21,7531.0
75305.0,47,9734.0,152.09375,2.2675759519453704,26253.48731405532,410.21073928211433,2923171.6490000007,45674.557015625,19,7231.0,0.07614670404939679,19,7231.0
75310.0,45,9782.0,155.26984126984127,2.5009398656934234,26438.783978874406,419.6632377599111,2886164.5120000006,45812.13511111111,18,7307.0,0.1717163452447868,18,7307.0
75315.0,48,9979.0,169.135593220339,0.8177767229783464,26110.15881009413,442.54506457786647,2738331.661,46412.4010338983,22,7433.0,0.042120533779958315,22,7433.0
75320.0,48,10176.0,166.81967213114754,1.1985250349304166,26072.626449329175,427.42010572670785,2738555.9600000004,44894.36,21,7531.0,0.03830913999571904,21,7531.0
75325.0,50,10421.0,165.4126984126984,2.0887856989856166,26344.262299563437,418.1628936438641,2775624.7660000003,44057.535968253964,24,7645.0,0.07563526152177273,24,7645.0
75330.0,53,10680.0,169.52380952380952,1.0038822464742378,26595.713035521654,422.1541751670104,2849750.3520000004,45234.13257142857,27,7760.0,0.051432755215895215,27,7760.0
75335.0,59,10968.0,174.0952380952381,0.4991062692310216,26854.25754168608,426.2580562172393,2886814.2070000004,45822.44773015873,33,7895.0,0.019895224853947235,33,7895.0
75340.0,54,11108.0,176.31746031746033,1.0656191552825307,27139.51214329542,430.78590703643516,2923879.9910000004,46410.793507936505,26,7730.0,0.07321709494227348,26,7730.0
75345.0,50,11264.0,170.66666666666666,1.8222811758709967,27424.7181985182,415.5260333108818,2923882.052,44301.243212121204,22,7579.0,0.05521248881446763,22,7579.0
75350.0,47,11444.0,178.8125,1.957334225813867,27507.27070021859,429.80110469091557,2849858.68,44529.041874999995,20,7651.0,0.08191378827102859,20,7651.0
75355.0,49,11672.0,191.34426229508196,0.9336186657214288,27607.275687013178,452.57828995103574,2738754.076,44897.607803278675,23,7741.0,0.07278046978285994,23,7741.0
75360.0,51,11861.0,194.44262295081967,0.9291919229790335,27574.28897548571,452.03752418829026,2738968.696,44901.126163934416,25,7781.0,0.05294337252811709,25,7781.0
75365.0,55,12126.0,175.7391304347826,1.3933937999893427,27872.49710230513,403.94923336674105,2813135.577,40770.08082608695,28,7886.0,0.01864312680674251,28,7886.0
75370.0,58,12409.0,172.34722222222223,1.7405899068460933,28147.486245821063,390.937308969737,2850212.7660000003,39586.28841666666,32,8009.0,0.10375341511753562,32,8009.0
75375.0,60,12702.0,181.45714285714286,0.6115199314211511,28409.22090693155,405.84601295616494,2887289.912,41246.99874285713,33,8141.0,0.0341370539419512,33,8141.0
75380.0,61,12876.0,183.94285714285715,0.8256577254006794,28739.677992829176,410.5668284689882,2887289.912,41246.99874285713,33,8085.0,0.055901672618523954,33,8085.0
75385.0,58,13062.0,186.6,1.471050128962111,29060.806441129236,415.15437773041776,2887289.912,41246.99874285713,30,8050.0,0.04316172674331767,30,8050.0
75390.0,54,13267.0,192.2753623188406,1.6593249494858657,29332.353451240124,425.1065717571033,2850224.128,41307.59605797101,27,8084.0,0.06608056615252081,27,8084.0
75395.0,59,13529.0,198.9558823529412,0.6906825204127923,29186.386783222228,429.2115703415033,2702097.2050000005,39736.72360294118,31,8229.0,0.049484564007704485,31,8229.0
75400.0,56,13705.0,198.6231884057971,1.4774203419048542,29388.894663117215,425.9260096103946,2739257.6110000005,39699.385666666676,29,8245.0,0.07246749952576192,29,8245.0
75405.0,57,13988.0,197.01408450704224,1.4856546287226442,29699.83368012024,418.30751662141193,2776350.7490000003,39103.531676056344,31,8368.0,0.0626685507603968,31,8368.0
75410.0,63,14289.0,201.25352112676057,1.0928645791478084,29967.84285733548,422.08229376528857,2850533.7530000005,40148.36271830986,37,8509.0,0.049972109304365166,37,8509.0
75415.0,66,14609.0,208.7,0.39309268112674317,30241.31697899056,432.0188139855796,2887626.2210000004,41251.803157142866,39,8668.0,0.0002630825425767317,39,8668.0
75420.0,56,10457.0,153.77941176470588,0.7903132798771133,30527.601635681855,448.9353181717921,2887623.2210000004,42465.04736764706,32,5748.0,0.02528346763223158,32,5748.0
75425.0,48,7511.0,102.89041095890411,2.3779399917272177,30838.456758332806,422.4446131278467,2887627.8970000003,39556.546534246576,32,4090.0,0.025864799161557518,32,4090.0
75430.0,43,4153.0,58.49295774647887,3.072153160730929,30013.247988667255,422.72180265728537,2819429.345,39710.27246478873,36,7829.0,0.0543100906573125,36,7829.0
75435.0,43,2382.0,35.55223880597015,1.768417311575851,22520.484168035833,336.1266293736691,2549798.7650000006,38056.69798507463,40,8961.0,0.009947288517748103,40,8961.0
75440.0,40,1526.0,22.776119402985074,1.9459212602885723,19987.86530522029,298.32634783910885,2552340.8110000007,38094.63897014926,32,8417.0,0.028492952477584543,32,8417.0
75445.0,45,1459.0,19.716216216216218,1.8542503030949298,19432.42266153406,262.6003062369468,2760689.052,37306.608810810816,28,8269.0,0.0454789022085868,28,8269.0
75450.0,47,1540.0,20.263157894736842,1.8543544016631388,18621.717294727187,245.02259598325242,2793581.5579999997,36757.65207894737,28,8385.0,0.07601019968496087,28,8385.0
75455.0,58,1763.0,22.896103896103895,1.2310924026083652,18771.347006435793,243.78372735630896,2825761.549,36698.201935064935,35,8561.0,0.05229758252137365,35,8561.0
75460.0,63,1937.0,25.155844155844157,1.3568147077040682,18739.59100793901,243.37131179141585,2900021.629,37662.61855844156,36,8645.0,0.06874424328004301,36,8645.0
75465.0,64,2253.0,29.25974025974026,1.2780948240181778,18932.691464756794,245.87910993190656,2937144.015,38144.727467532466,38,8785.0,0.022861905066694756,38,8785.0
75470.0,69,2589.0,34.986486486486484,0.8620825337932952,19092.25425083938,258.00343582215385,2900073.507,39190.182527027035,41,8966.0,4.213057270088002e-05,41,8966.0
75475.0,69,2934.0,40.75,0.3052840399450207,19313.168664848446,268.2384536784508,2900074.203,40278.80837499999,41,9151.0,0.0,41,9151.0
75480.0,59,2976.0,41.91549295774648,0.9342694664890675,19635.19168230657,276.5519955254447,2900074.203,40846.11553521127,30,8931.0,0.024618721804892503,30,8931.0
75485.0,58,3148.0,41.973333333333336,1.0690202261958297,19975.19572697924,266.33594302638994,2900077.203,38667.69604000001,29,9015.0,0.01887532661300545,29,9015.0
75490.0,57,3305.0,45.273972602739725,1.3375708617945203,20124.88879580102,275.68340816165795,2862984.634,39218.967589041094,29,9140.0,0.07964696181458923,29,9140.0
75495.0,60,3560.0,49.44444444444444,0.6782278648160716,20442.72960164075,283.92680002278826,2825851.839,39247.94220833333,34,9300.0,0.007840273814361585,34,9300.0
75500.0,51,2075.0,28.424657534246574,1.3930370884275856,20628.607457394144,282.5836637999198,2863009.416,39219.30706849315,24,8147.0,0.035360470093101275,24,8147.0
75505.0,52,2332.0,32.388888888888886,2.9133626171732017,20891.023468635078,290.1531037310427,2863006.02,39763.9725,25,7771.0,0.022161188358978692,25,7771.0
75510.0,54,2598.0,36.59154929577465,2.7365049261430245,20962.547411427266,295.24714663982076,2863003.02,40323.986197183105,26,7877.0,0.03579855901711805,26,7877.0
75515.0,56,2872.0,45.58730158730159,1.1667083855531368,19908.411392615235,316.0065300415117,2825926.9900000007,44855.98396825398,28,7991.0,9.203200515038743e-05,28,7991.0
75520.0,50,2985.0,52.36842105263158,0.9691740301038761,19646.253582474532,344.6711154820093,2825924.2300000004,49577.618070175435,22,7964.0,0.04083768609676102,22,7964.0
75525.0,50,3235.0,51.34920634920635,1.5777475025739647,19914.00472471832,316.0953130907668,2825929.3290000004,44856.0210952381,22,8034.0,0.012098717305329658,22,8034.0
75530.0,50,3485.0,57.131147540983605,2.2397440743614707,20109.462079204593,329.6633127738458,2825928.919,46326.70359016395,22,8124.0,0.10177634501472932,22,8124.0
75535.0,52,3738.0,65.57894736842105,0.6734961759603448,20230.261221171215,354.9168635293194,2825925.2230000007,49577.63549122807,24,8217.0,0.07103405315762698,24,8217.0
75540.0,51,3732.0,66.64285714285714,0.42806017428222193,20498.08210762745,366.03718049334736,2825925.2230000007,50462.95041071429,23,7988.0,0.02137277182232442,23,7988.0
75545.0,47,3776.0,64.0,1.5817010574817876,20767.249540345412,351.98728034483753,2825925.2230000007,47897.03767796611,19,7781.0,0.0667383878406268,19,7781.0
75550.0,44,3762.0,61.67213114754098,1.9338825576714032,21025.004652268282,344.67220741423426,2825925.759,46326.65178688525,17,7853.0,0.12803835531462385,17,7853.0
75555.0,48,3942.0,65.7,1.132392584626069,20888.56233278701,348.14270554645026,2789011.156,46483.51926666668,22,8063.0,0.04917786512698196,22,8063.0
75560.0,48,4128.0,68.8,1.4109947205525986,20800.00725372802,346.66678756213383,2789277.702,46487.96170000001,21,8119.0,0.09917034561781492,21,8119.0
75565.0,51,4373.0,70.53225806451613,1.4097567299809772,21073.66202854968,339.8977746540271,2826484.45,45588.458870967756,25,8228.0,0.04904526130361756,25,8228.0
75570.0,54,4635.0,75.98360655737704,0.8640222125241285,21307.81275129793,349.3084057589826,2900903.114,47555.788754098365,28,8341.0,0.0325749953030369,28,8341.0
75575.0,59,4916.0,79.29032258064517,0.35023620308393427,21577.097861257094,348.01770743963067,2900903.954,46788.773451612906,29,8465.0,0.0027430604893635543,29,8465.0
75580.0,51,5035.0,82.54098360655738,1.1901017692018203,21829.00466402343,357.8525354757939,2900903.954,47555.80252459017,23,8170.0,0.04361636818698692,23,8170.0
75585.0,47,5162.0,84.62295081967213,1.9462393739853914,22096.594531589326,362.23925461621855,2900903.954,47555.80252459017,19,7954.0,0.10847718549316533,19,7954.0
75590.0,46,5312.0,88.53333333333333,1.8677844945177013,22283.098980626997,371.38498301045007,2863746.716,47729.11193333333,19,7869.0,0.0861656557277898,19,7869.0
75595.0,47,5524.0,96.91228070175438,0.9393760529471052,21934.974266481087,384.82410993826477,2752509.485,48289.640087719294,21,7952.0,0.054533931761781555,21,7952.0
75600.0,48,5719.0,100.33333333333333,0.9077662973856717,21842.37873243146,383.1996268847625,2752776.2329999995,48294.319877192975,21,8000.0,0.06286945742585305,21,8000.0
75605.0,50,5965.0,87.72058823529412,1.5397902458494839,22126.927534388677,325.39599315277474,2790017.979,41029.676161764706,24,8081.0,0.07959976043859725,24,8081.0
75610.0,55,6227.0,87.70422535211267,2.1713355320715313,22402.565627726453,315.5290933482598,2864486.2949999995,40344.87739436619,29,8178.0,0.13504466809181537,29,8178.0
75615.0,59,6505.0,91.61971830985915,0.7121214671544709,22663.769601364438,319.2080225544287,2938933.2659999994,41393.42628169014,32,8291.0,0.08142868150638005,32,8291.0
75620.0,62,6673.0,93.98591549295774,0.5855236819572976,23006.288270100587,324.0322291563463,2938933.2659999994,41393.42628169014,34,8070.0,0.021515414043263823,34,8070.0
75625.0,58,6869.0,96.74647887323944,1.5294879342603183,23330.244215531537,328.5949889511484,2938933.2659999994,41393.42628169014,30,7961.0,0.04421848742809484,30,7961.0
75630.0,55,7092.0,99.88732394366197,1.4419023432387597,23399.87251760694,329.57566926206954,2864629.4269999997,40346.89333802817,28,8067.0,0.046332078009688665,28,8067.0
75635.0,57,7360.0,105.14285714285714,1.0115631642448015,23489.893788019483,335.56991125742115,2790322.7849999997,39861.754071428564,31,8193.0,0.06426494349775473,31,8193.0
75640.0,56,7534.0,109.18840579710145,1.1366593493315054,23496.61999721923,340.53072459738013,2753304.1749999993,39902.95905797101,30,8214.0,0.06091033355451495,30,8214.0
75645.0,59,7822.0,108.63888888888889,1.7126480274298261,23809.698783919972,330.6902608877774,2827785.0529999994,39274.792402777784,33,8338.0,0.06633450305446512,33,8338.0
75650.0,63,8126.0,112.86111111111111,1.1325318551963268,24071.388449552855,334.3248395771231,2902252.3029999994,40309.059763888894,36,8477.0,0.030590196248993135,36,8477.0
75655.0,67,8450.0,120.71428571428571,0.35165622922747297,24311.551880520285,347.3078840074327,2902250.000999999,41460.71429999999,39,8632.0,1.8219212848269005e-05,39,8632.0
75660.0,55,8328.0,120.69565217391305,1.1761353005331128,24631.659417755327,356.98057127181636,2902250.000999999,42061.5942173913,27,8369.0,0.02861042763348046,27,8369.0
75665.0,51,8501.0,118.06944444444444,1.617889220107403,24946.280104959555,346.4761125688826,2902250.000999999,40309.02779166667,23,8310.0,0.06323973653716959,23,8310.0
75670.0,52,8668.0,122.08450704225352,1.8931732130634038,25239.551926421438,355.4866468510062,2865009.5069999993,40352.246577464786,24,8395.0,0.09758323097213759,24,8395.0
75675.0,55,8910.0,131.02941176470588,1.0401513010950776,25199.110074197153,370.5751481499582,2790687.5609999998,41039.52295588235,28,8510.0,0.031803190054556486,28,8510.0
75680.0,49,7969.0,113.84285714285714,1.8068973511916546,25310.716779771963,361.5816682824565,2827946.397,40399.23424285714,22,7682.0,0.07053318542521003,22,7682.0
75685.0,51,8214.0,111.0,3.031140020385533,25543.904844782523,345.18790330787203,2902456.8490000004,39222.38985135135,24,7493.0,0.07895689255291886,24,7493.0
75690.0,54,8464.0,115.94520547945206,2.521767306571276,25571.057025491784,350.2884524039971,2902499.7130000005,39760.27004109589,27,7584.0,0.08054118467152686,27,7584.0
75695.0,60,8751.0,130.61194029850745,1.0105538781487435,24943.67208347107,372.2936131861353,2902491.3570000003,43320.76652238806,32,7696.0,0.011279132591022124,32,7696.0
75700.0,55,8904.0,141.33333333333334,1.0776517450068395,24984.06064392079,396.5723911733459,2902489.4250000003,46071.260714285716,27,7678.0,0.03298903821254218,27,7678.0
75705.0,55,9179.0,143.421875,1.1375729384777307,25253.647320446446,394.58823938197577,2902491.3930000006,45351.428015625,27,7774.0,3.3094813553500776e-07,27,7774.0
75710.0,55,9454.0,150.06349206349208,1.6289755126571086,25502.03255519261,404.79416754273984,2902490.981,46071.28541269842,27,7874.0,0.0,27,7874.0
75715.0,55,9729.0,167.74137931034483,0.4577768450510689,25629.035623857733,441.87992454927127,2902490.2830000003,50042.93591379311,27,7974.0,0.0266772319926655,27,7974.0
75720.0,50,9695.0,170.08771929824562,0.6507792046820368,25898.284762231015,454.3558730215969,2902490.2830000003,50920.88215789474,22,7761.0,0.016655915468284415,22,7761.0
75725.0,46,9754.0,159.9016393442623,1.8299899858595492,26165.240146829674,428.93836306278155,2902493.2830000003,47581.85709836066,18,7647.0,0.054815366104880275,18,7647.0
75730.0,42,9762.0,154.95238095238096,2.399099865140473,26420.14041124035,419.3673081149262,2902493.8230000003,46071.33052380952,15,7689.0,0.14458975657409107,15,7689.0
75735.0,45,9934.0,165.56666666666666,1.261159360197665,26296.298839115192,438.27164731858653,2790884.7170000006,46514.74528333334,18,7776.0,0.06163773382762622,18,7776.0
75740.0,46,10136.0,171.79661016949152,1.445800809114843,26324.584456714656,446.1793975714349,2753726.3430000003,46673.32784745764,20,7853.0,0.09208718422370994,20,7853.0
75745.0,50,10379.0,170.14754098360655,1.4758450622253056,26593.351194026825,435.95657695125936,2828322.5960000004,46365.94419672131,24,7933.0,0.0579153890864623,24,7933.0
75750.0,54,10638.0,174.39344262295083,1.0649728615539733,26829.085514014445,439.8210740002368,2902918.4760000003,47588.827475409846,27,8027.0,0.03186040786231113,27,8027.0
75755.0,58,10911.0,178.86885245901638,0.3527780872002675,27092.43962062448,444.1383544364668,2902919.3180000004,47588.84127868853,28,8131.0,0.0007786695886556528,28,8131.0
75760.0,50,11046.0,181.08196721311475,1.250859232999056,27362.881864232975,448.57183383988485,2902916.6700000004,47588.79786885247,22,7998.0,0.06304781423103464,22,7998.0
75765.0,46,11193.0,172.2,2.51387004962214,27633.67986204516,425.13353633915636,2902923.0220000003,44660.35418461539,18,7859.0,0.17595391259508678,18,7859.0
75770.0,44,11320.0,174.15384615384616,2.403038170057753,27898.02540699833,429.20039087689736,2902923.0220000003,44660.35418461539,17,7821.0,0.13980895526315631,17,7821.0
75775.0,50,11539.0,189.1639344262295,0.7971642495163871,27712.15447455596,454.297614336983,2753959.6400000006,45146.8793442623,24,7908.0,0.04713621145302065,24,7908.0
75780.0,53,11772.0,192.98360655737704,0.8797327777583877,27736.96988202415,454.70442429547785,2754127.1560000004,45149.625508196725,26,7992.0,0.052513454890433846,26,7992.0
75785.0,55,12040.0,179.70149253731344,1.160433874382936,28037.05547289693,418.4635145208497,2791447.360000001,41663.39343283582,29,8095.0,0.020824051530153088,29,8095.0
75790.0,58,12322.0,181.2058823529412,1.6259151709375108,28321.91961145676,416.4988178155405,2866076.5880000005,42148.18511764707,32,8212.0,0.11772384454895304,32,8212.0
75795.0,59,12614.0,188.26865671641792,0.3999601580995217,28599.632777113744,426.86019070319014,2903391.7220000005,43334.20480597014,33,8339.0,0.04722866632842168,33,8339.0
75800.0,59,12785.0,188.01470588235293,0.7164046180611695,28927.929872287255,425.41073341598906,2940701.5780000007,43245.611441176465,32,8231.0,0.025184804582600806,32,8231.0
75805.0,55,12964.0,187.8840579710145,1.6294783190324915,29240.13492572786,423.77007138736036,2940701.5780000007,42618.86344927536,27,8167.0,0.04142778130565232,27,8167.0
75810.0,52,13171.0,188.15714285714284,1.857214886282141,29504.378598728104,421.4911228389729,2903402.9380000005,41477.18482857143,25,8260.0,0.0671810798923277,25,8260.0
75815.0,55,13429.0,203.46969696969697,0.9025534634578894,29380.63937033581,445.16120258084544,2717035.936,41167.21115151514,29,8374.0,0.0737606926108743,29,8374.0
75820.0,55,13611.0,203.1492537313433,1.0988083660497157,29572.05803444305,441.37400051407525,2754432.546,41110.933522388055,29,8401.0,0.06584524484240387,29,8401.0
75825.0,59,13892.0,201.33333333333334,1.3096549262255637,29876.234467084018,432.9889053200581,2829091.9860000005,41001.333130434774,32,8517.0,0.032151766117785974,32,8517.0
75830.0,59,14186.0,202.65714285714284,1.5134301119603908,30183.565780318524,431.1937968616932,2866415.2860000003,40948.78979999999,33,8646.0,0.02753532270211635,33,8646.0
75835.0,63,14494.0,216.32835820895522,0.42053904929768315,30360.534444125817,453.14230513620623,2903737.9590000003,43339.372522388054,35,8785.0,0.001646582106803459,35,8785.0
75840.0,54,14201.0,211.955223880597,1.2732629476337847,30669.70477851081,457.7567877389674,2903738.0500000003,43339.37388059701,25,8425.0,0.051826726876247745,25,8425.0
75845.0,53,14354.0,196.63013698630138,1.532170165681161,30986.343671682527,424.47046125592493,2903744.0500000003,39777.315753424664,24,8376.0,0.03707978095672704,24,8376.0
75850.0,54,14543.0,201.98611111111111,1.9565475764967653,31077.718001089233,431.63497223735044,2903735.092,40329.654055555555,26,8464.0,0.10122460701496619,26,8464.0
75855.0,56,14789.0,214.33333333333334,0.6325924627116696,31215.344523675205,452.39629744456823,2829076.835,41001.11355072463,30,8589.0,0.014598099330343093,30,8589.0
75860.0,52,13947.0,196.43661971830986,1.5222419485506273,31379.377625000987,441.9630651408591,2866424.571,40372.17705633802,25,7779.0,0.04587030025521641,25,7779.0
75865.0,53,14205.0,200.07042253521126,3.013043048350642,31666.922972821427,446.01299961720315,2866424.571,40372.17705633802,25,7670.0,0.03572893003673802,25,7670.0
75870.0,53,14470.0,215.97014925373134,2.134288554820446,31506.494465443764,470.24618605139943,2829170.349,42226.42311940298,25,7760.0,0.03807548300936174,25,7760.0
75875.0,56,14744.0,245.73333333333332,0.7452988288315096,30869.064947438164,514.484415790636,2829161.5689999997,47152.692816666655,28,7859.0,1.8452345293393083e-05,28,7859.0
75880.0,51,14908.0,261.5438596491228,0.9061300762071053,31083.93505067322,545.3321938714599,2829158.155,49634.35359649122,23,7848.0,0.03136062485661829,23,7848.0
75885.0,51,15163.0,252.71666666666667,1.2608577533623095,31350.312856273275,522.5052142712212,2829160.127,47152.66878333332,23,7928.0,0.0,23,7928.0
75890.0,51,15418.0,261.3220338983051,1.7055922283370557,31575.665964531563,535.180779059857,2829159.713,47951.85954237288,23,8008.0,0.03263343688471208,23,8008.0
75895.0,52,15674.0,284.9818181818182,0.563286415714915,31730.18527827916,576.9124596050757,2829156.013,51439.200236363635,24,8089.0,0.04328204633789474,24,8089.0
75900.0,52,15908.0,294.5925925925926,0.4195189979527892,31987.047890093156,592.3527387054288,2829156.013,52391.77801851852,24,8148.0,9.991965365227293e-06,24,8148.0
75905.0,52,16168.0,283.64912280701753,0.862505244663682,32255.202762894656,565.8807502262221,2829156.013,49634.31601754387,24,8233.0,0.0,24,8233.0
75910.0,52,16428.0,283.2413793103448,0.8731323564111497,32512.99059416396,560.5688033476546,2829155.571,48778.544327586205,24,8318.0,0.0664004220574373,24,8318.0
75915.0,54,16689.0,287.7413793103448,0.4327878790116949,32754.99790902806,564.7413432591045,2829155.701,48778.54656896552,26,8404.0,0.0018502270741758942,26,8404.0
75920.0,50,16585.0,281.10169491525426,0.8117856477981388,33032.53943756919,559.8735497893083,2829159.531,47951.85645762711,22,8163.0,0.08156823361261015,22,8163.0
75925.0,47,16471.0,265.66129032258067,1.7347639054278903,33307.08724290257,537.2110845629446,2829162.531,45631.65372580645,19,7957.0,0.10350592223365085,19,7957.0
75930.0,46,16426.0,269.27868852459017,1.4402394366514253,33353.98546035537,546.7866468910718,2791906.641,45768.96132786885,19,8011.0,0.09891823993512817,19,8011.0
75935.0,53,16598.0,267.7096774193548,0.7326359287338123,33289.548371810495,536.9281995453306,2717311.4359999998,43827.60380645161,25,8168.0,0.05500387140642405,25,8168.0
75940.0,51,16813.0,266.87301587301585,1.1177362461912843,33408.96015881427,530.3009549018138,2754857.6939999997,43727.8999047619,24,8287.0,0.07042099619490036,24,8287.0
75945.0,55,17073.0,262.66153846153844,1.4925336004004346,33693.79330536072,518.3660508517033,2829701.4379999996,43533.86827692308,28,8383.0,0.0988807483025418,28,8383.0
75950.0,58,17355.0,262.95454545454544,0.9534275226572573,33991.92473034309,515.0291625809558,2867124.1059999997,43441.27433333333,32,8500.0,0.017717291398347008,32,8500.0
75955.0,61,17657.0,271.6461538461538,0.420452754444187,34261.07163184052,527.0934097206231,2941958.4849999994,45260.89976923077,35,8637.0,0.0252338633383471,35,8637.0
75960.0,55,17659.0,275.921875,0.8197842199013746,34533.34016344227,539.5834400537854,2941958.4849999994,45968.101328125,27,8514.0,0.02842953542858461,27,8514.0
75965.0,56,17937.0,256.24285714285713,1.5814603131284493,34837.374613206855,497.6767801886693,2941966.1729999995,42028.08818571428,28,8569.0,6.056069976036174e-07,28,8569.0
75970.0,56,18217.0,267.8970588235294,2.163067433630943,35020.16105708287,515.0023684865128,2941964.915,43264.189926470586,28,8674.0,0.0653338875128852,28,8674.0
75975.0,57,18498.0,289.03125,0.6434597594340818,35115.20007413554,548.6750011583676,2941964.357,45968.193078125,29,8780.0,0.039396595861014884,29,8780.0
75980.0,54,18479.0,298.0483870967742,0.8260618001970557,35352.49213038692,570.2014859739825,2941964.357,47451.03801612902,26,8439.0,0.035371248209361036,26,8439.0
75985.0,49,18524.0,298.7741935483871,1.8095556504993529,35628.99570604727,574.6612210652788,2941964.357,47451.03801612902,21,8051.0,0.038711697826332554,21,8051.0
75990.0,45,18575.0,290.234375,2.325069896450085,35896.348768330645,560.8804495051667,2941964.6169999996,45968.197140625,19,8110.0,0.08650802251182828,19,8110.0
75995.0,48,18807.0,303.33870967741933,1.633487394806994,35598.405231602825,574.1678263161748,2792591.327,45041.795596774195,22,8242.0,0.1153447413616412,22,8242.0
76000.0,46,18935.0,310.40983606557376,1.4668024166436482,35300.667031767494,578.6994595371724,2755561.9930000002,45173.1474262295,19,8205.0,0.11824105761509898,19,8205.0
76005.0,50,19176.0,290.54545454545456,1.8231899465377277,35579.10603002351,539.0773640912657,2793018.3630000004,42318.46004545455,24,8284.0,0.06450226821400076,24,8284.0
76010.0,52,19435.0,285.80882352941177,2.095336696966786,35858.594561151156,527.3322729581056,2867921.9050000007,42175.32213235294,26,8402.0,0.10167631909087353,26,8402.0
76015.0,59,19714.0,303.2923076923077,0.4339128376368007,36007.81449838895,553.9663768982919,2905365.3170000007,44697.927953846156,33,8551.0,0.008229673583387671,33,8551.0
76020.0,55,19866.0,310.40625,1.0446616851723871,36306.878793729724,567.294981152027,2905365.3170000007,45396.333078125,27,8348.0,0.0214871305741734,27,8348.0
76025.0,51,20044.0,299.1641791044776,1.8716779714858482,36599.20861005904,546.2568449262542,2905365.3170000007,43363.661447761195,23,8141.0,0.059053249851002756,23,8141.0
76030.0,50,20212.0,306.24242424242425,1.8508673898989527,36689.5792249711,555.9027155298651,2868036.687000001,43455.10131818183,23,8222.0,0.1358348176184851,23,8222.0
76035.0,54,20453.0,319.578125,0.7197899033182558,36741.472261977746,574.0855040934023,2793285.7290000007,43645.089515625004,27,8325.0,0.03623983464893385,27,8325.0
76040.0,52,20671.0,318.0153846153846,1.1439645363994428,36662.38756417441,564.0367317565292,2756106.1430000006,42401.63296923076,26,8391.0,0.050951985196326224,26,8391.0
76045.0,56,20944.0,308.0,1.62281401354284,36959.73596015055,543.5255288257432,2831042.5730000003,41632.97901470589,30,8499.0,0.04012199271093868,30,8499.0
76050.0,59,21230.0,307.6811594202899,1.1172593488467482,37245.82072504758,539.7945032615593,2905978.8940000003,42115.63614492754,32,8620.0,0.04519738355263092,32,8620.0
76055.0,64,21540.0,326.3636363636364,0.11160558387830366,37507.15729280686,568.2902620122248,2905978.8940000003,44029.983242424256,36,8761.0,0.0005494056764028158,36,8761.0
76060.0,53,20980.0,317.8787878787879,0.9781120954420525,37821.92876507426,573.0595267435493,2905978.8940000003,44029.983242424256,25,8188.0,0.05880894197124768,25,8188.0
76065.0,50,21069.0,309.8382352941176,1.383002356145956,38122.73581717872,560.628467899687,2905980.87,42735.012794117654,21,8003.0,0.06367003235735748,21,8003.0
76070.0,51,21249.0,321.95454545454544,1.5192956745457602,38164.8113737789,578.2547177845287,2831205.501,42897.05304545455,23,8076.0,0.031531865709696336,23,8076.0
76075.0,53,21482.0,325.4848484848485,1.0332014095615103,38029.09373682929,576.1983899519588,2831223.1210000003,42897.32001515152,26,8183.0,0.06308893434105564,26,8183.0
76080.0,54,21688.0,333.66153846153844,1.2463007913487751,38038.759158242596,585.2116793575785,2868706.6910000006,44133.9490923077,28,8240.0,0.08200786471294844,28,8240.0
76085.0,58,21965.0,300.8904109589041,1.6575749004035505,38348.903743784474,525.3274485449928,2943688.1360000004,40324.49501369862,31,8352.0,0.043650298129249455,31,8352.0
76090.0,61,22261.0,309.18055555555554,1.4853545954992908,38492.906652097205,534.6237035013496,2906264.9720000005,40364.79127777778,33,8478.0,0.09898529913283545,33,8478.0
76095.0,63,22571.0,322.4428571428571,0.44953765659957384,38770.43639369196,553.8633770527422,2906264.9720000005,41518.07102857144,35,8613.0,0.009015481255896848,35,8613.0
76100.0,58,22629.0,323.27142857142854,0.822600467797754,39102.86499187511,558.6123570267872,2906264.9720000005,41518.07102857144,30,8326.0,0.0387732496637979,30,8326.0
76105.0,57,22802.0,325.74285714285713,1.116260786536058,39425.38731330082,563.2198187614404,2906264.9720000005,41518.07102857144,28,8408.0,0.025868473147537718,28,8408.0
76110.0,55,22953.0,337.54411764705884,1.0426031477335158,39498.46324167389,580.8597535540277,2868842.9720000005,42188.86723529413,27,8509.0,0.024432882633365738,27,8509.0
76115.0,59,23197.0,331.3857142857143,0.7990845966656209,39757.96241362605,567.9708916232295,2831402.305,40448.60435714286,30,8640.0,0.008982037728524328,30,8640.0
76120.0,55,23366.0,333.8,1.5656140295524918,39943.54439900133,570.6220628428762,2868915.3420000006,40984.5048857143,28,8666.0,0.040234563743384896,28,8666.0
76125.0,58,23644.0,333.01408450704224,1.7338256214046956,40224.17379041257,566.5376590198953,2906428.144000001,40935.60766197184,31,8779.0,0.08125985820637516,31,8779.0
76130.0,61,23940.0,346.95652173913044,1.3292324995392009,40344.17189720425,584.6981434377425,2869006.400000001,41579.80289855073,33,8903.0,0.05509409651479015,33,8903.0
76135.0,63,24249.0,373.0615384615385,0.4028223507310467,40568.75625009577,624.1347115399349,2869006.1260000006,44138.55578461538,35,9037.0,0.00011947632760042879,35,9037.0
76140.0,57,24391.0,381.109375,0.708390614242377,40873.774352461245,638.652724257207,2869005.5660000006,44828.21196875,29,8880.0,0.01944596987038142,29,8880.0
76145.0,52,24528.0,360.70588235294116,1.717956370124532,41136.98287522644,604.955630518036,2869007.258000001,42191.283205882355,24,8776.0,0.05273496208280873,24,8776.0
76150.0,50,24686.0,357.768115942029,2.0902193703330583,41425.630658478585,600.3714588185303,2869007.305,41579.81601449276,23,8856.0,0.13700292021346275,23,8856.0
76155.0,55,24920.0,371.94029850746267,0.8733819851375565,41355.112645078036,617.2404872399707,2794192.7860000003,41704.36994029851,28,8970.0,0.06356725290002342,28,8970.0
76160.0,48,23806.0,360.6969696969697,1.495890200918891,41385.47795617224,627.0526963056396,2756829.1920000003,41770.13927272727,21,8056.0,0.07579758223517012,21,8056.0
76165.0,51,24055.0,338.80281690140845,2.7176330612571253,41669.699581800094,586.8971772084518,2831915.37,39886.13197183099,24,7798.0,0.07674139753033415,24,7798.0
76170.0,54,24306.0,328.4594594594595,2.9624588757831387,41882.035910041595,565.9734582438051,2906992.7280000006,39283.68551351351,27,7887.0,0.0786749381783728,27,7887.0
76175.0,58,24581.0,366.8805970149254,1.3643586365867486,40979.530747183024,611.6347872713882,2906984.078,43387.82205970148,30,7993.0,0.05347164008350134,30,7993.0
76180.0,54,24711.0,398.56451612903226,0.7281729951966691,41037.38202458298,661.8932584610156,2906981.4100000006,46886.796935483864,26,7838.0,0.023075090085845,26,7838.0
76185.0,51,24873.0,401.1774193548387,1.519394192413052,41321.05152208344,666.4685729368294,2906981.4100000006,46886.796935483864,23,7723.0,0.05556040564033317,23,7723.0
76190.0,48,25013.0,410.04918032786884,1.54940160404128,41578.4435230594,681.6138282468753,2869442.8380000005,47040.046524590165,21,7792.0,0.06155640531031777,21,7792.0
76195.0,50,25236.0,413.7049180327869,0.942659043695519,41536.983979552926,680.934163599228,2794533.6520000002,45812.02708196721,23,7883.0,0.04484498199728418,23,7883.0
76200.0,46,25229.0,420.48333333333335,1.4353388765139192,41512.03772636051,691.8672954393419,2757173.146,45952.88576666666,20,7783.0,0.054435840281396204,20,7783.0
76205.0,50,25471.0,385.92424242424244,1.8146850380122583,41790.24895504672,633.1855902279807,2832297.19,42913.59378787879,23,7801.0,0.06154416743822417,23,7801.0
76210.0,51,25722.0,378.2647058823529,2.206331982580372,42074.47843425324,618.7423299154889,2907405.707,42755.966279411754,25,7889.0,0.09503190431333454,25,7889.0
76215.0,57,25994.0,412.6031746031746,0.7565923844974404,42180.22442146284,669.5273717692514,2907401.3109999998,46149.22715873016,29,7992.0,0.013935936975861055,29,7992.0
76220.0,53,26134.0,414.8253968253968,0.91758467029046,42369.45940918759,672.5311017331362,2907402.7189999996,46149.2495079365,25,7845.0,0.01732068187494128,25,7845.0
76225.0,49,26292.0,424.06451612903226,1.9987685015316168,42601.06328723985,687.1139239877394,2907402.7189999996,46893.592241935476,21,7728.0,0.0691350680037464,21,7728.0
76230.0,46,26439.0,426.43548387096774,1.8564210390684566,42845.998466547695,691.0644913959301,2869845.1789999995,46287.82546774194,18,7691.0,0.10723527087355335,18,7691.0
76235.0,49,26639.0,429.66129032258067,1.464533561262562,42774.444714358775,689.9103986186898,2794935.0039999997,45079.596838709665,22,7778.0,0.10303910252120582,22,7778.0
76240.0,47,26782.0,446.3666666666667,1.2325716757018101,42639.88702586579,710.6647837644299,2720048.335,45334.138916666656,21,7773.0,0.07605414145980159,21,7773.0
76245.0,52,27032.0,403.46268656716416,1.6730298915666437,42920.47205567326,640.6040605324365,2795205.421,41719.48389552239,26,7858.0,0.05424097979389663,26,7858.0
76250.0,55,27296.0,401.4117647058824,2.073520968078389,43175.1709251388,634.9289841932176,2870356.929,42211.13130882353,28,7957.0,0.06999641767919892,28,7957.0
76255.0,59,27578.0,424.2769230769231,0.5798805442458623,43369.43565232255,667.2220869588085,2907925.243,44737.31143076924,33,8074.0,0.04062250211333304,33,8074.0
76260.0,57,27733.0,426.66153846153844,0.8200788139607033,43674.23782766699,671.9113511948768,2945498.278,45315.35812307692,29,7989.0,0.04076174932780636,29,7989.0
76265.0,53,27921.0,410.6029411764706,1.9562695832133778,43974.675151161566,646.6863992817878,2945498.278,43316.15114705883,25,7952.0,0.04688271121189958,25,7952.0
76270.0,51,28102.0,407.27536231884056,2.048297471886052,44246.055147802486,641.2471760551088,2907919.061,42143.75450724638,23,8030.0,0.13514663526709755,23,8030.0
76275.0,53,28325.0,429.1666666666667,1.0670559376954039,44268.62964472135,670.7368127988084,2795322.8390000006,42353.37634848485,26,8129.0,0.047106764884213115,26,8129.0
76280.0,53,28543.0,439.12307692307695,1.1903412220821132,44377.52978458123,682.7312274550957,2757829.3200000008,42428.14338461539,27,8196.0,0.06583256497259565,27,8196.0
76285.0,58,28821.0,423.8382352941176,1.3476503870932703,44677.424026101486,657.020941560316,2833006.1950000003,41661.85580882354,31,8309.0,0.029750013576728327,31,8309.0
76290.0,58,29110.0,428.0882352941176,1.4351894007523047,44953.39242603731,661.0793003829015,2870593.667000001,42214.61275000001,32,8433.0,0.05542571051798886,32,8433.0
76295.0,66,29416.0,439.04477611940297,0.12294506095922533,45200.14736363187,674.6290651288338,2908176.699,43405.622373134334,36,8569.0,0.00021044749955466765,36,8569.0
76300.0,57,29579.0,441.4776119402985,1.1086957955966943,45518.17934838717,679.3758111699577,2908176.699,43405.622373134334,29,8506.0,0.043496024089984195,29,8506.0
76305.0,54,29761.0,444.1940298507463,1.7499511743363527,45815.761643038146,683.8173379557932,2908176.699,43405.622373134334,26,8476.0,0.09243822008961278,26,8476.0
76310.0,52,29917.0,439.95588235294116,1.9541666329017948,46106.507525414,678.0368753737356,2908177.2240000004,42767.31211764707,25,8497.0,0.08213122155809364,25,8497.0
76315.0,54,30163.0,471.296875,0.8749100084842617,46030.38913198303,719.2248301872348,2757968.495000001,43093.257734375,28,8612.0,0.05061512554117754,28,8612.0
76320.0,49,29567.0,461.984375,1.4621534350106786,46138.327036153394,720.911359939897,2758066.045000001,43094.781953125006,22,7973.0,0.07098326227926377,22,7973.0
76325.0,50,29812.0,408.3835616438356,2.750246865584583,46425.25975435137,635.962462388375,2795681.6470000003,38297.008863013696,24,7949.0,0.051962959925394424,24,7949.0
76330.0,53,30073.0,411.958904109589,2.810483920278844,46518.6355701199,637.2415831523276,2870881.4470000006,39327.14310958904,27,8045.0,0.1288895000422488,27,8045.0
76335.0,60,30354.0,459.90909090909093,0.2411737018408746,46083.99719914125,698.2423818051708,2908475.324000001,44067.80793939393,33,8160.0,0.02981812837468767,33,8160.0
76340.0,59,30521.0,462.43939393939394,0.6620558654881687,46405.697967360094,703.1166358690924,2908475.324000001,44067.80793939393,31,8118.0,0.023461471279824057,31,8118.0
76345.0,54,30698.0,465.1212121212121,1.6233635872823184,46704.839943672356,707.6490900556415,2908475.324000001,44067.80793939393,26,8037.0,0.03852440346844463,26,8037.0
76350.0,51,30891.0,468.04545454545456,1.5861403828484772,46966.617939430755,711.6154233247083,2833266.5540000005,42928.28112121212,24,8121.0,0.056829395156000724,24,8121.0
76355.0,53,31133.0,478.96923076923076,1.229051644165019,46951.03915021561,722.3236792340863,2758177.6280000005,42433.50196923077,26,8228.0,0.09666250676974031,26,8228.0
76360.0,48,31106.0,478.55384615384617,1.5601662507651008,47150.606162164644,725.3939409563791,2758221.6140000005,42434.178676923075,22,8097.0,0.09078876456052794,22,8097.0
76365.0,52,31359.0,468.04477611940297,1.9783194261342152,47351.63329656696,706.7407954711485,2795886.4430000004,41729.64840298507,26,8139.0,0.08382913996814019,26,8139.0
76370.0,55,31627.0,458.3623188405797,1.7930395689280076,47641.02311669033,690.4496103868165,2871120.221000001,41610.43798550725,28,8242.0,0.029954822204499153,28,8242.0
76375.0,58,31911.0,476.2835820895522,1.0138218887667916,47732.27346305924,712.4219919859588,2908733.006000001,43413.92546268656,32,8361.0,0.03792862711489378,32,8361.0
76380.0,54,32049.0,493.0615384615385,1.2613009265888915,47886.00235750721,736.7077285770339,2946342.630000001,45328.34815384615,26,8284.0,0.057326768237860336,26,8284.0
76385.0,50,32200.0,466.6666666666667,2.056599205799981,48180.17477009605,698.2634024651602,2946342.894000001,42700.62165217391,22,8244.0,0.0739875383911367,22,8244.0
76390.0,48,32393.0,469.463768115942,2.560161446265188,48346.476521467914,700.6735727748974,2908773.1230000006,42156.1322173913,21,8260.0,0.18224332988494998,21,8260.0
76395.0,52,32629.0,501.9846153846154,0.8874614025321973,48399.255669642946,744.603933379122,2758385.8719999995,42436.70572307692,26,8365.0,0.05210001994614248,26,8365.0
76400.0,53,32822.0,489.8805970149254,1.2209505969001369,48523.89477826828,724.2372354965413,2758475.21,41171.271791044775,26,8396.0,0.0519044056785808,26,8396.0
76405.0,57,33097.0,459.68055555555554,1.9427732991547642,48831.63691800228,678.2171794166983,2796107.448,38834.825666666664,31,8503.0,0.05557034559392416,31,8503.0
76410.0,59,33388.0,457.36986301369865,1.602288403688047,49124.84963852627,672.9431457332362,2871353.858,39333.614493150686,33,8629.0,0.06464535418330775,33,8629.0
76415.0,65,33700.0,474.6478873239437,0.46918355404765694,49365.552191116665,695.2894674805161,2908979.188,40971.53785915492,39,8776.0,0.01738736241382872,39,8776.0
76420.0,57,32866.0,462.90140845070425,1.1748611429400013,49684.43454050039,699.7807681760615,2946607.154,41501.5092112676,29,8212.0,0.07299877191881232,29,8212.0
76425.0,52,32918.0,450.93150684931504,1.4594060611024176,50004.646309267104,684.995154921467,2946609.1380000003,40364.50873972603,22,7970.0,0.06731356639420062,22,7970.0
76430.0,50,33100.0,472.85714285714283,1.2794963950728317,49901.66592227935,712.8809417468476,2871391.4370000004,41019.87767142857,23,8076.0,0.04767203537915571,23,8076.0
76435.0,53,33343.0,476.3285714285714,1.1812230827758095,50198.69452040327,717.1242074343323,2871403.6920000003,41020.05274285714,26,8186.0,0.03839000867520257,26,8186.0
76440.0,57,33560.0,479.42857142857144,1.4592291961839408,50508.67621313158,721.552517330451,2871416.3370000003,41020.23338571429,31,8251.0,0.029408297554197427,31,8251.0
76445.0,61,33859.0,476.88732394366195,0.9399966232919101,50071.870602479175,705.237614119425,2871449.2160000005,40442.94670422535,34,8383.0,0.005199376493465915,34,8383.0
76450.0,63,34173.0,474.625,1.3021515094367138,50362.68699425025,699.4817638090312,2871449.066,39881.23702777778,35,8522.0,0.05160154743516767,35,8522.0
76455.0,63,34488.0,499.82608695652175,0.3672641428716013,50626.556369375474,733.7182082518186,2871448.0740000005,41615.18947826087,35,8662.0,0.004281603125472576,35,8662.0
76460.0,61,34640.0,502.0289855072464,0.7528479619149445,50956.83450649977,738.5048479202866,2871448.0740000005,41615.18947826087,33,8598.0,0.048879762770197954,33,8598.0
76465.0,59,34824.0,497.48571428571427,1.2236717735103708,51278.86108786704,732.5551583981007,2871448.077,41020.68681428571,31,8580.0,0.0538772240434424,31,8580.0
76470.0,56,34975.0,514.3382352941177,0.9104329001105591,51433.60995710093,756.37661701619,2796221.521,41120.90472058824,29,8691.0,0.058529043252764715,29,8691.0
76475.0,61,35236.0,489.3888888888889,0.8293171547977796,51755.228588253034,718.8226192812922,2833892.9620000008,39359.624472222225,33,8838.0,0.030247345903443645,33,8838.0
76480.0,53,34613.0,487.50704225352115,1.6321907001138825,51758.36103150962,728.9910004437974,2796387.643000001,39385.741450704234,25,8190.0,0.07268498577753509,25,8190.0
76485.0,56,34887.0,465.16,2.48421484462271,52062.86443524245,694.1715258032325,2834057.3430000013,37787.431240000005,29,8177.0,0.09135459729648557,29,8177.0
76490.0,59,35162.0,462.6578947368421,2.2921237469302476,52221.7259748694,687.1279733535446,2909390.0990000013,38281.44867105264,32,8294.0,0.053947746629351555,32,8294.0
76495.0,63,35463.0,513.9565217391304,0.6945514125072125,51877.63684660464,751.849809371082,2909382.9810000015,42164.97073913044,36,8428.0,0.00593151434613298,36,8428.0
76500.0,58,35621.0,548.0153846153846,0.6859903976570284,51998.10747327119,799.9708842041723,2909381.005000001,44759.70776923077,30,8359.0,0.018271565392296067,30,8359.0
76505.0,54,35803.0,511.4714285714286,1.8675503116023686,52305.436750433975,747.2205250061996,2909385.705000001,41562.65292857143,26,8299.0,0.05574318615371761,26,8299.0
76510.0,50,35958.0,521.1304347826087,2.3376262599115742,52576.00470049179,761.971082615823,2871715.392000001,41619.06365217392,23,8309.0,0.14754016940309578,23,8309.0
76515.0,52,36198.0,548.4545454545455,0.9457122024705832,52493.30123414966,795.3530490022675,2758883.828,41801.270121212125,26,8414.0,0.06151716283110201,26,8414.0
76520.0,49,36032.0,554.3384615384615,0.8328606582394998,52599.43002185761,809.2220003362708,2721313.052,41866.35464615384,23,8143.0,0.07148873823147646,23,8143.0
76525.0,51,36228.0,532.7647058823529,1.251318210082962,52903.83230058384,777.9975338321151,2796681.9940000004,41127.67638235295,24,7989.0,0.06995392641897137,24,7989.0
76530.0,55,36483.0,513.8450704225352,1.1758009213584475,53012.02266764196,746.6482065865063,2872052.01,40451.436760563374,27,7986.0,0.04735373101159042,27,7986.0
76535.0,59,36761.0,510.56944444444446,1.477003776700947,53192.99166853798,738.7915509519163,2909736.4949999996,40413.006875,33,8102.0,0.06941912530994684,33,8102.0
76540.0,51,36473.0,506.56944444444446,1.5605616828971207,53367.74393391269,741.2186657487873,2947427.1169999996,40936.487736111114,25,7852.0,0.03420016563455209,25,7852.0
76545.0,55,36732.0,517.3521126760563,1.8739036608022022,53275.80223792587,750.3634118017729,2909798.835,40983.08218309859,27,7780.0,0.08588516906237473,27,7780.0
76550.0,56,37008.0,528.6857142857143,1.845991463298029,53546.78600145543,764.9540857350776,2909798.835,41568.55478571429,28,7853.0,0.06059289101277646,28,7853.0
76555.0,59,37298.0,556.6865671641791,1.1686182234617835,53501.851902906004,798.5351030284477,2909798.8370000003,43429.8333880597,31,7968.0,0.004623159865842763,31,7968.0
76560.0,53,37373.0,593.2222222222222,1.2493472898768152,53559.853268544575,850.1564010880093,2909791.9869999997,46187.1743968254,25,7828.0,0.013734146440479215,25,7828.0
76565.0,48,37481.0,551.1911764705883,1.9076991090770852,53786.32542258121,790.9753738614883,2909797.9869999997,42791.146867647054,20,7734.0,0.05415136075463623,20,7734.0
76570.0,47,37609.0,561.3283582089553,2.386528711016377,54037.609647714715,806.5314872793242,2872114.3370000003,42867.3781641791,20,7799.0,0.15643493974714232,20,7799.0
76575.0,53,37828.0,581.9692307692308,0.8021471625804846,54019.47165446389,831.0687946840596,2796894.103,43029.14004615385,26,7906.0,0.04808466190312595,26,7906.0
76580.0,51,37982.0,575.4848484848485,1.4078680620222854,54079.825551514354,819.3912962350661,2759332.314,41808.06536363636,25,7921.0,0.06485347770228185,25,7921.0
76585.0,53,38243.0,562.3970588235294,2.150218020666036,54368.38440876274,799.5350648347458,2834755.212,41687.57664705881,27,8010.0,0.051538686595661715,27,8010.0
76590.0,58,38521.0,574.9402985074627,1.1722796834425075,54596.03492581794,814.8661929226555,2910178.341,43435.49762686567,31,8123.0,0.02073870812708331,31,8123.0
76595.0,62,38821.0,597.2461538461539,0.5582703073097136,54795.26626031602,843.004096312554,2910177.9189999998,44771.96798461539,34,8254.0,2.719136763043664e-06,34,8254.0
76600.0,55,38967.0,618.5238095238095,0.791307895244232,55069.51998143197,874.1193647846344,2910174.9189999998,46193.25268253968,27,8138.0,0.04064698520232767,27,8138.0
76605.0,50,39116.0,592.6666666666666,1.6200724632549028,55360.514285569574,838.7956709934784,2910176.9069999997,44093.589499999995,22,8081.0,0.05653617919294323,22,8081.0
76610.0,47,39269.0,604.1384615384616,1.96198825718051,55590.50085370768,855.2384746724256,2872497.2649999997,44192.26561538461,21,8151.0,0.09451568075055508,21,8151.0
76615.0,51,39515.0,627.2222222222222,0.8437467621573502,55598.19323066814,882.5110036613988,2797205.0709999995,44400.080492063484,24,8248.0,0.0569041253877128,24,8248.0
76620.0,53,39739.0,630.7777777777778,0.9607471161202945,55665.95022798347,883.5865115552931,2759604.9119999995,43803.252571428566,27,8322.0,0.05527895645593793,27,8322.0
76625.0,56,40012.0,588.4117647058823,1.5716071279147161,55966.40230534157,823.0353280197289,2835065.1609999994,41692.134720588234,30,8430.0,0.07408962577121667,30,8430.0
76630.0,59,40295.0,567.5352112676056,1.0560372573196517,56227.90842404684,791.9423721696738,2910521.278999999,40993.257450704215,32,8548.0,0.06372911632418901,32,8548.0
76635.0,63,40597.0,579.9571428571429,0.59160385506781,56521.92925106327,807.4561321580469,2948251.088999999,42117.87269999999,36,8685.0,0.027986734201808684,36,8685.0
76640.0,55,40467.0,578.1,1.046107386617345,56848.0576099983,812.1151087142614,2948251.088999999,42117.87269999999,27,8458.0,0.08633125195515,27,8458.0
76645.0,58,40639.0,556.6986301369863,0.9488219099334212,57183.6841702473,783.3381393184562,2948254.088999999,40387.042315068495,27,8479.0,0.025469795863573803,27,8479.0
76650.0,54,40835.0,567.1527777777778,1.2163793099462183,57474.99692243945,798.2638461449923,2910542.0039999993,40424.1945,27,8580.0,0.04790863680823181,27,8580.0
76655.0,61,41104.0,563.068493150685,0.7975554537616745,57784.02064337292,791.5619266215465,2835081.273999999,38836.72978082192,33,8708.0,0.005269005010945375,33,8708.0
76660.0,59,41316.0,565.972602739726,1.5294960672024056,57936.880051221924,793.6558911126289,2872826.946999999,39353.79379452055,33,8755.0,0.024734232682300926,33,8755.0
76665.0,61,41620.0,586.1971830985915,1.264781165345176,58026.076295597595,817.2686802196843,2835141.6349999993,39931.572323943656,34,8890.0,0.03416155214927541,34,8890.0
76670.0,63,41934.0,599.0571428571428,1.0869907203906082,58245.77955820434,832.0825651172048,2835137.8929999997,40501.9699,35,9029.0,0.00045359746881378757,35,9029.0
76675.0,64,42253.0,650.0461538461539,0.20663808745704115,58443.61891303975,899.1325986621496,2835137.6129999994,43617.50173846154,36,9173.0,0.0,36,9173.0
76680.0,59,42392.0,662.375,0.3685806361708723,58753.05837462542,918.016537103522,2835137.6129999994,44299.025203125,31,9080.0,0.01663917881802841,31,9080.0
76685.0,54,42523.0,607.4714285714285,1.4764552656534127,59065.28371024745,843.7897672892493,2835145.3169999993,40502.07595714285,26,8969.0,0.05305749684369583,26,8969.0
76690.0,51,42670.0,609.5714285714286,2.2666694567295433,59361.292168177766,848.0184595453968,2835145.3169999993,40502.07595714285,24,8952.0,0.145909438573962,24,8952.0
76695.0,55,42903.0,621.7826086956521,1.0121695431714586,59366.95707274338,860.3906822136724,2797556.4299999997,40544.296086956514,28,9086.0,0.06750886169977273,28,9086.0
76700.0,48,41675.0,586.9718309859155,1.9899042324077476,59529.54021334191,838.4442283569286,2797657.5489999996,39403.62745070422,21,8056.0,0.10598087139637033,21,8056.0
76705.0,49,41912.0,590.3098591549295,3.097250819521729,59521.87526630195,838.3362713563656,2797856.584,39406.43076056339,23,7793.0,0.10978630502373372,23,7793.0
76710.0,53,42167.0,577.6301369863014,2.622105091151575,59546.5688450498,815.7064225349287,2873405.7860000003,39361.72309589041,26,7883.0,0.01871138668395838,26,7883.0
76715.0,57,42446.0,643.1212121212121,1.4457867120220738,58598.17480279476,887.8511333756782,2911177.576,44108.75115151516,31,7997.0,0.0714584569887508,31,7997.0
76720.0,54,42588.0,676.0,1.0186612034310367,58759.81012386439,932.6953987914982,2948954.1760000004,46808.79644444445,27,7972.0,0.06683456165165028,27,7972.0
76725.0,55,42863.0,649.439393939394,1.3958414607163905,59051.276591287104,894.7163119891986,2948957.1760000004,44681.16933333334,27,8072.0,0.001184773304845309,27,8072.0
76730.0,56,43143.0,663.7384615384616,1.711888695660666,59284.49219777156,912.069110734947,2948956.61,45368.56323076923,28,8177.0,0.06169858189327745,28,8177.0
76735.0,57,43424.0,700.3870967741935,0.40304007607486175,59444.560017775584,958.7832260931544,2948950.468,47563.71722580645,29,8283.0,0.005011144601851249,29,8283.0
76740.0,51,43407.0,711.5901639344262,1.0566022459768478,59730.315802737015,979.1855049629019,2948950.468,48343.450295081966,23,8053.0,0.03621332851074349,23,8053.0
76745.0,46,43448.0,678.875,2.222149630466151,60003.122678724074,937.5487918550639,2948950.468,46077.3510625,18,7883.0,0.09234914856407198,18,7883.0
76750.0,44,43538.0,691.0793650793651,2.305411369759812,60104.20610469986,954.0350175349184,2911236.213,46210.098619047625,17,7846.0,0.1440846879729173,17,7846.0
76755.0,48,43733.0,728.8833333333333,1.0119007327029546,59961.25407547349,999.3542345912247,2798098.9020000007,46634.98170000001,21,7937.0,0.05544242338415296,21,7937.0
76760.0,47,43927.0,732.1166666666667,1.3206039653462749,59936.23626636875,998.9372711061458,2722691.1910000006,45378.186516666676,21,7996.0,0.06696371292063058,21,7996.0
76765.0,50,44173.0,701.1587301587301,1.625467215841409,60206.62268735706,955.6606775770963,2798314.004,44417.68260317461,24,8077.0,0.034631358260562996,24,8077.0
76770.0,54,44437.0,705.3492063492064,1.4185488725875255,60465.36871543788,959.767757387903,2836121.2580000004,45017.79774603175,28,8176.0,0.08878215423884195,28,8176.0
76775.0,58,44715.0,709.7619047619048,0.6452942690131849,60710.908709375835,963.6652176091403,2911741.168,46218.11377777778,32,8289.0,0.03963636708452159,32,8289.0
76780.0,53,44863.0,700.984375,1.1034402377016281,60997.1228478773,953.0800444980828,2949550.527,46086.726984375,26,8136.0,0.0877218007584873,26,8136.0
76785.0,50,45017.0,682.0757575757576,1.8129326181099918,61280.8966493871,928.4984340816223,2949552.519,44690.18968181818,22,8014.0,0.0725427326833838,22,8014.0
76790.0,48,45199.0,695.3692307692307,2.1223204755899348,61407.00054028848,944.7230852352073,2911821.894,44797.25990769231,21,8024.0,0.07906904186195225,21,8024.0
76795.0,50,45432.0,721.1428571428571,1.3301616483895222,61470.60197606662,975.7238408899461,2836322.695,45020.995158730155,24,8111.0,0.0800114175899371,24,8111.0
76800.0,50,45620.0,747.8688524590164,0.9224254424933302,61466.094527616624,1007.6408938953545,2760876.301,45260.267229508194,24,8143.0,0.029504072938146074,24,8143.0
76805.0,54,45881.0,664.9420289855072,1.4994024750803663,61680.61654978753,893.9219789824277,2798741.67,40561.47347826087,27,8239.0,0.05984714681188607,27,8239.0
76810.0,57,46156.0,650.0845070422536,1.8949163501812676,61950.39965842478,872.5408402595037,2836562.368,39951.58264788733,31,8349.0,0.12853062132157175,31,8349.0
76815.0,59,46445.0,663.5,0.6691155056060779,62201.37385842258,888.5910551203224,2912203.0349999997,41602.9005,33,8473.0,0.03782865763798462,33,8473.0
76820.0,60,46618.0,656.5915492957746,0.8099693345243862,62534.279828489016,880.7645046266058,2950023.601,41549.6281830986,33,8439.0,0.045837394691353804,33,8439.0
76825.0,58,46810.0,659.2957746478874,1.4750302994255415,62857.599801016215,885.3183070565663,2950023.601,41549.6281830986,30,8405.0,0.035435899123174394,30,8405.0
76830.0,56,47032.0,681.6231884057971,1.30265210844978,63042.79941954363,913.6637597035308,2874419.306,41658.250811594204,29,8514.0,0.04921753229480455,29,8514.0
76835.0,60,47303.0,685.5507246376811,0.5959640844132155,63134.00842702208,914.9856293771317,2761048.315,40015.19297101448,31,8639.0,0.03376910680207061,31,8639.0
76840.0,55,47483.0,688.1594202898551,1.1651863179488724,63346.14583277085,918.0600845329109,2761102.989,40015.985347826085,29,8664.0,0.03133880787537943,29,8664.0
76845.0,58,47770.0,663.4722222222222,1.4898539092520224,63661.00482746763,884.1806226037168,2836769.1380000003,39399.571361111106,32,8787.0,0.07255786844506883,32,8787.0
76850.0,64,48074.0,667.6944444444445,1.0646682387527968,63931.09014735331,887.9318076021292,2912427.156,40450.377166666665,37,8926.0,0.048935135553049826,37,8926.0
76855.0,66,48398.0,681.6619718309859,0.5814736894010779,64206.68263724457,904.319473764008,2912427.854,41020.1106197183,38,9080.0,0.026209213279127456,38,9080.0
76860.0,61,48581.0,694.0142857142857,0.8562841303281434,64500.400350879834,921.4342907268547,2912428.552,41606.122171428564,33,9078.0,0.051954017183761275,33,9078.0
76865.0,57,48782.0,650.4266666666666,1.7664739927010056,64828.429655278305,864.3790620703774,2912433.2600000002,38832.44346666667,29,9015.0,0.0316356103905967,29,9015.0
76870.0,55,48960.0,652.8,2.298667846332549,65140.29762785041,868.5373017046721,2912433.2600000002,38832.44346666667,28,9121.0,0.1310122355365835,28,9121.0
76875.0,59,49222.0,683.6388888888889,0.9839044194875116,65254.67027578034,906.3148649413937,2798996.1629999992,38874.94670833333,33,9269.0,0.05228952348038914,33,9269.0
76880.0,53,48540.0,683.6619718309859,1.3053105457604373,65314.63313321692,919.9244103269992,2761264.062,38891.04312676055,26,8570.0,0.06005545186550946,26,8570.0
76885.0,55,48809.0,650.7866666666666,2.3513826509992315,65624.30608857037,874.9907478476052,2799115.448,37321.539306666666,29,8526.0,0.036268028743930356,29,8526.0
76890.0,58,49095.0,621.4556962025316,2.55477947571913,65773.90351875464,832.581057199426,2874809.4839999997,36389.99346835443,32,8647.0,0.07969838987875184,32,8647.0
76895.0,63,49397.0,667.527027027027,1.150664973505514,65330.191149930135,882.8404209450019,2912648.426,39360.11386486486,36,8783.0,0.006015224208792088,36,8783.0
76900.0,61,49549.0,707.8428571428572,0.773071075358262,65520.795343711434,936.0113620530204,2912646.722,41609.23888571428,33,8765.0,0.03113510617143217,33,8765.0
76905.0,62,49859.0,712.2714285714286,1.106864834810612,65843.75135671561,940.6250193816514,2912646.722,41609.23888571428,34,8896.0,0.0,34,8896.0
76910.0,62,50169.0,727.0869565217391,1.2531624426216281,66105.50155264302,958.0507471397543,2912646.154,42212.26310144927,34,9031.0,0.0,34,9031.0
76915.0,62,50479.0,753.4179104477612,0.7104813095040641,66320.07969161216,989.8519356957044,2912643.012,43472.283761194034,34,9166.0,0.0,34,9166.0
76920.0,51,49410.0,772.03125,1.031640233440345,66543.28395238039,1039.738811755944,2912643.012,45510.0470625,22,8584.0,0.03782203192649657,22,8584.0
76925.0,44,49190.0,723.3823529411765,1.563413276147214,66842.41770451805,982.9767309487953,2912646.012,42833.029588235295,15,8219.0,0.0816544008733552,15,8219.0
76930.0,47,49267.0,724.5147058823529,2.1073136246818307,67135.8281037185,987.2915897605659,2912646.012,42833.029588235295,19,8265.0,0.0908047106977502,19,8265.0
76935.0,51,49464.0,749.4545454545455,0.894505041751724,67088.84010811929,1016.4975773957467,2836947.048,42984.04618181818,25,8376.0,0.024168554651452862,25,8376.0
76940.0,55,49722.0,742.1194029850747,1.4284602786456149,66870.02363905334,998.060054314229,2874832.669,42907.95028358209,29,8503.0,0.02910470825335105,29,8503.0
76945.0,58,50004.0,746.3283582089553,1.5706942535531603,66949.47251601702,999.2458584480155,2912717.109,43473.38968656716,30,8615.0,0.031346980856570006,30,8615.0
76950.0,59,50295.0,773.7692307692307,0.98063914523693,67079.9934401759,1031.9998990796294,2874908.283,44229.358199999995,31,8731.0,0.017598786448209523,31,8731.0
76955.0,61,50597.0,803.1269841269841,0.3316854429039474,67354.36946211499,1069.1169755891272,2874905.283,45633.41719047619,33,8858.0,2.6245631455702593e-06,33,8858.0
76960.0,55,50715.0,817.983870967742,0.7650154893173087,67639.29038231372,1090.956296488931,2874905.283,46369.44004838709,27,8693.0,0.0523498195796334,27,8693.0
76965.0,51,50827.0,758.6119402985074,1.604250225240667,67931.14031518425,1013.8976166445411,2874910.279,42909.10864179105,23,8451.0,0.03015767437462784,23,8451.0
76970.0,47,50958.0,772.0909090909091,2.2780985329332992,68153.01697865255,1032.6214693735233,2837063.207,42985.80616666667,20,8522.0,0.11650862960185976,20,8522.0
76975.0,50,51174.0,799.59375,0.9765003679944703,67990.49546794454,1062.3514916866334,2761516.1580000003,43148.68996875,24,8627.0,0.06822461968184311,24,8627.0
76980.0,54,51389.0,802.953125,0.8279301914908612,67999.85748384283,1062.497773185044,2761706.8830000004,43151.670046875006,27,8705.0,0.04225320408500152,27,8705.0
76985.0,56,51663.0,759.75,1.3057001094198015,68307.05378067908,1004.5154967746921,2799621.7280000006,41170.90776470589,30,8814.0,0.047963070004164075,30,8814.0
76990.0,59,51952.0,731.7183098591549,1.3927563420568987,68582.6067755459,965.9522081062796,2875445.9900000007,40499.239295774656,33,8938.0,0.07200803693623423,33,8938.0
76995.0,65,52263.0,757.4347826086956,0.37089526784181587,68866.32425680618,998.0626703884943,2913354.0220000003,42222.52205797102,38,9082.0,0.0016537168165781679,38,9082.0
77000.0,60,52447.0,760.1014492753624,0.7265421602434707,69195.76877021305,1002.8372285538114,2913354.0220000003,42222.52205797102,32,8974.0,0.037224759503675396,32,8974.0
77005.0,57,52637.0,751.9571428571429,1.4879253283216642,69516.53576519291,993.0933680741833,2913354.0220000003,41619.343171428576,29,8872.0,0.041293463628348105,29,8872.0
77010.0,56,52863.0,744.5492957746479,1.5823611486917148,69825.1830084294,983.4532818088644,2913354.1980000003,41033.15771830986,28,8975.0,0.06327636543621105,28,8975.0
77015.0,61,53109.0,737.625,0.9396826689976948,69807.75016043264,969.5520855615642,2799798.836,38886.09494444445,32,9105.0,0.055959646120895316,32,9105.0
77020.0,57,53307.0,750.8028169014085,1.2708743365438477,69839.42400867936,983.6538592771734,2762074.606,38902.45923943662,31,9154.0,0.05998093447040794,31,9154.0
77025.0,62,53605.0,734.3150684931506,1.6193421117296427,70159.39895480013,961.0876569150696,2837932.607,38875.7891369863,35,9286.0,0.08999385548583787,35,9286.0
77030.0,65,53914.0,728.5675675675676,0.9981993705540609,70461.46709126371,952.1819877197793,2913790.516,39375.547513513506,38,9431.0,0.007650896961695258,38,9431.0
77035.0,68,54245.0,764.0140845070423,0.5974418641584208,70721.39198316446,996.0759434248512,2913790.232,41039.29904225352,40,9593.0,6.060347392953705e-06,40,9593.0
77040.0,56,53882.0,792.3823529411765,0.7291002141051799,71019.6806534254,1044.407068432726,2913789.662,42849.847970588235,28,9024.0,0.024876692053377347,28,9024.0
77045.0,50,53885.0,709.0131578947369,1.916144965628808,71345.90784026767,938.7619452666793,2913800.374,38339.47860526315,21,8784.0,0.07010625038027628,21,8784.0
77050.0,51,54080.0,721.0666666666667,2.5428689049281803,71642.9123747281,955.2388316630413,2875867.4159999997,38344.89888,22,8857.0,0.1462220708890925,22,8857.0
77055.0,59,54305.0,743.9041095890411,0.9507059049080826,71558.08241488102,980.2477043134385,2838030.844,38877.134849315065,32,8977.0,0.02788030739167845,32,8977.0
77060.0,52,53526.0,753.887323943662,1.6640477634411452,71254.67065565592,1003.5869106430412,2875974.901,40506.68874647887,25,8222.0,0.06682884418404852,25,8222.0
77065.0,54,53789.0,736.8356164383562,2.6265862797437567,71551.25585412605,980.1541897825487,2951870.253,40436.57880821917,28,8149.0,0.035645788010489635,28,8149.0
77070.0,56,54063.0,740.5890410958904,2.569122694978175,71512.9820044153,979.6298904714423,2914022.083,39918.1107260274,29,8256.0,0.029917237464445034,29,8256.0
77075.0,58,54350.0,862.6984126984127,1.0465828993776993,70817.69923178539,1124.0904639965927,2914012.953,46254.17385714285,30,8368.0,0.03221218195440337,30,8368.0
77080.0,53,54454.0,892.688524590164,0.8137503070984738,71072.18621846286,1165.117806860046,2914012.097,47770.69011475409,25,8151.0,0.046643965243332766,25,8151.0
77085.0,50,54596.0,880.5806451612904,1.6312060548900034,71351.49868484479,1150.830623949109,2914012.097,47000.195112903224,22,8025.0,0.057225669008450726,22,8025.0
77090.0,46,54711.0,896.9016393442623,1.2650978209624297,71396.16138309804,1170.428875132755,2838236.136,46528.46124590163,19,8089.0,0.08508428188326184,19,8089.0
77095.0,50,54933.0,871.952380952381,1.1723324158610564,71664.89693631233,1137.5380466081317,2838262.424,45051.78450793651,24,8187.0,0.06499900397398502,24,8187.0
77100.0,47,54971.0,901.1639344262295,1.3998428039478479,71486.08788451896,1171.9030800740811,2762615.364,45288.77645901639,21,8117.0,0.05994482861340979,21,8117.0
77105.0,50,55215.0,836.5909090909091,1.9484201739784528,71764.07079222114,1087.3344059427443,2838559.703,43008.480348484845,24,8159.0,0.05767507892131235,24,8159.0
77110.0,54,55475.0,840.530303030303,1.9782754712236865,72002.03877097294,1090.9399813783778,2876527.2430000002,43583.74610606061,28,8254.0,0.09434275492107508,28,8254.0
77115.0,59,55752.0,884.952380952381,0.8261407256552736,72159.35660904407,1145.386612841969,2914500.9600000004,46261.920000000006,31,8363.0,0.028749628428662157,31,8363.0
77120.0,53,55888.0,901.4193548387096,0.8571227137811308,72354.83898270303,1167.0135319790804,2914499.3880000003,47008.05464516129,25,8264.0,0.021798251759148925,25,8264.0
77125.0,48,56024.0,861.9076923076923,2.312380500981692,72635.75097969559,1117.473091995316,2914502.3880000003,44838.49827692308,20,8153.0,0.07081218184169637,20,8153.0
77130.0,45,56176.0,906.0645161290323,1.9330904483581646,72741.31823809206,1173.2470683563236,2800641.945,45171.644274193546,18,8117.0,0.14999252639431018,18,8117.0
77135.0,48,56392.0,895.1111111111111,1.1939264720588147,72886.63738492261,1156.9307521416285,2800718.0949999997,44455.842777777776,22,8216.0,0.06603323707736918,22,8216.0
77140.0,49,56560.0,927.2131147540983,1.3690959043624693,72784.33875345706,1193.1858812042142,2724976.777,44671.75044262294,23,8219.0,0.09383822945503054,23,8219.0
77145.0,53,56816.0,860.8484848484849,1.4058850604880713,73066.97655403582,1107.0754023338761,2800951.4469999997,42438.65828787879,27,8311.0,0.02627257453001302,27,8311.0
77150.0,57,57090.0,865.0,1.4779388863880152,73294.81005061098,1110.5274250092573,2876933.4979999997,43589.90148484849,30,8420.0,0.055445532099832405,30,8420.0
77155.0,57,57372.0,896.4375,0.7754653379111409,73532.90031770639,1148.951567464162,2914922.3459999994,45545.66165625,31,8537.0,0.06840536761817356,31,8537.0
77160.0,56,57524.0,898.8125,0.8235560974229372,73833.49561422107,1153.6483689722036,2952906.4859999996,46139.16384375,28,8436.0,0.045084667351233454,28,8436.0
77165.0,52,57707.0,848.6323529411765,2.016850340310211,74128.92843524647,1090.13130051833,2952909.4859999996,43425.1395,24,8370.0,0.057236198432272484,24,8370.0
77170.0,50,57874.0,815.1267605633802,2.1748186493432367,74374.05815180934,1047.5219458001316,2914940.079,41055.49407042254,23,8446.0,0.09391743055372898,23,8446.0
77175.0,53,58113.0,854.6029411764706,1.3504808104835966,74398.7137142156,1094.0987310914056,2801104.5360000003,41192.713764705884,26,8542.0,0.08807639913483639,26,8542.0
77180.0,55,58356.0,870.9850746268656,1.1195027767409707,74473.5056610151,1111.544860612165,2763231.9710000004,41242.268223880594,29,8631.0,0.055933555517788475,29,8631.0
77185.0,58,58640.0,849.8550724637681,1.167376214387586,74784.45006083269,1083.832609577286,2839232.4150000005,41148.29586956522,32,8750.0,0.03292445169621319,32,8750.0
77190.0,61,58943.0,854.2463768115942,1.035938433037171,75072.21963945245,1088.00318318047,2877232.7400000007,41699.02521739131,35,8888.0,0.01979094008318186,35,8888.0
77195.0,65,59254.0,871.3823529411765,0.2848107469644731,75352.89451364688,1108.1308016712774,2915230.326000001,42871.03420588236,36,9033.0,0.020457570866875698,36,9033.0
77200.0,53,58719.0,863.5147058823529,1.347343465806203,75672.69129460621,1112.8336955089144,2915230.326000001,42871.03420588236,25,8432.0,0.06719283364471534,25,8432.0
77205.0,48,58754.0,816.0277777777778,2.179928109806597,75977.28446195595,1055.2400619716102,2915233.326000001,40489.35175,19,8163.0,0.13187042166133328,19,8163.0
77210.0,49,58911.0,853.7826086956521,1.5591642524994456,75829.80987350138,1098.9827517898746,2839281.5100000007,41149.00739130435,22,8228.0,0.08613918393647807,22,8228.0
77215.0,56,59156.0,869.9411764705883,0.7625075399985816,75868.82835531696,1115.7180640487784,2839300.251,41754.41545588236,30,8338.0,0.025660903423977727,30,8338.0
77220.0,59,59418.0,886.8358208955224,0.5908090016605874,75812.71079639965,1131.5329969611887,2877316.3490000004,42945.02013432837,32,8450.0,0.0024890746042218284,32,8450.0
77225.0,62,59717.0,829.4027777777778,1.1286684276448185,75998.84281483784,1055.539483539414,2877397.623,39963.855874999994,35,8585.0,0.015240440660729116,35,8585.0
77230.0,63,60029.0,845.4788732394367,1.3400268535921287,76304.04553954775,1074.7048667541935,2877397.0510000004,40526.71902816902,35,8725.0,0.08734955913231114,35,8725.0
77235.0,66,60348.0,874.6086956521739,0.11949188309669903,76604.46283093556,1110.2096062454425,2877397.0510000004,41701.40653623189,38,8869.0,0.01653902903442998,38,8869.0
77240.0,58,60378.0,875.0434782608696,0.42985831879726455,76941.18391131036,1115.0896219030478,2877397.0510000004,41701.40653623189,30,8702.0,0.025023207643406414,30,8702.0
77245.0,59,60563.0,853.0,0.7590046237991208,77270.82420506403,1088.3214676769576,2877397.4440000006,40526.72456338029,30,8719.0,0.022349802318091177,30,8719.0
77250.0,57,60726.0,831.8630136986301,1.384526526830449,77602.00683669589,1063.0411895437787,2877397.7320000003,39416.40728767123,29,8828.0,0.05077726636098605,29,8828.0
77255.0,61,60980.0,824.0540540540541,1.2822069188597638,77912.31164300843,1052.8690762568704,2877424.896,38884.120216216215,34,8973.0,0.03586627524313727,34,8973.0
77260.0,60,61185.0,874.0714285714286,0.9495336653500128,77867.17195839378,1112.3881708341964,2877419.5730000003,41105.9939,34,9014.0,0.02735655397845678,34,9014.0
77265.0,62,61491.0,878.4428571428572,1.1503170823827449,78186.81129339148,1116.954447048449,2877419.5730000003,41105.9939,34,9149.0,4.764175677036371e-06,34,9149.0
77270.0,62,61801.0,908.8382352941177,1.1463439695463018,78323.05754708852,1151.8096698101251,2839447.899,41756.58675,34,9284.0,0.0,34,9284.0
77275.0,62,62111.0,970.484375,0.17569928051489114,78516.9630724114,1226.827548006428,2839444.757,44366.324328125,34,9419.0,0.0,34,9419.0
77280.0,55,62180.0,971.5625,0.963758240137155,78821.43995461412,1231.5849992908456,2839444.757,44366.324328125,27,9203.0,0.016199980096983004,27,9203.0
77285.0,51,62320.0,890.2857142857143,1.7783403683224976,79123.49189044724,1130.33559843496,2839450.757,40563.58224285715,23,9077.0,0.053623231509759915,23,9077.0
77290.0,50,62454.0,905.1304347826087,2.2144152481507153,79245.37291025918,1148.4836653660743,2801477.1720000003,40601.11843478261,22,9155.0,0.1449090243860602,22,9155.0
77295.0,50,62644.0,934.9850746268656,0.7173349237914113,79282.14141817302,1183.3155435548206,2801589.5549999997,41814.769477611946,24,9317.0,0.047797404992420627,24,9317.0
77300.0,45,61367.0,876.6714285714286,2.0112425491708756,79446.0264660811,1134.9432352297295,2839767.9709999994,40568.11387142857,17,8263.0,0.10760335822610993,17,8263.0
77305.0,47,61592.0,879.8857142857142,3.2246600937194487,79576.34810125602,1136.8049728750855,2839859.7469999995,40569.42495714286,21,7939.0,0.0789189625945654,21,7939.0
77310.0,52,61841.0,896.2463768115942,2.3351829911107163,79361.09178856577,1150.1607505589243,2916015.7229999993,42261.097434782605,26,8019.0,0.024339618712613444,26,8019.0
77315.0,56,62112.0,970.5,1.2610500307824375,78846.14937673935,1231.971084011552,2916011.0089999996,45562.672015624994,28,8121.0,9.843749567946251e-06,28,8121.0
77320.0,51,62274.0,1092.5263157894738,0.95970990583473,78720.29100655008,1381.057736957019,2916003.2909999993,51157.95247368421,23,8108.0,0.039631392377278335,23,8108.0
77325.0,51,62529.0,1025.0655737704917,1.3844422434165364,78989.7311760009,1294.9136258360802,2916003.426999999,47803.334868852464,23,8188.0,0.01257642541258381,23,8188.0
77330.0,51,62784.0,1029.2459016393443,2.0177855491913266,79215.7566782555,1298.6189619386146,2916006.1289999993,47803.37916393442,23,8268.0,0.09646188303756695,23,8268.0
77335.0,51,63039.0,1125.6964285714287,0.4540276086530783,79366.53522759546,1417.2595576356325,2916002.4129999992,52071.47166071429,23,8348.0,0.06896923831320212,23,8348.0
77340.0,49,63012.0,1125.2142857142858,0.7098387299424022,79637.22115148939,1422.0932348480242,2916002.4129999992,52071.47166071429,21,8048.0,0.021667771391479202,21,8048.0
77345.0,45,63078.0,1069.1186440677966,2.0652424790297204,79896.49102787099,1354.1778140317117,2916002.4129999992,49423.76971186441,17,7841.0,0.08204685527031032,17,7841.0
77350.0,40,63089.0,1034.2459016393443,2.5418835791390983,80137.63311096966,1313.7316903437645,2916002.988999999,47803.327688524594,13,7757.0,0.19002216049820284,13,7757.0
77355.0,43,63257.0,1109.7719298245613,1.3165431910857943,79723.63840912437,1398.6603229670948,2764033.0949999993,48491.80868421052,16,7833.0,0.06268501907570619,16,7833.0
77360.0,42,63422.0,1112.6666666666667,1.9138110473047858,79790.56041483453,1399.8343932427106,2764169.6549999993,48494.20447368421,16,7869.0,0.14057606346262155,16,7869.0
77365.0,46,63647.0,1043.3934426229507,1.7210167911326626,79889.17295677772,1309.6585730619297,2802411.7739999993,45941.17662295081,20,7929.0,0.06050557889468115,20,7929.0
77370.0,51,63893.0,1047.4262295081967,1.6584335201183926,80112.97775223455,1313.3275041349923,2878652.7769999993,47191.02913114754,24,8010.0,0.0916602249314186,24,8010.0
77375.0,57,64156.0,1034.774193548387,0.6166572824751165,80367.03133329382,1296.2424408595773,2916770.4189999993,47044.68417741935,29,8108.0,0.03943884840109413,29,8108.0
77380.0,50,64283.0,1036.8225806451612,1.369328159448882,80619.31161870842,1300.3114777211028,2954889.8829999994,47659.51424193548,23,7865.0,0.08411724207770424,23,7865.0
77385.0,47,64431.0,1039.2096774193549,2.020162441404081,80887.71393965445,1304.640547413781,2954889.8829999994,47659.51424193548,19,7683.0,0.10011474118835784,19,7683.0
77390.0,46,64598.0,1058.983606557377,1.6100676588065397,81091.77871110523,1329.3734214935284,2916811.3809999996,47816.58001639344,19,7736.0,0.06484511708257577,19,7736.0
77395.0,48,64820.0,1098.6440677966102,0.9459755589267016,80973.15228533906,1372.426309921001,2840820.1779999994,48149.49454237288,21,7813.0,0.03738084011696412,21,7813.0
77400.0,45,64906.0,1138.701754385965,0.8170266003407777,80898.17277155352,1419.2661889746228,2764812.5589999994,48505.48349122808,18,7646.0,0.07841323495982853,18,7646.0
77405.0,47,65121.0,971.955223880597,1.386389946393951,81180.64026151724,1211.6513471868243,2841089.7209999994,42404.32419402985,20,7693.0,0.03323496324318885,20,7693.0
77410.0,47,65352.0,961.0588235294117,2.3540941307726406,81462.68836609855,1197.980711266155,2879222.1559999995,42341.50229411764,21,7759.0,0.1837294464829161,21,7759.0
77415.0,53,65604.0,979.1641791044776,0.7002351431972017,81630.95676472675,1218.3724890257724,2917348.697999999,43542.51788059701,27,7846.0,0.04315634707056529,27,7846.0
77420.0,55,65766.0,996.4545454545455,0.969970856140041,81749.78109525157,1238.633046897751,2879339.671999999,43626.35866666667,29,7848.0,0.02732864388009915,29,7848.0
77425.0,57,66048.0,985.7910447761194,1.5715859167441995,82048.5845392007,1224.605739391055,2917475.5029999986,43544.41049253731,30,7958.0,0.02912080174571264,30,7958.0
77430.0,58,66336.0,990.0895522388059,1.3559019851078247,82301.44600539577,1228.3797911253096,2917475.220999999,43544.40628358209,30,8073.0,0.0005388032289964672,30,8073.0
77435.0,59,66630.0,1057.6190476190477,0.6298670858718425,82470.85730055212,1309.0612269928906,2917471.3609999986,46309.069222222206,31,8192.0,0.028890061345054122,31,8192.0
77440.0,52,66711.0,1075.983870967742,0.8736345295590373,82752.58570245048,1334.719124233072,2917468.3609999986,47055.941306451605,24,8063.0,0.04565890444369798,24,8063.0
77445.0,51,66850.0,1028.4615384615386,1.8604291623916862,83040.04203516502,1277.5391082333074,2917471.3609999986,44884.17478461539,23,7959.0,0.053297886183420316,23,7959.0
77450.0,48,66951.0,1046.109375,1.883054659061549,83289.4401041592,1301.3975016274871,2879336.972999999,44989.640203125,21,8029.0,0.09716131762376425,21,8029.0
77455.0,51,67171.0,1049.546875,0.9479411644802204,83285.74030952298,1301.3396923362961,2803204.7839999995,43800.07475,24,8133.0,0.03986108682153953,24,8133.0
77460.0,52,67395.0,1069.7619047619048,1.2288795997640525,83311.4874097069,1322.4045620588392,2765207.9439999997,43892.18958730159,26,8218.0,0.05445679350972738,26,8218.0
77465.0,56,67668.0,995.1176470588235,1.001369267114282,83616.3256271964,1229.6518474587704,2841525.61,41787.14132352941,30,8326.0,0.015299400435509494,30,8326.0
77470.0,61,67963.0,984.9710144927536,1.2384268167926988,83905.21501211044,1216.0176088711655,2917851.4170000004,42287.70169565217,34,8456.0,0.0841917707066338,34,8456.0
77475.0,63,68268.0,1018.9253731343283,0.37241971852146805,84200.53100383865,1256.7243433408753,2917850.9850000003,43550.01470149254,35,8592.0,0.019521380566704584,35,8592.0
77480.0,58,68313.0,990.0434782608696,0.8008582601399277,84504.49887826847,1224.7028822937464,2917853.0310000004,42287.72508695652,30,8409.0,0.01707697905517371,30,8409.0
77485.0,53,68494.0,964.7042253521126,1.7652675143372996,84820.77514757706,1194.658804895451,2917856.6410000003,41096.57240845071,25,8431.0,0.05411238207157492,25,8431.0
77490.0,50,68644.0,994.8405797101449,1.7758479238289075,84958.14513192682,1231.2774656800984,2841596.9300000006,41182.56420289855,23,8510.0,0.11483344668647276,23,8510.0
77495.0,57,68889.0,998.3913043478261,0.921484219444458,85192.49821317685,1234.6738871474904,2841616.8130000005,41182.85236231885,30,8623.0,0.01986901634330484,30,8623.0
77500.0,47,68024.0,1015.2835820895523,1.4976956633692748,85194.29577652033,1271.5566533809001,2803552.5290000006,41844.06759701493,20,7831.0,0.09400332391443714,20,7831.0
77505.0,51,68265.0,961.4788732394367,2.4585834483044215,85483.80855607375,1203.9973036066724,2879914.0900000012,40562.17028169015,24,7686.0,0.013286486618973742,24,7686.0
77510.0,55,68531.0,993.2028985507246,2.357258726878144,85470.45908255421,1238.7023055442635,2879914.088000001,41737.88533333334,28,7786.0,2.611721746002532e-05,28,7786.0
77515.0,56,68811.0,1109.8548387096773,0.8315245046108372,84973.65262767521,1370.5427843173418,2879905.650000001,46450.09112903226,28,7891.0,0.015020314959475506,28,7891.0
77520.0,52,68930.0,1188.448275862069,0.7286155184326104,85088.04618041687,1467.0352789727044,2879904.3540000007,49653.52334482759,24,7852.0,0.026816448001414916,24,7852.0
77525.0,52,69190.0,1081.09375,1.4432835595854412,85367.99577629758,1333.8749340046493,2879910.3540000007,44998.59928125,24,7920.0,0.0,24,7920.0
77530.0,52,69450.0,1052.2727272727273,2.337344689425336,85641.08679272998,1297.5922241322721,2879910.934000001,43635.01415151516,24,8005.0,0.12578720072631383,24,8005.0
77535.0,54,69715.0,1124.4354838709678,0.9013246573274024,85777.55866318126,1383.5090106964715,2879910.2120000008,46450.16470967743,26,8095.0,0.0174974879603522,26,8095.0
77540.0,58,69999.0,1166.65,0.20079814106388233,86008.72375488143,1433.4787292480235,2879910.2120000008,47998.50353333334,30,8204.0,0.026269201940377903,30,8204.0
77545.0,53,69984.0,1166.4,0.616647197122278,86300.83980165419,1438.3473300275696,2879910.2120000008,47998.50353333334,25,8017.0,0.019219239371406963,25,8017.0
77550.0,50,70051.0,1167.5166666666667,1.5547025697425836,86575.0093383448,1442.916822305746,2879910.2120000008,47998.50353333334,22,7792.0,0.049385288652579844,22,7792.0
77555.0,47,70057.0,1129.9516129032259,1.59890890800048,86773.98589533372,1399.5804176666722,2841747.216000001,45834.63251612904,18,7853.0,0.08111639130488171,18,7853.0
77560.0,48,70242.0,1132.9354838709678,1.3913147017207994,86729.84658541538,1398.8684933131508,2803722.813000001,45221.335693548404,21,7963.0,0.08117442161154038,21,7963.0
77565.0,45,70345.0,1134.5967741935483,2.0094993527314853,86688.82789938248,1398.2069016029427,2765706.017000001,44608.161564516144,19,7947.0,0.1662945143698867,19,7947.0
77570.0,49,70583.0,1120.3650793650793,1.6433896932435066,86820.34842873714,1378.100768710113,2804036.2460000007,44508.51184126985,23,8020.0,0.09057120643569569,23,8020.0
77575.0,55,70845.0,1124.5238095238096,1.1212119080427259,87037.4315721395,1381.546532891103,2880492.1180000007,45722.097111111114,28,8117.0,0.01482838021365169,28,8117.0
77580.0,56,71122.0,1147.1290322580646,0.8544904254104695,87254.42768417396,1407.3294787769992,2918720.4780000006,47076.13674193549,30,8229.0,0.033405259379220086,30,8229.0
77585.0,51,71253.0,1096.2,1.2707011566860564,87496.28395571804,1346.096676241816,2956947.4580000006,45491.49935384615,24,8020.0,0.037571265249774374,24,8020.0
77590.0,47,71398.0,1098.4307692307693,2.6666249318920547,87766.8298908715,1350.2589213980225,2956947.4580000006,45491.49935384615,19,7908.0,0.18012349055219182,19,7908.0
77595.0,45,71567.0,1135.984126984127,1.6529345102494644,87795.9602748647,1393.586671029598,2880633.3060000003,45724.33819047619,18,7870.0,0.09108880772899847,18,7870.0
77600.0,50,71802.0,1196.7,0.7512864245041051,87770.96305546793,1462.8493842577984,2766111.812,46101.86353333333,24,7971.0,0.06079013279390419,24,7971.0
77605.0,50,71996.0,1090.8484848484848,1.707270541211145,88056.88968084409,1334.1952981946074,2842596.96,43069.65090909091,23,8000.0,0.07682792260250246,23,8000.0
77610.0,54,72250.0,1047.1014492753623,2.0702770257212846,88224.97680478399,1278.6228522432457,2880905.2,41752.24927536232,27,8089.0,0.10934495694482507,27,8089.0
77615.0,56,72521.0,1051.0289855072465,1.490073976929898,88377.55361373362,1280.8341103439648,2880977.9920000006,41753.30423188406,30,8195.0,0.03861459796665864,30,8195.0
77620.0,61,72819.0,1086.8507462686566,0.5812312367713327,88604.52491769733,1322.4555957865264,2957455.8960000006,44141.1327761194,34,8328.0,0.044169486661666015,34,8328.0
77625.0,58,72970.0,1105.6060606060605,0.7187805461670562,88918.32872295109,1347.2474048931979,2957455.8960000006,44809.93781818182,30,8220.0,0.03370750173245157,30,8220.0
77630.0,53,73138.0,1108.1515151515152,1.7017993747995945,89216.96560376577,1351.7722061176628,2957455.8960000006,44809.93781818182,25,8100.0,0.032128425851110406,25,8100.0
77635.0,49,73328.0,1111.030303030303,1.728842661964908,89319.311317112,1353.3228987441212,2881069.1270000003,43652.562530303025,22,8180.0,0.06494867351061843,22,8180.0
77640.0,52,73567.0,1131.8,1.3497414612919933,89336.68197616273,1374.4104919409651,2766488.44,42561.36061538461,25,8277.0,0.07975681524322549,25,8277.0
77645.0,52,73787.0,1069.376811594203,1.562782428791679,89514.75455508076,1297.3152834069674,2766561.519,40095.094478260864,26,8343.0,0.09150621330512526,26,8343.0
77650.0,59,74065.0,1058.0714285714287,1.5336055457173141,89757.09194433302,1282.244170633329,2804836.062,40069.0866,32,8456.0,0.0922561487953862,32,8456.0
77655.0,64,74369.0,1062.4142857142858,0.5808637414467013,90053.32351570141,1286.4760502243062,2843084.2479999997,40615.48925714285,38,8595.0,0.019482004310025842,38,8595.0
77660.0,67,74699.0,1023.2739726027397,0.3276734886778751,90366.09511465866,1237.8917138994336,2919587.684,39994.351835616435,41,8760.0,0.02625476574191762,41,8760.0
77665.0,62,74889.0,1012.0135135135135,1.3036801258450696,90711.92588271467,1225.8368362529009,2957835.7399999998,39970.75324324324,35,8763.0,0.05715492714530479,35,8763.0
77670.0,61,75110.0,1015.0,1.535499265559183,91042.6760845241,1230.3064335746496,2957835.7399999998,39970.75324324324,33,8780.0,0.04541074152241661,33,8780.0
77675.0,58,75323.0,1031.8219178082193,1.5382480045488622,91243.65504357364,1249.9130827886797,2881364.391,39470.74508219179,31,8858.0,0.05271957652847705,31,8858.0
77680.0,60,75607.0,1064.887323943662,1.016822335349954,91467.84895501258,1288.279562746656,2804894.038,39505.54983098591,33,8995.0,0.05692780083161125,33,8995.0
77685.0,52,74811.0,1010.9594594594595,1.661503285929038,91558.67968493163,1237.279455201778,2728462.2490000003,36871.111472972974,25,8221.0,0.06370948825415967,25,8221.0
77690.0,56,75083.0,987.9342105263158,2.8112273950344573,91861.41023412689,1208.7027662385117,2804984.8850000002,36907.69585526316,29,8146.0,0.08574234092890709,29,8146.0
77695.0,60,75360.0,1004.8,1.866208250168991,91794.35731844613,1223.924764245948,2881504.47,38420.0596,33,8264.0,0.05149581537747565,33,8264.0
77700.0,64,75675.0,1081.0714285714287,0.833554513060608,91424.80541734115,1306.0686488191586,2919756.3500000006,41710.805,38,8414.0,0.030605221174177345,38,8414.0
77705.0,60,75851.0,1068.3239436619717,1.0154215841836238,91642.25044637131,1290.7359217798771,2958014.4180000005,41662.174901408456,32,8413.0,0.03233136648491928,32,8413.0
77710.0,56,76053.0,1041.8219178082193,1.92339565852292,91954.78133569285,1259.6545388451075,2958015.002000001,40520.75345205479,28,8409.0,0.09849511339122759,28,8409.0
77715.0,54,76238.0,1044.3561643835617,1.7527858480177227,92178.37426256252,1262.7174556515408,2919775.2840000005,39996.92169863014,27,8506.0,0.0480925268446985,27,8506.0
77720.0,58,76504.0,1092.9142857142858,0.913597470456425,92377.92037245237,1319.684576749319,2805021.6170000006,40071.737385714296,31,8630.0,0.06297695220697465,31,8630.0
77725.0,52,76400.0,1091.4285714285713,1.2308714728353882,92527.15150406907,1321.8164500581292,2766820.3740000003,39526.00534285715,26,8482.0,0.0471750937873377,26,8482.0
77730.0,57,76672.0,1064.888888888889,1.6667707544741175,92836.05476050175,1289.3896494514129,2843370.3920000005,39491.25544444445,29,8491.0,0.04180172661033852,29,8491.0
77735.0,61,76957.0,1054.2054794520548,1.5934894399695503,93017.19051844176,1274.2080892937222,2843370.8280000007,38950.2853150685,33,8599.0,0.0075795558226682104,33,8599.0
77740.0,60,77252.0,1103.6,1.5693949360854218,93173.02120105119,1331.0431600150168,2919919.036000001,41713.12908571428,33,8729.0,0.07202827187104033,33,8729.0
77745.0,52,76508.0,1141.910447761194,1.2563373317802864,93324.33466135223,1392.9005173336152,2919916.036000001,43580.83635820895,24,8268.0,0.08027848844961472,24,8268.0
77750.0,50,76468.0,1158.6060606060605,1.3269436387333235,93582.75207877585,1417.9204860420587,2919916.036000001,44241.15206060606,21,8033.0,0.056851603215000546,21,8033.0
77755.0,49,76624.0,1178.8307692307692,1.3207603762736524,93867.55438914467,1444.116221371456,2881642.218000001,44332.957200000004,21,8102.0,0.029413027160894147,21,8102.0
77760.0,53,76851.0,1239.532258064516,0.6680210472765142,93637.0197617252,1510.2745122858903,2843361.798000001,45860.67416129032,27,8205.0,0.00742564208683328,27,8205.0
77765.0,55,77066.0,1116.8985507246377,1.1886079527926567,93614.45762118681,1356.7312698722726,2881665.5650000004,41763.26905797101,29,8255.0,0.00023256533221457666,29,8255.0
77770.0,57,77349.0,1137.485294117647,1.818569105361834,93806.77801592444,1379.5114414106538,2843411.6750000003,41814.87757352941,29,8365.0,0.09826267019479447,29,8365.0
77775.0,60,77637.0,1158.7611940298507,0.5834173739430439,94094.52409736878,1404.3958820502805,2843411.0970000005,42438.97159701492,32,8478.0,0.028270161670585835,32,8478.0
77780.0,65,77956.0,1199.323076923077,0.00012699326692909327,94353.8908266085,1451.5983204093613,2843411.0970000005,43744.78610769231,37,8622.0,1.7668895992388584e-05,37,8622.0
77785.0,60,78101.0,1201.553846153846,0.39733217646759905,94674.2077976778,1456.5262738104275,2843411.0970000005,43744.78610769231,32,8560.0,0.018014184961215984,32,8560.0
77790.0,56,78265.0,1168.134328358209,1.3533124530712184,94984.34676515298,1417.6768173903426,2843411.3970000003,42438.976074626866,28,8493.0,0.051957847266177026,28,8493.0
77795.0,51,78382.0,1152.6764705882354,1.6420008075876396,95149.4567847533,1399.2567174228427,2805162.048,41252.38305882353,24,8498.0,0.11275256843673727,24,8498.0
77800.0,55,78617.0,1139.376811594203,1.35586753783527,95332.78040451973,1381.6344986162276,2805242.7750000004,40655.69239130434,29,8668.0,0.10668524694873104,29,8668.0
77805.0,54,78748.0,1141.2753623188405,1.1437624248882041,95266.00855818609,1380.6667906983487,2767144.4250000003,40103.54239130435,27,8637.0,0.05266971655908785,27,8637.0
77810.0,57,79027.0,1128.9571428571428,1.5043428056594383,95572.28566238345,1365.3183666054776,2805469.45,40078.134999999995,31,8748.0,0.06552382763101472,31,8748.0
77815.0,60,79321.0,1071.9054054054054,1.6806407517981485,95888.62295882042,1295.7922021462218,2882116.8579999995,38947.5251081081,34,8877.0,0.035594034379811915,34,8877.0
77820.0,64,79630.0,1121.5492957746478,0.9874302941083607,96061.64910784538,1352.980973349935,2958754.608,41672.60011267605,37,9021.0,0.0165816944273692,37,9021.0
77825.0,58,79800.0,1123.943661971831,1.1209553277391913,96341.70541202986,1356.9254283384482,2958751.608,41672.55785915493,30,8946.0,0.0542936387133323,30,8946.0
77830.0,55,79978.0,1126.4507042253522,2.043407457925557,96650.01496100152,1361.2678163521334,2958751.608,41672.55785915493,27,8788.0,0.10839736876022915,27,8788.0
77835.0,52,80180.0,1145.4285714285713,1.6838528194928386,96820.22800437131,1383.1461143481613,2920492.323,41721.3189,25,8878.0,0.0680768064293719,25,8878.0
77840.0,58,80442.0,1149.1714285714286,1.168557551466487,96969.24541971555,1385.2749345673647,2843914.07,40627.34385714285,31,8999.0,0.041843019998852246,31,8999.0
77845.0,49,79785.0,1123.7323943661972,2.028909869108762,97021.80408120205,1366.5042828338312,2767410.672,38977.615098591545,22,8311.0,0.07001385783442175,22,8311.0
77850.0,52,80037.0,1111.625,2.806559727192991,97188.23183855557,1349.8365533132721,2805824.9919999996,38969.79155555557,25,8269.0,0.10613786965036633,25,8269.0
77855.0,56,80301.0,1115.2916666666667,2.023215660631943,97128.23293115255,1349.003235154896,2882490.412,40034.58905555555,29,8375.0,0.04623315079719582,29,8375.0
77860.0,60,80590.0,1202.8358208955224,0.8918551055237989,96867.07481877935,1445.7772361011841,2920815.964,43594.26811940299,34,8499.0,0.01646811247972776,34,8499.0
77865.0,56,80769.0,1223.7727272727273,1.1277715289321404,97085.12200619056,1470.9866970634935,2920812.258,44254.731181818184,28,8504.0,0.008001683510718427,28,8504.0
77870.0,56,81049.0,1246.9076923076923,1.5150438023600854,97347.8790558662,1497.6596777825566,2920812.258,44935.573200000006,28,8609.0,0.0,28,8609.0
77875.0,56,81329.0,1270.765625,1.2100582829937105,97582.52125155966,1524.7268945556198,2920809.127,45637.642609375005,28,8714.0,0.04038445013220845,28,8714.0
77880.0,58,81616.0,1360.2666666666667,0.20706436740629783,97766.35921664734,1629.4393202774554,2920808.405,48680.14008333334,30,8826.0,0.00032027448358115115,30,8826.0
77885.0,52,81618.0,1295.5238095238096,1.0248063101646623,98050.00738145705,1556.3493235151905,2920811.405,46362.0857936508,24,8642.0,0.018000076981829097,24,8642.0
77890.0,48,81705.0,1257.0,2.408421185039182,98323.05493250955,1512.662383577069,2920811.9930000002,44935.56912307693,20,8497.0,0.13876996098644642,20,8497.0
77895.0,44,81747.0,1277.296875,2.1754637140249615,98554.79790041961,1539.9187171940562,2882475.109,45038.673578125,17,8458.0,0.09590215258932729,17,8458.0
77900.0,50,81949.0,1343.4262295081967,1.091302237198728,98341.04355057084,1612.1482549273903,2767700.1130000004,45372.13300000001,23,8563.0,0.09030597310214733,23,8563.0
77905.0,48,82137.0,1368.95,1.1353998429195913,98353.68981451444,1639.2281635752404,2729505.285,45491.75475,22,8620.0,0.03901085013034798,22,8620.0
77910.0,51,82385.0,1328.7903225806451,1.7013272513746553,98624.290526775,1590.71436333508,2806243.492,45261.99180645162,25,8703.0,0.07724933924025044,25,8703.0
77915.0,57,82648.0,1252.2424242424242,1.2527023400679302,98873.49793446918,1498.0833020374114,2882981.8409999995,43681.54304545454,28,8801.0,0.006732874567041659,28,8801.0
77920.0,57,82926.0,1316.2857142857142,0.7568994110564862,99100.88142479549,1573.029863885642,2921344.786,46370.552158730155,31,8914.0,0.05548120811137318,31,8914.0
77925.0,46,82271.0,1209.8676470588234,1.5979612327627108,99395.11065287232,1461.6928037187106,2998084.622,44089.479735294124,19,8379.0,0.13782197877715846,19,8379.0
77930.0,49,82246.0,1209.5,1.6185123543930544,99695.74918695264,1466.113958631656,2998084.622,44089.479735294124,18,8192.0,0.10155160038696426,18,8192.0
77935.0,50,82414.0,1230.0597014925372,1.0003472413326846,99988.90698224671,1492.3717460036821,2959712.032,44174.806447761206,23,8255.0,0.021553580841089222,23,8255.0
77940.0,52,82651.0,1271.553846153846,0.9405317479944204,100273.84196840042,1542.6744918215447,2882967.7730000005,44353.35035384616,26,8356.0,0.008864430735961161,26,8356.0
77945.0,55,82875.0,1201.0869565217392,1.3870295280024205,100289.20407636013,1453.4667257443493,2882985.457,41782.397927536236,29,8419.0,0.0006830960753205391,29,8419.0
77950.0,58,83163.0,1222.985294117647,1.665315261466714,100195.22509149382,1473.459192521968,2844661.5770000005,41833.25848529412,30,8533.0,0.11120786915461665,30,8533.0
77955.0,60,83456.0,1245.6119402985075,0.9563840056975929,100191.5877961722,1495.3968327786895,2844660.9530000007,42457.62616417911,32,8651.0,0.04406714083796394,32,8651.0
77960.0,63,83767.0,1288.7230769230769,0.2994737995711777,100461.65240158663,1545.5638831013325,2844660.9530000007,43764.014661538466,35,8787.0,0.008346653916412261,35,8787.0
77965.0,59,83904.0,1290.8307692307692,0.5151378895924134,100775.99269686684,1550.399887644105,2844660.9530000007,43764.014661538466,31,8689.0,0.018115511560335078,31,8689.0
77970.0,54,84029.0,1254.1641791044776,1.4818698192738717,101081.33738023686,1508.6766773169682,2844661.257,42457.63070149255,26,8581.0,0.08416728333934581,26,8581.0
77975.0,50,84146.0,1255.910447761194,1.650409847543088,101227.32842984218,1510.8556482065987,2806336.2320000003,41885.61540298508,24,8573.0,0.09229242667038481,24,8573.0
77980.0,54,84408.0,1278.909090909091,0.9320326425419835,101239.25239900853,1533.928066651644,2768108.666,41941.040393939395,28,8733.0,0.06885780957724959,28,8733.0
77985.0,54,84582.0,1281.5454545454545,0.9668698629877088,101283.57278051597,1534.5995875835745,2768273.301,41943.53486363636,27,8746.0,0.04741661495004958,27,8746.0
77990.0,56,84857.0,1266.5223880597016,1.1648389115583817,101585.17125101697,1516.1965858360736,2806684.211,41890.80911940299,30,8852.0,0.03062593886681572,30,8852.0
77995.0,60,85150.0,1216.4285714285713,1.3359288995525216,101863.57195354653,1455.1938850506644,2883502.1920000007,41192.888457142864,34,8980.0,0.034443820987727775,34,8980.0
78000.0,62,85453.0,1238.4492753623188,0.9858390649881756,102094.57137381815,1479.63146918577,2960322.1340000005,42903.219333333334,35,9118.0,0.021778831947874513,35,9118.0
78005.0,52,85301.0,1152.7162162162163,1.494644309440738,102392.49664483714,1383.6823870923938,2960328.1340000005,40004.43424324324,24,8556.0,0.07099050173606251,24,8556.0
78010.0,52,85368.0,1153.6216216216217,2.0397289509698453,102708.83450861307,1387.9572230893655,2960328.1340000005,40004.43424324324,20,8448.0,0.13891743906251863,20,8448.0
78015.0,48,85529.0,1171.6301369863013,1.182852862008121,103013.9668325856,1411.150230583364,2921913.6580000008,40026.214493150685,21,8514.0,0.04212735263591474,21,8514.0
78020.0,58,85785.0,1175.13698630137,0.9100010635676072,103186.61695625188,1413.515300770574,2845177.378,38975.03257534247,31,8629.0,0.013746646635653118,31,8629.0
78025.0,59,86033.0,1178.5342465753424,1.4419856242662992,103221.760760985,1413.9967227532188,2883600.0560000003,39501.37063013698,32,8723.0,0.0024862459141975633,32,8723.0
78030.0,62,86336.0,1199.111111111111,0.9413683872777645,103122.33814963674,1432.2546965227325,2883596.707,40049.95426388889,36,8861.0,0.03263276123771828,36,8861.0
78035.0,64,86655.0,1220.4929577464789,0.8803472130409193,103280.11179248692,1454.6494618660126,2845260.2709999997,40074.08832394366,36,9006.0,0.02499478445957125,36,9006.0
78040.0,65,86977.0,1279.0735294117646,0.535498554851092,103563.26868511326,1522.9892453693124,2845260.2709999997,41842.06280882352,37,9153.0,0.0257912426105872,37,9153.0
78045.0,56,87014.0,1243.057142857143,0.7968867196194936,103888.48908404607,1484.1212726292295,2845259.567,40646.56524285714,28,8913.0,0.028987564558491778,28,8913.0
78050.0,54,87145.0,1262.9710144927535,1.5731037567115727,104178.47644316159,1509.8329919298776,2845256.567,41235.602420289855,25,8869.0,0.06942440588926557,25,8869.0
78055.0,52,87299.0,1283.8088235294117,0.9622651573031239,104321.61268372052,1534.1413629958904,2845256.262,41842.00385294117,25,8934.0,0.023066659351113423,25,8934.0
78060.0,58,87556.0,1326.6060606060605,0.6294671966418335,104423.28362981202,1582.170964088061,2845255.5470000003,43109.93253030303,32,9074.0,0.007441153155402986,32,9074.0
78065.0,49,86712.0,1275.1764705882354,1.683975720336802,104599.30151056162,1538.2250222141417,2883713.865,42407.556838235294,23,8291.0,0.05155519708707354,23,8291.0
78070.0,51,86963.0,1242.3285714285714,2.8381257610402812,104874.54026736962,1498.20771810528,2883714.457,41195.92081428571,24,8149.0,0.10164200725285949,24,8149.0
78075.0,54,87226.0,1301.8805970149253,2.224502956196504,104633.27818705968,1561.6907192098454,2845384.7290000003,42468.428791044775,26,8237.0,0.0025083080790042124,26,8237.0
78080.0,55,87500.0,1483.050847457627,0.5699371167338888,104081.16906633593,1764.0876112938288,2845376.399,48226.71862711864,27,8336.0,0.027269081493619455,27,8336.0
78085.0,50,87646.0,1460.7666666666667,1.2530389060344382,104297.85364311305,1738.2975607185506,2845378.665,47422.97774999999,22,8316.0,0.022965597467232382,22,8316.0
78090.0,50,87896.0,1464.9333333333334,1.877061455585888,104560.48906817162,1742.6748178028602,2845378.665,47422.97774999999,22,8382.0,0.07955748025121136,22,8382.0
78095.0,54,88148.0,1445.049180327869,1.2694264812508471,104781.2020308871,1717.7246234571649,2845379.523,46645.56595081967,24,8459.0,0.0073774107341818855,24,8459.0
78100.0,53,88412.0,1551.0877192982457,0.675155084084758,104931.82190555679,1840.9091562378383,2845379.523,49918.939,25,8548.0,0.025026461895664855,25,8548.0
78105.0,49,88404.0,1578.642857142857,0.899558931080626,105180.60567158124,1878.2251012782367,2845379.523,50810.348625,21,8283.0,0.0908077616859159,21,8283.0
78110.0,46,88436.0,1524.7586206896551,1.4797901413384251,105441.53569613985,1817.9575120024112,2845383.567,49058.33736206896,18,8054.0,0.09510417906866656,18,8054.0
78115.0,43,88417.0,1551.1754385964912,1.857905285543671,105454.41816405463,1850.077511650081,2807052.9869999997,49246.54363157894,16,7964.0,0.15349949589809142,16,7964.0
78120.0,45,88589.0,1581.9464285714287,0.8977411775707932,105326.27508884121,1880.8263408721648,2768832.0319999997,49443.42914285714,19,8086.0,0.0598494041357832,19,8086.0
78125.0,46,88758.0,1431.5806451612902,1.5515807372153676,105406.04165999682,1700.0974461289811,2768985.822,44661.06164516128,20,8137.0,0.06747088618959422,20,8137.0
78130.0,49,88998.0,1412.6666666666667,2.096582900342212,105491.01706820953,1674.4605883842783,2807637.566,44565.675650793644,23,8212.0,0.11788657726812966,23,8212.0
78135.0,55,89257.0,1416.7777777777778,0.55000253547377,105718.8689035544,1678.077284183403,2884657.383,45788.212428571416,28,8306.0,0.03474636523417561,28,8306.0
78140.0,59,89548.0,1421.3968253968253,0.47706216022130493,105995.82197005865,1682.4733646041054,2923168.045,46399.49277777777,33,8432.0,0.04369776095565722,33,8432.0
78145.0,54,89688.0,1379.8153846153846,0.8331960885816712,106301.99485253442,1635.4153054236062,3000185.304,46156.69698461539,28,8173.0,0.04318165004554584,28,8173.0
78150.0,51,89850.0,1341.044776119403,2.1863941790483032,106599.00773239763,1591.029966155188,3000185.612,44778.88973134329,23,7915.0,0.03932040836895382,23,7915.0
78155.0,48,90043.0,1364.2878787878788,2.3947522323194126,106590.04499247913,1615.0006817042295,2923356.3,44293.277272727275,21,7984.0,0.09968886263451551,21,7984.0
78160.0,51,90279.0,1456.1129032258063,0.9604968212923204,106480.15680388434,1717.4218839336177,2769550.154,44670.16377419354,25,8070.0,0.06605550674572243,25,8070.0
78165.0,48,90398.0,1412.46875,1.4034687999349087,106457.63177185178,1663.4004964351839,2731246.832,42675.731750000006,22,8034.0,0.06617683818241518,22,8034.0
78170.0,51,90648.0,1373.4545454545455,1.8105066774394039,106736.67384638869,1617.2223310058894,2808284.8740000003,42549.77081818182,25,8117.0,0.10453483547331775,25,8117.0
78175.0,56,90916.0,1298.8,1.5109160988101151,106999.31649020541,1528.5616641457914,2885320.8010000004,41218.868585714285,29,8220.0,0.033479307340417,29,8220.0
78180.0,59,91205.0,1361.2686567164178,1.317844103727605,107192.1602599637,1599.882988954682,2923834.0240000007,43639.31379104478,33,8344.0,0.05713373813598985,33,8344.0
78185.0,56,91358.0,1305.1142857142856,1.1574592419305332,107461.73046175994,1535.1675780251421,2962347.8350000004,42319.25478571428,28,8186.0,0.048126694784398384,28,8186.0
78190.0,53,91530.0,1307.5714285714287,2.3884835431416436,107763.05955480399,1539.4722793543426,2962347.8350000004,42319.25478571428,25,8057.0,0.14862846306371333,25,8057.0
78195.0,52,91721.0,1329.2898550724638,1.7761695233540271,107879.34754136643,1563.4688049473393,2923937.5150000006,42375.90601449275,25,8097.0,0.0638708504448635,25,8097.0
78200.0,56,91983.0,1372.8805970149253,0.8569019387713325,107819.33854005762,1609.24385880683,2770075.085,41344.40425373135,30,8226.0,0.04610200986344484,30,8226.0
78205.0,55,92189.0,1355.7205882352941,1.3155499977192922,107910.00407247036,1586.9118245951522,2770195.9350000005,40738.17551470589,28,8267.0,0.01526755767054579,28,8267.0
78210.0,57,92468.0,1340.1159420289855,1.3089904019913357,108218.44741928102,1568.3832959316085,2808728.2130000005,40706.205985507244,31,8381.0,0.05984534292489511,31,8381.0
78215.0,61,92764.0,1325.2,1.1895177237273895,108496.55633322067,1549.950804760295,2885779.3820000007,41225.41974285715,35,8512.0,0.055125590061851935,35,8512.0
78220.0,64,93075.0,1329.642857142857,0.7723313421537185,108805.27079570852,1554.3610113672646,2924304.0980000007,41775.77282857144,37,8656.0,0.028463291413356816,37,8656.0
78225.0,60,93258.0,1351.5652173913043,0.6565896199792197,109067.24605036281,1580.6847253675771,2924303.3960000006,42381.20863768117,32,8661.0,0.010011514206514634,32,8661.0
78230.0,55,93435.0,1354.1304347826087,1.7124628034579914,109378.76080110038,1585.1994319000053,2924303.3960000006,42381.20863768117,27,8664.0,0.03795345013108254,27,8664.0
78235.0,52,93629.0,1356.9420289855072,1.557971017931043,109681.39258081147,1589.5853997219049,2924303.3960000006,42381.20863768117,25,8758.0,0.05893876354763369,25,8758.0
78240.0,57,93886.0,1444.4,0.5560120773243649,109711.12340859967,1687.8634370553793,2770257.056000001,42619.33932307692,30,8881.0,0.034982198880684295,30,8881.0
78245.0,48,93142.0,1311.8591549295775,1.7716651766022586,109941.38354063105,1548.470190713113,2770295.014000001,39018.23963380283,22,8146.0,0.07056556097420472,22,8146.0
78250.0,51,93393.0,1245.24,3.09572147077628,110226.98346599548,1469.6931128799392,2847383.8480000007,37965.117973333334,25,8073.0,0.11774878285355898,25,8073.0
78255.0,57,93658.0,1232.342105263158,2.2035793428717807,110361.59325654384,1452.1262270597867,2924465.7320000012,38479.812263157895,30,8173.0,0.043324232117322524,30,8173.0
78260.0,64,93963.0,1381.8088235294117,0.6217016342006694,109830.42017353045,1615.1532378460354,2924457.402000001,43006.726500000004,36,8308.0,0.03519655715229674,36,8308.0
78265.0,59,94131.0,1384.2794117647059,0.6334762593503039,110061.5078107413,1618.5515854520777,2924459.9500000007,43006.76397058824,31,8282.0,0.02624470015455552,31,8282.0
78270.0,55,94324.0,1387.1176470588234,1.5274750508951005,110369.33762380121,1623.078494467664,2924459.9500000007,43006.76397058824,27,8263.0,0.06719878334228895,27,8263.0
78275.0,56,94494.0,1330.9014084507041,1.4326893545562531,110674.36135821987,1558.7938219467583,2924461.118000001,41189.59321126762,27,8356.0,0.045513355484759134,27,8356.0
78280.0,56,94747.0,1373.144927536232,1.0710972002556198,110762.18511573545,1605.2490596483394,2847454.039000001,41267.449840579706,29,8479.0,0.04511705054565325,29,8479.0
78285.0,50,94706.0,1372.5507246376812,1.7981469912330914,110964.00453395167,1608.1739787529227,2808951.238000001,40709.438231884065,24,8351.0,0.0894176951602418,24,8351.0
78290.0,54,94967.0,1356.6714285714286,1.5342211978268179,111172.18132349558,1588.1740189070792,2847554.9760000003,40679.3568,27,8386.0,0.058513431461578114,27,8386.0
78295.0,60,95248.0,1341.5211267605634,1.3467602227047761,111432.59685407532,1569.473195127821,2924675.597,41192.614042253525,33,8504.0,0.027720650283773306,33,8504.0
78300.0,62,95550.0,1384.7826086956522,0.9241936720336943,111652.67977327615,1618.1547793228424,2963234.6249999995,42945.42934782609,35,8640.0,0.02745640274761095,35,8640.0
78305.0,56,95702.0,1329.1944444444443,1.550453078714157,111867.62734602719,1553.7170464725993,2963239.3649999998,41156.10229166667,28,8566.0,0.035625270581577356,28,8566.0
78310.0,52,95879.0,1389.5507246376812,2.6410035208481015,112025.67429867254,1623.56049708221,2963235.781,42945.44610144928,24,8458.0,0.1437378103273598,24,8458.0
78315.0,51,96034.0,1433.3432835820895,1.8332755246203833,112154.0027806345,1673.9403400094698,2886176.516,43077.26143283581,24,8534.0,0.08440596397168572,24,8534.0
78320.0,55,96286.0,1504.46875,0.7842443464702156,112214.28343789282,1753.3481787170745,2770583.159,43290.361859375,29,8650.0,0.03520184460181568,29,8650.0
78325.0,52,96462.0,1439.7313432835822,1.150239057671602,112323.85986044833,1676.475520305198,2770680.552,41353.44107462686,25,8681.0,0.03204595638144644,25,8681.0
78330.0,54,96728.0,1381.8285714285714,1.8663924952150275,112625.41295920913,1608.9344708458445,2809258.77,40132.268142857145,28,8773.0,0.07749584470235506,28,8773.0
78335.0,58,97010.0,1347.361111111111,1.775372501389577,112917.04462383797,1568.2922864421937,2886402.08,40088.91777777778,32,8890.0,0.10592712876449263,32,8890.0
78340.0,63,97314.0,1410.3478260869565,0.4450120190372321,113128.01364301676,1639.5364296089374,2924968.702,42390.850753623185,36,9028.0,0.030952604486682005,36,9028.0
78345.0,56,96452.0,1397.855072463768,0.8832594760562075,113437.86418229126,1644.0270171346556,2924969.441,42390.86146376811,28,8463.0,0.03796330077198637,28,8463.0
78350.0,52,96484.0,1398.3188405797102,1.0388038901190646,113756.97128515891,1648.651757755926,2924969.441,42390.86146376811,22,8326.0,0.055203431307246066,22,8326.0
78355.0,51,96655.0,1380.7857142857142,1.2157933811254396,113951.7323356053,1627.8818905086464,2886446.71,41234.952999999994,23,8402.0,0.032170147496825036,23,8402.0
78360.0,55,96886.0,1424.7941176470588,1.2742625103400007,114245.5782749376,1680.0820334549644,2809293.5,41313.13970588235,29,8515.0,0.01799267341379119,29,8515.0
78365.0,51,96642.0,1361.1549295774648,1.7534133309557096,114006.99229129951,1605.7322857929505,2847887.5439999998,40111.09216901408,25,8149.0,0.026367744532973983,25,8149.0
78370.0,55,96909.0,1384.4142857142858,2.3287371204753473,113932.82492744348,1627.6117846777638,2847950.952,40685.0136,29,8224.0,0.06255868210726186,29,8224.0
78375.0,56,97188.0,1368.8450704225352,1.820302348851991,114150.00170081058,1607.7465028283173,2925140.3070000005,41199.159253521124,30,8338.0,0.06231671323277758,30,8338.0
78380.0,61,97488.0,1477.090909090909,0.3377188722953552,113968.06418681642,1726.7888513153994,2925134.4390000002,44320.21877272727,33,8465.0,0.009336387782108284,33,8465.0
78385.0,56,97632.0,1502.0307692307692,1.0035912521058832,114268.48577596503,1757.976704245615,2925133.997,45002.061492307694,28,8394.0,0.016231425418676813,28,8394.0
78390.0,52,97792.0,1504.4923076923078,1.6755351482403456,114557.83139970095,1762.4281753800146,2925133.997,45002.061492307694,24,8325.0,0.0646923493844435,24,8325.0
78395.0,51,97931.0,1506.6307692307691,1.499771776863374,114832.2315291797,1766.6497158335335,2886541.648,44408.33304615385,24,8408.0,0.058463053037106784,24,8408.0
78400.0,53,98170.0,1609.344262295082,0.3936986689667471,114623.83914792688,1879.0793302938825,2732375.555,44793.041885245904,27,8537.0,0.05197490301641486,27,8537.0
78405.0,47,98069.0,1421.2898550724638,1.5420033329867855,114924.15745134628,1665.5674992948727,2809604.2850000006,40718.90268115942,20,8343.0,0.05917433967415566,20,8343.0
78410.0,51,98312.0,1404.4571428571428,2.540110178790731,115210.81207719528,1645.8687439599325,2848218.9430000004,40688.84204285714,24,8351.0,0.10796462221678031,24,8351.0
78415.0,56,98579.0,1408.2714285714285,1.554289781859951,115438.91926515929,1649.1274180737032,2886831.7750000004,41240.453928571435,29,8453.0,0.032922908121766015,29,8453.0
78420.0,62,98881.0,1498.1969696969697,0.5926671472225992,115551.08391456939,1750.7739987055963,2886831.0830000006,43739.8648939394,34,8582.0,0.00426943258841945,34,8582.0
78425.0,56,99035.0,1478.134328358209,1.0901676473826574,115704.69825691966,1726.9357948793972,2886831.561,43087.0382238806,28,8500.0,0.045814763333555684,28,8500.0
78430.0,53,99189.0,1416.9857142857143,1.8515076527398986,116003.18339077714,1657.1883341539587,2886832.546,41240.46494285714,25,8416.0,0.11885091704325768,25,8416.0
78435.0,51,99364.0,1440.0579710144928,1.607824850810523,116293.3472799593,1685.4108301443368,2848217.754,41278.51817391305,24,8501.0,0.0707047839621234,24,8501.0
78440.0,57,99614.0,1486.7761194029852,0.7149286769928886,116213.50401223247,1734.5299106303348,2771171.478,41360.76832835821,30,8624.0,0.061279624538617725,30,8624.0
78445.0,54,99781.0,1467.3676470588234,1.2805561128122913,116403.30111211026,1711.8132516486803,2771249.387,40753.66745588236,28,8655.0,0.05389876305469424,28,8655.0
78450.0,57,100060.0,1429.4285714285713,1.6759271605905386,116708.7102418067,1667.2672891686668,2848522.5840000003,40693.17977142858,31,8758.0,0.07736001088963057,31,8758.0
78455.0,64,100356.0,1356.162162162162,1.422590018947083,116989.50996211245,1580.93932381233,2925784.846,39537.63305405405,35,8889.0,0.004814237319220762,35,8889.0
78460.0,64,100669.0,1458.9710144927535,0.836048835022533,117191.2663604489,1698.424150151433,2925784.546,42402.674579710154,36,9032.0,0.02619088824031846,36,9032.0
78465.0,53,100290.0,1496.865671641791,0.990377764288634,117483.12044294894,1753.4794095962525,2925784.546,43668.426059701495,25,8490.0,0.07192360452664831,25,8490.0
78470.0,49,100273.0,1496.6119402985075,1.1969166212303075,117791.60020286248,1758.0835851173504,2925784.546,43668.426059701495,20,8207.0,0.06096962266187917,20,8207.0
78475.0,51,100448.0,1545.3538461538462,0.9655448700489931,117765.59793317365,1811.7784297411326,2887171.0300000003,44418.015846153845,23,8276.0,0.0410094242685709,23,8276.0
78480.0,54,100678.0,1573.09375,0.8124362579779947,118053.50673745359,1844.586042772712,2848533.7950000004,44508.340546875,28,8385.0,0.004233871591249899,28,8385.0
78485.0,55,100922.0,1421.4366197183099,1.27901154023056,117884.07304127318,1660.3390569193402,2887201.6080000005,40664.811380281695,29,8464.0,0.0005501638996556725,29,8464.0
78490.0,59,101212.0,1445.8857142857144,1.841677688816361,117989.50048434618,1685.564292633516,2887198.6080000005,41245.69440000001,31,8584.0,0.0682901834276891,31,8584.0
78495.0,63,101513.0,1492.8382352941176,0.34510602424468184,118132.62030343394,1737.2444162269692,2848626.9740000004,41891.57314705883,35,8710.0,0.02306774937544302,35,8710.0
78500.0,67,101845.0,1497.7205882352941,0.08512306398550598,118444.78375608711,1741.8350552365748,2848627.1910000006,41891.576338235296,39,8867.0,0.014567648528114605,39,8867.0
78505.0,62,102001.0,1500.014705882353,0.4948560513566618,118775.93933164456,1746.704990171243,2848627.1910000006,41891.576338235296,34,8758.0,0.036864307954885094,34,8758.0
78510.0,59,102181.0,1459.7285714285715,1.3067925810942858,119099.86435171806,1701.426633595972,2848627.5070000007,40694.67867142858,31,8646.0,0.04785497133906188,31,8646.0
78515.0,56,102327.0,1461.8142857142857,1.284768639716638,119242.62335786743,1703.466047969534,2810055.1520000007,40143.64502857143,29,8757.0,0.08749241417666548,29,8757.0
78520.0,60,102584.0,1486.7246376811595,0.6341900101914356,119231.86285324885,1727.998012365925,2771607.5200000005,40168.224927536234,33,8920.0,0.04947110467396009,33,8920.0
78525.0,57,102732.0,1467.6,1.2520795478485287,119393.72184051032,1705.6245977215754,2771728.5740000005,39596.122485714295,31,8938.0,0.06384885575492108,31,8938.0
78530.0,59,103026.0,1430.9166666666667,1.5570390094575304,119706.7190512291,1662.5933201559592,2849104.3070000005,39570.893152777775,33,9062.0,0.06631819824038367,33,9062.0
78535.0,65,103332.0,1396.3783783783783,1.1143077085386175,119969.55171713584,1621.2101583396732,2926477.116,39546.98805405405,38,9203.0,0.00045924273148236893,38,9203.0
78540.0,65,103656.0,1459.943661971831,0.8999976574783918,120180.48335983232,1692.6828642229898,2965161.9480000003,41762.84433802818,39,9362.0,0.041363669411859066,39,9362.0
78545.0,56,103473.0,1398.2837837837837,1.314144311716433,120508.52093539528,1628.4935261539897,3003849.598,40592.56213513513,28,8902.0,0.06495755881381081,28,8902.0
78550.0,53,103587.0,1399.8243243243244,2.084297773938748,120823.47380956291,1632.7496460751745,3003849.598,40592.56213513513,23,8692.0,0.14595908952398384,23,8692.0
78555.0,51,103775.0,1421.5753424657535,1.5768119347675567,121089.10749686876,1658.7548972173802,2965192.268,40619.07216438356,23,8771.0,0.04370964055145807,23,8771.0
78560.0,58,104041.0,1465.3661971830986,0.9355983539230296,120923.0698367075,1703.141828686021,2849322.151,40131.29790140845,30,8889.0,0.018436005928075185,30,8889.0
78565.0,49,103199.0,1394.581081081081,1.8501174707007584,121240.44608550191,1638.3844065608366,2849337.594,38504.56208108107,22,8201.0,0.031081813961696993,22,8201.0
78570.0,52,103454.0,1436.861111111111,2.730944309235231,121074.78958923083,1681.594299850428,2888032.734,40111.56575,25,7988.0,0.10412554955181202,25,7988.0
78575.0,56,103717.0,1401.581081081081,2.715792017054802,121366.97501720893,1640.0942569893093,2926736.168,39550.48875675676,28,8088.0,0.03962484286483116,28,8088.0
78580.0,57,104002.0,1552.2686567164178,1.2635117381321905,120475.56941516891,1798.142827092073,2888119.516,43106.26143283582,29,8198.0,0.04342524923819015,29,8198.0
78585.0,51,104078.0,1601.2,1.5906841309024207,120597.79615289332,1855.350710044512,2888118.0739999996,44432.58575384616,23,7855.0,0.08509776295464391,23,7855.0
78590.0,49,104202.0,1654.0,1.5304911779944175,120838.28990712125,1918.0680937638288,2888117.3439999996,45843.13244444444,20,7923.0,0.02860978445531181,20,7923.0
78595.0,47,104351.0,1710.672131147541,1.058666809165045,120799.92022838342,1980.3265611210393,2849506.0489999996,46713.21391803278,19,7984.0,0.050593045963988906,19,7984.0
78600.0,50,104564.0,1714.1639344262296,0.8216037561284995,121067.99589396345,1984.721244163335,2849530.499,46713.614737704906,24,8084.0,0.008878443232510342,24,8084.0
78605.0,44,104469.0,1632.328125,1.758538054209275,121263.0618107857,1894.735340793526,2888255.4819999994,45128.99190625,18,7899.0,0.034270107789748795,18,7899.0
78610.0,48,104704.0,1586.4242424242425,2.461192450747505,121520.70299425202,1841.2227726401813,2926983.1369999996,44348.22934848484,21,7912.0,0.14956297432792304,21,7912.0
78615.0,51,104943.0,1692.6290322580646,1.6481512824732543,121454.3807030524,1958.9416242427806,2888365.0349999997,46586.53282258064,24,7985.0,0.0528542281822724,24,7985.0
78620.0,54,105207.0,1753.45,1.0701601559631144,121671.24775765084,2027.8541292941804,2888364.2890000003,48139.404816666654,26,8074.0,0.05666279282054896,26,8074.0
78625.0,50,105302.0,1880.392857142857,0.6263666494952173,121728.14602748398,2173.7168933479275,2888364.2890000003,51577.933732142854,22,7888.0,0.02301315212005484,22,7888.0
78630.0,46,105427.0,1882.625,1.4608684132343772,121983.82685888644,2178.2826224801142,2888364.2890000003,51577.933732142854,18,7700.0,0.06850972305119618,18,7700.0
78635.0,43,105514.0,1788.3728813559321,1.760017360938221,122230.00190634775,2071.6949475652164,2888365.4650000003,48955.346864406776,14,7620.0,0.10129377569901736,14,7620.0
78640.0,44,105705.0,1822.5,1.6801838248804721,122296.97241887887,2108.5684899806693,2849758.376,49133.76510344828,18,7712.0,0.09773323769065588,18,7712.0
78645.0,41,105787.0,1793.0,1.910678932688337,121858.948862233,2065.405912919203,2772731.2680000006,46995.44522033898,14,7629.0,0.1617168680299748,14,7629.0
78650.0,46,106002.0,1766.7,1.9453756869745291,122106.91277271615,2035.1152128786023,2811481.4730000007,46858.024549999995,19,7678.0,0.10396443608856173,19,7678.0
78655.0,52,106245.0,1713.6290322580646,1.302608261358874,122338.92164650213,1973.20841365326,2888990.9740000004,46596.62861290322,26,7757.0,0.02934140011488883,26,7757.0
78660.0,53,106508.0,1805.2203389830509,1.0439776008873691,122511.13687743346,2076.4599470751436,2927742.406000001,49622.7526440678,27,7855.0,0.08319384286079037,27,7855.0
78665.0,49,106629.0,1692.5238095238096,1.4954840674869354,122745.07437694682,1948.3345139197907,2966492.5440000007,47087.18323809523,21,7709.0,0.08275188246385104,21,7709.0
78670.0,46,106784.0,1694.984126984127,2.6643370388489953,123007.97556609973,1952.5075486682495,2966492.5440000007,47087.18323809523,18,7589.0,0.13211350093572288,18,7589.0
78675.0,44,106911.0,1724.3709677419354,1.798647380447088,123261.82870871825,1988.0940114309392,2927739.1880000005,47221.59980645161,17,7633.0,0.07986592487800777,17,7633.0
78680.0,50,107137.0,1815.8813559322034,0.7466911511113034,123216.88390559552,2088.4217611117883,2811641.7640000004,47654.94515254237,23,7718.0,0.03833187815800401,23,7718.0
78685.0,47,107322.0,1788.7,1.1857814659085588,123360.70759591958,2056.011793265326,2811719.3890000004,46861.98981666667,21,7749.0,0.015668751762922144,21,7749.0
78690.0,51,107565.0,1680.703125,1.669293821953087,123515.91084967491,1929.9361070261698,2850561.4250000003,44540.022265625,24,7827.0,0.09302994305597719,24,7827.0
78695.0,53,107825.0,1658.8461538461538,1.8725344863114957,123777.7526296144,1904.2731173786829,2889323.126,44451.12501538462,27,7922.0,0.12722968132487528,27,7922.0
78700.0,60,108105.0,1743.6290322580646,0.1578333866963047,123992.95452630678,1999.8863633275282,2928085.614,47227.18732258065,32,8033.0,0.02015709109733402,32,8033.0
78705.0,55,108258.0,1746.0967741935483,0.6584320323194747,124294.91564011257,2004.7567038727834,2928085.614,47227.18732258065,27,7933.0,0.02117158167667837,27,7933.0
78710.0,50,108411.0,1748.5645161290322,1.6936162400720156,124575.56264953161,2009.2832685408323,2928085.614,47227.18732258065,22,7768.0,0.04305292495475372,22,7768.0
78715.0,47,108576.0,1723.4285714285713,1.8582493904558681,124833.51312812418,1981.4843353670499,2889320.613,45862.23195238096,20,7834.0,0.0846214730448711,20,7834.0
78720.0,48,108797.0,1813.2833333333333,1.2527895029460139,124667.93323264598,2077.7988872107658,2773252.0540000005,46220.867566666675,22,7940.0,0.06140845738818857,22,7940.0
78725.0,50,108970.0,1651.060606060606,1.3407193679330973,124723.90005162147,1889.7560613882033,2773390.4340000004,42021.06718181819,23,7948.0,0.04171844828292297,23,7948.0
78730.0,53,109228.0,1630.2686567164178,2.04499823280266,125009.00798103337,1865.8060892691542,2812171.4740000004,41972.708567164176,27,8041.0,0.11722113675531692,27,8041.0
78735.0,57,109502.0,1564.3142857142857,1.1952348587812083,125279.28561228709,1789.7040801755293,2889733.893000001,41281.91275714286,31,8150.0,0.06350143546057387,31,8150.0
78740.0,63,109806.0,1568.6571428571428,0.8008433816124104,125533.8802675838,1793.3411466797681,2928514.8560000006,41835.92651428572,37,8289.0,0.052764776235307176,37,8289.0
78745.0,57,109846.0,1569.2285714285715,1.0645319533939506,125854.85210740354,1797.9264586771928,2967294.5100000007,42389.92157142857,28,8213.0,0.051402018337109896,28,8213.0
78750.0,58,110046.0,1572.0857142857142,0.8886651951425115,126175.74466899877,1802.510638128553,2967294.5100000007,42389.92157142857,27,8312.0,0.01876360355936096,27,8312.0
78755.0,56,110235.0,1552.605633802817,1.2493733063453931,126501.37887712399,1781.7095616496335,2967294.5100000007,41792.880422535214,28,8416.0,0.011193168444484945,28,8416.0
78760.0,56,110490.0,1649.1044776119404,0.8003901941973403,126734.45375429826,1891.5590112581829,2850950.1130000004,42551.494223880596,30,8539.0,0.03161941834660967,30,8539.0
78765.0,56,110681.0,1581.1571428571428,1.1853755917411566,126965.1479811541,1813.7878283022012,2889740.8300000005,41282.01185714286,30,8565.0,0.005222351254194966,30,8565.0
78770.0,59,110971.0,1631.9264705882354,1.6476072340234977,127240.99019314337,1871.1910322521078,2889736.9620000008,42496.131794117646,31,8685.0,0.02896394286710961,31,8685.0
78775.0,59,111266.0,1685.8484848484848,1.129044223480477,127406.34478871997,1930.3991634654542,2850980.210000001,43196.66984848484,31,8805.0,0.020526318600677218,31,8805.0
78780.0,61,111570.0,1799.516129032258,0.17034755569021684,127601.12808789176,2058.082711095028,2850977.210000001,45983.503387096775,33,8934.0,1.9955558637104655e-06,33,8934.0
78785.0,56,111694.0,1745.21875,0.7844235794749757,127901.27685440412,1998.4574508500637,2850977.210000001,44546.51890625,28,8849.0,0.02031808417006011,28,8849.0
78790.0,51,111812.0,1694.121212121212,1.8095541231033765,128189.90198649552,1942.2712422196287,2850977.818000001,43196.6336060606,23,8754.0,0.1461469494941784,23,8754.0
78795.0,49,111948.0,1696.1818181818182,1.8704653275732444,128475.04454605107,1946.5915840310768,2850977.818000001,43196.6336060606,22,8741.0,0.0788877993058175,22,8741.0
78800.0,53,112176.0,1752.75,0.9086443664940709,128366.11974552041,2005.7206210237564,2773551.2650000006,43336.738515624995,27,8896.0,0.06061046346876279,27,8896.0
78805.0,45,111055.0,1633.1617647058824,1.6890107511385999,128420.03767511668,1888.5299658105387,2773716.1570000006,40789.94348529411,17,7938.0,0.07521711148292558,17,7938.0
78810.0,48,111286.0,1589.8,3.1093205663572516,128689.06122319284,1838.4151603313258,2812544.428,40179.20611428571,21,7673.0,0.17265892253535356,21,7673.0
78815.0,55,111526.0,1487.0133333333333,2.455323743152003,128970.81584474168,1719.6108779298886,2890194.7430000002,38535.929906666664,27,7754.0,0.07343815773217749,27,7754.0
78820.0,57,111802.0,1644.1470588235295,1.348711472922405,128108.17395507226,1883.9437346334148,2929015.1819999996,43073.752676470576,31,7865.0,0.03587678502232222,31,7865.0
78825.0,55,111952.0,1777.015873015873,1.1135714390855522,128081.80867539218,2033.044582149081,2929011.2720000003,46492.242412698404,27,7841.0,0.07547462566674637,27,7841.0
78830.0,55,112227.0,1781.3809523809523,0.9920260855367983,128369.10945605187,2037.6049120008229,2929011.2720000003,46492.242412698404,27,7941.0,0.0030731697908374556,27,7941.0
78835.0,56,112506.0,1814.6129032258063,1.1824814614468457,128603.00246936038,2074.2419753122635,2929011.254,47242.117,28,8045.0,4.975613661233277e-07,28,8045.0
78840.0,56,112786.0,1944.5862068965516,0.42771506415382254,128780.15263580832,2220.3474592380744,2929010.36,50500.17862068965,28,8150.0,0.0,28,8150.0
78845.0,49,112773.0,1818.9193548387098,1.2217573589937103,129033.35848750666,2081.183201411398,2929018.112,47242.22761290321,21,7950.0,0.027582998783947776,21,7950.0
78850.0,44,112800.0,1819.3548387096773,2.7591494281226523,129291.62107930631,2085.3487270855853,2929018.112,47242.22761290321,16,7784.0,0.16194386273831698,16,7784.0
78855.0,42,112865.0,1850.2459016393443,1.962808425530723,129507.7340000686,2123.077606558501,2890187.73,47380.12672131147,15,7729.0,0.11776150119374224,15,7729.0
78860.0,48,113063.0,1949.3620689655172,0.9008843541534917,129291.06218115617,2229.1562445026925,2773921.8469999996,47826.238741379304,22,7864.0,0.06839401693824852,22,7864.0
78865.0,46,113268.0,1987.157894736842,1.285095119207323,129287.08805666932,2268.1945273099877,2735243.141,47986.72177192982,20,7904.0,0.0765589720955725,20,7904.0
78870.0,49,113510.0,1860.8196721311476,1.5382134959872973,129550.38498341921,2123.776803006872,2812969.229,46114.2496557377,23,7981.0,0.0519807331984802,23,7981.0
78875.0,54,113764.0,1777.5625,1.6353268611852383,129824.45102976351,2028.5070473400544,2890690.022,45167.03159375,27,8070.0,0.03570784343873949,27,8070.0
78880.0,54,114033.0,1900.55,0.49035628850659013,130036.17373948291,2167.269562324715,2929544.1319999998,48825.73553333333,28,8174.0,0.060694124360923696,28,8174.0
78885.0,53,114162.0,1783.78125,1.0974291118363126,130331.66003076964,2036.4321879807756,2968407.1980000003,46381.36246875,25,7999.0,0.03496786908593194,25,7999.0
78890.0,49,114328.0,1758.8923076923077,2.2723286565925855,130607.01273675308,2009.3386574885083,2968408.11,45667.81707692308,21,7781.0,0.09604964838442123,21,7781.0
78895.0,47,114484.0,1683.5882352941176,2.400951761025206,130882.3481940568,1924.7404146184817,2968412.918,43653.13114705882,20,7840.0,0.11506579181418701,20,7840.0
78900.0,51,114716.0,1820.888888888889,1.3918974673585818,130638.27527228644,2073.623417020419,2774395.042,44038.01653968254,24,7929.0,0.10253662265913147,24,7929.0
78905.0,53,114922.0,1768.0307692307692,1.2356907303171043,130667.94151869885,2010.2760233645972,2735698.5629999996,42087.6702,27,7981.0,0.05131571118613924,27,7981.0
78910.0,55,115196.0,1719.3432835820895,1.4863980038524285,130959.81414335624,1954.624091691884,2813446.863,41991.7442238806,29,8090.0,0.10146687749576669,29,8090.0
78915.0,59,115481.0,1723.597014925373,0.7010471428928204,131234.04768232696,1958.7171295869687,2852313.853,42571.84855223881,33,8210.0,0.01352733169446856,33,8210.0
78920.0,63,115790.0,1678.1159420289855,0.4902985721963002,131535.4689585569,1906.3111443269106,2930058.3359999997,42464.6135652174,37,8354.0,5.144571265820351e-05,37,8354.0
78925.0,58,115951.0,1680.4492753623188,1.3379298935005208,131833.4965056902,1910.6303841404374,2930058.3359999997,42464.6135652174,30,8284.0,0.02153200040421658,30,8284.0
78930.0,54,116121.0,1707.6617647058824,1.674855738215632,132129.7404241793,1943.0844180026363,2930058.3359999997,43089.09317647059,26,8225.0,0.08130674172108313,26,8225.0
78935.0,53,116329.0,1736.2537313432836,1.4889848035794198,132276.66796535227,1974.278626348541,2852371.14,42572.703582089554,26,8274.0,0.06258197172682294,26,8274.0
78940.0,55,116582.0,1766.3939393939395,1.069446257563677,132449.25964087262,2006.8069642556463,2813561.485,42629.719469696975,28,8388.0,0.065637825904871,28,8388.0
78945.0,53,116774.0,1742.8955223880596,1.1960650350475792,132477.34598065724,1977.273820606824,2735937.8210000005,40834.89285074628,27,8429.0,0.05940472185175932,27,8429.0
78950.0,56,117049.0,1696.3623188405797,1.8188520735482185,132774.9044788645,1924.2739779545573,2813708.6570000006,40778.38633333334,30,8539.0,0.0779643906120162,30,8539.0
78955.0,62,117339.0,1676.2714285714285,0.8978992210115676,133067.7419630655,1900.9677423295066,2891479.1100000003,41306.844428571436,35,8664.0,0.015028653846859386,35,8664.0
78960.0,64,117655.0,1756.044776119403,0.41543531191160343,133299.22543814857,1989.540678181321,2930364.4280000003,43736.782507462696,38,8815.0,0.043575030634070026,38,8815.0
78965.0,53,117387.0,1565.16,1.5001776650101313,133630.1915535905,1781.7358873812063,3008137.893,40108.50524,27,8490.0,0.06054604918027565,27,8490.0
78970.0,54,117566.0,1507.2564102564102,2.2479403527753528,133949.9487453001,1717.307035196155,3008139.1560000004,38565.88661538462,24,8459.0,0.1402124307329425,24,8459.0
78975.0,53,117759.0,1570.12,1.5361668349661453,133996.6567554065,1786.622090072086,2930401.2480000006,39072.01664,25,8541.0,0.06219540499188527,25,8541.0
78980.0,62,118032.0,1595.027027027027,1.033399473487596,134306.30936765485,1814.95012658993,2891517.6970000006,39074.56347297297,35,8672.0,0.03430883340010013,35,8672.0
78985.0,51,117070.0,1603.6986301369864,1.5576477088228657,134479.9834227286,1842.1915537360078,2891526.384,39609.95046575343,24,7929.0,0.038144156547875674,24,7929.0
78990.0,53,117331.0,1629.5972222222222,2.624040714746599,134622.76588463393,1869.760637286582,2930418.322,40700.25447222222,27,7645.0,0.026629010136664254,27,7645.0
78995.0,57,117605.0,1589.2567567567567,2.6523877215697906,134803.97568294534,1821.6753470668273,2891558.242,39075.11137837837,27,7745.0,0.010056796204092087,27,7745.0
79000.0,56,117884.0,1841.9375,1.3633010470371592,133880.21170029175,2091.878307817059,2891549.576000001,45180.462125,28,7849.0,0.022888778112570514,28,7849.0
79005.0,51,118007.0,1966.7833333333333,1.3072765866381195,133970.46630676987,2232.8411051128305,2891545.8020000006,48192.43003333333,23,7797.0,0.0769800246458175,23,7797.0
79010.0,53,118266.0,1971.1,1.276934654577606,134239.29655330235,2237.3216092217053,2891545.8020000006,48192.43003333333,24,7880.0,0.03737874909569954,24,7880.0
79015.0,52,118525.0,2008.8983050847457,1.3928489300497573,134455.08748255947,2278.8997878399914,2891545.782,49009.25054237288,24,7965.0,0.0,24,7965.0
79020.0,52,118785.0,2159.7272727272725,0.6373665061794895,134612.44206191789,2447.4989465803246,2891544.884,52573.54334545456,24,8050.0,0.0,24,8050.0
79025.0,46,118752.0,2083.3684210526317,1.1099063651803776,134824.90334739847,2365.349181533306,2891546.64,50728.88842105263,18,7874.0,0.019927329254429433,18,7874.0
79030.0,42,118777.0,2083.8070175438597,2.6757836474028887,135068.84707261404,2369.628896010772,2891546.64,50728.88842105263,14,7737.0,0.2289777953072675,14,7737.0
79035.0,42,118793.0,2159.8727272727274,1.2576583355901585,135133.40787862358,2456.9710523386107,2813792.075,51159.85590909091,14,7764.0,0.09504636881979715,14,7764.0
79040.0,47,118923.0,2162.2363636363634,0.7935545852844523,135244.61524639247,2458.993004479862,2813876.181000001,51161.385109090916,20,7863.0,0.04576433031435134,20,7863.0
79045.0,45,119119.0,2053.7758620689656,1.1507992478391056,135270.0203186698,2332.2417296322374,2775073.477000001,47846.09443103447,19,7939.0,0.03852351885200702,19,7939.0
79050.0,48,119350.0,1894.4444444444443,2.381745435759293,135534.60632636645,2151.342957561372,2852964.313,45285.14782539683,22,8005.0,0.15122296494149504,22,8005.0
79055.0,52,119595.0,1898.3333333333333,1.5291912333795301,135755.09545514046,2154.8427850022285,2930838.569,46521.24712698411,25,8085.0,0.13784116583908068,25,8085.0
79060.0,58,119869.0,1933.3709677419354,0.4240593822297834,136032.98605546585,2194.0804202494487,2930838.569,47271.58982258064,30,8189.0,0.029889999857112385,30,8189.0
79065.0,54,120008.0,1967.344262295082,0.7043712569715632,136324.9204938101,2234.834762193609,2930838.569,48046.53391803278,26,8064.0,0.019038912558355832,26,8064.0
79070.0,50,120175.0,1970.0819672131147,1.6089153631113509,136600.02471969882,2239.344667536046,2930838.569,48046.53391803278,22,7947.0,0.0685497458807149,22,7947.0
79075.0,46,120313.0,1940.532258064516,1.802325345641664,136853.87917611055,2207.3206318727507,2891896.1460000006,46643.486225806446,19,7921.0,0.08290877324120469,19,7921.0
79080.0,48,120528.0,2042.8474576271187,1.2651567182755838,136668.81246902831,2316.4205503225135,2775300.851,47038.99747457626,21,8005.0,0.05910134150236605,21,8005.0
79085.0,48,120726.0,1916.2857142857142,1.392770146971718,136829.2477581093,2171.8928215572905,2775381.5909999995,44053.67604761903,22,8056.0,0.0526251173218621,22,8056.0
79090.0,52,120981.0,1890.328125,1.7144503989591333,136990.44090933996,2140.475639208437,2814418.1329999994,43975.283328125006,26,8146.0,0.13265530133807293,26,8146.0
79095.0,58,121254.0,1865.446153846154,0.8688444405319877,137251.98024587973,2111.5689268596875,2892332.505999999,44497.42316923077,31,8254.0,0.04568835241695395,31,8254.0
79100.0,60,121546.0,1841.6060606060605,0.34837028126683306,137529.94153173544,2083.7869929050826,2931291.7369999993,44413.51116666666,34,8381.0,0.0010904675273694375,34,8381.0
79105.0,56,121703.0,1843.9848484848485,1.2411989013986724,137838.9145248593,2088.4684018918083,2931291.7369999993,44413.51116666666,28,8272.0,0.02140139661171389,28,8272.0
79110.0,51,121865.0,1874.8461538461538,1.524658217612471,138123.51738839722,2124.977190590726,2931291.7369999993,45096.79595384615,23,8163.0,0.06038833514703947,23,8163.0
79115.0,51,122059.0,1877.8307692307692,1.421566074585121,138399.08199383118,2129.2166460589406,2892331.3029999994,44497.40466153846,24,8244.0,0.05550313993268176,24,8244.0
79120.0,53,122303.0,1972.6290322580646,0.7067641523676715,138255.3217294313,2229.9245440230866,2775684.974,44769.11248387096,27,8362.0,0.06712352812786226,27,8362.0
79125.0,52,122475.0,1801.1029411764705,1.4965868036247276,138417.78123376463,2035.555606378892,2775782.2009999994,40820.32648529411,26,8369.0,0.06967817504278098,26,8369.0
79130.0,54,122742.0,1753.4571428571428,2.06780442933152,138712.1544715549,1981.6022067365,2853731.3669999996,40767.59095714285,28,8471.0,0.10427248139688623,28,8471.0
79135.0,63,123032.0,1732.8450704225352,0.8412575433958441,138991.3786514818,1957.6250514293201,2931675.5539999995,41291.2049859155,36,8596.0,0.015507205281904147,36,8596.0
79140.0,65,123353.0,1787.7246376811595,0.3276227188734648,139263.95903878997,2018.318246938985,2970648.356,43052.87472463768,39,8752.0,0.01702456113796486,39,8752.0
79145.0,60,123514.0,1739.6338028169014,1.0291264305133212,139563.84962306966,1965.688022860136,2970645.356,41840.07543661973,32,8623.0,0.03340819766137189,32,8623.0
79150.0,55,123683.0,1694.2876712328766,2.132715451558394,139874.8839021171,1916.0943000290004,2970645.9719999996,40693.78043835617,27,8602.0,0.13109832343287514,27,8602.0
79155.0,52,123877.0,1720.513888888889,1.8913779929825079,140031.87897072604,1944.887207926751,2931752.3619999997,40718.78280555555,25,8630.0,0.059047973741638414,25,8630.0
79160.0,57,124138.0,1799.1014492753623,1.0615572809645983,140184.49858157526,2031.6593997329744,2814893.048,40795.55142028986,30,8754.0,0.06706996517672707,30,8754.0
79165.0,51,123590.0,1791.159420289855,1.5937481944790726,140251.24253090803,2032.626703346493,2776042.0619999995,40232.493652173915,24,8159.0,0.07179602001512304,24,8159.0
79170.0,53,123850.0,1769.2857142857142,2.5171213903421097,140449.7239670745,2006.424628101064,2815078.671,40215.4095857143,27,8150.0,0.06586336468195368,27,8150.0
79175.0,59,124124.0,1700.3287671232877,2.156224296743362,140443.34526732264,1923.8814420181184,2893048.075,39630.7955479452,30,8259.0,0.03609577190616809,30,8259.0
79180.0,59,124410.0,1885.0,0.8384892284846579,140150.91328237217,2123.498686096548,2932026.163,44424.63883333334,33,8380.0,0.01602801814281772,33,8380.0
79185.0,55,124519.0,1945.609375,1.0683045508323081,140416.83639445947,2194.01306866343,2932025.855,45812.90398437501,27,8326.0,0.06512300435355077,27,8326.0
79190.0,57,124798.0,1949.96875,1.0619606253072296,140708.7514209692,2198.5742409526447,2932025.855,45812.90398437501,28,8419.0,3.5826575203424095e-05,28,8419.0
79195.0,56,125077.0,2017.3709677419354,1.072878618520518,140908.89163830955,2272.7240586824128,2932025.833,47290.739241935495,28,8524.0,2.1855571029259368e-07,28,8524.0
79200.0,56,125357.0,2089.2833333333333,0.7876295062111072,141158.23924622015,2352.637320770337,2932024.931,48867.08218333335,28,8629.0,0.0,28,8629.0
79205.0,49,125344.0,1899.1515151515152,1.439441966318532,141312.3213630041,2141.095778227336,2932038.5590000004,44424.82665151516,21,8465.0,0.047158458153330786,21,8465.0
79210.0,45,125363.0,1843.5735294117646,3.0522716987689074,141580.19712344476,2082.061722403599,2932053.3830000004,43118.43210294118,17,8360.0,0.2107068030356842,17,8360.0
79215.0,44,125440.0,1872.2388059701493,1.8230840310075682,141821.81460279174,2116.7435015342053,2893062.2650000006,43180.03380597016,17,8408.0,0.11530575352931532,17,8408.0
79220.0,54,125659.0,2026.758064516129,0.33279665611654224,141613.07716453297,2284.081889750532,2698256.4470000006,43520.26527419355,28,8529.0,0.0375543889097581,28,8529.0
79225.0,53,125898.0,1967.15625,1.0315503009979268,141910.02458661026,2217.3441341657863,2776311.8900000006,43379.87328125,27,8636.0,0.053439146490932773,27,8636.0
79230.0,57,126169.0,1855.4264705882354,1.3748968328074467,142209.75080778656,2091.31986482039,2854357.738,41975.84908823529,30,8744.0,0.03566406414972206,30,8744.0
79235.0,58,126456.0,1859.6470588235295,1.1048653625670923,142486.31577335618,2095.3869966670027,2893375.006,42549.63244117647,32,8866.0,0.016127659039467005,32,8866.0
79240.0,62,126758.0,1920.5757575757575,0.21297794293028224,142765.52317883226,2163.1139875580648,2932393.987,44430.21192424242,35,9001.0,0.026679098186417127,35,9001.0
79245.0,54,125902.0,1879.134328358209,0.7372749530072406,143088.6342561777,2135.6512575548904,2932393.987,43767.07443283582,26,8424.0,0.025269176698506517,26,8424.0
79250.0,49,125941.0,1879.7164179104477,1.2108507694280075,143396.36842407731,2140.244304836975,2932393.987,43767.07443283582,20,8130.0,0.08155138612729138,20,8130.0
79255.0,49,126093.0,1854.3088235294117,1.258667565456354,143413.1645356838,2109.0171255247615,2932394.7920000004,43123.45282352941,21,8194.0,0.04264251676331837,21,8194.0
79260.0,54,126326.0,1914.030303030303,1.120200954146096,143646.7332568945,2176.4656554074927,2854380.794,43248.193848484836,28,8303.0,0.007752296091797477,28,8303.0
79265.0,56,126555.0,1861.1029411764705,1.356922594501916,143476.68529646785,2109.9512543598216,2893423.5550000006,42550.34639705882,30,8382.0,0.017424334789498095,30,8382.0
79270.0,57,126838.0,1838.231884057971,1.831460108761369,143577.3986538493,2080.831864548541,2971510.31,43065.366811594206,31,8500.0,0.12409527825542625,31,8500.0
79275.0,60,127132.0,1897.4925373134329,0.6710029836391315,143700.1899651273,2144.778954703393,2932552.7720000003,43769.44435820895,32,8622.0,0.012456135532818206,32,8622.0
79280.0,65,127449.0,1902.2238805970148,0.12454913684297558,143973.4979809721,2148.8581788204797,2932554.4030000004,43769.46870149253,37,8764.0,1.696770744089316e-05,37,8764.0
79285.0,57,127576.0,1822.5142857142857,1.3100773850287606,144300.04242827542,2061.4291775467923,2932557.4030000004,41893.67718571428,29,8622.0,0.033459445436055606,29,8622.0
79290.0,53,127723.0,1824.6142857142856,1.9099217989601072,144604.37247636134,2065.776749662305,2932557.4030000004,41893.67718571428,25,8495.0,0.08591847005631877,25,8495.0
79295.0,53,127849.0,1800.6901408450703,1.8626273179020016,144909.25880420522,2040.9754761155666,2932557.4030000004,41303.625394366194,26,8478.0,0.06401232461444281,26,8478.0
79300.0,57,128099.0,1911.9253731343283,0.8940427908132449,144702.15617683236,2159.7336742810808,2776635.952,41442.32764179104,30,8609.0,0.06111881024740595,30,8609.0
79305.0,55,128273.0,1859.0289855072465,1.1899569152204565,144870.857492569,2099.5776448198403,2776735.889,40242.54911594203,29,8641.0,0.031976925867778644,29,8641.0
79310.0,58,128552.0,1836.4571428571428,1.585851409458363,145033.7333171694,2071.9104759595625,2815901.1249999995,40227.15892857143,31,8755.0,0.02777156102451548,31,8755.0
79315.0,60,128845.0,1867.3188405797102,1.122329228256056,145286.58385783946,2105.60266460637,2854970.5309999995,41376.384507246374,34,8883.0,0.0465922873857601,34,8883.0
79320.0,64,129158.0,1899.3823529411766,0.39387319282772837,145523.17931830446,2140.046754680949,2933105.4339999994,43133.90344117646,38,9031.0,0.02433850800297447,38,9031.0
79325.0,60,129346.0,1821.774647887324,0.9922921390588132,145845.2041689602,2054.157805196622,2933108.4339999994,41311.38639436619,32,8935.0,0.014947633858412012,32,8935.0
79330.0,56,129549.0,1774.6438356164383,2.102393745467806,146157.21947567936,2002.1536914476626,2933109.0539999995,40179.57608219177,28,8825.0,0.1007294366566519,28,8825.0
79335.0,53,129730.0,1777.123287671233,1.795062068997547,146471.3502563017,2006.4568528260506,2933109.0539999995,40179.57608219177,26,8920.0,0.052860792072410255,26,8920.0
79340.0,59,130003.0,1857.1857142857143,0.737648711142254,146477.4722217407,2092.5353174534393,2816076.1509999996,40229.659299999985,33,9055.0,0.03365867826821568,33,9055.0
79345.0,52,129384.0,1875.1304347826087,1.4117232123775112,146504.4993916404,2123.2536143715997,2777191.2229999998,40249.14815942028,25,8408.0,0.07729137871752136,25,8408.0
79350.0,55,129648.0,1826.0281690140846,1.9977847635905837,146805.74384964834,2067.6865330936384,2855351.189,40216.213929577454,29,8383.0,0.0024813012623097577,29,8383.0
79355.0,60,129932.0,1755.837837837838,2.019842883131865,146947.08617387273,1985.771434782065,2894436.6169999996,39114.00833783784,32,8502.0,0.010574352277674967,32,8502.0
79360.0,60,130225.0,1915.0735294117646,1.1807900096932133,146500.47163477694,2154.418700511426,2933519.013,43139.98548529411,32,8627.0,0.04848871823422369,32,8627.0
79365.0,55,130368.0,1889.391304347826,1.4306206974580444,146714.7357848919,2126.3005186216214,2933522.0489999996,42514.81230434782,27,8595.0,0.09553257384353915,27,8595.0
79370.0,59,130650.0,1893.4782608695652,1.395247298268276,147019.18222231057,2130.7127858305894,2933522.0489999996,42514.81230434782,31,8702.0,0.05657353388338462,31,8702.0
79375.0,60,130947.0,1925.6911764705883,1.1312175377925475,147278.5135258358,2165.8604930269976,2933522.0249999994,43140.029779411765,32,8824.0,0.006156249410348629,32,8824.0
79380.0,62,131254.0,2050.84375,0.4229306919348599,147484.42188609994,2304.444091970311,2933521.119,45836.267484375,34,8956.0,0.0,34,8956.0
79385.0,50,130627.0,1949.6567164179105,1.3025469976857649,147741.1558006242,2205.091877621257,2933522.8829999994,43783.92362686567,22,8361.0,0.03495386929023404,22,8361.0
79390.0,44,130513.0,1947.955223880597,2.4397064520662215,148024.32940345298,2209.3183493052693,2933522.8829999994,43783.92362686567,15,8096.0,0.16448984589720797,15,8096.0
79395.0,45,130576.0,1978.4242424242425,1.607065656630026,148249.11534898385,2246.1987174088467,2894455.0159999994,43855.37903030303,18,8143.0,0.06000288212393277,18,8143.0
79400.0,55,130792.0,2076.063492063492,0.8328842225659988,147927.81553168062,2348.060563994931,2855469.698,45324.91584126984,28,8266.0,0.012354407627696818,28,8266.0
79405.0,52,130999.0,2079.3492063492063,1.3068858076896974,147862.45609703305,2347.0231126513186,2894580.977,45945.72979365079,26,8345.0,0.03603027513607105,26,8345.0
79410.0,54,131267.0,2019.4923076923078,1.342067366752145,147993.16885904697,2276.817982446878,2894676.811,44533.489400000006,28,8448.0,0.034245337889627164,28,8448.0
79415.0,57,131550.0,1993.1818181818182,1.7661860361187696,148283.03339171316,2246.7126271471698,2894676.811,43858.73956060607,29,8557.0,0.0621132226192174,29,8557.0
79420.0,58,131837.0,2161.2622950819673,0.4108953281814558,148474.22658839013,2434.0037145637734,2894672.9290000005,47453.654573770495,30,8669.0,0.02805067685537502,30,8669.0
79425.0,54,131954.0,2199.233333333333,0.5810416921878154,148763.97979941464,2479.3996633235774,2894672.9290000005,48244.54881666668,26,8438.0,0.018041547804455882,26,8438.0
79430.0,49,132073.0,2201.2166666666667,1.5944599653483753,149040.4813679455,2484.008022799091,2894672.9290000005,48244.54881666668,21,8286.0,0.05786841211966155,21,8286.0
79435.0,45,132204.0,2203.4,1.654469633716386,149059.70293844258,2484.3283823073766,2816565.4370000004,46942.75728333333,18,8256.0,0.07618342208926883,18,8256.0
79440.0,47,132411.0,2244.2542372881358,1.284555897782656,148834.97305546343,2522.6266619570083,2738604.9820000003,46417.03359322035,21,8346.0,0.06441970264430634,21,8346.0
79445.0,48,132610.0,2040.1538461538462,1.3733237844655064,148992.5495604372,2292.193070160573,2738692.2180000003,42133.72643076924,22,8404.0,0.04890069231598364,22,8404.0
79450.0,54,132867.0,1983.089552238806,2.0106334177335805,149278.09348695344,2228.031246073932,2816994.0640000007,42044.68752238807,28,8496.0,0.16983797165729675,28,8496.0
79455.0,58,133142.0,1987.1940298507463,0.45579503364572443,149545.4394855949,2232.021484859625,2895289.006,43213.268746268666,31,8606.0,0.020776543565960065,31,8606.0
79460.0,65,133456.0,1906.5142857142857,0.26204535847355337,149853.52648811453,2140.7646641159213,2934436.6840000004,41920.524057142866,39,8755.0,0.01330348700442572,39,8755.0
79465.0,59,133627.0,1882.0704225352113,1.3577145427133652,150186.11713980974,2115.2974245043624,2973583.774,41881.461605633805,32,8656.0,0.06297677672119094,32,8656.0
79470.0,55,133807.0,1884.605633802817,1.7143192231550175,150499.7930375022,2119.7153948943974,2973583.774,41881.461605633805,27,8568.0,0.05833386720630488,27,8568.0
79475.0,54,134031.0,1914.7285714285715,1.6657900370508307,150644.80496260006,2152.0686423228585,2895364.561,41362.35087142858,27,8587.0,0.05373950093456449,27,8587.0
79480.0,57,134298.0,2004.44776119403,0.8945662427749017,150659.78898058785,2248.653566874447,2778071.748,41463.757432835824,31,8709.0,0.06817103114426179,31,8709.0
79485.0,55,134454.0,1920.7714285714285,1.2521697510984722,150833.0950106983,2154.7585001528323,2778163.576,39688.05108571429,29,8711.0,0.03934142011300356,29,8711.0
79490.0,57,134734.0,1897.661971830986,1.8083698761780456,151020.86250367176,2127.0544014601664,2817401.027,39681.7046056338,31,8826.0,0.07129566257587566,31,8826.0
79495.0,61,135030.0,1875.4166666666667,1.3100407157558998,151315.0159491114,2101.597443737658,2895713.077,40218.23718055556,34,8957.0,0.05015262180754338,34,8957.0
79500.0,66,135349.0,1961.5797101449275,0.16605837073325685,151509.7966896913,2195.7941549230627,2934866.589,42534.29839130434,40,9111.0,0.00010091979279958018,40,9111.0
79505.0,61,135534.0,1908.9295774647887,0.9593269762353082,151841.2076103412,2138.6085578921306,2934866.589,41336.149140845075,33,9022.0,0.01769665166413545,33,9022.0
79510.0,56,135721.0,1859.1917808219177,2.000561419231433,152156.0632082618,2084.3296329898876,2934867.213,40203.66045205479,28,8997.0,0.1220336790779564,28,8997.0
79515.0,54,135927.0,1836.8513513513512,2.0028939359691913,152468.85423804002,2060.389922135677,2934868.037,39660.378878378375,27,9025.0,0.0576919130646872,27,9025.0
79520.0,57,136195.0,1918.2394366197184,1.0657877341239117,152367.9110265155,2146.0269158664155,2778442.482,39132.99270422534,31,9166.0,0.07589641823878723,31,9166.0
79525.0,52,135495.0,1831.0135135135135,1.7626500638816571,152496.19434171426,2060.759382996139,2778554.4159999997,37548.032648648645,24,8445.0,0.08649951902987907,24,8445.0
79530.0,57,135771.0,1810.28,2.6278847974288717,152802.17780669066,2037.3623707558759,2817725.3559999997,37569.67141333333,30,8406.0,0.08893530252770084,30,8406.0
79535.0,61,136051.0,1722.1645569620252,1.8845029619838847,152960.29357879338,1936.2062478328285,2896068.181,36659.090898734175,33,8527.0,0.014737162535524517,33,8527.0
79540.0,64,136365.0,1920.6338028169014,0.8362876214610293,152407.539164183,2146.5850586504644,2935230.7649999997,41341.278380281685,38,8676.0,0.01879997143385137,38,8676.0
79545.0,59,136528.0,1922.9295774647887,1.234815044488059,152693.82016932205,2150.6171854834092,3013575.9999999995,42444.73239436619,32,8657.0,0.09657661088362193,32,8657.0
79550.0,56,136709.0,1925.4788732394366,1.853021344276983,153009.55979145187,2155.0642224148146,3013575.9999999995,42444.73239436619,28,8659.0,0.07102631945420973,28,8659.0
79555.0,54,136928.0,1984.463768115942,1.7924634621278717,153182.78000488647,2220.040289925891,2935268.2879999992,42540.12011594202,27,8706.0,0.0641816828964198,27,8706.0
79560.0,55,137192.0,2047.641791044776,1.1095384321721429,153296.40678112558,2288.0060713600833,2856974.318999999,42641.407746268655,29,8822.0,0.04189203448457602,29,8822.0
79565.0,51,137122.0,1931.2957746478874,1.4295294808894234,153425.7131276739,2160.925537009491,2778704.528,39136.68349295774,24,8660.0,0.04553621585623484,24,8660.0
79570.0,54,137384.0,1908.111111111111,2.3714146311581845,153727.48848458077,2135.104006730288,2817884.394,39137.28325,27,8691.0,0.11990662349132257,27,8691.0
79575.0,59,137659.0,1911.9305555555557,1.602049172712181,153914.38522672953,2137.6997948156877,2896240.8399999994,40225.56722222222,33,8803.0,0.056396900178901345,33,8803.0
79580.0,63,137966.0,1970.942857142857,1.0531382967879206,154101.45584413796,2201.4493692019705,2935418.6529999995,41934.55218571428,37,8945.0,0.0247162173742923,37,8945.0
79585.0,59,138144.0,2093.090909090909,0.6760639168676811,154253.86990721623,2337.1798470790336,2935418.6529999995,44476.040196969705,31,8942.0,0.01386962401034423,31,8942.0
79590.0,55,138343.0,2034.4558823529412,1.6704440610996216,154561.24897593516,2272.9595437637527,2935418.9929999993,43167.92636764706,27,8929.0,0.04651901093863453,27,8929.0
79595.0,51,138516.0,2007.4782608695652,1.8362506472552846,154845.2717677162,2244.1343734451625,2896238.5879999995,41974.472289855075,24,9018.0,0.10740607168980237,24,9018.0
79600.0,53,138759.0,2071.0298507462685,0.8432213770809851,154962.15194067993,2312.8679394131336,2817936.505,42058.753805970155,26,9124.0,0.05174972269289966,26,9124.0
79605.0,54,138925.0,1984.642857142857,1.4232681565069465,155101.11970239805,2215.730281462828,2778823.025,39697.47178571428,28,9140.0,0.07238055163084822,28,9140.0
79610.0,58,139204.0,1933.388888888889,1.393863851027392,155416.05274205792,2158.556288084137,2857206.595,39683.42493055555,32,9253.0,0.055442229945626156,32,9253.0
79615.0,62,139504.0,1885.1891891891892,1.016981381228601,155716.20922313543,2104.273097609938,2896399.3030000003,39140.53112162163,36,9389.0,0.0012522010170587464,36,9389.0
79620.0,66,139830.0,1969.4366197183099,0.6732702750838852,155964.6528628245,2196.6852515890764,2935597.987,41346.45052112677,39,9548.0,0.022334592982205467,39,9548.0
79625.0,56,138917.0,1902.972602739726,1.2756138051984331,156266.53481924816,2140.637463277371,2935594.987,40213.629958904115,28,8812.0,0.04433711645080576,28,8812.0
79630.0,51,138709.0,1900.123287671233,2.0800282375700747,156582.44466227607,2144.964995373645,2935594.987,40213.629958904115,22,8412.0,0.11808205303648557,22,8412.0
79635.0,49,138843.0,1983.4714285714285,1.4254797088976254,156350.21750101188,2233.5745357287415,2857230.8650000007,40817.58378571429,21,8306.0,0.07312605983276713,21,8306.0
79640.0,57,139087.0,1958.9718309859154,1.0175944761374174,156321.22033648496,2201.7073286828872,2857252.958,40242.99940845071,30,8423.0,0.016893845646660726,30,8423.0
79645.0,56,139307.0,1962.0704225352113,1.6365698932914516,156183.09762300932,2199.7619383522438,2896464.3920000005,40795.27312676057,30,8494.0,0.03334243423630928,30,8494.0
79650.0,60,139598.0,1966.1690140845071,1.2715002163096147,156237.11504337948,2200.5227470898512,2935672.5220000003,41347.50030985916,33,8619.0,0.04432863237001229,33,8619.0
79655.0,64,139909.0,1998.7,0.9804169858479496,156435.6377702623,2234.7948252894616,2896498.088,41378.54411428572,36,8758.0,3.803773154794219e-05,36,8758.0
79660.0,64,140229.0,2092.9701492537315,0.5278164580152015,156722.8214933857,2339.146589453518,2896497.3460000004,43231.3036716418,36,8903.0,0.02480853725120623,36,8903.0
79665.0,59,140375.0,2095.1492537313434,0.6116061887256617,156981.54862643263,2343.008188454218,2896497.4020000002,43231.30450746269,31,8826.0,0.0189976117738008,31,8826.0
79670.0,54,140520.0,2097.313432835821,1.6861344269170475,157285.1272488498,2347.5392126694,2896497.4020000002,43231.30450746269,26,8771.0,0.05303215679906151,26,8771.0
79675.0,50,140680.0,2099.7014925373132,1.9276849530398845,157409.39922929282,2349.3940183476534,2818131.2120000008,42061.65988059702,23,8652.0,0.11228336749430758,23,8652.0
79680.0,52,140909.0,2134.9848484848485,1.4840078265305217,157452.14095933898,2385.638499383924,2779029.6840000004,42106.51036363637,26,8763.0,0.09486720889123473,26,8763.0
79685.0,56,141178.0,1960.8055555555557,1.1589260468657387,157550.70721236448,2188.2042668383956,2779168.0300000003,38599.555972222224,29,8890.0,0.040226173989168536,29,8890.0
79690.0,49,140549.0,1925.3287671232877,2.501554576874411,157653.43343622357,2159.6360744688154,2740050.698,37534.94106849315,23,8215.0,0.18921749328135246,23,8215.0
79695.0,53,140803.0,1877.3733333333332,2.336361117385281,157951.9527264634,2106.026036352846,2818527.358,37580.364773333335,27,8185.0,0.02376470089433962,27,8185.0
79700.0,59,141088.0,1856.421052631579,2.2259891328289614,158142.42812897175,2080.8214227496283,2897000.3510000003,38118.42567105263,32,8305.0,0.05397686832183784,32,8305.0
79705.0,62,141390.0,2049.1304347826085,0.8529828266974456,157660.94882482398,2284.9412873162896,2936231.349,42554.07752173913,36,8442.0,0.009921000471577922,36,8442.0
79710.0,56,141539.0,2081.455882352941,1.011461066882875,157905.6013314374,2322.141196050551,3014697.1260000006,44333.78126470588,30,8387.0,0.04307923729546361,30,8387.0
79715.0,55,141716.0,2024.5142857142857,1.7800620388920425,158199.25532699915,2259.989361814274,3014698.3260000004,43067.118942857145,25,8350.0,0.07095342321536517,25,8350.0
79720.0,52,141935.0,1999.0845070422536,2.322910580988431,158498.81164884267,2232.3776288569393,3014698.9960000007,42460.54923943662,24,8434.0,0.07993969921481882,24,8434.0
79725.0,54,142173.0,2121.9850746268658,1.2907722611454895,158517.59524977105,2365.9342574592697,2818600.9960000007,42068.67158208955,28,8535.0,0.07290770197578941,28,8535.0
79730.0,50,142119.0,2153.318181818182,1.2069738246822332,158609.84923449473,2403.17953385598,2779474.9380000005,42113.25663636363,24,8396.0,0.07453233306414776,24,8396.0
79735.0,54,142378.0,2093.794117647059,1.5010917739022587,158903.92231211887,2336.8223869429244,2857962.1070000003,42028.85451470588,27,8418.0,0.034075744998619525,27,8418.0
79740.0,56,142653.0,2129.1492537313434,1.460986787496256,159112.88763034987,2374.8192183634314,2897209.5730000003,43241.93392537313,30,8528.0,0.03283134718020653,30,8528.0
79745.0,60,142946.0,2013.3239436619717,1.2932618926764492,159380.36439464704,2244.793864713339,2936462.3710000003,41358.62494366198,32,8652.0,0.0003794498808581188,32,8652.0
79750.0,50,95760.0,1429.2537313432836,1.8321683998385077,159408.914678017,2379.2375325077164,2936459.412,43827.752417910444,26,5771.0,0.09023382316163447,26,5771.0
79755.0,44,61508.0,918.0298507462686,2.5632366353706364,159685.99972811074,2383.3731302703086,2936459.412,43827.752417910444,28,5892.0,0.09424354567990964,28,5892.0
79760.0,40,22941.0,352.9384615384615,2.923459542649697,149349.67943255286,2297.687375885428,2799852.0470000003,43074.64687692307,33,7027.0,0.05050375673117578,33,7027.0
79765.0,40,1595.0,25.317460317460316,2.255134411849357,117820.07130254836,1870.159861945212,2463593.8540000003,39104.664349206345,37,10145.0,0.005170948498840494,37,10145.0
79770.0,33,854.0,13.138461538461538,2.730229940224518,103432.0916851835,1591.2629490028232,2478002.9770000004,38123.12272307692,28,9491.0,0.06827713407960297,28,9491.0
79775.0,35,564.0,8.173913043478262,2.765337347151139,98970.00037541843,1434.347831527803,2703075.089,39175.00128985507,22,9184.0,0.07238300644507774,22,9184.0
79780.0,41,595.0,8.880597014925373,1.5785302952634153,94426.9391036131,1409.3573000539266,2702367.3279999997,40333.84071641791,25,9258.0,0.05965313216468684,25,9258.0
79785.0,57,806.0,11.681159420289855,0.7941743409397464,94457.65422094965,1368.9515104485458,2922782.26,42359.16318840579,35,9409.0,0.01308826910922499,35,9409.0
79790.0,54,881.0,12.768115942028986,1.2285401660184705,94350.55854756507,1367.3993992400726,3035513.906,43992.955159420286,29,9390.0,0.05475305318755695,29,9390.0
79795.0,59,1168.0,16.22222222222222,1.3358647682850024,94667.41727235267,1314.8252398937864,3074798.0739999996,42705.52880555556,32,9480.0,0.006107358283596384,32,9480.0
79800.0,61,1468.0,20.676056338028168,1.724361063996851,94851.80692127775,1335.9409425532074,3035583.3199999994,42754.69464788732,33,9603.0,0.026997968496732413,33,9603.0
79805.0,63,1775.0,25.72463768115942,0.7392971894461393,94979.08857030496,1376.5085300044193,3035582.2619999996,43993.94582608695,35,9730.0,0.00026340821876518947,35,9730.0
79810.0,57,1911.0,28.52238805970149,1.3129488629876738,95192.2479645825,1420.7798203669024,3035582.2619999996,45307.1979402985,29,9564.0,0.06909129721614272,29,9564.0
79815.0,54,2045.0,30.52238805970149,1.3608267958114943,95495.42035112495,1425.304781360074,3035582.2619999996,45307.1979402985,26,9474.0,0.056213286052668454,26,9474.0
79820.0,53,2214.0,33.04477611940298,1.0673527816201314,95583.10668525544,1426.6135326157528,2957123.258999999,44136.16804477612,26,9566.0,0.05062927800159157,26,9566.0
79825.0,56,2463.0,37.31818181818182,0.8639697239213691,95613.87555222717,1448.6950841246537,2917982.8019999997,44211.860636363635,30,9693.0,0.03158604009434123,30,9693.0
79830.0,53,2660.0,39.701492537313435,1.177836910302375,95799.89686404655,1429.8492069260674,2918056.2899999996,43553.07895522388,27,9744.0,0.04271828621238036,27,9744.0
79835.0,58,2943.0,41.45070422535211,1.8929648079849468,96109.3606894335,1353.65296745681,2996687.019,42206.859422535206,32,9857.0,0.09868017460071853,32,9857.0
79840.0,62,3241.0,45.647887323943664,0.9871224186394421,96378.24025317689,1357.4400035658718,3075306.769,43314.17984507042,35,9985.0,0.02771406303961115,35,9985.0
79845.0,67,3566.0,49.52777777777778,0.36099222207770415,96653.37189450278,1342.4079429792052,3075306.085,42712.58451388889,39,10136.0,5.5610574187427e-05,39,10136.0
79850.0,55,3390.0,47.083333333333336,1.6544551918341805,96982.19717685189,1346.9749607896092,3075306.085,42712.58451388889,27,9643.0,0.06958729672518842,27,9643.0
79855.0,52,3514.0,48.80555555555556,1.818593577115439,97295.47096538951,1351.3259856304094,3075306.085,42712.58451388889,23,9452.0,0.08664442745952479,23,9452.0
79860.0,55,3704.0,52.16901408450704,1.4322245852980056,97596.77964329463,1374.6025301872482,3035993.016,42760.46501408451,28,9543.0,0.02318903142652608,28,9543.0
79865.0,58,3976.0,57.6231884057971,0.6586428292723125,97040.63776879318,1406.3860546201904,2996766.076,43431.39240579711,32,9694.0,0.02279010368706094,32,9694.0
79870.0,51,3429.0,47.625,1.987771206491024,97350.41107037464,1352.089042644092,3036098.126,42168.02952777778,25,9100.0,0.13582258943202788,25,9100.0
79875.0,56,3698.0,51.361111111111114,2.336436312722662,97496.66228440886,1354.1203095056787,3036194.1390000004,42169.363041666664,29,9075.0,0.0058869892643369625,29,9075.0
79880.0,58,3984.0,56.91428571428571,1.9490585316082436,97625.66621421328,1394.652374488761,3036193.5390000003,43374.19341428572,30,9182.0,0.03420778046744768,30,9182.0
79885.0,60,4278.0,67.9047619047619,0.515298787042463,97204.50231209448,1542.9286081284836,3036184.9650000003,48193.41214285714,32,9296.0,1.491512215950344e-05,32,9296.0
79890.0,54,4423.0,72.50819672131148,0.858850701593476,97463.32991944994,1597.7595068762284,3036184.9350000005,49773.523524590164,26,9276.0,0.03276097748587637,26,9276.0
79895.0,56,4693.0,73.328125,1.2748853029923124,97745.95874890646,1527.2806054516634,3036186.1390000004,47440.408421875,26,9351.0,0.0,26,9351.0
79900.0,54,4963.0,78.77777777777777,1.7644540618594713,97989.18789819881,1555.3839348920446,3036186.109,48193.4303015873,26,9441.0,0.033832739466260024,26,9441.0
79905.0,54,5233.0,88.69491525423729,0.8536770106288106,98134.4902957973,1663.2964456914794,3036185.7930000005,51460.77615254238,26,9531.0,0.058985225503588104,26,9531.0
79910.0,50,5209.0,89.8103448275862,0.8100932723229156,98379.66574645737,1696.2011335596094,3036186.3120000004,52348.039862068974,22,9252.0,0.04850413594359328,22,9252.0
79915.0,47,5255.0,90.60344827586206,1.569382789383819,98641.75974813805,1700.7199956575523,3036186.3120000004,52348.039862068974,19,9033.0,0.08139706405611534,19,9033.0
79920.0,44,5247.0,90.46551724137932,1.8875893414624032,98893.19495256661,1705.0550853890793,3036186.3120000004,52348.039862068974,17,8945.0,0.09098531939179011,17,8945.0
79925.0,46,5424.0,86.0952380952381,1.661228384303795,98525.57989713705,1563.89809360535,2918542.2900000005,46326.0680952381,20,9087.0,0.0750735740133409,20,9087.0
79930.0,49,5618.0,89.17460317460318,2.2624822562981444,98437.01747333382,1562.4923408465686,2918808.8990000007,46330.29998412699,22,9111.0,0.20638440716645315,22,9111.0
79935.0,52,5868.0,91.6875,1.4908678484981817,98710.8183352245,1542.3565364878825,2958186.761000001,46221.668140625,26,9191.0,0.08885260268443093,26,9191.0
79940.0,55,6139.0,94.44615384615385,1.3491051747585265,98975.33100460371,1522.697400070826,3036933.2790000006,46722.050446153844,29,9292.0,0.01867635028512366,29,9292.0
79945.0,58,6423.0,100.359375,0.8598589384944204,99227.1584018812,1550.4243500293937,3115685.373,48682.583953124995,31,9406.0,0.029081243740790942,31,9406.0
79950.0,53,6558.0,102.46875,1.1234674726455398,99517.61602951663,1554.9627504611974,3115682.7210000004,48682.542515625,25,9158.0,0.025129581179240017,25,9158.0
79955.0,48,6695.0,104.609375,2.1577754454449183,99787.69515252997,1559.182736758281,3115682.7210000004,48682.542515625,20,8993.0,0.05575192615321449,20,8993.0
79960.0,46,6867.0,109.0,1.915262494580418,99985.9655820691,1587.078818763001,3076350.473,48830.959888888894,19,9047.0,0.09863716057330776,19,9047.0
79965.0,51,7095.0,118.25,0.7214627559938095,99722.98009375884,1662.0496682293137,2919174.106,48652.90176666667,24,9130.0,0.04139335052956213,24,9130.0
79970.0,51,7340.0,122.33333333333333,0.9901119781434339,99847.55805293206,1664.1259675488675,2919279.569,48654.65948333334,25,9217.0,0.08224911363318743,25,9217.0
79975.0,55,7608.0,117.04615384615384,0.8339995781975025,100141.3622179282,1540.6363418142794,2998057.885,46123.96746153846,29,9315.0,0.021150420859964467,29,9315.0
79980.0,58,7892.0,119.57575757575758,1.2757014245912381,100441.9138347755,1521.84717931478,3037446.817,46021.92146969696,32,9429.0,0.03713388162200598,32,9429.0
79985.0,61,8185.0,118.6231884057971,0.8533606630820186,100726.02039756974,1459.7973970662279,3116226.551,45162.70363768116,34,9553.0,0.06562298238572148,34,9553.0
79990.0,57,8337.0,119.1,1.567309873125238,101041.8633818655,1443.4551911695073,3116229.809,44517.5687,29,9414.0,0.13958984498341911,29,9414.0
79995.0,55,8520.0,121.71428571428571,1.6507010036864602,101349.69377200658,1447.8527681715225,3116229.809,44517.5687,27,9302.0,0.056607301553307135,27,9302.0
80000.0,55,8701.0,122.54929577464789,1.5129006233358264,101623.34430601921,1431.3147085354817,3076852.903,43335.95638028169,28,9401.0,0.05162941786537779,28,9401.0
80005.0,58,8965.0,126.26760563380282,1.1987335900483151,101509.25517112367,1429.707819311601,2919525.493,41120.07736619718,31,9520.0,0.04657311379461822,31,9520.0
80010.0,56,9186.0,129.38028169014083,1.298840850803922,101677.91093749984,1432.0832526408424,2919620.081,41121.409591549294,30,9586.0,0.07393037238462706,30,9586.0
80015.0,61,9483.0,128.14864864864865,1.1784977651713493,102007.53389306714,1378.4801877441503,2998425.36,40519.26162162162,35,9713.0,0.030972963872944077,35,9713.0
80020.0,65,9803.0,136.15277777777777,0.8008697036985422,102279.61556256418,1420.5502161467248,3037829.174,42192.071861111115,39,9863.0,0.029181836033611533,39,9863.0
80025.0,69,10139.0,140.81944444444446,0.29259411443034555,102598.04546577999,1424.972853691389,3037828.492,42192.06238888889,41,10022.0,0.00017325553086178577,41,10022.0
80030.0,58,9655.0,135.98591549295776,1.0507824714937162,102930.51082822068,1449.7255046228267,3037828.492,42786.31678873239,30,9524.0,0.029367592304450532,30,9524.0
80035.0,52,9717.0,136.85915492957747,1.0097807010542932,103258.64140235152,1454.3470620049509,3037828.492,42786.31678873239,23,9432.0,0.06326607888643734,23,9432.0
80040.0,54,9903.0,141.47142857142856,0.9520423571696636,103571.63626486875,1479.5948037838396,2998424.208,42834.63154285714,26,9516.0,0.03335721610484097,26,9516.0
80045.0,60,10160.0,137.2972972972973,1.147059522565462,103753.8870468136,1402.0795546866702,2998519.7060000002,40520.536567567564,34,9668.0,0.02210046028712226,34,9668.0
80050.0,53,9539.0,127.18666666666667,2.078987240098334,103392.98412066832,1378.573121608911,3077366.738,41031.55650666667,26,9021.0,0.1277575455533137,26,9021.0
80055.0,57,9812.0,129.10526315789474,2.559835016390412,103698.93754346561,1364.4597045192843,3116790.3759999997,41010.39968421052,30,8979.0,0.03267008397091037,30,8979.0
80060.0,60,10109.0,136.6081081081081,2.083380044724332,103723.32115661763,1401.6665021164542,3077411.92,41586.64756756757,32,9097.0,0.04685206288963839,32,9097.0
80065.0,63,10419.0,157.86363636363637,0.4612270687425456,103235.36039544125,1564.1721272036552,3077404.047,46627.33404545454,35,9227.0,0.008194617221422148,35,9227.0
80070.0,56,10543.0,164.734375,0.7764191572970056,103513.16712121104,1617.393236268922,3077404.0149999997,48084.437734374995,28,9108.0,0.044610847461589,28,9108.0
80075.0,55,10698.0,159.67164179104478,1.5545237882134144,103806.41192702665,1549.349431746666,3077405.2229999998,45931.421238805975,25,9015.0,0.057176508725576905,25,9015.0
80080.0,48,10814.0,163.84848484848484,1.8753363298045864,104048.19376822512,1576.487784367047,3038000.9489999996,46030.31740909091,21,9011.0,0.08498588078186023,21,9011.0
80085.0,52,11040.0,167.27272727272728,1.2816371388395498,103939.08290970589,1574.8345895409982,2919893.1009999993,44240.80456060606,26,9116.0,0.08220604187135835,26,9116.0
80090.0,48,11047.0,167.37878787878788,1.6656288442813896,104106.75452488824,1577.375068558913,2919963.9719999996,44241.87836363637,22,9014.0,0.09994926619512233,22,9014.0
80095.0,53,11301.0,168.67164179104478,1.6490692794140347,104286.98752968975,1556.522201935668,2959478.1959999995,44171.316358208955,27,9061.0,0.08333868590294298,27,9061.0
80100.0,58,11576.0,170.23529411764707,1.7156927352182405,104523.63514328297,1537.1122815188676,3038373.8859999995,44681.96891176471,31,9166.0,0.02354840090511241,31,9166.0
80105.0,58,11862.0,171.91304347826087,1.1239607049133096,104638.80731930447,1516.5044539029632,3077820.5479999995,44606.09489855073,32,9282.0,0.008625917161077926,32,9282.0
80110.0,54,12014.0,182.03030303030303,1.5916499449706647,104868.38396645377,1588.9149085826323,3077820.5479999995,46633.64466666667,26,9184.0,0.13864193502173458,26,9184.0
80115.0,51,12167.0,184.34848484848484,1.565993998301874,105157.69950295295,1593.2984773174692,3077820.5479999995,46633.64466666667,23,9014.0,0.04775720315083952,23,9014.0
80120.0,50,12357.0,190.1076923076923,1.592235795151211,105312.12420536173,1620.1865262363344,3038431.8329999996,46745.10512307692,23,9092.0,0.06388254189935068,23,9092.0
80125.0,53,12597.0,193.8,1.1818334736553704,105577.619163121,1624.2710640480145,2998997.6599999997,46138.42553846154,26,9190.0,0.04816553003957032,26,9190.0
80130.0,51,12811.0,197.09230769230768,1.385812444225707,105498.53592454584,1623.0543988391664,2920296.292,44927.63526153846,25,9248.0,0.058571092304342674,25,9248.0
80135.0,54,13078.0,195.19402985074626,1.8960162047368483,105678.6789082358,1577.2937150482953,2959823.171,44176.46523880597,28,9345.0,0.12440074036208826,28,9345.0
80140.0,58,13357.0,193.57971014492753,1.1378549108111065,105978.05339478023,1535.9138173156557,3038746.475,44039.80398550726,31,9454.0,0.035836938328033266,31,9454.0
80145.0,62,13662.0,200.91176470588235,0.5150074435864067,106223.5893083035,1562.1116074750514,3078207.0670000003,45267.75098529412,36,9589.0,0.03253417916820663,36,9589.0
80150.0,58,13828.0,203.35294117647058,0.875804856422346,106542.90537979922,1566.8074320558703,3117668.0370000005,45848.05936764706,30,9516.0,0.04642374836681073,30,9516.0
80155.0,56,14024.0,200.34285714285716,1.8010315117499534,106855.61952265931,1526.5088503237043,3117668.961,44538.128014285714,28,9481.0,0.041419014471747895,28,9481.0
80160.0,52,14220.0,209.11764705882354,2.4598999193853657,106998.66443779563,1573.5097711440533,3038801.2630000003,44688.25386764706,24,9417.0,0.07115116432048886,24,9417.0
80165.0,50,14448.0,206.4,1.8143863245401626,107049.1430196313,1529.2734717090184,2881049.785,41157.85407142858,24,9508.0,0.07840526492082453,24,9508.0
80170.0,55,14717.0,213.28985507246378,1.574548102692812,107089.38886300476,1552.020128449344,2841707.7679999997,41184.17055072464,29,9619.0,0.12672064541999392,29,9619.0
80175.0,55,14310.0,204.42857142857142,0.9128445326572023,107343.82478043405,1533.4832111490578,2881208.1019999995,41160.11574285714,27,9249.0,0.08988427230127016,27,9249.0
80180.0,54,14421.0,197.54794520547946,1.620866306543739,107665.61937518632,1474.8714982902231,2920684.0119999996,40009.37002739726,27,9010.0,0.09223379684429438,27,9010.0
80185.0,58,14692.0,195.89333333333335,1.4974880242527135,107992.06560708069,1439.8942080944091,2999625.0339999995,39995.00045333333,32,9117.0,0.028695684872451093,32,9117.0
80190.0,65,15003.0,202.74324324324326,0.8590413275200609,107872.01731946974,1457.729963776618,3039093.7659999994,41068.83467567567,38,9258.0,0.029090536293509228,38,9258.0
80195.0,62,15116.0,201.54666666666665,1.2925006613831085,107842.55549383661,1437.9007399178217,3118028.6729999995,41573.71564,35,9220.0,0.0342964503781693,35,9220.0
80200.0,63,15428.0,205.70666666666668,1.3395015560633583,108092.59848765448,1441.23464650206,3118046.1709999996,41573.948946666664,37,9343.0,0.045591729160593536,37,9343.0
80205.0,67,15754.0,207.28947368421052,1.1387645298861353,108351.3183666845,1425.6752416669012,3118046.0629999996,41026.92188157894,39,9491.0,0.00015099942307595247,39,9491.0
80210.0,67,16089.0,220.3972602739726,1.0079139892575617,108619.1027534816,1487.9329144312549,3118044.8529999997,42712.943191780825,39,9646.0,0.020995963686610983,39,9646.0
80215.0,56,16063.0,229.47142857142856,1.0346295140962507,108834.5232677627,1554.7789038251817,3118041.8529999997,44543.45504285714,28,9264.0,0.04835769233636656,28,9264.0
80220.0,56,16218.0,228.42253521126761,1.5103591919922352,109147.9947248196,1537.2957003495717,3118042.3279999993,43916.08912676056,27,9198.0,0.04545829456988263,27,9198.0
80225.0,53,16349.0,227.06944444444446,1.6895160196312697,109158.5654758134,1516.0911871640753,3078595.687999999,42758.27344444444,26,9286.0,0.05166175738273472,26,9286.0
80230.0,56,16593.0,230.45833333333334,1.438246684253387,109281.64211953805,1517.8005849935846,2960226.2099999995,41114.252916666665,30,9407.0,0.1048467123519637,30,9407.0
80235.0,55,16803.0,230.17808219178082,1.9084885274185757,109600.58371843767,1501.3778591566809,2999723.1939999997,41092.0985479452,29,9470.0,0.04769838968656343,29,9470.0
80240.0,58,17089.0,234.0958904109589,1.7576328467363178,109679.8046973483,1502.4630780458667,3078713.513,42174.15771232877,32,9587.0,0.08854015899648075,32,9587.0
80245.0,63,17393.0,235.04054054054055,1.2230707514932482,109826.5436283073,1484.142481463612,3078741.241,41604.61136486486,36,9719.0,0.008613569909621933,36,9719.0
80250.0,65,17716.0,249.5211267605634,0.8784782563698329,110141.11949545796,1551.2833731754642,3078740.921,43362.548183098595,37,9862.0,0.034398610801323524,37,9862.0
80255.0,61,17860.0,251.54929577464787,0.8090405451139331,110388.12315659018,1554.7622979801433,3078742.133,43362.56525352113,31,9814.0,0.021461011629583592,31,9814.0
80260.0,56,18020.0,253.80281690140845,1.9584070216846574,110704.17838855555,1559.2137801205006,3078742.133,43362.56525352113,28,9719.0,0.05890787753538935,28,9719.0
80265.0,53,18200.0,267.6470588235294,1.4596594867576038,110864.06832511394,1630.3539459575575,2960283.939,43533.58733823529,26,9808.0,0.09215196196650799,26,9808.0
80270.0,56,18454.0,275.43283582089555,0.7580014823795777,110958.28509828624,1656.093807437108,2920879.509,43595.21655223881,30,9953.0,0.04607311548444443,30,9953.0
80275.0,47,12625.0,191.28787878787878,1.3055299085000416,111076.969777521,1682.9843905684997,2881458.782,43658.466393939394,25,6104.0,0.060893790386515344,25,6104.0
80280.0,44,9330.0,137.2058823529412,2.5911456469321115,111356.174735937,1637.5908049402494,2960493.854,43536.67432352941,29,4260.0,0.0666127084459006,29,4260.0
80285.0,41,5018.0,67.8108108108108,3.198154656892903,106382.43302661361,1437.6004463055892,2970717.7709999997,40144.83474324325,34,8323.0,0.0434480943626428,34,8323.0
80290.0,41,2217.0,31.225352112676056,2.9979433445379926,79521.09912634327,1120.015480652722,2740967.547,38605.17671830986,39,8981.0,0.0874171304621051,39,8981.0
80295.0,35,551.0,7.871428571428571,2.437783207176832,54407.13845059285,777.2448350084694,2657522.6279999996,37964.60897142857,28,7808.0,0.06364443149055768,28,7808.0
80300.0,46,747.0,9.96,3.106124265602272,49857.214962362705,664.7628661648363,2884110.9189999998,38454.81225333334,32,7415.0,0.04532724305646228,32,7415.0
80305.0,51,980.0,12.894736842105264,2.9440850803317136,49890.63540731046,656.4557290435587,3105909.0109999995,40867.223828947375,32,7515.0,0.041926262341039286,32,7515.0
80310.0,58,1252.0,18.41176470588235,1.019336588692921,48121.79937806441,707.6735202656531,3106359.7649999997,45681.76125,33,7644.0,0.002343607216819577,33,7644.0
80315.0,53,1243.0,19.123076923076923,1.1649079832321867,48233.20110371204,742.049247749416,3106356.1249999995,47790.09423076923,26,7508.0,0.07647483377450658,26,7508.0
80320.0,51,1336.0,20.553846153846155,1.8689899626741113,48522.12181879857,746.4941818276704,3106356.1249999995,47790.09423076923,23,7388.0,0.06047552674052881,23,7388.0
80325.0,49,1401.0,21.227272727272727,1.7119506152032473,48642.354634279356,737.0053732466567,3027365.1019999995,45869.16821212122,22,7470.0,0.05463706481663436,22,7470.0
80330.0,52,1621.0,25.73015873015873,0.9677356107317954,48617.204823049375,771.7016638579269,2908931.3789999997,46173.513952380956,25,7591.0,0.07098341035290212,25,7591.0
80335.0,48,1549.0,23.83076923076923,1.1424621862532898,48788.997814804396,750.5999663816062,2909004.4760000003,44753.91501538462,22,7494.0,0.05959102127971663,22,7494.0
80340.0,52,1795.0,26.791044776119403,1.8293514809234825,49077.805948921814,732.5045664018182,2988103.1020000004,44598.553761194045,25,7491.0,0.07409826248263579,25,7491.0
80345.0,58,2063.0,29.056338028169016,1.4946858173898214,49388.08119569786,695.6067774041953,3027648.7360000005,42642.93994366197,32,7601.0,0.00230351536135752,32,7601.0
80350.0,60,2358.0,34.6764705882353,1.2260361256137686,49507.98363732097,728.0585829017791,3067191.1560000004,45105.75229411765,33,7735.0,0.06313337064738823,33,7735.0
80355.0,56,2509.0,38.6,0.794650683045643,49620.30877878316,763.3893658274333,3067188.1560000004,47187.5100923077,28,7609.0,0.02450872377100134,28,7609.0
80360.0,54,2694.0,40.208955223880594,1.5802654238562444,49919.53998233353,745.0677609303516,3067189.6560000004,45778.95008955225,26,7516.0,0.05039169854677098,26,7516.0
80365.0,50,2854.0,42.59701492537314,2.004759087269693,50193.152337909254,749.1515274314818,3027644.9880000004,45188.73116417911,23,7516.0,0.06007372149402377,23,7516.0
80370.0,52,3090.0,47.53846153846154,1.2339693132703717,50166.83466459774,771.7974563784268,2948721.2070000004,45364.94164615385,25,7621.0,0.08520301042088005,25,7621.0
80375.0,48,3201.0,50.015625,1.2549003038079785,50078.438610013305,782.475603281458,2869827.7320000003,44841.0583125,22,7588.0,0.040417193875920465,22,7588.0
80380.0,52,3455.0,51.56716417910448,1.9979543218414866,50364.814802191126,751.7136537640469,2948958.7730000005,44014.310044776124,26,7662.0,0.09057876886574642,26,7662.0
80385.0,56,3725.0,53.98550724637681,1.6910391068220163,50594.21693642014,733.2495208176831,3028084.856,43885.28776811595,29,7772.0,0.05425833457056037,29,7772.0
80390.0,60,4014.0,62.71875,0.36320292335106297,50722.34807838035,792.5366887246932,3067645.7060000002,47931.96415625,33,7900.0,0.0005021902513774828,33,7900.0
80395.0,55,4179.0,65.296875,0.8073316795802534,51027.19231728723,797.299879957613,3067645.7060000002,47931.96415625,27,7814.0,0.04132792621030667,27,7814.0
80400.0,52,4348.0,67.9375,1.7154929334945748,51317.55543543778,801.8368036787155,3067645.7060000002,47931.96415625,24,7675.0,0.041610883222165704,24,7675.0
80405.0,47,4514.0,65.42028985507247,2.0169310291916163,51452.30856389432,745.685631360787,2988593.525,43312.949637681166,21,7753.0,0.0816883565650433,21,7753.0
80410.0,51,4758.0,68.95652173913044,1.8696164302147824,51498.22354609931,746.3510658854973,2909575.338,42167.75852173913,24,7851.0,0.14321535526123164,24,7851.0
80415.0,52,4972.0,73.11764705882354,1.4231436302287621,51586.84400887719,758.6300589540764,2870125.272,42207.724588235295,26,7919.0,0.0650236021674871,26,7919.0
80420.0,58,5253.0,75.04285714285714,1.160136263979297,51896.873497232846,741.3839071033265,2949282.868,42132.6124,32,8040.0,0.05460925518494693,32,8040.0
80425.0,63,5554.0,78.22535211267606,1.165073353286511,52194.69078576919,735.136489940411,3028438.92,42654.06929577464,36,8181.0,0.025749359932369254,36,8181.0
80430.0,64,5870.0,83.85714285714286,0.8205102207096543,52506.963467486574,750.0994781069512,3068014.886,43828.78408571429,38,8337.0,0.025225990683629806,38,8337.0
80435.0,58,5355.0,75.4225352112676,0.7889011461260738,52777.39729736633,743.3436239065682,3107584.796,43768.79994366197,27,7957.0,0.04060019322264753,27,7957.0
80440.0,54,5498.0,77.43661971830986,1.4966832649515982,53099.229507074284,747.8764719306238,3107584.796,43768.79994366197,23,7801.0,0.06655043834579401,23,7801.0
80445.0,53,5693.0,81.32857142857142,1.1654424375996524,53182.33572504651,759.7476532149502,3068022.812,43828.897314285714,25,7887.0,0.04993059254439599,25,7887.0
80450.0,58,5948.0,87.47058823529412,0.8518073094566202,53484.58887386868,786.5380716745395,2988864.417,43953.88848529412,32,8015.0,0.02176574350013355,32,8015.0
80455.0,59,6197.0,89.81159420289855,1.0525895714361138,53441.83018939061,774.5192781071104,3068049.338,44464.48315942029,32,8116.0,0.022552267056379204,32,8116.0
80460.0,60,6494.0,94.1159420289855,1.3127637219658697,53617.70314537327,777.0681615271491,3068049.816,44464.49008695652,33,8251.0,0.059938370352156274,33,8251.0
80465.0,62,6800.0,94.44444444444444,1.1032285259796841,53756.642676961696,746.6200371800237,3028541.092,42063.070722222226,34,8387.0,0.017592817359048635,34,8387.0
80470.0,64,7116.0,103.1304347826087,0.83547619565622,54044.790550994294,783.2578340723811,3028540.484,43891.89107246377,36,8533.0,0.04819739888329439,36,8533.0
80475.0,56,7179.0,104.04347826086956,0.9178483366172104,54368.53243124216,787.9497453803211,3028540.484,43891.89107246377,28,8324.0,0.04838960006788724,28,8324.0
80480.0,54,7305.0,105.8695652173913,1.1978615198302895,54685.44343756597,792.5426585154491,3028540.484,43891.89107246377,25,8415.0,0.02753786600634364,25,8415.0
80485.0,53,7461.0,105.08450704225352,1.3668435815917708,54871.33796014066,772.8357459174744,2988997.179,42098.55181690141,26,8516.0,0.02384662455978729,26,8516.0
80490.0,56,7708.0,108.56338028169014,1.2604608648038167,54983.99741272107,774.4224987707195,2989049.9269999997,42099.294746478874,30,8654.0,0.06095059569939746,30,8654.0
80495.0,49,6622.0,91.97222222222223,2.1791081328766,55277.647360493385,767.7451022290747,3028670.645,42064.87006944444,21,7740.0,0.1150503977909599,21,7740.0
80500.0,51,6868.0,95.38888888888889,2.700685944615893,55423.438844346485,769.7699839492567,3028745.148,42065.904833333334,25,7522.0,0.06175444854199889,25,7522.0
80505.0,56,7137.0,101.95714285714286,2.417971897009162,55325.8117905349,790.3687398647841,3028744.0779999997,43267.772542857136,28,7628.0,0.03281129580077169,28,7628.0
80510.0,57,7419.0,119.66129032258064,0.911179849130542,54746.2455465555,883.0039604283145,3028736.542,48850.58938709676,29,7740.0,0.00010418229193822441,29,7740.0
80515.0,51,7538.0,127.76271186440678,0.9233269222384106,54790.351526957624,928.6500258806378,3028732.9359999998,51334.456542372885,23,7712.0,0.021311234475846475,23,7712.0
80520.0,51,7793.0,132.08474576271186,1.3499043344957213,55057.317612365725,933.1748747858599,3028732.9359999998,51334.456542372885,23,7774.0,3.304488091029949e-07,23,7774.0
80525.0,51,8048.0,129.80645161290323,1.6162856952957125,55286.02417323986,891.71006731032,3028732.042,48850.516806451604,23,7859.0,0.025469824054213278,23,7859.0
80530.0,53,8309.0,140.83050847457628,1.3682213640367906,55437.792904724825,939.6236085546581,3028731.8619999997,51334.438338983055,25,7950.0,0.06876401705132647,25,7950.0
80535.0,49,8289.0,142.91379310344828,0.7684011754324848,55655.27911661431,959.5737778726605,3028732.293,52219.52229310345,21,7729.0,0.04163439901431038,21,7729.0
80540.0,46,8294.0,138.23333333333332,1.7825043396703009,55920.86320033135,932.0143866721894,3028733.797,50478.896616666665,18,7560.0,0.09771735845367469,18,7560.0
80545.0,43,8378.0,142.0,1.979676897310141,56138.858513139494,951.5060764938897,2989108.3109999998,50662.85272881355,15,7496.0,0.07937289670314492,15,7496.0
80550.0,46,8512.0,149.33333333333334,0.960583070172375,55870.30397672412,980.180771521476,2910121.9629999995,51054.77128070175,19,7595.0,0.07503225807141033,19,7595.0
80555.0,44,8638.0,148.93103448275863,1.4539368024427946,55980.285414780636,965.1773347375974,2910227.2169999997,50176.3313275862,18,7603.0,0.04743213381706279,18,7603.0
80560.0,48,8866.0,150.27118644067798,1.6864612872206737,56086.491759407356,950.6185043967349,2950007.028999999,50000.11913559322,21,7671.0,0.06903501849255149,21,7671.0
80565.0,49,9108.0,142.3125,2.0745250506486173,56319.908589276056,879.9985717074387,2989682.2389999996,46713.784984375,23,7753.0,0.06839688184754163,23,7753.0
80570.0,52,9362.0,153.47540983606558,1.2851222286548905,56477.919202907295,925.867527916513,3069014.434999999,50311.71204918033,26,7847.0,0.05152394127644248,26,7847.0
80575.0,50,9496.0,158.26666666666668,0.9118830786875621,56754.3797397338,945.9063289955632,3069014.434999999,51150.24058333333,22,7674.0,0.0470262972131731,22,7674.0
80580.0,48,9643.0,160.71666666666667,1.6854459104298225,57026.354932226815,950.4392488704469,3069014.434999999,51150.24058333333,20,7518.0,0.05567537325742384,20,7518.0
80585.0,45,9813.0,158.2741935483871,1.8580590202054719,57284.210527357005,923.9388794734998,3029343.505999999,48860.37912903225,18,7579.0,0.06669994479192519,18,7579.0
80590.0,49,10035.0,161.8548387096774,1.4587614478382351,57200.93532972543,922.5957311246036,2950215.243,47584.11682258065,22,7664.0,0.12838878983422145,22,7664.0
80595.0,48,10236.0,167.80327868852459,1.4735563775537301,57165.84248831824,937.144958824889,2910744.775,47717.1274590164,22,7719.0,0.05291001446647691,22,7719.0
80600.0,53,10490.0,166.5079365079365,1.2822795248529582,57442.52538566551,911.7861172327857,2990114.173,47462.12973015874,26,7812.0,0.07139571817789939,26,7812.0
80605.0,57,10763.0,165.58461538461538,1.1837126723153295,57711.38197761419,887.8674150402185,3069481.9200000004,47222.79876923077,30,7926.0,0.030715181765733054,30,7926.0
80610.0,58,11045.0,172.578125,0.7567324143199361,57986.33051104106,906.0364142350168,3109163.8320000004,48580.684875,32,8048.0,0.05274871306703819,32,8048.0
80615.0,55,11174.0,166.77611940298507,1.1700765834924138,58284.79926913714,869.9223771513005,3109167.8980000005,46405.49101492538,25,7860.0,0.0612220840458954,25,7860.0
80620.0,48,11313.0,171.4090909090909,2.4376146490318984,58529.25502945134,886.8068943856264,3109167.8980000005,47108.60451515152,20,7705.0,0.12171360435258648,20,7705.0
80625.0,48,11474.0,176.52307692307693,1.8227825950291157,58624.72428769182,901.9188351952589,3069588.8530000006,47224.4438923077,21,7774.0,0.09586891817888969,21,7774.0
80630.0,53,11712.0,192.0,0.5064360395915678,58519.075345851896,959.329104030359,2911078.812000001,47722.603475409844,27,7879.0,0.03468372877849399,27,7879.0
80635.0,43,8162.0,133.80327868852459,1.2880691778871916,58646.702948336235,961.421359808791,2911183.2790000006,47724.316049180336,21,4915.0,0.06786111253508256,21,4915.0
80640.0,40,5999.0,95.22222222222223,2.5880548547958484,58907.110480623174,935.0334996924312,2990585.0010000006,47469.6031904762,25,4043.0,0.08861772907732621,25,4043.0
80645.0,35,3139.0,44.84285714285714,2.976535808035322,53562.79686590972,765.1828123701388,2961495.255000001,42307.07507142858,29,7546.0,0.027863504047618143,29,7546.0
80650.0,37,1299.0,19.681818181818183,3.188251216676901,27886.27399070037,422.51930288939946,2655262.96,40231.25696969696,35,8553.0,0.09192568380836108,35,8553.0
80655.0,39,1031.0,15.388059701492537,1.836316639547114,21243.59990434967,317.0686552888011,2736174.7590000005,40838.42923880597,30,8324.0,0.044765809930779235,30,8324.0
80660.0,48,1158.0,16.542857142857144,1.0987019332136647,20691.65830927456,295.5951187039223,2959721.401000001,42281.734300000004,32,8420.0,0.01316707171312535,32,8420.0
80665.0,51,1307.0,18.67142857142857,0.8787620157625771,20841.385490953944,297.7340784421992,3068511.9690000005,43835.885271428575,31,8572.0,0.011913030608392333,31,8572.0
80670.0,61,1558.0,21.63888888888889,0.9289017031647749,21169.536533877563,294.0213407482995,3103038.2100000004,43097.752916666665,35,8749.0,0.0044665766674079795,35,8749.0
80675.0,58,1660.0,23.055555555555557,1.399870060592127,21332.755258282254,296.28826747614244,3142755.5170000005,43649.38218055555,32,8755.0,0.050956423722113814,32,8755.0
80680.0,61,1959.0,27.591549295774648,1.350849784059815,21606.38392604958,304.3152665640786,3142752.3470000005,44264.117563380285,32,8871.0,0.027837192134950457,32,8871.0
80685.0,62,2263.0,32.32857142857143,1.2723545619319818,21734.887631168127,310.49839473097336,3103124.041,44330.34344285715,34,9032.0,0.00020837652209455265,34,9032.0
80690.0,62,2573.0,37.838235294117645,0.9038481146483746,21938.807384279135,322.62952035704615,3103124.95,45634.19044117647,34,9197.0,0.020855031021105554,34,9197.0
80695.0,58,2706.0,40.38805970149254,0.9204581835724552,22146.821524447525,330.54957499175424,3103125.7040000004,46315.30901492537,30,9104.0,0.04269040343766517,30,9104.0
80700.0,53,2835.0,42.95454545454545,1.5516268553418617,22415.54241330892,339.6294305046806,3103122.7040000004,47017.01066666666,25,9047.0,0.044451078579426886,25,9047.0
80705.0,51,2977.0,43.779411764705884,1.4029974079302954,22531.237852739687,331.3417331285249,3063499.2890000003,45051.46013235294,24,9161.0,0.05035522384736102,24,9161.0
80710.0,55,3211.0,47.220588235294116,1.3732881574300533,22694.6245728307,333.74447901221623,3063582.858,45052.6890882353,28,9331.0,0.05415945774758962,28,9331.0
80715.0,45,2084.0,31.575757575757574,1.4822371898586941,22731.010301734746,344.40924699598105,3023993.557,45818.08419696969,19,8450.0,0.07938944838141718,19,8450.0
80720.0,50,2324.0,33.2,2.9913322563084166,23010.007225944904,328.7143889420701,3103502.2199999997,44335.746,24,8213.0,0.10731554461500166,24,8213.0
80725.0,53,2578.0,35.80555555555556,2.693482616007716,22805.691052200364,316.74570905833855,3183001.2499999995,44208.350694444445,26,8321.0,0.013089705568723351,26,8321.0
80730.0,56,2851.0,43.86153846153846,1.3386016032120431,22213.824837471686,341.7511513457184,3182996.3459999994,48969.174553846155,28,8454.0,0.053471610249883825,28,8454.0
80735.0,53,2974.0,47.96774193548387,0.9841848254649552,22354.624324374796,360.55845684475486,3182994.7999999993,51338.62580645161,25,8452.0,0.02606512741196395,25,8452.0
80740.0,54,3242.0,52.29032258064516,1.4258742993958982,22634.205695520377,365.06783379871587,3182994.7999999993,51338.62580645161,26,8555.0,0.03479279351969669,26,8555.0
80745.0,55,3513.0,54.890625,1.354193431906643,22878.876785488294,357.48244977325464,3182994.5099999993,49734.28921875,27,8681.0,0.004529445979975359,27,8681.0
80750.0,55,3788.0,63.13333333333333,1.059386133038415,23021.006691575927,383.6834448595988,3182993.7559999996,53049.895933333326,27,8811.0,0.028923820706418166,27,8811.0
80755.0,48,3764.0,64.89655172413794,0.8346339487407358,23253.34983423016,400.91982472810633,3182993.7559999996,54879.20268965517,20,8609.0,0.041231907043867366,20,8609.0
80760.0,46,3830.0,66.03448275862068,1.727601843642844,23514.442461042614,405.42142174211415,3182993.7559999996,54879.20268965517,18,8463.0,0.06913694616211019,18,8463.0
80765.0,43,3852.0,63.14754098360656,2.1863093792623385,23733.561119900998,389.07477245739346,3143243.0549999997,51528.57467213115,16,8433.0,0.08614437242878253,16,8433.0
80770.0,47,4032.0,64.0,1.8974196950807296,23614.786550170895,374.83788174874456,3063932.2899999996,48633.84587301587,20,8557.0,0.1611056905621921,20,8557.0
80775.0,45,4211.0,69.0327868852459,1.9951508484780223,23420.396645374476,383.94092861269644,2984672.0759999994,48929.0504262295,19,8643.0,0.13475260666723282,19,8643.0
80780.0,52,4449.0,70.61904761904762,1.3697315854412122,23685.01806570738,375.95266770964116,3064255.2759999996,48638.97263492063,24,8745.0,0.0909348524040577,24,8745.0
80785.0,54,4707.0,74.71428571428571,1.3467247863545857,23947.94556400798,380.1261200636188,3104044.8229999994,49270.55274603174,28,8850.0,0.04196133452117435,28,8850.0
80790.0,55,4980.0,80.3225806451613,0.9033455482307178,24218.828361480628,390.62626389484893,3183624.9099999997,51348.788870967735,29,8957.0,0.03819405051741943,29,8957.0
80795.0,53,5112.0,81.14285714285714,0.790834376361577,24447.954101169562,388.06276351062803,3223407.8799999994,51165.20444444444,24,8753.0,0.023818307708852914,24,8753.0
80800.0,48,5276.0,83.74603174603175,2.2019049836050253,24725.092269544555,392.46178205626285,3223407.8799999994,51165.20444444444,20,8597.0,0.0900005531621868,20,8597.0
80805.0,45,5426.0,82.21212121212122,2.2232050110543744,24936.405092898094,377.8243195893651,3183660.7359999996,48237.28387878788,18,8645.0,0.11526781370580785,18,8645.0
80810.0,47,5643.0,91.01612903225806,1.4282761621637392,24862.515078371,401.0083077156614,3024696.8479999998,48785.43303225807,21,8712.0,0.10747880710140117,21,8712.0
80815.0,51,5879.0,94.8225806451613,0.7932310252356344,24842.169523230048,400.68015360048474,3024904.5179999997,48788.7825483871,25,8789.0,0.053629409575712716,25,8789.0
80820.0,57,6151.0,96.109375,0.790668592702501,25135.31588127972,392.73931064499567,3104510.5099999993,48507.97671875,30,8891.0,0.026876017061561116,30,8891.0
80825.0,59,6442.0,93.3623188405797,1.1371587300678736,25437.76652893284,368.6632830280122,3144313.9589999993,45569.76752173914,33,9012.0,0.027696759912927704,33,9012.0
80830.0,63,6746.0,99.20588235294117,0.9225653681361949,25730.06191908831,378.38326351600466,3184111.642999999,46825.171220588236,35,9142.0,0.09105881893730218,35,9142.0
80835.0,59,6911.0,101.63235294117646,0.7025955739332571,26052.391083855804,383.12339829199715,3184111.642999999,46825.171220588236,31,8988.0,0.024047636796961078,31,8988.0
80840.0,57,7116.0,104.6470588235294,1.5045798087186335,26363.709835056434,387.70161522141814,3184111.642999999,46825.171220588236,29,8932.0,0.053096047737368236,29,8932.0
80845.0,53,7290.0,105.65217391304348,1.704006869492847,26486.546126974397,383.86298734745503,3144413.6899999995,45571.21289855072,26,8942.0,0.06537518387836383,26,8942.0
80850.0,54,7538.0,110.8529411764706,1.3033507128628727,26479.467957871533,389.4039405569344,3025170.3219999997,44487.79885294119,28,9053.0,0.08374048749272743,28,9053.0
80855.0,53,7736.0,113.76470588235294,1.3761344349117106,26560.888148735008,390.60129630492656,2985489.428,43904.25629411765,27,9098.0,0.07944056975955699,27,9098.0
80860.0,60,8018.0,114.54285714285714,1.4999988904760446,26868.49320895087,383.8356172707267,3065128.284,43787.54691428572,33,9209.0,0.08737987147309152,33,9209.0
80865.0,62,8315.0,117.11267605633803,1.0435043177184513,27161.59758020435,382.5577123972445,3144755.430000001,44292.33,35,9337.0,0.006385286418176737,35,9337.0
80870.0,65,8635.0,126.98529411764706,0.34316956409313576,27411.654971819444,403.11257311499196,3184569.8810000005,46831.91001470589,39,9487.0,0.013748232651564093,39,9487.0
80875.0,55,8424.0,120.34285714285714,1.2825110846791223,27726.264385933824,396.08949122762607,3224385.671,46062.65244285714,27,9256.0,0.058014010610435665,27,9256.0
80880.0,53,8586.0,122.65714285714286,1.7239832758071811,28034.664894003392,400.4952127714771,3224385.671,46062.65244285714,23,9187.0,0.037905793402406046,23,9187.0
80885.0,52,8789.0,118.77027027027027,1.6584537748885997,28136.103042426155,380.2176086814345,3184600.863000001,43035.1467972973,24,9263.0,0.028544472742157993,24,9263.0
80890.0,55,9037.0,127.28169014084507,1.5465481426000425,28342.54746414753,399.1908093541906,3104977.8160000006,43732.081915492956,29,9372.0,0.09757179020154905,29,9372.0
80895.0,49,8239.0,116.04225352112677,1.750678279232603,28544.65670212413,402.03741833977654,3144806.7400000007,44293.052676056344,22,8591.0,0.054931762364755804,22,8591.0
80900.0,54,8496.0,116.38356164383562,2.6093208206774365,28730.7345406196,393.5717060358849,3184636.963000001,43625.16387671232,27,8502.0,0.01868178686042502,27,8502.0
80905.0,54,8765.0,125.21428571428571,2.67158684623445,28598.48432269078,408.54977603843963,3144844.0950000007,44926.34421428572,27,8597.0,0.03219287453655904,27,8597.0
80910.0,56,9041.0,148.21311475409837,0.6871819554809765,28057.003105349846,459.95087057950565,3144836.0750000007,51554.68975409836,28,8693.0,0.011814640836705751,28,8693.0
80915.0,52,9183.0,155.64406779661016,0.8067017984816746,28293.45890212552,479.55015088348324,3144832.605000001,53302.24754237288,24,8672.0,0.008423348267452516,24,8672.0
80920.0,52,9443.0,160.05084745762713,1.4094530200768491,28560.803640448765,484.08141763472497,3144832.605000001,53302.24754237288,24,8735.0,0.038423150404542424,24,8735.0
80925.0,53,9704.0,156.51612903225808,1.3399540688806377,28800.556367344943,464.52510269911215,3144832.3450000007,50723.10233870968,25,8816.0,0.013924557187086517,25,8816.0
80930.0,53,9969.0,168.96610169491527,1.141709979255441,28955.47248199389,490.7707200337948,3144831.715000001,53302.23245762713,25,8901.0,0.07759752321356528,25,8901.0
80935.0,48,9943.0,171.43103448275863,0.8660659001646317,29196.744958657975,503.3921544596204,3144831.715000001,54221.23646551724,20,8728.0,0.06725056233910158,20,8728.0
80940.0,48,9995.0,172.32758620689654,1.418141657885455,29462.391593047258,507.9722688456425,3144831.715000001,54221.23646551724,20,8591.0,0.06429796880134717,20,8591.0
80945.0,44,9999.0,163.91803278688525,1.7614688374145029,29728.3097507732,487.34934017660987,3144831.715000001,51554.618278688526,17,8639.0,0.06287820482894903,17,8639.0
80950.0,47,10186.0,166.98360655737704,1.3902837119306037,29665.70022147432,486.3229544503988,3065300.0700000003,50250.82081967214,21,8739.0,0.10213561883885545,21,8739.0
80955.0,46,10357.0,172.61666666666667,1.5472119317644937,29677.04420696432,494.6174034494053,3025587.7660000003,50426.462766666664,20,8782.0,0.06471940009527748,20,8782.0
80960.0,51,10600.0,170.96774193548387,1.3898385350091518,29945.047343904756,482.98463457910896,3105338.543,50086.105532258065,24,8854.0,0.06444574503683799,24,8854.0
80965.0,54,10859.0,164.53030303030303,1.6207614088103093,30207.39598449826,457.6878179469434,3185098.319,48259.06543939393,27,8944.0,0.034795904166081866,27,8944.0
80970.0,56,11131.0,176.68253968253967,1.2262684170870441,30446.78769928726,483.28234443313113,3185098.319,50557.11617460317,28,9043.0,0.05672316895799713,28,9043.0
80975.0,54,11255.0,178.65079365079364,0.8359770707906905,30686.805246920223,487.09214677651147,3185099.219,50557.13046031746,24,8847.0,0.03122627804543307,24,8847.0
80980.0,49,11413.0,181.15873015873015,2.047237890884714,30964.14829856607,491.4944174375568,3185099.219,50557.13046031746,21,8698.0,0.08595443545985056,21,8698.0
80985.0,46,11549.0,183.31746031746033,2.122706533269963,31227.76859177215,495.67886653606604,3185099.219,50557.13046031746,19,8666.0,0.11280018087481634,19,8666.0
80990.0,49,11763.0,196.05,0.9919436971157543,31124.957404009958,518.7492900668327,3065685.3209999995,51094.75535,22,8742.0,0.04706919965506488,22,8742.0
80995.0,50,11977.0,203.0,1.067671935453942,31107.77491543473,527.2504222955039,3025981.8649999998,51287.82822033897,24,8802.0,0.05605397663809947,24,8802.0
81000.0,51,12230.0,203.83333333333334,0.8443629496442306,31264.584351048303,521.076405850805,3065951.164,51099.186066666654,25,8885.0,0.04000261096399514,25,8885.0
81005.0,58,12502.0,181.18840579710144,1.2372416179149557,31552.446484196153,457.28183310429205,3145752.466,45590.615449275356,31,8987.0,0.047028938496492825,31,8987.0
81010.0,56,12782.0,187.97058823529412,1.7920154500598149,31801.066681079556,467.6627453099935,3185647.841,46847.762367647054,30,9097.0,0.1527387856189991,30,9097.0
81015.0,55,12928.0,187.36231884057972,0.8181842076816468,32116.555108645534,465.45732041515265,3225537.745,46746.9238405797,28,8954.0,0.044963908781017664,28,8954.0
81020.0,56,13112.0,190.02898550724638,1.5134576420723271,32429.310900668806,469.99001305317114,3225537.745,46746.9238405797,28,8857.0,0.04128779103870541,28,8857.0
81025.0,53,13322.0,195.91176470588235,1.4069667127795507,32588.29643005574,479.23965338317277,3185717.295,46848.78375,26,8949.0,0.041115520204757276,26,8949.0
81030.0,56,13581.0,205.77272727272728,0.7628075241836534,32553.411125108825,493.2335018955883,3026325.431,45853.41562121212,29,9059.0,0.03505441312990722,29,9059.0
81035.0,54,13772.0,205.55223880597015,1.3484440081641553,32718.819276233855,488.3405862124457,3026416.141,45170.3901641791,28,9090.0,0.07245348807804106,28,9090.0
81040.0,56,14048.0,203.59420289855072,1.4412205136179679,33023.31505226217,478.5987688733649,3106230.2229999998,45017.82931884057,30,9196.0,0.060361968667427233,30,9196.0
81045.0,61,14344.0,199.22222222222223,1.4119693696589848,33320.35671815744,462.7827321966314,3146131.6709999996,43696.27320833333,35,9322.0,0.010648486460827623,35,9322.0
81050.0,62,14651.0,212.33333333333334,1.0421290545707054,33559.84951693127,486.3746306801633,3186035.616,46174.429217391305,35,9457.0,0.06685617109266163,35,9457.0
81055.0,53,14324.0,207.59420289855072,1.0992373619694218,33845.417339574095,490.5132947764363,3186033.56,46174.39942028985,25,9068.0,0.04298969326888369,25,9068.0
81060.0,52,14476.0,209.79710144927537,1.3808041800779745,34157.87939651434,495.0417303842657,3186033.56,46174.39942028985,23,9034.0,0.037008575023054935,23,9034.0
81065.0,54,14667.0,206.57746478873239,1.4869788609500396,34460.60830248095,485.36068031663297,3146126.872,44311.64608450704,26,9115.0,0.03221188695201098,26,9115.0
81070.0,59,14924.0,216.28985507246378,1.25332456116151,34405.45805924206,498.6298269455368,3106316.202,45019.07539130435,32,9242.0,0.0841778730923912,32,9242.0
81075.0,50,14383.0,211.51470588235293,1.5511233968914926,34455.20850012379,506.694242648879,3146237.0199999996,46268.191470588245,23,8658.0,0.07394171051829636,23,8658.0
81080.0,55,14648.0,206.30985915492957,2.1181931481698926,34635.624422400775,487.82569609015167,3146279.1180000002,44313.7903943662,28,8639.0,0.012937242741408833,28,8639.0
81085.0,56,14925.0,207.29166666666666,2.479914400153607,34763.185460254106,482.82202028130695,3146281.9659999995,43698.36063888889,28,8736.0,0.03896223945290234,28,8736.0
81090.0,56,15205.0,233.92307692307693,1.2936796969468083,34416.32138247939,529.4818674227598,3146277.7959999996,48404.27378461538,28,8836.0,0.0896330851094098,28,8836.0
81095.0,55,15381.0,248.08064516129033,0.8966371295313605,34584.38074426309,557.8125926494045,3146273.424,50746.3455483871,27,8832.0,0.01140011773645686,27,8832.0
81100.0,55,15656.0,252.51612903225808,1.1711813492877117,34868.21164589406,562.3905104176459,3146273.424,50746.3455483871,27,8927.0,0.03232608885955515,27,8927.0
81105.0,56,15933.0,256.98387096774195,0.8642761619592025,35095.83857528917,566.0619125046637,3146273.0399999996,50746.3393548387,28,9024.0,2.463358319930694e-05,28,9024.0
81110.0,56,16213.0,274.79661016949154,0.5731134631740757,35297.068023830136,598.255390234409,3146272.282,53326.64884745763,28,9124.0,0.0,28,9124.0
81115.0,50,16191.0,279.1551724137931,0.725451494183607,35561.00146622968,613.1207149349943,3146272.282,54246.07382758621,22,8931.0,0.04427264722932364,22,8931.0
81120.0,47,16184.0,279.0344827586207,1.4726994608611519,35828.48555150152,617.7325095086469,3146272.282,54246.07382758621,19,8789.0,0.05442192982794308,19,8789.0
81125.0,44,16222.0,253.46875,2.0274730282374884,36099.0514369182,564.047678701847,3146278.282,49160.59815625,17,8837.0,0.06775006462220019,17,8837.0
81130.0,47,16402.0,260.3492063492063,1.8383890912139318,35853.3221946225,569.1003522955951,3026715.426,48043.102,20,8938.0,0.1681204765765683,20,8938.0
81135.0,41,16372.0,259.87301587301585,1.5080514454117055,36009.41169304571,571.5779633816779,3026793.48,48044.34095238095,15,8614.0,0.10546235260989682,15,8614.0
81140.0,46,16588.0,255.2,1.5449325645689531,36290.55839488699,558.3162829982614,3106740.568,47796.00873846155,19,8537.0,0.07468510278863845,19,8537.0
81145.0,51,16831.0,258.9384615384615,1.1178695275836923,36321.29800873582,558.7892001343972,3146779.774,48411.99652307692,23,8605.0,0.06050904011596507,23,8605.0
81150.0,55,17082.0,266.90625,0.590872923951143,36439.625839708155,569.3691537454399,3146828.1280000005,49169.1895,29,8695.0,0.010121738290438458,29,8695.0
81155.0,54,17185.0,256.4925373134328,1.3872068927267422,36684.65403148645,547.5321497236785,3186802.8960000006,47564.22232835821,26,8643.0,0.013475222066424332,26,8643.0
81160.0,53,17448.0,256.5882352941176,2.3185277026783235,36922.74093433391,542.9814843284398,3226770.9350000005,47452.51375,27,8721.0,0.09578606849946858,27,8721.0
81165.0,55,17717.0,268.43939393939394,1.6981528210946215,36975.13855152667,560.2293719928284,3226852.059000001,48891.697863636364,27,8816.0,0.09571422912738893,27,8816.0
81170.0,59,18001.0,281.265625,0.7902307956775811,37188.76586602598,581.0744666566562,3226852.059000001,50419.563421875006,31,8920.0,0.023866846064156018,31,8920.0
81175.0,52,18095.0,296.6393442622951,0.792334678286656,37423.501822274295,613.5000298733493,3226849.059000001,52899.16490163935,24,8751.0,0.03649078474762338,24,8751.0
81180.0,48,18208.0,298.4918032786885,1.8708797815617866,37694.89033213839,617.9490218383344,3226849.059000001,52899.16490163935,20,8506.0,0.0515784851183025,20,8506.0
81185.0,45,18335.0,277.8030303030303,2.496140471719236,37963.569288855106,575.2055952856834,3226853.8630000004,48891.725196969695,18,8555.0,0.08779391174242755,18,8555.0
81190.0,46,18540.0,303.9344262295082,1.8395596693987306,37706.01199096079,618.1313441141115,3027233.6950000008,49626.78188524591,20,8654.0,0.16594089065654097,20,8654.0
81195.0,46,18724.0,306.95081967213116,0.7560208250505697,37686.63744491531,617.813728605169,3027426.1100000003,49629.9362295082,19,8510.0,0.048191648806485896,19,8510.0
81200.0,47,18952.0,305.6774193548387,1.4571461268474188,37966.25467975847,612.3589464477174,3067418.512,49474.49212903226,21,8463.0,0.08815563276918895,21,8463.0
81205.0,48,19188.0,282.1764705882353,1.6628559041081932,38253.81778963387,562.5561439652039,3147408.118,46285.4135,22,8529.0,0.07211590570275815,22,8529.0
81210.0,52,19440.0,285.88235294117646,1.6554068671086624,38258.373948580665,562.6231463026569,3107569.727999999,45699.554823529405,26,8611.0,0.11884196928496052,26,8611.0
81215.0,50,19547.0,283.28985507246375,1.4485680629052051,38381.0732805998,556.2474388492725,3107658.4769999995,45038.5286521739,24,8548.0,0.0925548900127793,24,8548.0
81220.0,58,19824.0,279.2112676056338,1.4614374139457404,38690.88294248583,544.9420132744484,3187634.1559999995,44896.255718309854,31,8653.0,0.06634352417471617,31,8653.0
81225.0,61,20116.0,287.37142857142857,1.2368337221858494,38935.208239143096,556.2172605591871,3227620.2059999993,46108.86008571428,35,8777.0,0.021505856329312772,35,8777.0
81230.0,65,20432.0,304.95522388059703,0.41474361953978506,39172.10562690184,584.6582929388335,3267611.363999999,48770.318865671645,37,8919.0,3.519993199470115e-05,37,8919.0
81235.0,56,20551.0,306.7313432835821,0.838840673138845,39423.22899723535,588.406402943811,3267612.311999999,48770.333014925374,28,8885.0,0.029746662305573626,28,8885.0
81240.0,52,20729.0,300.42028985507244,2.18245894904117,39720.283524766084,575.6562829676244,3267615.475999999,47356.7460289855,24,8857.0,0.07191560686739899,24,8857.0
81245.0,50,20883.0,290.0416666666667,2.236292657861922,39982.59753436813,555.3138546440022,3227624.015999999,44828.111333333334,23,8928.0,0.11013785068240657,23,8928.0
81250.0,53,21122.0,310.61764705882354,1.446934961972971,40042.32457961409,588.8577144060896,3067707.1899999995,45113.34102941176,26,9029.0,0.11049572901343013,26,9029.0
81255.0,48,20478.0,305.64179104477614,1.583899554604604,40165.327309181586,599.482497151964,3027774.4799999995,45190.663880597014,22,8371.0,0.08900847735590486,22,8371.0
81260.0,52,20732.0,287.94444444444446,2.230100463891352,40457.37422001308,561.9079752779597,3107787.613,43163.71684722222,26,8317.0,0.016491461444578817,26,8317.0
81265.0,56,21006.0,291.75,2.590006023472466,40584.91455457529,563.6793688135459,3147795.0209999997,43719.37529166667,30,8421.0,0.038599495410702865,30,8421.0
81270.0,56,21286.0,327.4769230769231,0.9275991436504507,40075.453470275614,616.5454380042405,3227800.9,49658.47538461538,30,8531.0,0.06454640377899308,30,8531.0
81275.0,56,21444.0,335.0625,0.805026037254242,40346.099849599115,630.4078101499863,3227800.4259999995,50434.38165624999,28,8529.0,0.009273790761836076,28,8529.0
81280.0,57,21728.0,339.5,1.0281834163937864,40641.24132689317,635.0193957327058,3227800.4259999995,50434.38165624999,29,8618.0,0.03033405537794276,29,8618.0
81285.0,58,22014.0,323.7352941176471,1.326742864061892,40908.686200322656,601.5983264753331,3227803.044,47467.691823529414,30,8738.0,4.564170604335436e-05,30,8738.0
81290.0,58,22304.0,343.1384615384615,1.209213758149488,41140.47984996164,632.9304592301793,3227799.2839999995,49658.45052307692,30,8887.0,0.04964634409822127,30,8887.0
81295.0,51,22274.0,353.55555555555554,0.9872725872255236,41349.81771840232,656.3463129905132,3227799.2839999995,51234.909269841264,23,8756.0,0.07939648026502298,23,8756.0
81300.0,50,22354.0,354.8253968253968,1.7496422232165445,41630.48005607647,660.8012707313728,3227799.2839999995,51234.909269841264,22,8692.0,0.06043751341208483,22,8692.0
81305.0,47,22432.0,350.5,1.994462258246908,41717.86968699565,651.841713859307,3147836.638,49184.947468750004,19,8690.0,0.07096562717019726,19,8690.0
81310.0,49,22600.0,353.125,1.5448607230319478,41803.679951543265,653.1824992428635,3067888.8449999997,47935.763203125,22,8786.0,0.13369243472939618,22,8786.0
81315.0,48,22776.0,355.875,1.563064740471082,41892.17396866182,654.5652182603408,3027943.7329999995,47311.620828125,22,8825.0,0.041234511079007496,22,8825.0
81320.0,51,23023.0,354.2,1.5843133201522188,42079.8398132507,647.3821509730876,3068031.9189999998,47200.491061538465,25,8902.0,0.11075761660935377,25,8902.0
81325.0,56,23290.0,352.8787878787879,1.0181576951528286,42348.61469318899,641.6456771695301,3148112.2809999995,47698.670924242426,29,8999.0,0.013975551404765233,29,8999.0
81330.0,59,23579.0,357.25757575757575,1.1135741241749804,42645.017338902406,646.1366263470062,3188150.8759999997,48305.31630303031,32,9117.0,0.048867379922650694,32,9117.0
81335.0,57,23737.0,365.18461538461537,0.8011185167463941,42852.59204886108,659.2706469055548,3188151.78,49048.488923076926,27,9037.0,0.048914218863171606,27,9037.0
81340.0,51,23920.0,368.0,1.9896445803305487,43139.836103704845,663.6897862108434,3188151.78,49048.488923076926,23,8950.0,0.08530847029126087,23,8950.0
81345.0,49,24090.0,376.40625,1.9034638152069276,43398.802111106714,678.1062829860422,3148110.548,49189.22731250001,21,8934.0,0.1120047889446686,21,8934.0
81350.0,51,24313.0,392.14516129032256,1.0024528828944728,43327.522908794104,698.8310146579694,3068199.574,49487.08990322582,25,9025.0,0.051115943019971126,25,9025.0
81355.0,48,24280.0,404.6666666666667,1.1189294367743332,43372.30725630753,722.8717876051255,2988230.274,49803.837900000006,22,8836.0,0.03426543443703245,22,8836.0
81360.0,52,24531.0,395.66129032258067,1.5042157568248684,43643.4025541554,703.9258476476679,3068336.904,49489.30490322581,26,8917.0,0.057869589878033784,26,8917.0
81365.0,55,24795.0,349.22535211267603,1.7026338633303326,43849.01728574376,617.5917927569542,3148458.414,44344.48470422536,28,9011.0,0.033724923847777394,28,9011.0
81370.0,57,25072.0,374.2089552238806,1.594109051582374,43903.86396388282,655.2815516997437,3188506.4839999997,47589.64901492537,31,9118.0,0.13134947935111652,31,9118.0
81375.0,54,25211.0,370.75,1.0267103517857736,44214.111744749694,650.2075256580838,3228557.4489999996,47478.78601470588,26,9030.0,0.06901653813013432,26,9030.0
81380.0,56,25408.0,373.6470588235294,1.5824028158315917,44520.53880622027,654.7138059738273,3228557.4489999996,47478.78601470588,28,8974.0,0.05035811411459389,28,8974.0
81385.0,53,25594.0,382.0,1.4811228420163498,44800.91155598913,668.6703217311812,3188498.7739999997,47589.53394029851,26,9063.0,0.0508271489315989,26,9063.0
81390.0,54,25849.0,391.6515151515151,0.9426041424878018,44860.64615929861,679.7067599893729,3068439.6440000003,46491.50975757575,28,9181.0,0.03546587073899877,28,9181.0
81395.0,50,25868.0,380.4117647058824,1.4774525960407137,44943.722214340756,660.937091387364,3068561.7199999997,45125.90764705882,23,9064.0,0.09273830105138396,23,9064.0
81400.0,54,26125.0,373.2142857142857,2.0444198685856425,45240.256128730194,646.2893732675743,3108628.4299999997,44408.977571428564,27,9116.0,0.1084112074018978,27,9116.0
81405.0,58,26401.0,377.15714285714284,1.197091740921369,45449.86685052736,649.283812150391,3188754.5539999995,45553.63648571428,32,9225.0,0.026243211502828122,32,9225.0
81410.0,63,26708.0,387.07246376811594,1.0542793017620238,45745.77541212332,662.9822523496133,3188750.6499999994,46213.777536231886,35,9355.0,0.015930622416015047,35,9355.0
81415.0,57,26866.0,407.06060606060606,0.7662057754430582,45861.09837325241,694.8651268674608,3188748.4119999995,48314.36987878788,29,9293.0,0.012964305559892865,29,9293.0
81420.0,53,27048.0,409.8181818181818,1.818204696183864,46156.258340215165,699.3372475790178,3188748.4119999995,48314.36987878788,25,9256.0,0.051290724216095665,25,9256.0
81425.0,48,27197.0,394.15942028985506,2.535519978056868,46443.457241893666,673.0935832158503,3188748.4119999995,46213.745101449276,21,9169.0,0.08799315601678544,21,9169.0
81430.0,51,27423.0,415.5,2.148147826450537,46465.41963908928,704.0215096831711,3068651.5189999994,46494.71998484848,24,9261.0,0.1509552828177437,24,9261.0
81435.0,53,27682.0,432.53125,0.8177585699508556,46476.68005889359,726.1981259202124,2988615.6249999995,46697.119140625,27,9368.0,0.04783368127583875,27,9368.0
81440.0,53,27873.0,422.3181818181818,1.2001340765232595,46621.44559434828,706.3855393083076,2988694.1149999993,45283.244166666664,27,9394.0,0.07070962167322753,27,9394.0
81445.0,57,28145.0,396.40845070422534,1.9135569867594953,46922.54154342898,660.8808668088589,3068857.3109999993,43223.34240845069,30,9491.0,0.04914730257185745,30,9491.0
81450.0,57,28427.0,406.1,1.4864983181043037,47201.81223929577,674.311603418511,3108940.2819999997,44413.432599999986,31,9603.0,0.0649329059962246,31,9603.0
81455.0,63,28732.0,410.45714285714286,0.5421029990225881,47435.19528542328,677.6456469346186,3189096.556,45558.52222857142,37,9738.0,0.032875011787448484,37,9738.0
81460.0,55,27908.0,393.07042253521126,1.4006094662565431,47743.695481400995,672.4464152309997,3269253.381,46045.822267605625,28,9266.0,0.09232043377983598,28,9266.0
81465.0,53,27951.0,382.8904109589041,1.5855472329078346,48061.229438817885,658.373006011204,3269253.477,44784.294205479455,23,8952.0,0.0892294328083762,23,8952.0
81470.0,53,28163.0,391.15277777777777,1.7195085320547527,48128.71701849557,668.454403034661,3269253.477,45406.298291666666,25,9027.0,0.029970732907112746,25,9027.0
81475.0,56,28416.0,400.22535211267603,1.199781093912371,48320.057739967866,680.5641935206742,3189123.348,44917.23025352112,30,9131.0,0.027229660065286827,30,9131.0
81480.0,57,28635.0,415.0,1.2184393052090914,48401.98552890418,701.478051143539,3149051.785,45638.431666666664,31,9187.0,0.018672861162982623,31,9187.0
81485.0,60,28928.0,401.77777777777777,1.3339689780736128,48296.578501966935,670.7858125273185,3189139.781,44293.608069444446,34,9310.0,0.02108152519880367,34,9310.0
81490.0,62,29236.0,411.77464788732397,1.2733015299569688,48468.84154309702,682.65974004362,3149084.295,44353.29992957747,34,9440.0,0.08802480668897128,34,9440.0
81495.0,64,29549.0,428.2463768115942,0.42610136614894395,48741.25152631206,706.3949496566966,3149084.295,45638.90282608696,36,9573.0,0.009889769641363974,36,9573.0
81500.0,61,29707.0,430.536231884058,0.7126763121138739,49072.2351750223,711.191814130758,3149084.295,45638.90282608696,33,9529.0,0.039485954874473615,33,9529.0
81505.0,58,29863.0,432.7971014492754,1.3651963901032218,49391.7944461312,715.8231079149447,3149084.295,45638.90282608696,30,9426.0,0.034260693931636284,30,9426.0
81510.0,55,30042.0,448.3880597014925,1.2587653302234973,49558.717302864585,739.682347803949,3068942.44,45805.111044776124,28,9528.0,0.05814014071850633,28,9528.0
81515.0,58,30295.0,439.05797101449275,0.8504719559202161,49646.53934861149,719.5150630233551,3028943.028,43897.72504347826,30,9682.0,0.04486052679827596,30,9682.0
81520.0,55,30468.0,435.25714285714287,1.3700360949754364,49761.08303011182,710.8726147158831,3029046.9499999997,43272.099285714285,28,9685.0,0.061795184848300815,28,9685.0
81525.0,57,30745.0,415.47297297297297,1.7669085853817548,50077.681782733765,676.7254294964023,3069164.025,41475.18952702703,31,9792.0,0.08685641290831655,31,9792.0
81530.0,61,31045.0,419.52702702702703,1.3876670946366592,50342.68041008729,680.3064920282068,3149392.3189999997,42559.35566216217,35,9922.0,0.05824149227999794,35,9922.0
81535.0,68,31366.0,435.6388888888889,0.4094073666605741,50626.03152923694,703.1393267949575,3189503.761,44298.663347222224,41,10072.0,0.0007687251884508819,41,10072.0
81540.0,63,31565.0,450.92857142857144,0.5529040186309163,50927.206594017465,727.5315227716779,3189500.141,45564.287728571435,35,10044.0,0.014794642576504308,35,10044.0
81545.0,58,31767.0,423.56,1.7812224084113026,51260.57614395098,683.4743485860129,3189504.9529999997,42526.73270666667,30,10032.0,0.04411784050631919,30,10032.0
81550.0,56,31999.0,421.0394736842105,2.375856711925371,51573.6207098103,678.6002724975037,3189504.991,41967.17093421053,28,10073.0,0.1276909710734837,28,10073.0
81555.0,59,32246.0,435.7567567567568,1.1485338777885066,51645.798376283296,697.9161942740983,3069262.171,41476.51582432433,32,10196.0,0.07719703761011815,32,10196.0
81560.0,50,31159.0,432.7638888888889,1.6778188493913824,51687.41272871713,717.8807323432934,2989147.5810000002,41515.938625,23,9246.0,0.09350677965331733,23,9246.0
81565.0,53,31417.0,418.8933333333333,2.813507388347738,51989.55270100999,693.1940360134665,3069408.7630000003,40925.45017333334,27,9042.0,0.0595623859136445,27,9042.0
81570.0,58,31697.0,417.0657894736842,2.4170738499507487,51748.37440506079,680.8996632244841,3149667.717,41442.99627631579,31,9152.0,0.027246387407665672,31,9152.0
81575.0,61,31995.0,457.07142857142856,1.3530609692469904,51209.299919799094,731.5614274257013,3189787.271,45568.389585714285,35,9280.0,0.06273035970344569,35,9280.0
81580.0,56,32149.0,479.8358208955224,0.8926801122410052,51412.58494176358,767.3520140561728,3229908.647,48207.591746268656,29,9203.0,0.05511547040907219,29,9203.0
81585.0,55,32349.0,482.82089552238807,1.5800032043723125,51714.40856178232,771.8568442057064,3229908.647,48207.591746268656,27,9164.0,0.045139222679382494,27,9164.0
81590.0,51,32534.0,485.5820895522388,1.6547303276323055,52007.300087702424,776.2283595179468,3229908.647,48207.591746268656,24,9248.0,0.05174169692096106,24,9248.0
81595.0,54,32783.0,504.3538461538462,0.8558245618091659,51904.00095793762,798.5230916605785,3069571.6739999996,47224.179599999996,27,9347.0,0.034410618544717816,27,9347.0
81600.0,49,32790.0,512.34375,1.5087776962312736,52096.13822685642,814.0021597946313,3029494.508999999,47335.851703125,23,9254.0,0.07515601121536808,23,9254.0
81605.0,53,33046.0,452.6849315068493,1.7332600942386727,52400.41973065306,717.8139689130555,3109783.7889999994,42599.77793150685,26,9278.0,0.044337111703345485,26,9278.0
81610.0,58,33322.0,444.29333333333335,2.3569903439961304,52710.17046817386,702.8022729089847,3190058.943999999,42534.11925333333,31,9386.0,0.10095777409805001,31,9386.0
81615.0,64,33620.0,473.5211267605634,0.8676760281050139,52852.00896861983,744.3944925157725,3190054.845999999,44930.34994366196,36,9510.0,0.01466318880763354,36,9510.0
81620.0,55,33110.0,473.0,1.0394745488890582,53066.650777484,758.0950111069144,3190055.895999999,45572.22708571428,27,8960.0,0.027165475441287425,27,8960.0
81625.0,49,33122.0,480.0289855072464,1.5473016795808918,53339.94980561927,773.0427508060765,3190055.895999999,46232.69414492753,20,8832.0,0.06231429844450264,20,8832.0
81630.0,50,33293.0,489.6029411764706,1.0588088704681442,53486.551394502494,786.5669322720955,3109841.880999999,45732.96883823529,22,8896.0,0.04844335144733418,22,8896.0
81635.0,56,33533.0,485.9855072463768,1.0529041185754848,53789.13653796109,779.5527034487116,3109857.323999999,45070.39599999999,29,9009.0,0.02680964877282528,29,9009.0
81640.0,57,33721.0,503.2985074626866,1.0829603714248057,53343.99810206786,796.1790761502666,3150016.626999999,47015.17353731343,30,9069.0,0.02890522930702874,30,9069.0
81645.0,58,34007.0,478.9718309859155,1.77284600792692,53651.190412476026,755.6505691898032,3190176.726999999,44932.06657746478,32,9220.0,0.04585851505045403,32,9220.0
81650.0,60,34300.0,497.1014492753623,1.4396577838663054,53803.75367430812,779.7645460044657,3190224.460999999,46235.137115942016,32,9353.0,0.04272927673747738,32,9353.0
81655.0,63,34607.0,524.3484848484849,0.26671702773814093,54030.67238984202,818.6465513612427,3190221.460999999,48336.688803030294,35,9480.0,0.009429740001742097,35,9480.0
81660.0,58,34745.0,534.5384615384615,0.6137495137076513,54343.928967084474,836.0604456474537,3190221.460999999,49080.33016923077,30,9405.0,0.012876033652066512,30,9405.0
81665.0,54,34909.0,513.3676470588235,1.8376043471975512,54649.53802497611,803.6696768378844,3190221.460999999,46915.02148529411,26,9339.0,0.051963708581838026,26,9339.0
81670.0,50,35040.0,515.2941176470588,1.97226915528299,54792.464831232566,805.771541635773,3109948.952999999,45734.543426470584,23,9347.0,0.1410373802630251,23,9347.0
81675.0,53,35272.0,526.4477611940298,1.2316853830538836,54975.12882795626,820.524310865019,3069836.232999999,45818.45123880597,26,9451.0,0.03993681629379159,26,9451.0
81680.0,51,35481.0,545.8615384615384,1.1515356667101952,54918.39305657152,844.8983547164851,2989657.7569999993,45994.73472307692,25,9512.0,0.05657331467652498,25,9512.0
81685.0,56,35749.0,510.7,1.6060741964418757,55225.894832675855,788.9413547525123,3070027.5279999995,43857.53611428571,30,9610.0,0.04858035586186403,30,9610.0
81690.0,60,36033.0,522.2173913043479,1.3287257708799356,55488.88071625171,804.1866770471264,3150391.8759999997,45657.853275362315,33,9725.0,0.06899386339657612,33,9725.0
81695.0,64,36334.0,519.0571428571428,0.2406919702746113,55756.66253867401,796.5237505524859,3190573.4899999998,45579.62128571428,36,9856.0,0.012433845066536322,36,9856.0
81700.0,58,36142.0,516.3142857142857,1.4750111903181484,56083.43748892094,801.1919641274419,3190573.4899999998,45579.62128571428,30,9500.0,0.04181229548765054,30,9500.0
81705.0,59,36435.0,520.5,1.9305020391558254,56385.86960765063,805.5124229664376,3190573.4899999998,45579.62128571428,31,9599.0,0.04535563655416432,31,9599.0
81710.0,61,36734.0,532.3768115942029,1.2497277939413354,56460.07810933317,818.2620015845387,3190576.852,46240.244231884055,33,9718.0,0.02354712207443477,33,9718.0
81715.0,61,37039.0,587.9206349206349,0.14057365920113923,56429.98699275223,895.7140792500353,3190569.702,50643.96352380952,33,9843.0,0.019592084295992962,33,9843.0
81720.0,56,37067.0,588.3650793650794,0.5910700827028703,56737.550323191135,900.5960368760498,3190569.702,50643.96352380952,28,9688.0,0.01341715402683164,28,9688.0
81725.0,52,37178.0,538.8115942028985,1.952039385070965,57036.87994261527,826.6214484436996,3190577.5179999997,46240.253884057965,24,9583.0,0.053356920400837636,24,9583.0
81730.0,49,37242.0,547.6764705882352,2.3038371777932554,57289.79750462174,842.4970221267906,3150393.9699999997,46329.32308823529,22,9651.0,0.09929321713322795,22,9651.0
81735.0,52,37458.0,567.5454545454545,0.908199186130878,57258.718660962535,867.5563433479176,3070176.4779999997,46517.82542424242,25,9764.0,0.061741909210817604,25,9764.0
81740.0,52,37607.0,578.5692307692308,1.0983661979003148,57297.97249042622,881.5072690834803,3030125.624,46617.31729230769,26,9782.0,0.04017563481182277,26,9782.0
81745.0,55,37876.0,565.3134328358209,1.5915003371962804,57590.790954810946,859.564044101656,3110558.107,46426.24040298508,29,9875.0,0.040544969732880035,29,9875.0
81750.0,58,38156.0,552.9855072463768,1.4878150643563266,57844.707697230966,838.3290970613183,3190990.0709999995,46246.23291304348,31,9985.0,0.031142388669670767,31,9985.0
81755.0,60,38450.0,573.8805970149253,1.0497678806995006,58087.099596881795,866.9716357743553,3190990.0709999995,47626.71747761195,32,10105.0,0.05345631196724508,32,10105.0
81760.0,52,37956.0,593.0625,0.8688230683295135,58314.83947669895,911.1693668234211,3190987.0709999995,49859.172984375,23,9589.0,0.05716523161997279,23,9589.0
81765.0,48,37891.0,565.5373134328358,1.499561238631906,58613.86560261247,874.8338149643652,3190990.0709999995,47626.71747761195,19,9275.0,0.06592762624390722,19,9275.0
81770.0,49,38031.0,576.2272727272727,1.5749870828334078,58888.82418695272,892.2549119235259,3150768.0799999996,47738.91030303031,21,9332.0,0.07420486672577967,21,9332.0
81775.0,54,38258.0,579.6666666666666,0.912618577620805,58659.24183030434,888.7763913682473,3110552.67,47129.585909090914,28,9434.0,0.026855506796559986,28,9434.0
81780.0,55,38497.0,583.2878787878788,1.3318542296328484,58541.51149653856,886.9925984324024,3191023.728,48348.84436363637,29,9521.0,0.04838405865906065,29,9521.0
81785.0,59,38782.0,554.0285714285715,1.281024992363029,58852.767158695555,840.7538165527935,3191023.983,45586.0569,31,9633.0,0.056780316522476205,31,9633.0
81790.0,61,39084.0,574.7647058823529,1.1325296671660392,58976.57987623841,867.3026452388002,3150880.8929999997,46336.48372058824,33,9755.0,0.07641534882020988,33,9755.0
81795.0,64,39393.0,587.955223880597,0.3240883374210189,59275.12707749635,884.7033892163635,3150880.8929999997,47028.073029850755,36,9884.0,0.0006741934742148006,36,9884.0
81800.0,59,39529.0,581.3088235294117,0.77541274456338,59593.86600087791,876.3803823658518,3150881.945,46336.499191176474,31,9699.0,0.013817802768730222,31,9699.0
81805.0,54,39657.0,583.1911764705883,1.7173126023418448,59879.2204721515,880.5767716492869,3150881.945,46336.499191176474,26,9543.0,0.05027860703000231,26,9543.0
81810.0,52,39810.0,594.179104477612,1.3912153815594501,60136.166867895474,897.5547293715741,3110663.511,46427.81359701493,25,9628.0,0.08145053340712363,25,9628.0
81815.0,57,40057.0,616.2615384615384,0.4478545006169634,59733.25556901422,918.9731626002188,2990355.8540000003,46005.474676923084,30,9757.0,0.0364401000121837,30,9757.0
81820.0,54,40253.0,609.8939393939394,0.9640045497311196,60041.7198174208,909.7230275366791,3030624.1240000003,45918.547333333336,28,9809.0,0.034036802716665954,28,9809.0
81825.0,59,40538.0,579.1142857142858,1.3988199901026013,60349.89887149203,862.141412449886,3111162.03,44445.17185714286,33,9924.0,0.04826324881625108,33,9924.0
81830.0,60,40833.0,583.3285714285714,1.4167801917255176,60614.61250591731,865.9230357988185,3191694.662,45595.63802857143,33,10049.0,0.04121141361651056,33,10049.0
81835.0,62,41137.0,623.2878787878788,0.15388777035120008,60852.797095927046,922.0120772110157,3191694.662,48359.010030303034,35,10180.0,0.018882135781335595,35,10180.0
81840.0,54,40965.0,620.6818181818181,0.9711443072363671,61169.58970726444,926.8119652615823,3191694.662,48359.010030303034,26,9627.0,0.03538770444504321,26,9627.0
81845.0,51,41082.0,570.5833333333334,1.4940424581099392,61482.61845161312,853.9252562724043,3191700.662,44329.175861111115,22,9478.0,0.05597323533896313,22,9478.0
81850.0,50,41228.0,572.6111111111111,1.8457855196836275,61548.54869390528,854.8409540820176,3151433.068,43769.903722222225,22,9543.0,0.10418666702673428,22,9543.0
81855.0,54,41461.0,583.9577464788732,1.1990036136091327,61665.60835928231,868.5296952011593,3111285.449,43820.921816901406,27,9645.0,0.03458920663002028,27,9645.0
81860.0,57,41723.0,596.0428571428571,1.3072864656899257,61635.42912178417,880.5061303112022,3151571.266,45022.446657142864,31,9752.0,0.036878812627657256,31,9752.0
81865.0,61,42021.0,591.8450704225352,1.2552472688556104,61822.265207325356,870.7361296806388,3191856.356,44955.72332394366,34,9879.0,0.03479244784773032,34,9879.0
81870.0,62,42329.0,604.7,1.2231690021169093,61940.21664483128,884.8602377833041,3151677.514,45023.96448571429,34,10009.0,0.05159745241057174,34,10009.0
81875.0,65,42642.0,618.0,0.38212373091628915,62225.868156299024,901.8241761782468,3151675.424,45676.45542028986,35,10142.0,0.01542753746164061,35,10142.0
81880.0,65,42966.0,631.8529411764706,0.49865157607506333,62542.36090977526,919.7406016143419,3151675.424,46348.168000000005,37,10286.0,0.022863360129436447,37,10286.0
81885.0,56,43001.0,623.2028985507246,1.1891761111881691,62864.31429353031,911.0770187468162,3151675.424,45676.45542028986,28,9923.0,0.07271078718929949,28,9923.0
81890.0,56,43112.0,624.8115942028985,1.1842648158135964,63177.78750855321,915.6201088196121,3151675.424,45676.45542028986,27,10001.0,0.04335757028957211,27,10001.0
81895.0,54,43256.0,636.1176470588235,1.0362023968080953,63386.32123725079,932.1517829007472,3151674.898,46348.16026470588,27,10092.0,0.021977146152342114,27,10092.0
81900.0,57,43503.0,659.1363636363636,0.6376282923709249,63389.698980066576,960.4499845464637,3111529.4200000004,47144.38515151514,30,10228.0,0.010016284527194224,30,10228.0
81905.0,47,42580.0,608.2857142857143,1.9917514675240133,63661.505335176254,909.4500762168037,3151847.2560000005,45026.38937142858,21,9425.0,0.07642423186504646,21,9425.0
81910.0,52,42830.0,603.2394366197183,3.156242683850625,63939.70728165292,900.5592574880694,3192166.5510000004,44960.09226760564,24,9242.0,0.07556820293656286,24,9242.0
81915.0,55,43097.0,624.5942028985507,2.0521579086502637,63845.290258071545,925.2940617111818,3151980.1370000006,45680.87155072464,27,9329.0,0.018643985870199154,27,9329.0
81920.0,58,43384.0,723.0666666666667,0.44222019594686185,63100.37973033612,1051.672995505602,3151972.0230000005,52532.86704999999,30,9436.0,6.259376884603624e-06,30,9436.0
81925.0,52,43492.0,712.983606557377,0.8206338110854412,63309.9541720665,1037.8681011814183,3151974.061,51671.705918032785,24,9135.0,0.019962339763678113,24,9135.0
81930.0,47,43602.0,692.0952380952381,2.04246279084218,63585.86685269017,1009.2994738522248,3151974.453,50031.34052380953,19,8930.0,0.10938423560610638,19,8930.0
81935.0,46,43731.0,694.1428571428571,1.6205429607818944,63805.10357209621,1012.7794217793053,3111686.841,49391.854619047626,19,8984.0,0.09007810705594667,19,8984.0
81940.0,50,43946.0,708.8064516129032,0.7672887230172434,63638.97668260495,1026.435107783951,3071679.0059999996,49543.20977419356,24,9081.0,0.04357024761461999,24,9081.0
81945.0,46,43902.0,696.8571428571429,1.3841893452110403,63566.097638503044,1008.9856768016356,3071938.913999999,48760.93514285714,19,8936.0,0.07815463957179529,19,8936.0
81950.0,48,44137.0,689.640625,2.0689620255174983,63837.41128246603,997.459551288532,3112285.393999999,48629.45928125,22,8960.0,0.10263595210156258,22,8960.0
81955.0,53,44392.0,662.5671641791045,1.8818080350773088,64059.84077280022,956.1170264597049,3192981.387999999,47656.43862686566,27,9045.0,0.023621483695849568,27,9045.0
81960.0,57,44669.0,732.2786885245902,0.8554747508417473,64099.99510409723,1050.8195918704464,3192977.2819999987,52343.88986885246,29,9148.0,2.0349619227872955e-05,29,9148.0
81965.0,51,44788.0,710.9206349206349,1.1286899267352368,64327.830449370565,1021.076673799533,3192980.2819999987,50682.22669841269,23,8922.0,0.029996186408424115,23,8922.0
81970.0,48,44945.0,713.4126984126984,2.388244890563307,64597.332955231206,1025.3544913528763,3192980.2819999987,50682.22669841269,20,8742.0,0.1296057394631576,20,8742.0
81975.0,45,45075.0,727.016129032258,1.8075466230388915,64843.09677922315,1045.8563996648895,3152628.518999999,50848.84708064516,18,8694.0,0.0864752553436949,18,8694.0
81980.0,49,45297.0,742.5737704918033,1.0248499231629165,64532.68467417822,1057.9128635111185,3031957.464999999,49704.22073770491,23,8795.0,0.07098070017229492,23,8795.0
81985.0,47,45459.0,745.2295081967213,1.5926797958852796,64516.70838596376,1057.6509571469471,3032150.980999999,49707.39313114754,21,8792.0,0.08532765996407579,21,8792.0
81990.0,49,45700.0,737.0967741935484,1.2792235436077761,64786.9929263406,1044.9514988119454,3072515.2769999993,49556.69801612903,23,8857.0,0.04971261680068259,23,8857.0
81995.0,54,45959.0,718.109375,1.4699944907413012,65048.08030494225,1016.3762547647227,3153244.2939999998,49269.442093749996,28,8946.0,0.0492824899927745,28,8946.0
82000.0,56,46231.0,733.8253968253969,1.0613868140593314,65250.99016234209,1035.7300025768584,3233969.244,51332.84514285715,29,9048.0,0.07831951905186928,29,9048.0
82005.0,51,46366.0,692.0298507462686,1.3233911873081396,65525.086196425465,977.9863611406789,3233971.584,48268.232597014925,23,8869.0,0.04746966394184813,23,8869.0
82010.0,48,46528.0,704.969696969697,2.541134905322772,65780.22498680755,996.6700755576903,3233968.584,48999.524,20,8764.0,0.1280615828512154,20,8764.0
82015.0,48,46689.0,707.4090909090909,1.624563291579031,66057.53036061735,1000.8716721305658,3233968.584,48999.524,20,8817.0,0.07183193798612846,20,8817.0
82020.0,52,46916.0,756.7096774193549,0.6545133673892519,65821.92954208502,1061.644024872339,3032433.693,48910.220854838706,26,8912.0,0.041484454247744426,26,8912.0
82025.0,52,47142.0,714.2727272727273,1.2232069638140903,66016.02015397516,1000.2427296056844,3032504.714,45947.041121212125,26,8982.0,0.06738280590357233,26,8982.0
82030.0,58,47416.0,667.830985915493,1.5179945557825127,66312.85064340365,933.9838118789249,3113264.473,43848.79539436621,31,9086.0,0.1316106189454242,31,9086.0
82035.0,60,47706.0,671.9154929577464,1.0872424407705408,66623.19306145617,938.3548318514955,3153638.199,44417.439422535215,34,9206.0,0.04314873578763194,34,9206.0
82040.0,66,48028.0,686.1142857142858,0.26771435833319684,66912.6856902256,955.8955098603659,3194013.419,45628.76312857144,38,9354.0,0.03352584498655499,38,9354.0
82045.0,63,48219.0,679.1408450704225,0.6436422867680595,67256.84048950944,947.2794435142171,3194013.419,44986.10449295775,35,9299.0,0.013525621424860596,35,9299.0
82050.0,58,48408.0,681.8028169014085,1.583839015637188,67577.9252908258,951.8017646595184,3194013.419,44986.10449295775,30,9287.0,0.07310494026574939,30,9287.0
82055.0,56,48597.0,656.7162162162163,1.7440806012592964,67891.22786542182,917.4490252084032,3194014.671,43162.36041891893,28,9327.0,0.0610780908658844,28,9327.0
82060.0,56,48874.0,698.2,1.0731067193038735,67828.25015911323,968.9750022730459,3032671.697,43323.881385714296,30,9465.0,0.05560585733155062,30,9465.0
82065.0,56,49041.0,690.7183098591549,1.3244449407610106,68048.27394774572,958.4263936302216,3073109.453,43283.23173239437,29,9462.0,0.07295074161171108,29,9462.0
82070.0,59,49326.0,694.7323943661971,1.3833957322522747,68272.10377670935,961.5789264325259,3073154.41,43283.86492957746,33,9577.0,0.04646809208064652,33,9577.0
82075.0,63,49632.0,679.8904109589041,1.426354497190459,68594.24579293396,939.6472026429313,3153941.612,43204.679616438356,37,9714.0,0.027205929153088143,37,9714.0
82080.0,65,49952.0,723.9420289855072,0.5792008286454714,68785.9053289891,996.8971786810013,3194330.592,46294.64626086956,39,9864.0,0.014862226489671735,39,9864.0
82085.0,55,49779.0,654.9868421052631,1.613450732880151,69090.42900813418,909.0845922122916,3234732.006,42562.263236842104,27,9642.0,0.06552139874944253,27,9642.0
82090.0,53,49948.0,657.2105263157895,2.5556181839128023,69403.96537134385,913.210070675577,3234732.006,42562.263236842104,23,9559.0,0.14988581662348285,23,9559.0
82095.0,54,50133.0,668.44,1.4964641187604333,69630.10583421309,928.4014111228407,3194366.341,42591.55121333333,27,9636.0,0.05470331477389173,27,9636.0
82100.0,62,50429.0,700.4027777777778,0.8185689048586795,69756.23369859785,968.8365791471923,3073221.557,42683.63273611111,34,9767.0,0.033830031517957354,34,9767.0
82105.0,49,49366.0,685.6388888888889,1.4802343014529942,69940.18567302068,971.391467680843,3113626.146,43244.807583333335,22,8949.0,0.06815346602029652,22,8949.0
82110.0,54,49619.0,670.527027027027,2.6731174688019745,70110.68297643599,947.4416618437293,3194434.794,43168.037756756756,27,8682.0,0.05325709029919524,27,8682.0
82115.0,54,49888.0,656.421052631579,3.297989426655816,70399.87427139038,926.3141351498734,3234842.1840000004,42563.71294736842,28,8745.0,0.10716512688303391,28,8745.0
82120.0,58,50170.0,748.8059701492538,1.2789575402176205,69485.23944700621,1037.0931260747193,3194474.936,47678.73038805969,30,8848.0,0.030610252754843904,30,8848.0
82125.0,49,32742.0,528.0967741935484,1.1217826486418572,69421.89849763799,1119.7080402844833,3194467.916,51523.676064516134,25,4959.0,0.02992059377809698,25,4959.0
82130.0,42,22668.0,365.61290322580646,2.46140657005052,69684.82639132295,1123.948812763273,3194467.916,51523.676064516134,25,3082.0,0.04360379878475821,25,3082.0
82135.0,35,8165.0,129.6031746031746,3.0162577464185443,63267.30733886452,1004.2429736327701,3125302.3260000004,49607.97342857143,28,7170.0,0.03620434685015891,28,7170.0
82140.0,34,991.0,17.385964912280702,2.4883147686253677,49432.55233235444,867.2377602167444,2684472.56,47096.009824561406,31,8279.0,0.0012413282753355997,31,8279.0
82145.0,35,917.0,15.283333333333333,2.2897236687350366,40826.884483880036,680.448074731334,2692986.8790000007,44883.11464999999,26,8200.0,0.03959077761358375,26,8200.0
82150.0,38,1097.0,17.983606557377048,2.3928879163239682,39239.089083245875,643.2637554630471,2770438.8030000003,45417.02955737705,27,8244.0,0.03057605147768553,27,8244.0
82155.0,44,1305.0,20.714285714285715,1.384855637733411,39395.87770942495,625.3313922130944,3073217.9720000005,48781.23765079366,28,8346.0,0.004319142873990762,28,8346.0
82160.0,53,1555.0,24.682539682539684,0.9660270923637317,37760.014390269775,599.3653077820597,3074989.6260000006,48809.359142857145,30,8459.0,3.8098165945992887e-06,30,8459.0
82165.0,49,1378.0,21.53125,1.505360569735775,37952.27447144141,593.0042886162721,3150691.6420000005,49229.55690625,23,8212.0,0.01455578592606033,23,8212.0
82170.0,47,1358.0,21.555555555555557,2.1996480129843223,38196.60808444457,606.2953664197549,3150691.6420000005,50010.97844444445,19,8045.0,0.1272916454702138,19,8045.0
82175.0,47,1272.0,20.516129032258064,1.475663460746916,38256.06528908034,617.0333111141989,3069923.47,49514.89467741936,20,8103.0,0.0726197899548241,20,8103.0
82180.0,50,1456.0,23.483870967741936,0.8409322973385829,38187.636020241625,615.9296132297035,2989241.4120000005,48213.571161290325,24,8240.0,0.07169759602528292,24,8240.0
82185.0,48,1600.0,25.0,1.4128863694902456,38312.99889442829,598.6406077254418,2989348.052,46708.5633125,22,8278.0,0.07737785140889845,22,8278.0
82190.0,54,1855.0,28.106060606060606,1.6302958162501135,38599.39015221538,584.839244730536,3070280.676,46519.40418181818,28,8368.0,0.03833317170273005,28,8368.0
82195.0,57,2130.0,31.791044776119403,1.2862822716267377,38857.64589630916,579.9648641240171,3151210.0659999996,47032.98605970149,30,8478.0,0.038949843652445276,30,8478.0
82200.0,61,2423.0,38.46031746031746,0.39419895872913696,39058.35648341563,619.9739124351685,3151209.296,50019.19517460316,33,8602.0,0.020119246761093,33,8602.0
82205.0,55,2579.0,39.07575757575758,1.0023113272882131,39357.3012048386,596.3227455278575,3151212.296,47745.64084848484,27,8454.0,0.016550500041271735,27,8454.0
82210.0,50,2730.0,40.14705882352941,2.2468969170360453,39644.78437951994,583.01153499294,3151212.9799999995,46341.36735294117,22,8308.0,0.16864170002261358,22,8308.0
82215.0,49,2894.0,43.19402985074627,1.69210471648417,39922.66678703542,595.8606983139616,3110747.1159999995,46429.06143283581,22,8377.0,0.06188642542545496,22,8377.0
82220.0,54,3137.0,48.261538461538464,0.8151516878350996,39881.53964930999,613.5621484509228,3030010.318999999,46615.54336923077,27,8488.0,0.05103700616283261,27,8488.0
82225.0,52,3347.0,52.296875,0.9575662945524012,39877.238375047455,623.0818496101166,2989730.3439999996,46714.53662500001,26,8549.0,0.0174786350363288,26,8549.0
82230.0,55,3617.0,54.803030303030305,1.3973592184940813,40175.27663960623,608.7163127213065,3070695.6279999996,46525.691333333336,29,8654.0,0.033834113340692765,29,8654.0
82235.0,60,3901.0,58.223880597014926,0.9812564053125908,40419.52595811993,603.2765068376109,3111178.8159999996,46435.50471641791,32,8773.0,0.023827542798725607,32,8773.0
82240.0,61,4198.0,64.58461538461539,0.6863185063886011,40680.19656154412,625.8491778699097,3151659.8159999996,48487.07409230769,33,8901.0,0.05095004884423674,33,8901.0
82245.0,51,3953.0,58.13235294117647,1.4569601849324068,40987.55270669654,602.758128039655,3151662.8159999996,46347.98258823529,23,8411.0,0.08373688557246342,23,8411.0
82250.0,52,4117.0,60.544117647058826,1.682226859147342,41285.76717125385,607.14363487138,3151662.8159999996,46347.98258823529,23,8378.0,0.08386497803049542,23,8378.0
82255.0,51,4273.0,62.838235294117645,1.3232112830324072,41377.82322818075,608.4974004144227,3151663.122,46347.98708823529,23,8453.0,0.03845999542357878,23,8453.0
82260.0,57,4517.0,68.43939393939394,1.030473099427084,41492.833534548314,628.6792959780048,3070807.154,46527.38112121212,30,8573.0,0.03927037050387393,30,8573.0
82265.0,54,4750.0,68.84057971014492,1.1695967735834036,41527.2377078514,601.8440247514694,3111309.593,45091.44337681159,28,8658.0,0.013073639004090502,28,8658.0
82270.0,58,5037.0,71.95714285714286,1.810401956145387,41833.148398299745,597.6164056899961,3151814.108,45025.91582857143,32,8780.0,0.10150476489666063,32,8780.0
82275.0,60,5334.0,78.44117647058823,0.5699256602931364,41949.28621609246,616.9012678837125,3111420.2560000005,45756.180235294116,32,8905.0,0.024014650373827662,32,8905.0
82280.0,66,5659.0,85.74242424242425,0.00017673634870915214,42233.92975850298,639.9080266439844,3111420.2560000005,47142.73115151516,38,9055.0,2.1649605144677846e-05,38,9055.0
82285.0,60,5817.0,86.82089552238806,0.623463232221988,42559.95040994634,635.2231404469604,3111420.2560000005,46439.10829850746,32,8883.0,0.017318104490771456,32,8883.0
82290.0,56,5989.0,85.55714285714286,1.7173567986377276,42874.29188229142,612.4898840327347,3111420.896,44448.86994285715,28,8722.0,0.08133853818035398,28,8722.0
82295.0,53,6127.0,87.52857142857142,1.906909160068703,43159.644878488616,616.5663554069803,3070915.146,43870.21637142857,26,8682.0,0.11282973659053165,26,8682.0
82300.0,58,6375.0,92.3913043478261,1.064288186678322,43074.740592929644,624.271602796082,3030664.0540000005,43922.66744927536,31,8811.0,0.0627627361748834,31,8811.0
82305.0,48,5328.0,79.5223880597015,1.4732046405563033,42864.03159803906,639.7616656423742,2949979.5690000006,44029.54580597015,22,7935.0,0.07836730851372851,22,7935.0
82310.0,51,5574.0,80.78260869565217,2.78873990416674,43145.96409351826,625.3038274422937,3031042.4620000008,43928.15162318841,25,7702.0,0.07353231657375345,25,7702.0
82315.0,52,5832.0,84.52173913043478,2.5462700341696203,42880.10522217116,621.4508003213211,3071574.4900000007,44515.57231884058,26,7790.0,0.052837455982971855,26,7790.0
82320.0,55,6100.0,95.3125,1.2483360189164014,42410.76199941139,662.6681562408031,3152621.3620000007,49259.708781249996,29,7893.0,0.00195908039727003,29,7893.0
82325.0,52,6156.0,93.27272727272727,1.178019772998069,42546.003136650244,644.6364111613673,3152625.620000001,47767.054848484855,24,7822.0,0.029061340919872218,24,7822.0
82330.0,54,6421.0,97.28787878787878,2.0296866591308382,42829.296999282735,648.9287424133745,3152625.620000001,47767.054848484855,25,7867.0,0.12169002298740998,25,7867.0
82335.0,56,6687.0,99.80597014925372,1.3059484519093054,43066.07449351104,642.7772312464332,3152625.562000001,47054.11286567165,28,7959.0,0.028209867456007943,28,7959.0
82340.0,59,6977.0,105.71212121212122,1.051809620432849,43226.01199610746,654.9395756985978,3152626.9060000004,47767.07433333334,31,8074.0,0.0541925143769497,31,8074.0
82345.0,53,6989.0,110.93650793650794,1.0778112665409874,43436.213201223036,689.4637016067147,3152626.420000001,50041.68920634922,25,7898.0,0.02557156424289761,25,7898.0
82350.0,50,7079.0,112.36507936507937,1.6135265107217558,43715.938762947815,693.9037898880606,3152626.420000001,50041.68920634922,22,7759.0,0.06857980385753808,22,7759.0
82355.0,48,7137.0,113.28571428571429,1.4638757208711344,43962.43158385931,697.8163743469731,3112095.0720000006,49398.334476190495,21,7826.0,0.05904799522114571,21,7826.0
82360.0,52,7351.0,120.50819672131148,0.9050869383164084,43902.06650266046,719.7060082403353,3031197.6920000003,49691.765442622964,25,7940.0,0.06720791315160965,25,7940.0
82365.0,50,7482.0,118.76190476190476,1.2879838052312604,43892.19191966518,696.7014590423045,2990836.1080000005,47473.589015873025,24,7939.0,0.06747503783865569,24,7939.0
82370.0,53,7734.0,118.98461538461538,2.0178703079614526,44166.17581902644,679.479627985022,3071967.0500000003,47261.03153846154,26,8028.0,0.09321849625716781,26,8028.0
82375.0,54,7997.0,123.03076923076924,1.5002559246267242,44410.321985637966,683.2357228559687,3112531.12,47885.094153846156,28,8126.0,0.041146416982886756,28,8126.0
82380.0,59,8284.0,133.61290322580646,0.4102657954738128,44582.42969951711,719.0714467664051,3153093.427,50856.34559677419,32,8245.0,2.401407954430386e-05,32,8245.0
82385.0,53,8421.0,133.66666666666666,0.9871125234223623,44868.88126672112,712.2044645511287,3153093.427,50049.10201587301,25,8073.0,0.02188839600719233,25,8073.0
82390.0,49,8579.0,131.98461538461538,2.0752013064973416,45143.693059820675,694.5183547664719,3153094.1149999998,48509.140230769226,21,7931.0,0.1555660724225349,21,7931.0
82395.0,47,8717.0,134.1076923076923,1.8462164308406928,45420.926167484664,698.783479499764,3153094.1149999998,48509.140230769226,20,7992.0,0.06326534452325584,20,7992.0
82400.0,51,8945.0,146.63934426229508,0.7678568595752695,45178.41114739196,740.6296909408516,2991131.09,49034.93590163934,24,8087.0,0.07110228698939204,24,8087.0
82405.0,49,9141.0,140.63076923076923,1.5458476082007973,45322.13611186463,697.2636324902251,2991232.122,46018.95572307692,23,8134.0,0.07336132106915651,23,8134.0
82410.0,54,9398.0,138.2058823529412,1.5684970915977707,45608.61457236374,670.7149201818196,3072397.3200000003,45182.31352941176,28,8226.0,0.09635095850521765,28,8226.0
82415.0,60,9675.0,134.375,1.1652815483441252,45884.852181496615,637.2896136318972,3153561.5420000004,43799.465861111115,31,8338.0,0.05188935231160201,31,8338.0
82420.0,63,9982.0,144.66666666666666,0.6281531463696346,46151.98259930255,668.8693130333705,3194141.6380000003,46291.90779710145,37,8480.0,0.04283174928544779,37,8480.0
82425.0,58,10144.0,147.0144927536232,1.04052785025264,46475.305618419676,673.5551538901401,3194141.6380000003,46291.90779710145,30,8348.0,0.07129558460099958,30,8348.0
82430.0,55,10323.0,149.6086956521739,1.5450562349900672,46783.322776996756,678.0191706811125,3194141.6380000003,46291.90779710145,27,8283.0,0.055282700764004156,27,8283.0
82435.0,53,10523.0,154.75,1.5661212361993588,47040.47157195104,691.7716407639858,3153575.5590000004,46376.1111617647,26,8301.0,0.062519826264409,26,8301.0
82440.0,55,10776.0,163.27272727272728,1.0345471909687767,47031.62180727668,712.6003304132831,3072579.0200000005,46554.22757575758,29,8416.0,0.04233375601425788,29,8416.0
82445.0,54,10991.0,157.0142857142857,1.1505539980000596,47103.780096144736,672.911144230639,2991543.05,42736.32928571428,28,8479.0,0.017451346883152873,28,8479.0
82450.0,57,11273.0,158.77464788732394,1.775765849287862,47303.20084412694,666.2422654102386,3032205.4739999995,42707.11935211267,31,8597.0,0.12936751223182533,31,8597.0
82455.0,60,11568.0,160.66666666666666,0.8583796820975012,47600.97192525828,661.1246100730317,3113394.4499999993,43241.58958333333,33,8727.0,0.0603168611832108,33,8727.0
82460.0,68,11897.0,167.56338028169014,0.018330147729624054,47886.9919697886,674.4646756308252,3153986.857999999,44422.350112676046,42,8891.0,0.000506874808440412,42,8891.0
82465.0,64,12101.0,170.43661971830986,0.5231461607854533,48234.49925827329,679.3591444827224,3153986.857999999,44422.350112676046,36,8870.0,0.012787494810458103,36,8870.0
82470.0,59,12303.0,168.53424657534248,1.556055379649007,48567.09150424848,665.3026233458693,3153987.2619999987,43205.30495890411,31,8876.0,0.04773301589729889,31,8876.0
82475.0,57,12524.0,169.24324324324326,1.8350879768636106,48888.605139385865,660.6568262079171,3153987.2619999987,42621.44948648648,30,8989.0,0.0700627388638039,30,8989.0
82480.0,61,12802.0,180.30985915492957,0.8162840198185801,48953.05331566202,689.4796241642538,3032308.9599999995,42708.57690140844,35,9142.0,0.0547590142059785,35,9142.0
82485.0,55,12080.0,163.24324324324326,1.4960540948571994,49099.24898181713,663.5033646191506,3032405.1199999996,40978.44756756757,27,8405.0,0.06840182109902265,27,8405.0
82490.0,57,12359.0,162.6184210526316,2.5697304008514985,49408.47576054905,650.111523165119,3073012.134,40434.37018421052,30,8363.0,0.08208333423413722,30,8363.0
82495.0,60,12642.0,162.07692307692307,1.9663725148063484,49271.28978899562,631.6832024230205,3154233.604,40438.89235897436,34,8487.0,0.04917349663173713,34,8487.0
82500.0,65,12956.0,177.4794520547945,1.238258189752643,49107.72184301807,672.7085183975075,3154229.572,43208.62427397261,37,8630.0,0.0016281432072346113,37,8630.0
82505.0,60,13117.0,182.18055555555554,1.0133197698733285,49310.45960159352,684.8674944665768,3154225.454,43808.68686111111,32,8579.0,0.013209352167260663,32,8579.0
82510.0,56,13291.0,187.19718309859155,1.620901910863927,49582.86627386328,698.350229209342,3154225.454,44425.71061971831,28,8563.0,0.04338717286594343,28,8563.0
82515.0,54,13486.0,192.65714285714284,1.2807344516820358,49879.66968140688,712.5667097343841,3113613.738,44480.19625714285,27,8662.0,0.057791041122169776,27,8662.0
82520.0,58,13750.0,199.2753623188406,0.8187303992115048,49948.47877248889,723.8909967027374,2991876.5530000003,43360.529753623196,32,8796.0,0.0382361731738486,32,8796.0
82525.0,49,13577.0,193.95714285714286,1.8426071049406487,50071.488511582225,715.3069787368888,2991968.6110000005,42742.408728571434,23,8620.0,0.08024084518590402,23,8620.0
82530.0,53,13833.0,192.125,2.3396736424716895,50364.023380189494,699.5003247248542,3073226.343000001,42683.69920833334,26,8578.0,0.12059640138596267,26,8578.0
82535.0,58,14110.0,198.73239436619718,1.4363594984845922,50554.06511368854,712.0290861082892,3113849.721000001,43857.03832394367,32,8690.0,0.013975299529863197,32,8690.0
82540.0,61,14413.0,208.8840579710145,1.0007450892625795,50645.145454805475,733.9876152870355,3195102.1580000017,46305.8283768116,35,8828.0,0.04591511117774847,35,8828.0
82545.0,63,14677.0,212.71014492753622,0.5894644252629794,50811.067263305886,736.3922791783459,3195098.8870000015,46305.7809710145,35,8919.0,0.005060653781318045,35,8919.0
82550.0,63,14992.0,220.47058823529412,0.84251138232852,51084.922418975446,751.2488591025799,3195098.8870000015,46986.7483382353,35,9059.0,0.009623198385017608,35,9059.0
82555.0,64,15311.0,231.9848484848485,0.08595641431874824,51346.106895265584,777.9713165949328,3195097.6250000014,48410.57007575758,36,9203.0,0.011443611173809964,36,9203.0
82560.0,66,15638.0,236.93939393939394,0.00019307492384981867,51676.034065023414,782.9702131064151,3195097.6250000014,48410.57007575758,38,9355.0,2.5355158504949702e-05,38,9355.0
82565.0,54,14487.0,201.20833333333334,1.126567560739886,52008.32535345668,722.3378521313429,3195103.6250000014,44376.43923611111,25,8733.0,0.04388864669210062,25,8733.0
82570.0,48,14234.0,189.78666666666666,2.0464234817672375,52324.39647727006,697.658619696934,3195104.962000001,42601.39949333334,18,8349.0,0.11855137208157655,18,8349.0
82575.0,49,14319.0,193.5,1.487935355240027,52587.735948678215,710.6450803875432,3154495.1110000014,42628.31231081082,21,8411.0,0.054294264812073785,21,8411.0
82580.0,58,14557.0,205.0281690140845,0.7726947979607789,52586.546882223345,740.6555898904697,3073236.5190000013,43285.02139436621,31,8546.0,0.028679740714434836,31,8546.0
82585.0,55,14581.0,205.3661971830986,1.2180632705021488,52604.81524025135,740.9128907077657,3113898.8260000013,43857.72994366198,29,8472.0,0.02527037096478016,29,8472.0
82590.0,59,14867.0,215.46376811594203,1.3896546915185597,52448.576286463365,760.1242940067156,3113894.970000001,45128.91260869566,30,8535.0,0.01752132466674702,30,8535.0
82595.0,61,15157.0,213.4788732394366,1.4537826341320088,52702.09925598305,742.2830881124374,3113895.460000001,43857.68253521128,31,8651.0,2.2597914076330165e-05,31,8651.0
82600.0,59,15452.0,237.72307692307692,1.022045426027386,52707.56932447757,810.8856819150398,3073315.556000001,47281.777784615384,31,8771.0,0.016979084701803492,31,8771.0
82605.0,55,15569.0,239.52307692307693,1.2161868350142986,52924.84155837679,814.2283316673354,3073315.556000001,47281.777784615384,27,8615.0,0.0716774621504665,27,8615.0
82610.0,52,15714.0,249.42857142857142,1.2668837103243487,53134.57379260069,843.4059332158841,3073315.556000001,48782.78660317461,24,8474.0,0.06894599971614564,24,8474.0
82615.0,49,15825.0,255.24193548387098,1.6568217415187432,53236.35504002921,858.6508877424066,3032735.116000001,48915.08251612904,22,8259.0,0.06592695795927236,22,8259.0
82620.0,50,16040.0,262.95081967213116,1.4317480197752885,53195.21104170736,872.0526400279898,2992245.6710000006,49053.20772131148,23,8396.0,0.08378165676260176,23,8396.0
82625.0,52,16292.0,250.64615384615385,1.2728301962291366,53205.4931733519,818.5460488207985,2951744.492000001,45411.453723076935,26,8512.0,0.05225860518418801,26,8512.0
82630.0,52,16457.0,253.1846153846154,1.7733811706681966,53217.38471024177,818.7289955421811,2951941.710000001,45414.48784615385,25,8518.0,0.14925173643503037,25,8518.0
82635.0,53,16717.0,253.28787878787878,1.4407027736814628,53503.362341808286,810.6570051789133,2992637.150000001,45342.98712121213,26,8596.0,0.08481821301978884,26,8596.0
82640.0,57,16991.0,253.59701492537314,1.2538096314803708,53781.153798710264,802.7037880404517,3074029.433000001,45881.03631343283,31,8706.0,0.016478130472236778,31,8706.0
82645.0,61,17285.0,243.45070422535213,1.2289935590733703,54052.65879894473,761.3050535062634,3155428.721000001,44442.65804225352,34,8835.0,0.0362851050847696,34,8835.0
82650.0,53,17422.0,245.38028169014083,1.7518715373489746,54262.118606216456,764.2551916368514,3196121.3970000013,45015.794323943664,27,8698.0,0.11429949802299315,27,8698.0
82655.0,50,17581.0,240.83561643835617,2.0968421686815235,54566.720247443416,747.4893184581289,3236815.317000001,44339.93584931507,23,8602.0,0.10154272153881291,23,8602.0
82660.0,56,17814.0,247.41666666666666,1.639683015269745,54858.89086763113,761.9290398282101,3196114.9170000013,44390.48495833334,29,8698.0,0.06808226633960354,29,8698.0
82665.0,58,18089.0,258.4142857142857,1.0024997005552398,54855.70114767804,783.6528735382578,3114904.700000001,44498.63857142857,31,8819.0,0.029707247581099928,31,8819.0
82670.0,57,18329.0,273.56716417910445,0.6549156229755484,54914.486535973534,819.6192020294558,2992955.374000001,44670.97573134327,31,8899.0,0.02134658109981474,31,8899.0
82675.0,61,18627.0,262.3521126760563,1.0502728306854772,55236.903764646115,777.9845600654385,3074360.543,43300.85271830986,35,9032.0,0.04137902564449294,35,9032.0
82680.0,63,18936.0,263.0,0.9897966332061192,55525.22876425999,771.1837328369443,3155762.019000001,43830.028041666665,36,9176.0,0.024569194935352593,36,9176.0
82685.0,67,19261.0,260.2837837837838,0.5676846539050588,55835.101703866225,754.5284014035979,3155764.815000001,42645.47047297297,39,9332.0,0.012810525755555429,39,9332.0
82690.0,57,18887.0,258.7260273972603,1.517217417730779,56161.679175583435,769.3380708984035,3155764.815000001,43229.655,29,8711.0,0.08212857753025411,29,8711.0
82695.0,52,18861.0,258.36986301369865,1.6176804963568858,56484.042354055506,773.7540048500754,3155764.815000001,43229.655,23,8447.0,0.08126029343563401,23,8447.0
82700.0,55,19044.0,257.35135135135135,1.399223705225421,56530.99337305127,763.9323428790713,3155766.3670000006,42645.49144594595,28,8542.0,0.027881948851850066,28,8542.0
82705.0,60,19326.0,268.4166666666667,1.146441429977682,56680.019085739434,787.2224873019368,3074448.1580000003,42700.66886111111,34,8699.0,0.019510139322971038,34,8699.0
82710.0,59,19552.0,275.38028169014086,1.1151598787480117,56326.48054554257,793.3307119090504,3155880.2410000004,44449.01747887324,32,8760.0,0.030013561782441998,32,8760.0
82715.0,63,19856.0,275.77777777777777,1.2196590293464844,56651.62063622796,786.8280643920554,3155880.2410000004,43831.670013888885,35,8896.0,0.004670611771645098,35,8896.0
82720.0,64,20175.0,288.2142857142857,0.9294904288918122,56795.83364728818,811.3690521041169,3115253.967,44503.628099999994,36,9040.0,0.025451052375279712,36,9040.0
82725.0,64,20495.0,288.6619718309859,0.42722474662405185,57038.76637220021,803.3629066507074,3115252.948,43876.80208450704,36,9185.0,0.007394156769372946,36,9185.0
82730.0,65,20820.0,293.23943661971833,0.9598033211415614,57372.81075407315,808.0677570996221,3115252.948,43876.80208450704,37,9335.0,0.05254042254680632,37,9335.0
82735.0,57,20794.0,292.8732394366197,0.808413490544234,57706.38190320685,812.7659422986883,3115252.948,43876.80208450704,29,8873.0,0.029110119906409777,29,8873.0
82740.0,57,20916.0,294.59154929577466,1.0812457056777591,58034.77849905139,817.3912464655128,3115252.948,43876.80208450704,28,8850.0,0.03422460142543954,28,8850.0
82745.0,58,21078.0,292.75,1.2064360901983298,57997.87573886303,805.5260519286535,3074626.4859999996,42703.14563888889,30,8958.0,0.02155266314187716,30,8958.0
82750.0,60,21323.0,292.09589041095893,1.119853194827107,58112.873021170395,796.0667537146632,3074679.8969999994,42118.90269863013,33,9109.0,0.022068498166100296,33,9109.0
82755.0,48,20167.0,280.09722222222223,1.7843194856821494,58263.18189296529,809.2108596245181,3115434.638,43269.925527777785,22,8151.0,0.04634969132726233,22,8151.0
82760.0,53,20422.0,275.97297297297297,3.1615337214898784,58553.2878198995,791.2606462148582,3196947.607,43201.994689189196,26,7909.0,0.10514339606210962,26,7909.0
82765.0,57,20693.0,291.4507042253521,2.2811963214876836,58218.48945803424,819.9787247610454,3156284.2649999997,44454.707957746476,29,8010.0,0.015801189879288306,29,8010.0
82770.0,58,20981.0,327.828125,1.0365028763996702,57611.74757316632,900.1835558307239,3156276.4510000004,49316.819546875005,30,8123.0,0.015043996516487836,30,8123.0
82775.0,54,21086.0,340.0967741935484,0.85286477278652,57688.3830841236,930.4577916794128,3156273.391,50907.635338709675,24,8074.0,0.011224787240209373,24,8074.0
82780.0,52,21346.0,344.2903225806452,1.746797591093036,57963.934590854056,934.9021708202268,3156273.391,50907.635338709675,24,8138.0,0.03432295859940735,24,8138.0
82785.0,52,21606.0,354.1967213114754,1.5486053789503689,58188.4505873982,953.9090260229214,3156273.329,51742.18572131147,24,8223.0,0.03491347097649956,24,8223.0
82790.0,54,21872.0,377.1034482758621,0.5872874050061667,58370.11122990083,1006.3812281017388,3156272.9809999997,54418.499672413796,26,8314.0,0.007195125765703649,26,8314.0
82795.0,48,21822.0,396.76363636363635,0.8256740481401994,58538.67039015933,1064.3394616392607,3156272.9809999997,57386.78147272726,20,8084.0,0.02934575227389672,20,8084.0
82800.0,43,21808.0,396.5090909090909,2.002586133589108,58784.761779214634,1068.8138505311754,3156272.9809999997,57386.78147272726,15,7785.0,0.05004162927006419,15,7785.0
82805.0,39,21832.0,346.53968253968253,2.369807443633992,58839.83685898228,933.9656644282901,3074830.7070000004,48806.836619047615,12,7816.0,0.1160933269083933,12,7816.0
82810.0,42,21990.0,349.04761904761904,2.7975343458926263,58744.838160521605,932.457748579708,2993485.7770000002,47515.64725396825,16,7934.0,0.26564517510311275,16,7934.0
82815.0,42,22104.0,350.85714285714283,1.2025815918255778,58710.55724219606,931.9136070189853,2993688.7870000005,47518.869634920644,15,7784.0,0.11918129262927067,15,7784.0
82820.0,48,22333.0,348.953125,1.268411638074591,59000.48718581278,921.8826122783244,3034488.5550000006,47413.883671874995,21,7844.0,0.07879507967632549,21,7844.0
82825.0,50,22575.0,342.04545454545456,1.4904309638256117,59292.42009472877,898.3700014352839,3116082.153000001,47213.36595454546,24,7926.0,0.05827513965953245,24,7926.0
82830.0,54,22839.0,346.04545454545456,0.9926285782046456,59499.76450849629,901.5115834620649,3156875.425000001,47831.44583333334,28,8025.0,0.020214175615863264,28,8025.0
82835.0,51,22930.0,347.42424242424244,1.5333989332349998,59787.744508101765,905.8749167894207,3197660.0040000016,48449.394,25,7966.0,0.04506842542077747,25,7966.0
82840.0,54,23197.0,356.87692307692305,1.4821400579541815,59905.29115332623,921.6198638973265,3156968.1200000015,48568.740307692315,27,8050.0,0.0347264927491077,27,8050.0
82845.0,56,23474.0,372.6031746031746,1.3374385851578547,60093.828597117485,953.8702951923408,3156963.566000001,50110.532793650804,28,8152.0,4.716361170309162e-06,28,8152.0
82850.0,56,23754.0,395.9,0.8006579949733293,60316.0912751326,1005.2681879188767,3156960.3600000013,52616.006000000016,28,8257.0,0.03386000506873242,28,8257.0
82855.0,50,23805.0,396.75,1.053366046605547,60508.36129837205,1008.4726883062008,3156961.344000001,52616.02240000001,22,8016.0,0.02448640411713783,22,8016.0
82860.0,46,23925.0,405.50847457627117,1.9375892710241887,60763.79456383944,1029.8948231159227,3156961.344000001,53507.81938983052,18,7820.0,0.09970906992364907,18,7820.0
82865.0,43,24004.0,400.06666666666666,1.6730048685848073,60795.870317602945,1013.2645052933824,3075469.472000001,51257.82453333334,16,7863.0,0.06686607655120173,16,7863.0
82870.0,45,24201.0,417.2586206896552,1.230501893848205,60669.2398567326,1046.0213768402173,2994094.375000001,51622.31681034483,19,7974.0,0.13021593755452343,19,7974.0
82875.0,48,24407.0,413.6779661016949,1.1167594361883464,60760.424394410315,1029.8377016001748,3035050.1870000004,51441.52859322034,21,8015.0,0.05079537193104814,21,8015.0
82880.0,52,24652.0,391.3015873015873,1.4839475898058143,61033.23409966228,968.7814936454331,3075881.4480000003,48823.515047619054,26,8095.0,0.047307338169185045,26,8095.0
82885.0,54,24916.0,371.8805970149254,1.863313559667556,61305.75559776521,915.0112775785852,3157539.62,47127.45701492538,28,8194.0,0.05017912658034634,28,8194.0
82890.0,57,25192.0,393.625,0.9962776032071704,61548.140635262454,961.689697425976,3198365.835,49974.466171875,29,8303.0,0.10901219574275982,29,8303.0
82895.0,54,25326.0,389.6307692307692,0.8604049454154346,61855.16618580385,951.6179413200596,3198365.835,49205.62823076923,26,8089.0,0.032193588114137375,26,8089.0
82900.0,51,25481.0,392.0153846153846,1.8845442024512506,62142.96637640522,956.0456365600804,3198365.835,49205.62823076923,23,7858.0,0.05626102717928472,23,7858.0
82905.0,49,25668.0,383.1044776119403,2.133631178973887,62422.47510531041,931.6787329150812,3198365.9630000005,47736.80541791045,21,7929.0,0.07041842053265866,21,7929.0
82910.0,51,25883.0,417.46774193548384,1.207292399589975,62129.12807648804,1002.0827109110976,2994553.3530000006,48299.24762903226,25,8027.0,0.05087220314502564,25,8027.0
82915.0,44,25386.0,416.1639344262295,1.5300178738432952,62090.71549494731,1017.8805818843827,2953924.539000001,48424.992442622955,18,7466.0,0.08425084615237131,18,7466.0
82920.0,48,25619.0,406.6507936507937,2.3338068439927704,62352.1871330116,989.7172560795492,3035614.2200000007,48184.352698412695,22,7450.0,0.056077847663015545,22,7450.0
82925.0,50,25863.0,380.3382352941176,2.3573653849494063,62514.86105040004,919.3361919176476,3117301.482000001,45842.66885294117,23,7529.0,0.051199522420573844,23,7529.0
82930.0,52,26115.0,408.046875,1.243736659235632,62194.39947970852,971.7874918704456,3158133.5120000006,49345.836125,26,7616.0,0.05660821519042827,26,7616.0
82935.0,51,26251.0,430.344262295082,1.3287268310546267,62343.312330554334,1022.0215136156448,3158132.464,51772.6633442623,23,7578.0,0.031840990493612914,23,7578.0
82940.0,52,26508.0,434.55737704918033,1.5099527349228434,62611.119133002205,1026.4117890656098,3158132.464,51772.6633442623,23,7658.0,0.03424574533851963,23,7658.0
82945.0,52,26762.0,446.03333333333336,1.4720964989846175,62834.881288114986,1047.2480214685831,3158131.686,52635.528099999996,24,7739.0,0.00018513377834045454,24,7739.0
82950.0,52,27022.0,491.3090909090909,0.7327624429419689,63019.04417104845,1145.8008031099716,3158131.2720000003,57420.56858181819,24,7824.0,0.0,24,7824.0
82955.0,47,26993.0,482.01785714285717,1.0539444602844104,63210.36137823214,1128.756453182717,3158132.544,56395.224,17,7649.0,0.023922883880719552,17,7649.0
82960.0,41,27037.0,482.80357142857144,2.4136948793039195,63439.10823149232,1132.841218419506,3158129.884,56395.1765,13,7502.0,0.129902680877718,13,7502.0
82965.0,38,27046.0,458.40677966101697,2.573516159263818,63644.4158986234,1078.71891353599,3117290.7720000003,52835.43681355932,11,7521.0,0.21633255059924078,11,7521.0
82970.0,43,27206.0,477.29824561403507,1.6033499415917312,63584.04600869492,1115.5095790999112,3035728.2,53258.38947368421,16,7584.0,0.14258043826136998,16,7584.0
82975.0,45,27412.0,489.5,0.935902032885381,63585.30733299483,1135.4519166606226,2995016.396,53482.43564285714,19,7661.0,0.06432677098898551,19,7661.0
82980.0,51,27653.0,476.7758620689655,1.1010737173066318,63848.04831767365,1100.8284192702356,3076773.5460000006,53047.81975862068,24,7737.0,0.04174029342696958,24,7737.0
82985.0,53,27912.0,443.04761904761904,1.1418978729851084,64120.72914767845,1017.7893515504518,3117655.5240000007,49486.59561904761,27,7831.0,0.012584101780834415,27,7831.0
82990.0,57,28187.0,454.6290322580645,1.0504815787732587,64383.95993098774,1038.4509666288345,3158534.6910000006,50944.107919354836,29,7938.0,0.1101716978494812,29,7938.0
82995.0,52,28314.0,456.6774193548387,0.7853988643076775,64677.296340915826,1043.1821990470291,3158534.6910000006,50944.107919354836,24,7773.0,0.042311300147712304,24,7773.0
83000.0,50,28466.0,459.1290322580645,1.7274264117554807,64958.38720346191,1047.715922636483,3158534.6910000006,50944.107919354836,22,7686.0,0.06404558806714424,22,7686.0
83005.0,46,28634.0,469.40983606557376,1.7733015715866567,65009.396645868306,1065.7278138666936,3076899.1220000004,50440.969213114746,19,7669.0,0.07172031275019021,19,7669.0
83010.0,48,28853.0,473.0,1.3935239330784597,65035.61411089695,1066.15760837536,2995254.49,49102.532622950814,22,7771.0,0.09101206080906427,22,7771.0
83015.0,48,29024.0,468.1290322580645,1.7107646183547593,65083.844152231075,1049.739421810179,2995389.6510000005,48312.7363064516,21,7777.0,0.11592786456772894,21,7777.0
83020.0,50,29268.0,464.57142857142856,1.558916267948163,65357.72214915199,1037.4241610976508,3036284.5310000004,48194.992555555546,24,7856.0,0.08129093231333041,24,7856.0
83025.0,55,29534.0,468.7936507936508,0.9560517874111794,65593.84914307935,1041.1722086203074,3118071.7430000002,49493.20226984127,29,7957.0,0.02106984919019563,29,7957.0
83030.0,59,29817.0,480.9193548387097,0.411362399521464,65832.47460466434,1061.8141065268442,3199848.077,51610.45285483871,32,8075.0,0.02801604817409433,32,8075.0
83035.0,52,29955.0,475.4761904761905,0.818433350826024,66119.62478370812,1049.517853709653,3199849.0650000004,50791.255,25,7954.0,0.02574170297801574,25,7954.0
83040.0,48,30104.0,470.375,2.1611448592809293,66399.39024187757,1037.4904725293368,3199849.1440000003,49997.642875000005,20,7873.0,0.06731062173001297,20,7873.0
83045.0,45,30277.0,438.7971014492754,2.005829404496007,66641.45089624322,965.8181289310611,3158975.9770000004,45782.26053623189,18,7930.0,0.08356939790051839,18,7930.0
83050.0,50,30510.0,469.38461538461536,1.588412957851977,66536.49437917456,1023.6383750642242,2995581.546000001,46085.86993846155,24,8020.0,0.11514149335087791,24,8020.0
83055.0,42,20693.0,318.3538461538462,1.2015210492632837,66718.4719848914,1026.4380305367906,2995645.329000001,46086.851215384624,20,5145.0,0.06236040111299113,20,5145.0
83060.0,45,15461.0,220.87142857142857,2.753150135096567,67002.41530891071,957.1773615558672,3077462.071000001,43963.743871428574,29,4279.0,0.11123628143797007,29,4279.0
83065.0,43,6600.0,94.28571428571429,2.9630081078355794,61258.3740872379,875.119629817684,3011863.083000001,43026.61547142858,36,8343.0,0.05754799370849056,36,8343.0
83070.0,44,1379.0,21.215384615384615,1.76356855313245,47782.485141662335,735.115156025574,2642152.780000001,40648.50430769231,42,10454.0,0.006337536808516884,42,10454.0
83075.0,46,1466.0,21.880597014925375,1.54510505665302,40173.141818479526,599.5991316190973,2726391.172000001,40692.40555223881,39,10430.0,0.012699029672626806,39,10430.0
83080.0,50,1610.0,22.676056338028168,2.010062656304027,40468.205303742325,569.9747225879199,3032709.173000001,42714.21370422536,35,10440.0,0.04487946150310608,35,10440.0
83085.0,50,1774.0,24.301369863013697,1.371966541557731,39747.321167822316,544.4838516140044,3028349.8580000005,41484.244630136986,33,10562.0,0.04132441418470382,33,10562.0
83090.0,57,2014.0,27.589041095890412,1.01944109594138,39924.99403032961,546.9177264428714,3099740.230000001,42462.194931506856,36,10709.0,0.03738059080833586,36,10709.0
83095.0,57,2014.0,27.589041095890412,1.238156445820654,40070.363910693886,548.9090946670397,3099837.41,42463.526164383555,32,10606.0,0.0649519031291517,32,10606.0
83100.0,61,2309.0,30.786666666666665,1.6572986951093451,40395.09971732712,538.601329564362,3181686.112,42422.48149333333,35,10684.0,0.03526875128234782,35,10684.0
83105.0,63,2618.0,34.44736842105263,1.7297063554131633,40599.96465135936,534.2100612020968,3222608.533,42402.74385526316,38,10823.0,0.016333354094261208,38,10823.0
83110.0,66,2944.0,39.25333333333333,1.1295418504423005,40762.85593135614,543.5047457514153,3263531.11,43513.748133333334,40,10975.0,0.0652060598302195,40,10975.0
83115.0,57,2706.0,37.06849315068493,1.1703321512444822,41012.77687899356,561.8188613560764,3263531.928,44705.9168219178,33,6226.0,0.030309297518473586,33,6226.0
83120.0,50,2642.0,35.7027027027027,2.4652429209596387,41326.38135549594,558.4646129121074,3263535.746,44101.8344054054,32,6326.0,0.10581319852728284,32,6326.0
83125.0,41,2482.0,32.6578947368421,2.69991391138426,39176.23976089248,515.4768389591118,3189267.496,41964.045999999995,35,8357.0,0.026569143597302097,35,8357.0
83130.0,44,2548.0,35.88732394366197,2.495578522698364,26848.79110862694,378.1519874454498,2894904.2259999993,40773.298957746476,41,9483.0,0.028599680235966093,41,9483.0
83135.0,41,1761.0,24.458333333333332,1.919869773410464,21254.76802621254,295.20511147517414,2900540.855,40285.28965277778,31,8989.0,0.035705687075968585,31,8989.0
83140.0,44,1777.0,24.34246575342466,1.7155525723586138,16644.824527080233,228.0112948915099,2981839.9149999996,40847.12212328766,28,8972.0,0.05670275150036853,28,8972.0
83145.0,49,1815.0,24.863013698630137,1.2296256238547314,15863.589400194931,217.30944383828665,3018434.8109999998,41348.42206849315,29,9115.0,0.04323589194051869,29,9115.0
83150.0,63,2058.0,28.19178082191781,0.7861264525024811,16109.020368590174,220.67151189849542,3054163.929,41837.86204109589,38,9328.0,0.012326238763699527,38,9328.0
83155.0,51,803.0,11.309859154929578,1.7681633416783082,15830.09770824218,222.9591226512982,3095121.8099999996,43593.26492957746,26,8375.0,0.06866313215917888,26,8375.0
83160.0,53,1067.0,14.616438356164384,2.710471910020091,16120.47866877712,220.82847491475488,3177045.3459999994,43521.16912328767,28,8108.0,0.053105251456943746,28,8108.0
83165.0,57,1345.0,17.243589743589745,2.6214241858073613,16294.319976876752,208.90153816508638,3136158.036,40207.154307692304,30,8227.0,0.0017653748886978214,30,8227.0
83170.0,58,1634.0,24.388059701492537,1.520567686178072,15061.38858111815,224.79684449430064,3136148.6459999993,46808.18874626865,31,8347.0,0.06595431493294612,31,8347.0
83175.0,54,1739.0,27.171875,0.8924584214313993,15224.82738500797,237.88792789074938,3136145.2279999997,49002.2691875,27,8169.0,0.0602677539643959,27,8169.0
83180.0,52,1863.0,29.109375,1.5659288357829366,15515.57324157762,242.43083189965017,3136145.2279999997,49002.2691875,25,8047.0,0.05113320946938063,25,8047.0
83185.0,48,2008.0,32.38709677419355,1.5006669580830654,15582.623422179231,251.33263584160042,3054325.334,49263.31183870968,22,8026.0,0.06364511046919206,22,8026.0
83190.0,51,2230.0,35.96774193548387,1.0081649044423295,15555.239240047682,250.89095548463987,2972566.954,47944.62829032257,25,8134.0,0.053371706155274715,25,8134.0
83195.0,44,2144.0,34.03174603174603,1.8260805054300755,15544.923607811847,246.74481917161654,2931773.963,46536.094650793646,19,8002.0,0.12367752265575435,19,8002.0
83200.0,49,2378.0,36.58461538461538,2.116910276368262,15813.650356657277,243.286928563958,3013744.128,46365.29427692308,24,8005.0,0.116240524257861,24,8005.0
83205.0,56,2634.0,38.17391304347826,1.5469536139105493,16031.815547673656,232.34515286483557,3095719.819,44865.5046231884,30,8101.0,0.02005208589123607,30,8101.0
83210.0,56,2913.0,43.47761194029851,1.3878431214931228,16281.445338287107,243.00664684010601,3136700.9350000005,46816.43186567164,31,8220.0,0.06596984535337029,31,8220.0
83215.0,54,3057.0,46.31818181818182,1.1793849418207054,16325.795263289247,247.3605342922613,3177688.7490000003,48146.799227272735,28,8094.0,0.07929641418825155,28,8094.0
83220.0,51,3217.0,48.74242424242424,2.2013953987844292,16613.571029096765,251.72077316813264,3177688.7490000003,48146.799227272735,24,7985.0,0.06774939327738587,24,7985.0
83225.0,47,3398.0,50.71641791044776,2.409150831153372,16728.503202340013,249.6791522737315,3095792.042,46205.85137313433,21,7799.0,0.08891711836521571,21,7799.0
83230.0,49,3626.0,55.784615384615385,2.4008963835743113,16860.331770176123,259.389719541171,3013887.747,46367.5038,23,7839.0,0.16785810721327496,23,7839.0
83235.0,52,3876.0,61.523809523809526,1.0052717001127776,16730.42573568396,265.56231326482475,2932146.7109999997,46542.01128571429,27,7940.0,0.04429624732752861,27,7940.0
83240.0,50,4021.0,61.86153846153846,1.4218663269740541,16795.839886132733,258.39753670973425,2932299.649,45112.30229230769,25,7935.0,0.06036636286249485,25,7935.0
83245.0,53,4279.0,63.865671641791046,1.961113987167168,17005.294939817417,253.8103722360807,2973327.6010000003,44378.02389552239,27,8003.0,0.04093915051576721,27,8003.0
83250.0,55,4547.0,68.89393939393939,1.5694248356425586,17260.59099596018,261.52410599939674,3014323.093,45671.56201515151,30,8111.0,0.08015298767097015,30,8111.0
83255.0,60,4831.0,74.32307692307693,0.4317915669834986,17407.20626382263,267.8031732895788,3096309.514,47635.53098461539,34,8235.0,0.014036098669343303,34,8235.0
83260.0,49,4472.0,68.8,1.2618908777162152,17692.503136863732,272.1923559517496,3137302.702,48266.19541538462,24,7822.0,0.08030252498748071,24,7822.0
83265.0,48,4574.0,66.28985507246377,1.6594267269241576,17988.461353866318,260.7023384618307,3219288.075,46656.34891304349,21,7657.0,0.08454171375562972,21,7657.0
83270.0,47,4769.0,71.17910447761194,1.5468266074117925,18178.719786698523,271.3241759208734,3137329.927,46825.81980597015,21,7725.0,0.03630151875552989,21,7725.0
83275.0,51,5011.0,74.7910447761194,1.0682961914199645,18267.246674349186,272.6454727514803,3096337.3050000006,46213.989626865674,26,7813.0,0.033098886584269356,26,7813.0
83280.0,54,5211.0,77.77611940298507,1.4380572493771466,18342.664604571804,273.77111350107157,3137336.380000001,46825.91611940299,28,7856.0,0.05095125678213648,28,7856.0
83285.0,56,5485.0,77.25352112676056,1.3117265219616119,18255.62487555977,257.12147712056003,3137377.078000001,44188.409549295786,31,7970.0,0.018837758585801258,31,7970.0
83290.0,60,5777.0,80.23611111111111,1.678937099605872,18534.79686338595,257.42773421369344,3137377.004000001,43574.68061111111,33,8099.0,0.08435885459927593,33,8099.0
83295.0,64,6082.0,88.14492753623189,0.383396728942537,18795.139370397163,272.3933242086546,3137376.936000001,45469.23095652175,37,8234.0,0.00791233037751584,37,8234.0
83300.0,56,6127.0,88.79710144927536,1.0768384257764811,19119.830673922126,277.0989952742338,3137376.936000001,45469.23095652175,29,8038.0,0.05549843195928194,29,8038.0
83305.0,55,6269.0,90.85507246376811,1.3815265942759754,19432.570147226546,281.6314514090804,3137376.936000001,45469.23095652175,27,8045.0,0.039984424430586245,27,8045.0
83310.0,53,6447.0,96.22388059701493,1.3267350006814314,19609.028446319175,292.67206636297266,3055396.683000001,45602.93556716419,26,8141.0,0.03644234616374981,26,8141.0
83315.0,56,6684.0,98.29411764705883,0.9223910214208799,19706.00391831717,289.79417526937004,3014435.961000001,44329.940602941184,29,8288.0,0.021787914665818257,29,8288.0
83320.0,53,6904.0,100.05797101449275,1.4978638210961355,19883.013339773162,288.15961361990094,3096490.249000001,44876.67027536233,27,8250.0,0.06643213553715663,27,8250.0
83325.0,52,7135.0,101.92857142857143,2.117252231866498,20156.75723175043,287.95367473929196,3137512.1280000005,44821.60182857144,27,8241.0,0.13421289636759964,27,8241.0
83330.0,55,7387.0,107.05797101449275,1.4642212585289067,20250.99831244292,293.49272916583936,3096570.376,44877.83153623189,29,8343.0,0.08077000757974391,29,8343.0
83335.0,59,7667.0,114.43283582089552,0.5077503933977651,20297.553321588424,302.94855703863306,3014616.8949999996,44994.28201492538,33,8467.0,0.03378354705413993,33,8467.0
83340.0,55,7905.0,117.98507462686567,0.5510902718401205,20613.56797709105,307.66519368792615,3014619.4050000003,44994.31947761194,29,8522.0,0.025698919557173336,29,8522.0
83345.0,53,8158.0,110.24324324324324,1.4424178594483128,20944.59339488235,283.03504587678873,3096682.4889999996,41847.060662162155,28,8530.0,0.04695173568859956,28,8530.0
83350.0,53,8417.0,110.75,1.7887430326034424,21250.7738904235,279.61544592662494,3178733.443,41825.44003947368,27,8631.0,0.09317160958644224,27,8631.0
83355.0,59,8701.0,117.58108108108108,0.8862772003716691,21488.400763211426,290.3837940974517,3096714.226,41847.48954054054,34,8755.0,0.06189496082352009,34,8755.0
83360.0,55,8577.0,115.9054054054054,1.2021717480664709,21643.684217848924,292.4822191601205,3096780.219,41848.38133783784,29,8571.0,0.0519579566035215,29,8571.0
83365.0,59,8861.0,113.6025641025641,1.7260057341518091,21976.704502543304,281.7526218274782,3137811.705,40228.355192307696,33,8603.0,0.01570251954025998,33,8603.0
83370.0,62,9165.0,116.0126582278481,2.0143750530056055,22254.278165807795,281.69972361782004,3137811.7749999994,39719.13639240507,37,8748.0,0.03838407204125201,37,8748.0
83375.0,64,9478.0,128.0810810810811,0.9472248735410426,22277.511143711767,301.0474478879967,3178843.3490000004,42957.342554054056,38,8900.0,0.02718885001820122,38,8900.0
83380.0,60,9612.0,133.5,0.9141285508534346,22526.20416436053,312.86394672722963,3178836.4230000004,44150.505875,33,8855.0,0.0408295122316417,33,8855.0
83385.0,58,9800.0,138.0281690140845,1.3921202411163602,22810.319023185973,321.27209891811236,3178836.4230000004,44772.3439859155,30,8867.0,0.031088806840176328,30,8867.0
83390.0,55,10010.0,143.0,1.6771854856987911,23088.67760405685,329.8382514865264,3137809.3830000004,44825.848328571425,28,8974.0,0.049990296679628246,28,8974.0
83395.0,57,10252.0,148.57971014492753,1.0005600112981998,23127.28935219917,335.17810655361114,3014817.239,43693.00346376812,31,9103.0,0.03519637820248881,31,9103.0
83400.0,43,8560.0,125.88235294117646,2.2217202867020007,23284.896136460655,342.4249431832449,3014876.98,44336.42617647058,18,7884.0,0.10447663853864199,18,7884.0
83405.0,46,8784.0,120.32876712328768,3.2757946405127725,23466.582473218845,321.4600338797102,3055982.682,41862.77646575343,21,7391.0,0.08393409456865594,21,7391.0
83410.0,53,9035.0,127.25352112676056,2.839656944101663,23068.190700317442,324.90409437066813,3097031.035,43620.155422535216,28,7482.0,0.09643209536718013,28,7482.0
83415.0,59,9312.0,147.8095238095238,0.417300215353245,22215.373957521024,352.6249834527146,3138068.035,49810.60373015873,32,7595.0,0.001911034114646297,32,7595.0
83420.0,54,9458.0,150.12698412698413,0.7464784794109457,22328.140918680605,354.4149352171524,3138068.609,49810.612841269845,27,7551.0,0.018023619468155238,27,7551.0
83425.0,50,9627.0,152.8095238095238,1.870456304369823,22609.096338404615,358.8745450540415,3138068.609,49810.612841269845,23,7540.0,0.050288579010746334,23,7540.0
83430.0,47,9768.0,157.5483870967742,1.4153647502702242,22714.813710643808,366.3679630749,3056036.1789999995,49290.90611290323,21,7609.0,0.07682464628111653,21,7609.0
83435.0,52,9998.0,158.6984126984127,1.2162466636315143,22890.307975333464,363.33822183069,3015030.8029999994,47857.631793650784,26,7712.0,0.0847922070628209,26,7712.0
83440.0,44,9856.0,158.96774193548387,1.6294909266625508,22983.98847831132,370.70949158566634,2974050.3989999993,47968.55482258065,19,7528.0,0.11352094050854697,19,7528.0
83445.0,49,10089.0,146.2173913043478,2.200284494906274,23265.399927556075,337.1797090950156,3056193.012999999,44292.65236231884,24,7514.0,0.08861159143735511,24,7514.0
83450.0,53,10345.0,149.92753623188406,2.14296224281694,23457.926778583413,339.9699533128029,3138321.7089999993,45482.923318840585,27,7610.0,0.04940575450260633,27,7610.0
83455.0,58,10623.0,165.984375,0.5814413688113053,23496.924464494823,367.1394447577315,3138320.4269999987,49036.256671874995,32,7726.0,0.024405793975359153,32,7726.0
83460.0,55,10762.0,173.58064516129033,0.6954579017166396,23697.993777736785,382.22570609252887,3138320.4269999987,50618.071403225804,28,7666.0,0.020986723974263155,28,7666.0
83465.0,50,10909.0,167.83076923076922,1.835996211949163,23988.188172993076,369.04904881527807,3138320.4269999987,48281.852723076925,23,7620.0,0.05388525352019511,23,7620.0
83470.0,47,11078.0,167.84848484848484,1.9546003617342562,24225.038588052674,367.04603921291914,3097273.582999999,46928.387621212125,21,7695.0,0.13639318419595228,21,7695.0
83475.0,53,11308.0,179.4920634920635,0.876236348061712,24163.297346953186,383.54440233259027,2974213.274,47209.73450793651,27,7796.0,0.0383659106662826,27,7796.0
83480.0,48,11447.0,181.6984126984127,1.4052839486441135,24341.030583979376,386.36556482506955,2974274.13,47210.700476190475,23,7797.0,0.09830141847501597,23,7797.0
83485.0,53,11703.0,177.3181818181818,1.7585677867103553,24625.993008940426,373.12110619606693,3056445.418,46309.779060606066,28,7863.0,0.05794728102936672,28,7863.0
83490.0,56,11973.0,178.70149253731344,1.735664030603079,24887.815790938344,371.4599371781843,3138617.1429999997,46845.03198507464,30,7973.0,0.03384771016100689,30,7973.0
83495.0,60,12260.0,188.6153846153846,0.554565744115627,25047.89243532695,385.3521913127223,3138615.071,48286.38570769231,32,8097.0,0.0009083961470833945,32,8097.0
83500.0,52,12279.0,194.9047619047619,0.9669140549626759,25291.629824732576,401.4544416624219,3138615.071,49819.28684126985,24,7962.0,0.04034627528007105,24,7962.0
83505.0,51,12418.0,197.11111111111111,1.0140665587451445,25583.584101506858,406.0886365318549,3138615.071,49819.28684126985,23,8041.0,0.05543313466584524,23,8041.0
83510.0,51,12590.0,196.71875,1.0588365668609696,25879.96665079008,404.37447891859506,3138615.5840000003,49040.8685,25,8124.0,0.029422849664025252,25,8124.0
83515.0,55,12837.0,207.0483870967742,0.6673092531430128,26049.874667673306,420.1592688334405,3097564.362,49960.71551612904,29,8242.0,0.03262196877774894,29,8242.0
83520.0,54,13057.0,214.04918032786884,0.7917257874012855,26272.620792096157,430.6987015097731,3097560.588,50779.681770491814,29,8319.0,0.014958068507045,29,8319.0
83525.0,56,13334.0,193.2463768115942,1.406692011997005,26429.299788758468,383.03333027186187,3097649.9200000013,44893.47710144928,30,8434.0,0.031919779467745706,30,8434.0
83530.0,58,13619.0,200.27941176470588,1.6930802390585882,26713.858691406567,392.85086310892007,3097649.2780000013,45553.66585294118,31,8550.0,0.07100964422877097,31,8550.0
83535.0,59,13910.0,210.75757575757575,0.18461901937757474,26971.216921225594,408.65480183675123,3097649.2780000013,46934.07996969698,32,8671.0,0.02382303028906288,32,8671.0
83540.0,59,14023.0,212.46969696969697,0.47561468188648864,27292.978944183218,413.5299840027758,3097649.2780000013,46934.07996969698,32,8540.0,0.014357676904329935,32,8540.0
83545.0,54,14152.0,214.42424242424244,1.3394426129560986,27599.286012381654,418.17100018760084,3097649.2780000013,46934.07996969698,27,8451.0,0.04800421637993316,27,8451.0
83550.0,52,14303.0,213.47761194029852,1.498111471299492,27856.770836121206,415.7726990465853,3056563.451000001,45620.35001492538,26,8544.0,0.04930146170338966,26,8544.0
83555.0,54,14544.0,220.36363636363637,1.0060900875710173,27712.179067051187,419.8815010159272,2974567.6820000005,45069.2073030303,29,8675.0,0.054235411605637704,29,8675.0
83560.0,45,13695.0,207.5,1.8762497122074953,27977.250691294747,423.8977377468901,3015705.1530000013,45692.50231818182,20,7900.0,0.11171820969796661,20,7900.0
83565.0,49,13932.0,204.88235294117646,2.807461855444937,28123.184904163478,413.5762485906394,3056929.6270000003,44954.84745588235,24,7704.0,0.0474709121195604,24,7704.0
83570.0,54,14188.0,218.27692307692308,1.882942981759226,27749.494211764955,426.9152955656147,3139193.9110000003,48295.290938461534,28,7800.0,0.03937869318969693,28,7800.0
83575.0,57,14461.0,225.953125,1.0613140668866705,27603.331097380007,431.3020483965626,3139191.084,49049.8606875,30,7909.0,0.00961692966869774,30,7909.0
83580.0,50,14525.0,242.08333333333334,1.3531037112896873,27663.12342132585,461.0520570220975,3139189.158,52319.819299999996,23,7840.0,0.060192378088779634,23,7840.0
83585.0,50,14775.0,230.859375,1.7263850787354558,27939.777923035363,436.55903004742754,3139189.41,49049.83453125,23,7883.0,0.01667395861887611,23,7883.0
83590.0,52,15033.0,231.27692307692308,2.226737267923035,28216.077475983493,434.0934996305153,3139192.6620000005,48295.27172307692,25,7971.0,0.13187707976749757,25,7971.0
83595.0,52,15293.0,254.88333333333333,0.9712416194896661,28305.47424098101,471.75790401635015,3139188.0200000005,52319.80033333333,25,8061.0,0.04422194236596281,25,8061.0
83600.0,47,15245.0,258.3898305084746,0.9743675103438405,28481.707778056803,482.740809797573,3139186.592,53206.55240677966,20,7908.0,0.04010898494837955,20,7908.0
83605.0,45,15260.0,242.22222222222223,1.6243915309968013,28761.015065257987,456.5240486548887,3139189.592,49828.40622222222,17,7966.0,0.04412727615256295,17,7966.0
83610.0,45,15364.0,247.80645161290323,1.7915362845594671,29012.513703216326,467.94376940671475,3139189.067,50632.081725806456,17,8018.0,0.12126703977232506,17,8018.0
83615.0,51,15511.0,254.27868852459017,0.8362720596029604,29191.23160075465,478.54478034024015,3056942.1289999997,50113.80539344262,26,8128.0,0.01212446898149184,26,8128.0
83620.0,50,15691.0,257.2295081967213,1.138471769116253,29445.94564832365,482.720420464322,3139294.1939999997,51463.83924590164,25,8187.0,0.049324388677637526,25,8187.0
83625.0,53,15951.0,257.2741935483871,1.4300709098416156,29522.085297658057,476.162666091259,3098244.423,49971.68424193548,26,8280.0,0.027438602979071258,26,8280.0
83630.0,54,16218.0,270.3,1.310078993227341,29752.97241628222,495.88287360470366,3098243.6369999996,51637.393950000005,27,8377.0,6.275696020190505e-06,27,8377.0
83635.0,54,16488.0,289.2631578947368,0.38706595017552065,29949.138797437292,525.4234876743385,3098243.6369999996,54355.15152631579,27,8477.0,0.02353636025591979,27,8477.0
83640.0,50,16574.0,295.9642857142857,0.5494062336423728,30215.44814970394,539.5615741018561,3098243.6369999996,55325.77923214286,23,8207.0,0.02025506811003748,23,8207.0
83645.0,46,16693.0,278.21666666666664,1.7499919279844474,30480.963711462828,508.0160618577139,3098246.6369999996,51637.44395,19,7981.0,0.06951608588261839,19,7981.0
83650.0,44,16799.0,275.39344262295083,2.156338108448257,30672.581466303254,502.82920436562733,3057114.7709999993,50116.63559016394,17,8034.0,0.17158945052562374,17,8034.0
83655.0,44,16961.0,282.68333333333334,1.2678379259748527,30550.99933885256,509.18332231420936,3016183.0439999993,50269.717399999994,19,8120.0,0.05533668704833449,19,8120.0
83660.0,47,17173.0,291.06779661016947,1.5366247824930765,30434.501458708073,515.8390077747132,2975258.7239999995,50428.113966101686,22,8200.0,0.09513807598035716,22,8200.0
83665.0,51,17418.0,280.93548387096774,1.3014594912918735,30706.9523445893,495.2734249127308,3057668.1709999996,49317.22856451613,26,8285.0,0.023746723739343955,26,8285.0
83670.0,55,17684.0,289.9016393442623,1.0727257587272117,30942.222531985917,507.2495497046873,3140081.874999999,51476.75204918032,29,8391.0,0.06128609805607735,29,8391.0
83675.0,58,17958.0,289.64516129032256,0.46472654983694484,31207.8817226909,503.35293101114365,3140080.1629999997,50646.45424193548,29,8501.0,0.02125535640924221,29,8501.0
83680.0,51,18079.0,296.37704918032784,1.1790084878772789,31483.109368651338,516.1165470270712,3140080.1629999997,51476.723983606564,24,8254.0,0.04870476708836378,24,8254.0
83685.0,47,18204.0,284.4375,2.052320118577761,31756.477917006276,496.19496745322294,3140083.1629999997,49063.799421874995,20,8037.0,0.11102288768246825,20,8037.0
83690.0,45,18351.0,295.98387096774195,1.9361885894804998,31772.94908726457,512.4669207623318,3057816.7369999997,49319.624790322574,19,7972.0,0.1288287173627164,19,7972.0
83695.0,49,18568.0,309.46666666666664,0.8386646431233665,31656.330198646978,527.605503310783,2975668.459,49594.47431666667,24,8062.0,0.050960353760975734,24,8062.0
83700.0,50,18791.0,313.18333333333334,1.0854995760999335,31744.452683996733,529.0742113999456,2975805.314,49596.75523333332,25,8143.0,0.05550076823474984,25,8143.0
83705.0,54,19055.0,288.7121212121212,1.2713279563449846,31873.034004898433,482.92475764997636,3017157.254999999,45714.50386363636,29,8247.0,0.022574512041948797,29,8247.0
83710.0,58,19332.0,288.53731343283584,1.5929204949618185,32153.54879141827,479.90371330475034,3099601.9149999996,46262.71514925373,32,8364.0,0.0958615778551267,32,8364.0
83715.0,60,19621.0,297.2878787878788,0.3506967878442665,32427.88084249583,491.33152791660353,3140825.4949999996,47588.26507575758,35,8493.0,0.03756528548966094,35,8493.0
83720.0,56,19636.0,293.07462686567163,1.0330070255078936,32742.736634191966,488.6975617043578,3182048.2549999994,47493.25753731344,30,8208.0,0.049785709171582135,30,8208.0
83725.0,53,19822.0,291.5,1.8620222311101862,33042.249209818445,485.9154295561537,3182048.2549999994,46794.827279411766,26,8081.0,0.0501142081384758,26,8081.0
83730.0,50,19992.0,294.0,2.046548496817539,33066.757208187475,486.27584129687483,3140911.0319999997,46189.86811764706,24,8166.0,0.08729266526779703,24,8166.0
83735.0,53,20239.0,306.6515151515151,1.2039547152073036,33149.944214461815,502.27188203730003,3017353.301,45717.47425757576,28,8283.0,0.07259815845292869,28,8283.0
83740.0,52,20411.0,314.0153846153846,1.2226018314149951,33094.26850853189,509.14259243895214,3017550.011,46423.84632307693,26,8295.0,0.05917126796894248,26,8295.0
83745.0,56,20681.0,304.13235294117646,1.401843445316535,33390.309456431714,491.03396259458435,3058786.079,44982.148220588235,31,8405.0,0.03223087822987352,31,8405.0
83750.0,59,20968.0,303.8840579710145,1.7079132097304495,33662.65444315717,487.86455714720535,3141250.2660000003,45525.36617391305,33,8532.0,0.07911484772440772,33,8532.0
83755.0,60,21265.0,327.15384615384613,0.34012498676816155,33854.2379597992,520.8344301507569,3141251.054,48326.939292307696,33,8662.0,0.027953325723511415,33,8662.0
83760.0,55,21403.0,329.2769230769231,0.8836010361406389,34163.11054364973,525.5863160561496,3141251.054,48326.939292307696,27,8663.0,0.013207596114443011,27,8663.0
83765.0,55,21554.0,303.5774647887324,1.1103703342225775,34483.302018105845,485.6803101141666,3141257.054,44243.05709859154,27,8757.0,0.013110890575943435,27,8757.0
83770.0,53,21729.0,310.4142857142857,1.5629131385932094,34775.98861278628,496.79983732551835,3100019.584,44285.99405714285,27,8851.0,0.07142784309429023,27,8851.0
83775.0,57,21981.0,318.5652173913044,0.6839876070199787,35086.433436224615,508.4990353076033,3058787.976,44330.26052173913,32,8979.0,0.015766322814609487,32,8979.0
83780.0,50,20729.0,291.9577464788732,1.7696270119329636,35373.340137602856,498.216058276097,3141299.9680000003,44243.66152112676,23,7985.0,0.06530337947719926,23,7985.0
83785.0,51,20977.0,295.4507042253521,3.342725037981158,35655.10101095898,502.18452128111244,3141299.9680000003,44243.66152112676,24,7681.0,0.06020835176845861,24,7681.0
83790.0,52,21233.0,307.72463768115944,2.8459315873188333,35575.54032293336,515.587540912078,3100122.0400000005,44929.30492753624,25,7752.0,0.022739210947157827,25,7752.0
83795.0,54,21498.0,364.3728813559322,0.9697241088390784,34529.58153211689,585.2471446121509,3100110.9660000005,52544.253661016955,27,7847.0,1.0197976815167878e-05,27,7847.0
83800.0,49,21652.0,393.6727272727273,1.0016263941104078,34623.95143914427,629.5263898026234,3100109.3180000004,56365.62396363637,22,7831.0,0.027898626378580118,22,7831.0
83805.0,49,21897.0,377.5344827586207,1.4003507974956824,34882.84477641175,601.4283582139958,3100109.4660000005,53450.16320689656,22,7906.0,0.0,22,7906.0
83810.0,49,22142.0,395.39285714285717,1.5651850218217551,35080.412019272524,626.435928915581,3100108.1760000004,55359.07457142857,22,7981.0,0.043256231238495556,22,7981.0
83815.0,50,22388.0,422.41509433962267,0.41469787100739636,35241.156092820514,664.9274734494438,3100105.1760000004,58492.550490566035,23,8057.0,0.024708689367928104,23,8057.0
83820.0,46,22337.0,421.45283018867923,0.6764260982147406,35486.85076525269,669.5632219859,3100105.645,58492.559339622654,19,7834.0,0.030318574838135496,19,7834.0
83825.0,42,22353.0,399.1607142857143,2.2073863159074265,35732.900981867104,638.0875175333413,3100105.645,55359.029375,15,7641.0,0.1311575525445144,15,7641.0
83830.0,39,22307.0,391.35087719298247,2.400675445328907,35742.5336381616,627.0619936519581,3017663.809,52941.47033333334,13,7570.0,0.22161467992826123,13,7570.0
83835.0,41,22455.0,400.98214285714283,1.4501050238222206,35681.75947405703,637.1742763224471,2976550.097,53152.68030357143,16,7697.0,0.08797106935911116,16,7697.0
83840.0,42,22613.0,403.80357142857144,1.5802454574937492,35648.33640662425,636.5774358325759,2976727.122,53155.841464285724,16,7695.0,0.09721910922588191,16,7695.0
83845.0,46,22834.0,380.56666666666666,1.8557958406775255,35906.566455333,598.4427742555501,3018037.072,50300.61786666667,21,7756.0,0.049524252677585576,21,7756.0
83850.0,49,23072.0,397.7931034482759,1.4247782826207152,36111.57561422915,622.6133726591235,3100641.3280000007,53459.3332413793,24,7834.0,0.11258637279451392,24,7834.0
83855.0,55,23328.0,388.8,0.2938447719074076,36337.57769302878,605.6262948838132,3141944.7120000003,52365.745200000005,27,7929.0,0.022873568672844277,27,7929.0
83860.0,50,23462.0,391.03333333333336,1.2156498907618447,36621.14867705522,610.3524779509204,3141944.7120000003,52365.745200000005,23,7773.0,0.04795690840645562,23,7773.0
83865.0,46,23598.0,393.3,2.1622066826396718,36882.00692096909,614.7001153494846,3141944.7120000003,52365.745200000005,19,7627.0,0.13129631857050014,19,7627.0
83870.0,45,23752.0,409.51724137931035,1.639206744344728,36971.684339701336,637.4428334431265,3059418.961,52748.60277586206,19,7577.0,0.07437431885521813,19,7577.0
83875.0,46,23963.0,435.6909090909091,0.6819332507701711,36777.56646328263,668.6830266051388,2935762.8759999997,53377.50683636364,21,7673.0,0.06704267679521914,21,7673.0
83880.0,47,24150.0,439.09090909090907,0.7618626101588801,36894.87708958493,670.8159470833624,2935858.9299999997,53379.25327272727,22,7700.0,0.03945390991605175,22,7700.0
83885.0,50,24393.0,387.1904761904762,1.4289512248713907,37166.79168152964,589.9490743099943,3018506.5909999995,47912.80303174602,25,7783.0,0.05957908096679202,25,7783.0
83890.0,53,24649.0,385.140625,1.83664848548205,37423.689376538925,584.7451465084209,3101143.7229999998,48455.370671875,27,7879.0,0.12103580190318328,27,7879.0
83895.0,58,24921.0,395.57142857142856,0.42280693524469115,37662.70290664664,597.8206810578832,3142458.9809999997,49880.30128571428,33,7991.0,0.046636701838208935,33,7991.0
83900.0,56,25070.0,379.8484848484849,0.9445045246639103,37969.652121839055,575.297759421804,3183779.087,48239.077075757574,30,7864.0,0.05209487233080609,30,7864.0
83905.0,51,25229.0,382.25757575757575,2.108130167305323,38260.7313553532,579.7080508386849,3183779.087,48239.077075757574,24,7759.0,0.10185331799325358,24,7759.0
83910.0,49,25412.0,373.70588235294116,2.248428973078891,38544.147400972055,566.8256970731184,3183779.5229999996,46820.28710294116,23,7748.0,0.08431845018387034,23,7748.0
83915.0,51,25654.0,400.84375,1.3162601925503221,38342.533313243766,599.1020830194336,2977445.3729999997,46522.583953125,26,7860.0,0.07878788183233902,26,7860.0
83920.0,52,25804.0,409.58730158730157,1.1453613116016137,38393.62433820503,609.4226085429369,2936261.4769999995,46607.32503174602,27,7850.0,0.05671622967247417,27,7850.0
83925.0,54,26066.0,383.3235294117647,1.670879857321072,38684.28903632875,568.8866034754228,3018926.0369999995,44395.97113235293,29,7953.0,0.049288226722621294,29,7953.0
83930.0,57,26339.0,381.72463768115944,1.8019960870720302,38947.27696822808,564.4532893946098,3101581.1629999997,44950.45163768115,31,8066.0,0.07104850084823207,31,8066.0
83935.0,60,26629.0,397.44776119402985,0.4213658248675911,39129.95807070418,584.0292249358831,3142900.1489999997,46908.95744776119,35,8196.0,0.004353171286271536,35,8196.0
83940.0,54,26524.0,401.8787878787879,0.9777768064628272,39437.997493468545,597.5454165677052,3142900.1489999997,47619.69922727272,26,8034.0,0.028894404034438572,26,8034.0
83945.0,53,26683.0,386.71014492753625,1.0949718900634757,39753.315840907824,576.1350121870697,3142900.1489999997,45549.277521739124,25,8070.0,0.012834997141625018,25,8070.0
83950.0,53,26889.0,395.4264705882353,1.3917519659923012,40045.88924349708,588.9101359337807,3101571.5149999997,45611.34580882353,26,8164.0,0.0841537780928421,26,8164.0
83955.0,58,27133.0,411.1060606060606,0.7428246411417766,40240.57577089838,609.7056934984604,3060239.4479999994,46367.264363636365,33,8286.0,0.005354134524772948,33,8286.0
83960.0,56,27370.0,402.5,1.5664156444685449,40428.04551818631,594.5300811497985,3101588.619,45611.5973382353,31,8377.0,0.019963151004006946,31,8377.0
83965.0,57,27654.0,406.6764705882353,1.8244455536968065,40640.053802986295,597.6478500439162,3142936.1789999995,46219.64969117646,31,8497.0,0.030071749897449738,31,8497.0
83970.0,59,27944.0,429.9076923076923,0.8346923057114205,40797.488255185985,627.6536654643995,3101633.026999999,47717.43118461539,32,8618.0,0.02853669194439079,32,8618.0
83975.0,61,28248.0,448.3809523809524,0.1150923486256229,41054.15011472076,651.6531764241388,3101633.026999999,49232.27026984127,34,8752.0,0.0002910863105963597,34,8752.0
83980.0,56,28366.0,443.21875,0.8278281217980218,41360.88576449316,646.2638400702056,3101633.9739999995,48463.03084375,29,8656.0,0.05822957344321975,29,8656.0
83985.0,52,28482.0,431.54545454545456,1.6290618620213628,41654.01394919421,631.1214234726393,3101634.125999999,46994.45645454545,25,8572.0,0.08355682636295486,25,8572.0
83990.0,49,28617.0,440.26153846153846,1.777227020766753,41807.012834367655,643.1848128364253,3060328.9909999995,47081.98447692308,23,8577.0,0.07161481424307624,23,8577.0
83995.0,53,28846.0,457.87301587301585,0.7513011363755941,41806.357214954856,663.5929716659501,2977779.3189999997,47266.3383968254,27,8697.0,0.04599132659415826,27,8697.0
84000.0,44,27747.0,440.42857142857144,1.9342875971859954,41965.9545327436,666.1262624245018,2977851.4719999996,47267.483682539685,19,7796.0,0.11173636335263361,19,7796.0
84005.0,47,27977.0,394.0422535211268,2.9242447380447745,42135.51890800718,593.4580127888335,3019293.0969999996,42525.25488732394,22,7535.0,0.07311238466865563,22,7535.0
84010.0,51,28222.0,381.3783783783784,3.3794390669463477,42218.36350587863,570.5184257551166,3102041.655,41919.48182432433,25,7620.0,0.17630710095342986,25,7620.0
84015.0,54,28478.0,438.12307692307695,1.1363239528643332,41313.40434782174,635.5908361203346,3143406.351,48360.09770769231,29,7716.0,0.04934390324629533,29,7716.0
84020.0,53,28593.0,446.765625,1.3129203337440716,41524.50975731868,648.8204649581044,3184780.0829999996,49762.188796875,26,7675.0,0.06901520880052901,26,7675.0
84025.0,55,28863.0,450.984375,1.4602118790058558,41811.328480967306,653.3020075151142,3184780.0829999996,49762.188796875,28,7769.0,4.75680296980052e-05,28,7769.0
84030.0,55,29138.0,462.5079365079365,1.5778394911570428,42039.625711846755,667.2956462197897,3184779.2929999996,50552.05226984127,28,7874.0,0.0,28,7874.0
84035.0,57,29413.0,482.1803278688525,0.7394228819517373,42221.90183632223,692.1623251856103,3184780.1509999996,52209.510672131146,28,7979.0,0.0,28,7979.0
84040.0,47,29377.0,506.5,1.3175668895280732,42406.62159612641,731.1486482090758,3184777.1509999996,54909.95087931035,20,7752.0,0.06739202123144286,20,7752.0
84045.0,44,29430.0,498.8135593220339,2.4475948001686763,42657.06187684937,723.0010487601585,3184777.1509999996,53979.27374576272,17,7584.0,0.14702858592978654,17,7584.0
84050.0,42,29452.0,516.7017543859649,2.1456861350914735,42681.588055680084,748.7997904505276,3102106.67,54422.92403508772,16,7533.0,0.1286339727872721,16,7533.0
84055.0,45,29632.0,529.1428571428571,1.1573719168300305,42725.442651983714,762.954333071138,3019445.945,53918.67758928572,19,7614.0,0.06218935398758744,19,7614.0
84060.0,44,29825.0,532.5892857142857,1.2722270098840187,42696.19645018283,762.4320794675506,2978223.7169999997,53182.566375,19,7679.0,0.08635790065136945,19,7679.0
84065.0,48,30056.0,484.7741935483871,1.6274818484553952,42841.651970842366,690.9943866264897,3019709.880000001,48704.99806451614,23,7762.0,0.08787051003000802,23,7762.0
84070.0,54,30308.0,481.07936507936506,1.6290188829939694,43099.74480456046,684.1229334057216,3102521.4450000008,49246.37214285715,28,7887.0,0.14662286397615137,28,7887.0
84075.0,56,30577.0,493.1774193548387,0.515345906486334,43353.452909038606,699.2492404683645,3143926.2450000006,50708.487822580646,31,8022.0,0.0671530575899927,31,8022.0
84080.0,55,30725.0,487.6984126984127,0.9123112393583126,43651.71328514126,692.884337859385,3185331.7230000007,50560.821,28,7908.0,0.05092654202128239,28,7908.0
84085.0,50,30883.0,467.92424242424244,1.9158963791081283,43938.95319156599,665.7417150237272,3185334.7230000007,48262.64731818182,23,7801.0,0.06027225642795032,23,7801.0
84090.0,46,31059.0,463.56716417910445,2.284406875292313,44055.80642168025,657.549349577317,3102595.5130000003,46307.39571641791,20,7809.0,0.12209746879302215,20,7809.0
84095.0,50,31286.0,474.030303030303,1.6057177030204617,44065.784016015044,667.6633941820461,3019927.291,45756.47410606061,24,7898.0,0.11617424946638949,24,7898.0
84100.0,50,31447.0,483.8,1.2920061754288041,44210.6406967224,680.1637030264984,2978612.31,45824.80476923077,25,7910.0,0.0601126116816853,25,7910.0
84105.0,53,31709.0,480.43939393939394,1.3457307369712472,44420.38901414266,673.0361971839795,3020070.1509999996,45758.638651515146,28,8012.0,0.04374230516644782,28,8012.0
84110.0,57,31988.0,477.43283582089555,1.578114069038924,44715.00643150628,667.3881556941236,3061488.0729999994,45693.8518358209,32,8131.0,0.02933785072566809,32,8131.0
84115.0,58,32276.0,496.55384615384617,0.47507115438718844,44879.69244660973,690.4568068709189,3144313.744999999,48374.05761538462,33,8262.0,0.014621555044241166,33,8262.0
84120.0,55,32436.0,506.8125,1.054865624818966,45179.219225963716,705.925300405683,3144313.744999999,49129.902265625,28,8227.0,0.016203540250893315,28,8227.0
84125.0,52,32618.0,479.6764705882353,1.9579263232325255,45474.17073634861,668.737804946303,3144316.744999999,46239.95213235293,25,8199.0,0.05660274018292451,25,8199.0
84130.0,50,32790.0,496.8181818181818,1.9114581863120026,45634.23970678534,691.4278743452323,3061526.599999999,46386.76666666666,24,8298.0,0.13090231491918414,24,8298.0
84135.0,52,33029.0,500.43939393939394,0.8951170346048637,45808.2161005926,694.0638803120089,3020164.497999999,45760.068151515145,26,8402.0,0.053377236541891304,26,8402.0
84140.0,54,33280.0,496.7164179104478,1.0969904072583792,45902.07442857203,685.1055884861496,2978849.428,44460.439223880596,29,8505.0,0.030950662360648716,29,8505.0
84145.0,58,33560.0,486.3768115942029,1.4680471305247957,46209.0393362036,669.6962222638201,3061713.127,44372.65401449274,33,8625.0,0.04198617007493096,33,8625.0
84150.0,61,33854.0,483.62857142857143,1.0227076898176195,46503.110357081576,664.3301479583081,3144573.4949999996,44922.4785,35,8759.0,0.0377981477527211,35,8759.0
84155.0,65,34166.0,509.94029850746267,0.12758653138224257,46790.33012454794,698.3631361872823,3144570.4949999996,46933.88798507462,38,8908.0,0.0007470594718325459,38,8908.0
84160.0,59,34334.0,512.4477611940298,0.8661638020293366,47112.52750394561,703.1720522976955,3144570.4949999996,46933.88798507462,32,8866.0,0.04666829705040803,32,8866.0
84165.0,56,34527.0,479.5416666666667,1.83010024751212,47425.56065888971,658.6883424845793,3144573.650999999,43674.634041666664,29,8801.0,0.04599402095487105,29,8801.0
84170.0,52,34696.0,488.67605633802816,2.3587655797517724,47707.6735882849,671.9390646237308,3103139.3079999993,43706.187436619715,26,8898.0,0.10777647487340625,26,8898.0
84175.0,55,34946.0,513.9117647058823,0.8208800065184503,47680.68754162751,701.1865814945219,2978966.812999999,43808.33548529411,30,9036.0,0.04989142252845587,30,9036.0
84180.0,50,34180.0,502.6470588235294,1.6796846179837703,47814.03954673512,703.1476403931634,2979052.4829999995,43809.5953382353,24,8273.0,0.07827980814065806,24,8273.0
84185.0,53,34436.0,478.27777777777777,2.706779589434513,48107.01997364426,668.1530551895036,3020500.0149999997,41951.38909722222,28,8206.0,0.029144758576880907,28,8206.0
84190.0,54,34704.0,468.97297297297297,2.5369747543847283,48223.50163947532,651.6689410739906,3103395.335,41937.774797297294,29,8314.0,0.06019912437711802,29,8314.0
84195.0,58,34983.0,514.4558823529412,1.0811051182527702,47663.23516607746,700.9299289129035,3186277.4649999994,46857.02154411765,32,8433.0,0.03379478765051838,32,8433.0
84200.0,55,35125.0,540.3846153846154,0.8850241532098992,47844.40614982351,736.0677869203613,3186271.3869999996,49019.5598,28,8370.0,0.052478743955448014,28,8370.0
84205.0,53,35303.0,534.8939393939394,1.7368482306170379,48139.76109638168,729.3903196421464,3186271.3869999996,48276.8391969697,26,8340.0,0.053759210801452115,26,8340.0
84210.0,50,35472.0,537.4545454545455,1.8701539590223568,48376.80483897554,732.9818914996292,3144840.7649999997,47649.1025,24,8364.0,0.08926590086385763,24,8364.0
84215.0,53,35711.0,541.0757575757576,1.0501900267115674,48341.01374574813,732.4396022083049,2979169.323,45138.929136363644,26,8479.0,0.07381497928644618,26,8479.0
84220.0,47,35659.0,540.2878787878788,1.6653958189838096,48455.1678547344,734.1692099202182,2979260.169,45140.30559090909,21,8313.0,0.0787566460443315,21,8313.0
84225.0,51,35905.0,535.8955223880597,1.9779229023013196,48737.44417171529,727.4245398763476,3020719.867,45085.37114925374,26,8353.0,0.10256916232748423,26,8353.0
84230.0,55,36169.0,531.8970588235294,1.5361618562699555,48959.688988814436,719.9954263060945,3103629.59,45641.61161764707,30,8457.0,0.03017493873779847,30,8457.0
84235.0,60,36462.0,569.71875,0.5904814439814298,49069.942985857095,766.717859154017,3145086.2630000003,49141.972859375,34,8588.0,8.93358014948549e-06,34,8588.0
84240.0,54,36609.0,600.1475409836065,0.627065719476615,49253.85975590353,807.440323867271,3145086.2630000003,51558.79119672132,27,8538.0,0.01605699692534883,27,8538.0
84245.0,49,36759.0,532.7391304347826,2.1184488941152324,49545.92942597459,718.05694820253,3145097.135,45581.11789855073,22,8500.0,0.05808503497716714,22,8500.0
84250.0,45,36924.0,543.0,3.42902724139453,49795.67332473977,732.2893135991142,3103639.463,45641.756808823535,19,8443.0,0.2345960112910423,19,8443.0
84255.0,49,37137.0,571.3384615384615,1.4910917889518425,49750.81885804582,765.397213200705,2979372.2120000003,45836.49556923076,24,8526.0,0.08508257566278632,24,8526.0
84260.0,56,37406.0,584.46875,0.8431642819187962,49895.39631253451,779.6155673833516,2937967.9540000004,45905.74928125,31,8649.0,0.05224815421600831,31,8649.0
84265.0,53,37575.0,587.109375,1.1792075521038559,50061.683696812666,782.2138077626978,2938019.756,45906.5586875,28,8666.0,0.05821799288074346,28,8666.0
84270.0,56,37845.0,556.5441176470588,1.4737369222483538,50356.97007033845,740.5436775049772,3020963.3440000005,44425.93152941176,30,8768.0,0.02309760756897511,30,8768.0
84275.0,57,38126.0,560.6764705882352,1.8733119227876727,50601.60882211998,744.1413062076468,3062434.159000001,45035.79645588235,32,8889.0,0.095188645958653,32,8889.0
84280.0,60,38415.0,582.0454545454545,0.5571038546852695,50813.853813090194,769.9068759559121,3145365.2430000002,47657.04913636363,35,9018.0,0.03668506817152964,35,9018.0
84285.0,51,37353.0,549.3088235294117,1.2601891477641853,51103.444646350115,751.5212447992665,3228303.8940000003,47475.05726470588,25,8409.0,0.0702165171329145,25,8409.0
84290.0,49,37231.0,531.8714285714286,1.900595796346035,51400.65498103318,734.2950711576169,3269773.827,46711.054671428574,20,8048.0,0.1209736709362734,20,8048.0
84295.0,47,37405.0,534.3571428571429,1.569165353006625,51577.455870711354,736.8207981530194,3186871.0030000005,45526.728614285705,20,8108.0,0.05747184206291333,20,8108.0
84300.0,54,37653.0,553.7205882352941,1.3328216820624224,51577.14732014581,758.4874605903792,3145392.827,46255.77686764706,28,8200.0,0.039794000976850166,28,8200.0
84305.0,50,26124.0,373.2,1.5765401253999816,51572.67093711749,736.752441958821,3145397.6119999997,44934.251599999996,26,6285.0,0.026440231296673743,26,6285.0
84310.0,43,15803.0,232.39705882352942,2.6402679803597007,51394.67345561405,755.8040214060887,3145393.24,46255.78294117647,29,4416.0,0.09671109322774034,29,4416.0
84315.0,38,6644.0,100.66666666666667,2.612032701929403,51628.98560783283,782.2573576944369,3145392.51,47657.46227272727,31,6533.0,0.02912980570400102,31,6533.0
84320.0,40,988.0,15.4375,2.191676838269264,43195.405801113186,674.9282156423935,2878868.736,44982.324,36,7666.0,0.0019872618238019,36,7666.0
84325.0,35,872.0,13.415384615384616,2.220007877681315,33054.97380570416,508.5380585492946,2733302.9899999998,42050.81523076923,26,7291.0,0.030860862492727126,26,7291.0
84330.0,39,945.0,14.538461538461538,1.8968027274079267,32101.181791720188,493.8643352572337,2734468.7499999995,42068.75,25,7207.0,0.05941580105522598,25,7207.0
84335.0,46,1032.0,15.402985074626866,1.1760276437632684,30984.0133239693,462.4479600592432,2891095.4669999997,43150.67861194029,27,7304.0,0.013506316219426086,27,7304.0
84340.0,52,1239.0,18.492537313432837,0.7984419221019555,31068.944171286847,463.7155846460724,3005113.3939999994,44852.4387164179,34,7456.0,0.013666933204420058,34,7456.0
84345.0,54,1293.0,18.47142857142857,1.2613952021499346,31163.93800699669,445.19911438566703,3124368.656999999,44633.83795714286,30,7439.0,0.03256442512950615,30,7439.0
84350.0,57,1573.0,22.47142857142857,1.9723334006524067,31333.68921974922,447.6241317107031,3124441.7349999994,44634.88192857143,30,7518.0,0.07489056978209795,30,7518.0
84355.0,58,1862.0,26.985507246376812,1.3951132329369245,31615.170552954143,458.19087757904555,3124440.9409999996,45281.75276811593,30,7638.0,0.013937470256579924,30,7638.0
84360.0,62,2170.0,33.90625,0.41825257693947,31710.508712532435,495.4766986333193,3124440.9409999996,48819.389703125,34,7776.0,2.5856967563876863e-06,34,7776.0
84365.0,56,2291.0,34.71212121212121,0.9139443628303364,31969.646851423782,484.3885886579361,3124443.9409999996,47340.05971212121,28,7652.0,0.01769308735041862,28,7652.0
84370.0,52,2407.0,34.385714285714286,2.1540239844119142,32264.152361763467,460.91646231090675,3124448.9569999995,44634.98509999999,24,7547.0,0.11207544953138314,24,7547.0
84375.0,48,2540.0,37.35294117647059,1.9275599453337176,32368.17138373331,476.0025203490194,3041514.602999999,44728.15592647059,21,7546.0,0.10829171696921797,21,7546.0
84380.0,55,2775.0,41.417910447761194,0.9696982033557887,32401.373887708276,483.6025953389296,3000143.283999999,44778.25797014924,28,7671.0,0.06728270851970501,28,7671.0
84385.0,47,1958.0,29.666666666666668,1.5318997847652194,32462.177429785323,491.8511731785656,2958751.741999999,44829.57184848485,21,6922.0,0.09130937251305059,21,6922.0
84390.0,50,2203.0,32.39705882352941,2.5288250719034266,32743.90467189569,481.52800988081907,3041830.8249999993,44732.806249999994,24,6806.0,0.027108961444188062,24,6806.0
84395.0,57,2466.0,35.22857142857143,2.1963841200834344,32615.763978933417,465.9394854133346,3124905.4289999995,44641.506128571426,28,6909.0,0.027426259421127083,28,6909.0
84400.0,55,2737.0,42.765625,1.195054220543418,32182.163773509266,502.8463089610824,3166434.1739999996,49475.53396875,29,7020.0,0.031669122369627815,29,7020.0
84405.0,51,2854.0,43.24242424242424,1.6012833265606465,32400.451525489538,490.91593220438716,3207974.368,48605.67224242425,25,6977.0,0.11545559872168182,25,6977.0
84410.0,53,3117.0,47.22727272727273,1.5782210859173174,32685.201727463984,495.2303292039999,3207974.368,48605.67224242425,25,7072.0,0.07164400918784851,25,7072.0
84415.0,57,3395.0,52.23076923076923,1.2227947860558446,32927.670682441894,506.5795489606446,3207974.2879999997,49353.450584615384,29,7180.0,0.009682298426454574,29,7180.0
84420.0,59,3689.0,60.47540983606557,0.3906847788402802,33121.161392279406,542.9698588898266,3207973.2699999996,52589.72573770492,31,7304.0,1.073601050926378e-05,31,7304.0
84425.0,51,3682.0,57.53125,1.2780939502410633,33367.005247023466,521.3594569847417,3207975.1459999997,50124.61165625,23,7088.0,0.036207755706746274,23,7088.0
84430.0,46,3720.0,58.125,2.8119911769748183,33636.02874530556,525.5629491453994,3207975.1459999997,50124.61165625,18,6924.0,0.17707538220638377,18,6924.0
84435.0,45,3805.0,61.37096774193548,1.965985613543808,33674.485126175285,543.1368568737951,3124986.812,50403.01309677419,18,6871.0,0.093467013747044,18,6871.0
84440.0,51,4018.0,68.10169491525424,0.9014023739755209,33586.365455106505,569.2604314424834,3000538.4089999995,50856.58320338984,24,6981.0,0.056274669976327366,24,6981.0
84445.0,48,4203.0,70.05,1.185408000564143,33565.1331512862,559.4188858547701,2959166.3789999997,49319.43964999999,22,7034.0,0.03358967587787297,22,7034.0
84450.0,51,4449.0,69.515625,1.8630527278233662,33840.23089468972,528.7536077295271,3042304.9549999996,47536.014921875,25,7120.0,0.10145004632138448,25,7120.0
84455.0,55,4713.0,72.50769230769231,1.3936244442432248,34098.11427391751,524.5863734448852,3125437.8739999994,48083.659600000006,28,7224.0,0.08042716155934107,28,7224.0
84460.0,58,4995.0,79.28571428571429,0.5229060591230204,34328.650735512856,544.8992180240139,3167005.4489999996,50269.92776190476,32,7346.0,0.05545676467708914,32,7346.0
84465.0,55,5141.0,80.328125,0.8351356787997586,34634.69898932503,541.1671717082037,3208573.2549999994,50133.957109375,28,7200.0,0.038429301624607726,28,7200.0
84470.0,52,5324.0,83.1875,1.8372167131743928,34924.24144083269,545.6912725130107,3208573.2549999994,50133.957109375,24,7087.0,0.04747405166645849,24,7087.0
84475.0,48,5483.0,85.671875,1.9528875010121016,35011.54764563953,547.0554319631178,3125533.2949999995,48836.457734375,21,7102.0,0.08438134805324027,21,7102.0
84480.0,50,5715.0,92.1774193548387,1.5659306417788297,35100.00785433232,566.1291589408439,3042505.2819999997,49072.66583870969,23,7195.0,0.06341569122483687,23,7195.0
84485.0,49,5892.0,89.27272727272727,1.2792223850546853,35024.752627496724,530.6780701135868,2959564.437,44841.885409090915,23,7222.0,0.030708113908756437,23,7222.0
84490.0,53,6151.0,90.45588235294117,2.0231259374172454,35316.85471198137,519.3655104703142,3042728.277,44746.00407352942,27,7321.0,0.1317844717219099,27,7321.0
84495.0,58,6427.0,93.14492753623189,1.1801363754523109,35584.87523786661,515.7228295342989,3125883.2479999997,45302.65576811594,31,7437.0,0.05102878466961473,31,7437.0
84500.0,63,6731.0,97.55072463768116,0.47497809527216023,35839.951529681144,519.4195873866835,3167461.3019999997,45905.23626086957,37,7581.0,0.014216276543194602,37,7581.0
84505.0,59,6911.0,101.63235294117646,0.9336524072105666,36160.39031638641,531.770445829212,3167461.3019999997,46580.31326470588,31,7546.0,0.01882039854577496,31,7546.0
84510.0,54,7089.0,104.25,1.625945904142994,36465.61430751948,536.2590339341101,3167461.3019999997,46580.31326470588,26,7505.0,0.06728390714485409,26,7505.0
84515.0,53,7295.0,108.88059701492537,1.5088546456890575,36634.7577100647,546.7874285084288,3084346.0659999996,46035.01591044776,26,7536.0,0.06948821675709943,26,7536.0
84520.0,55,7546.0,114.33333333333333,1.0617047917389735,36810.815012529805,557.7396214019668,3042820.4489999996,46103.34013636363,28,7653.0,0.06026567357556633,28,7653.0
84525.0,49,7199.0,105.86764705882354,1.5062553356894972,36806.51438347763,541.2722703452596,2959802.6639999994,43526.50976470588,23,7197.0,0.05611416502392753,23,7197.0
84530.0,53,7452.0,104.95774647887323,2.8217913685985208,37092.554390455145,522.4303435275375,3042996.335999999,42859.103323943666,26,7252.0,0.10147839318754304,26,7252.0
84535.0,56,7722.0,110.31428571428572,1.8459597905002327,37172.390096957744,531.0341442422537,3084588.8139999993,44065.55448571429,30,7362.0,0.050679031462381695,30,7362.0
84540.0,61,8019.0,123.36923076923077,0.2653351129810101,37034.466487651356,569.761022886944,3167765.871999999,48734.85956923077,35,7499.0,0.0031803661314680725,35,7499.0
84545.0,56,8179.0,120.27941176470588,1.103520101481342,37313.40546815508,548.7265510022806,3209359.186999999,47196.45863235294,29,7485.0,0.04457932836249204,29,7485.0
84550.0,53,8363.0,119.47142857142858,2.0173927175774673,37610.34318279608,537.2906168970871,3209359.922999999,45847.9989,25,7473.0,0.10962645496125112,25,7473.0
84555.0,51,8551.0,122.15714285714286,1.9481129201462417,37909.71765032834,541.5673950046906,3209359.922999999,45847.9989,23,7561.0,0.055856266098918826,23,7561.0
84560.0,55,8795.0,131.26865671641792,1.0622136720782347,38000.86352077003,567.1770674741798,3084633.853999999,46039.31125373134,28,7676.0,0.05886648256326738,28,7676.0
84565.0,49,8745.0,128.60294117647058,1.4584040819471487,38133.380432339785,560.7850063579381,3001511.952999999,44139.8816617647,23,7545.0,0.06075551886646426,23,7545.0
84570.0,55,9002.0,128.6,2.075418672052224,38425.685150754536,548.9383592964934,3084722.9979999987,44067.47139999999,27,7571.0,0.09983646201984082,27,7571.0
84575.0,59,9271.0,127.0,1.687508277677588,38715.00285249156,530.3425048286516,3126329.887999999,42826.436821917814,31,7682.0,0.03396937448258346,31,7682.0
84580.0,61,9568.0,138.66666666666666,1.1334456794263852,38797.4117573629,562.2813298168535,3167928.313999999,45912.004550724625,33,7816.0,0.017049212303727475,33,7816.0
84585.0,52,8656.0,131.15151515151516,1.0889997356128012,38987.89357567777,590.7256602375422,3167924.945999999,47998.86281818182,23,7334.0,0.07516742725799173,23,7334.0
84590.0,49,8557.0,131.64615384615385,1.0018894464892982,39245.546762008154,603.7776424924335,3167924.945999999,48737.30686153847,20,6996.0,0.052358817833827426,20,6996.0
84595.0,49,8727.0,136.359375,0.9757995931245671,39527.917696030265,617.6237140004731,3126320.181999999,48848.75284375,21,7065.0,0.024666222447495587,21,7065.0
84600.0,52,8952.0,144.38709677419354,0.738063184852142,39577.49503480246,638.3466941097175,3084714.540999999,49753.46033870967,26,7173.0,0.005065761362363396,26,7173.0
84605.0,55,9159.0,132.7391304347826,1.2380877515650923,39368.30071725531,570.5550828587731,3126347.372999999,45309.38221739129,29,7238.0,0.025443042809393218,29,7238.0
84610.0,56,9436.0,138.76470588235293,1.9068572866588358,39448.2609460846,580.1214845012445,3126343.730999999,45975.643102941176,28,7330.0,0.10637400518657075,28,7330.0
84615.0,57,9719.0,147.25757575757575,0.786539898902379,39596.42236893593,599.9457934687265,3084775.2709999993,46739.01925757576,29,7443.0,0.028779580575052532,29,7443.0
84620.0,63,10026.0,154.24615384615385,0.47485111542678454,39873.787043588825,613.4428775936746,3084775.2709999993,47458.08109230769,35,7580.0,6.622842888669916e-05,35,7580.0
84625.0,58,10161.0,161.28571428571428,0.38221389732002525,40147.76102730484,637.266048052458,3084775.2709999993,48964.68684126984,30,7512.0,0.013031967660871502,30,7512.0
84630.0,54,10314.0,158.6769230769231,1.3485126691692677,40449.97506774107,622.3073087344783,3084775.7229999993,47458.08804615384,26,7437.0,0.04912537559330036,26,7437.0
84635.0,50,10423.0,157.92424242424244,1.9514650356516705,40737.486907030376,617.2346501065209,3084775.7229999993,46739.0261060606,23,7435.0,0.05740526361856776,23,7435.0
84640.0,54,10648.0,169.015873015873,0.8146911243381834,40505.00839377423,642.9366411710198,2960123.2279999997,46986.08298412698,27,7572.0,0.06509101205835463,27,7572.0
84645.0,51,10802.0,163.66666666666666,1.2260544182504822,40679.250146384155,616.3522749452146,2960212.3619999997,44851.70245454545,25,7597.0,0.04778852515363305,25,7597.0
84650.0,54,11066.0,162.73529411764707,1.846933515391842,40971.63241205118,602.5240060595764,3043527.258,44757.75379411765,28,7698.0,0.11937942383764645,28,7698.0
84655.0,58,11344.0,159.77464788732394,1.234128030559691,41242.89814444302,580.8858893583524,3126838.5209999997,44039.979169014085,31,7816.0,0.01607821245561715,31,7816.0
84660.0,63,11654.0,173.9402985074627,0.47007633685444855,41434.40471628976,618.4239509893997,3168488.765,47290.87708955224,37,7966.0,0.009377065500248765,37,7966.0
84665.0,57,11814.0,166.3943661971831,1.2025781685895904,41764.460953276255,588.2318444123418,3210145.213,45213.31285915494,30,7891.0,0.05046634814365056,30,7891.0
84670.0,55,11996.0,168.95774647887325,2.104306029719993,42074.1976732024,592.5943334253861,3210145.213,45213.31285915494,27,7827.0,0.10994376668913525,27,7827.0
84675.0,55,12208.0,171.94366197183098,1.5933643027057687,42384.36176301972,596.9628417326722,3210145.213,45213.31285915494,28,7930.0,0.04743002131944062,28,7930.0
84680.0,59,12477.0,178.24285714285713,0.7161513111861498,42404.527747375316,605.7789678196476,3043649.113,43480.70161428572,32,8059.0,0.028527864903152487,32,8059.0
84685.0,50,11982.0,168.7605633802817,2.009719251871132,42470.32223035673,598.1735525402361,3002138.349,42283.63871830986,23,7500.0,0.1010477923623058,23,7500.0
84690.0,53,12235.0,167.6027397260274,2.500900511779131,42763.00995278415,585.7946568874543,3085473.463,42266.759767123294,27,7508.0,0.09534114238818997,27,7508.0
84695.0,60,12520.0,171.5068493150685,1.815358462112181,42800.45982955884,586.3076688980666,3168805.167,43408.28995890411,33,7633.0,0.02628796882375698,33,7633.0
84700.0,63,12824.0,191.40298507462686,0.6357194673987635,42570.53479085279,635.3811162813851,3168799.897,47295.520850746274,35,7774.0,0.011183674820150974,35,7774.0
84705.0,57,12979.0,196.65151515151516,0.7323048657986105,42835.49786755178,649.0226949629059,3168798.755,48012.102348484856,29,7668.0,0.013678071295538503,29,7668.0
84710.0,53,13164.0,199.45454545454547,1.9335481284761937,43131.69131178339,653.5104744209606,3168798.755,48012.102348484856,25,7589.0,0.0510378973377276,25,7589.0
84715.0,49,13319.0,208.109375,1.2797856007782942,43230.2284885233,675.472320133177,3085548.992,48211.703,22,7671.0,0.0519796797151902,22,7671.0
84720.0,53,13560.0,222.29508196721312,0.566826048790529,43244.734175709345,708.9300684542521,2960668.7580000004,48535.55340983607,27,7784.0,0.03828650307671048,27,7784.0
84725.0,48,13510.0,198.6764705882353,1.695819525066275,43413.04709825447,638.4271632096247,3002447.129,44153.63425000001,22,7644.0,0.07865162076280925,22,7644.0
84730.0,54,13765.0,191.18055555555554,2.4538689551659627,43699.58710603911,606.9387098060987,3085824.652,42858.67572222222,26,7682.0,0.12627659540668762,26,7682.0
84735.0,55,14029.0,197.59154929577466,1.6118476908376584,43899.62238044213,618.3045405696076,3127505.4220000003,44049.37214084507,29,7789.0,0.028326669791090307,29,7789.0
84740.0,63,14333.0,207.7246376811594,0.6735926637137906,44094.01140577685,639.0436435619838,3169187.948,45930.26011594203,36,7931.0,0.020198323135441835,36,7931.0
84745.0,54,13769.0,205.50746268656715,1.0564586719192517,44300.69353377045,661.2043811010518,3169187.948,47301.312656716414,26,7216.0,0.03421900814134992,26,7216.0
84750.0,47,13660.0,206.96969696969697,1.7050286956000522,44550.63994708928,675.0096961680196,3169187.948,48017.999212121205,18,6831.0,0.09364897942793557,18,6831.0
84755.0,48,13820.0,206.26865671641792,1.5097629896439644,44464.03378900886,663.6422953583412,3127523.4699999997,46679.454776119404,18,6889.0,0.05882302596361168,18,6889.0
84760.0,49,14035.0,212.65151515151516,1.328135075401916,44448.20296043132,673.457620612596,3044319.261,46126.0494090909,23,6982.0,0.04845333403023996,23,6982.0
84765.0,44,9764.0,145.73134328358208,1.9140870973942197,44218.444094038714,659.9767775229659,3127731.694,46682.56259701492,20,6014.0,0.11895567691483709,20,6014.0
84770.0,40,6451.0,96.28358208955224,2.74054076061176,44270.18538957453,660.7490356652914,3169429.369,47304.91595522387,25,5122.0,0.1362671647269623,25,5122.0
84775.0,38,3129.0,47.40909090909091,2.387422515363098,44404.92495699288,672.801893287771,3169471.497,48022.295409090904,31,8178.0,0.01764681355508125,31,8178.0
84780.0,39,723.0,11.852459016393443,1.992552320142964,39595.399983715506,649.1049177658281,2939704.591,48191.878540983605,36,8748.0,0.0010012992821395376,36,8748.0
84785.0,39,763.0,11.56060606060606,2.1490337996175946,31378.24741364639,475.42799111585447,2947790.703,44663.4955,30,8682.0,0.017102290027338554,30,8682.0
84790.0,42,858.0,12.805970149253731,2.503233394376598,31148.682302810037,464.90570601209015,3104522.1730000004,46336.151835820885,26,8562.0,0.12196693295857841,26,8562.0
84795.0,45,960.0,14.545454545454545,1.6229094294438762,31288.024806744095,474.0609819203651,3099324.079000001,46959.45574242424,25,8650.0,0.07380104540786236,25,8650.0
84800.0,55,1193.0,18.075757575757574,1.0390381264995,31449.026187813626,476.50039678505516,3135843.9020000007,47512.786393939394,31,8779.0,0.042974462060163726,31,8779.0
84805.0,51,1224.0,18.0,1.3336446951372054,31429.930549306537,462.20486101921375,3052577.4310000003,44890.84457352941,26,8756.0,0.057757180379950666,26,8756.0
84810.0,53,1486.0,20.63888888888889,2.25371575342665,31729.22384334286,440.68366449087324,3136031.3410000005,43555.99084722222,28,8786.0,0.10705365816924953,28,8786.0
84815.0,60,1771.0,23.613333333333333,1.9260365901484606,32038.08297590748,427.17443967876653,3219479.9550000005,42926.399399999995,34,8911.0,0.05042781640279811,34,8911.0
84820.0,65,2084.0,29.771428571428572,0.5181617637399368,32130.943666373347,459.0134809481907,3261193.178,46588.47397142856,40,9064.0,0.03839205677978443,40,9064.0
84825.0,61,2262.0,32.31428571428572,0.6730953521842051,32417.077792362103,463.1011113194587,3302916.868,47184.526685714285,35,9024.0,0.03380322917662719,35,9024.0
84830.0,57,2451.0,35.01428571428571,1.4631953140019607,32735.743764619663,467.6534823517096,3302916.868,47184.526685714285,30,9009.0,0.039601847076846594,30,9009.0
84835.0,54,2667.0,37.041666666666664,1.672164877404282,33049.245418959086,459.01729748554277,3302917.8960000006,45873.85966666666,28,9118.0,0.0448707835182219,28,9118.0
84840.0,56,2934.0,42.52173913043478,1.213041390910884,32990.809487190956,478.12767372740535,3094443.7920000004,44847.011478260865,31,9246.0,0.04919497610783428,31,9246.0
84845.0,55,3111.0,42.61643835616438,1.1684642712207445,33213.216181819414,454.9755641345124,3094508.7380000004,42390.53065753425,30,9279.0,0.05117513909938486,30,9279.0
84850.0,63,3406.0,45.413333333333334,1.6285218013780471,33540.06382915518,447.2008510554024,3177984.1770000006,42373.12236,37,9395.0,0.090214372091585,37,9395.0
84855.0,66,3724.0,49.653333333333336,0.9805961273034773,33851.96503714926,451.3595338286568,3219721.0830000006,42929.614440000005,41,9553.0,0.026229159660221452,41,9553.0
84860.0,71,4067.0,53.51315789473684,0.2771450935738371,34110.47137918459,448.821991831376,3261453.8350000004,42913.86625,44,9733.0,0.00225866792730283,44,9733.0
84865.0,60,3742.0,49.89333333333333,0.9157358213388966,34438.97985840903,459.1863981121201,3261453.8350000004,43486.051133333334,33,9315.0,0.02938775049054806,33,9315.0
84870.0,57,3843.0,51.24,1.0078943359229589,34785.45147913804,463.8060197218406,3261453.8350000004,43486.051133333334,29,9108.0,0.045118318757357286,29,9108.0
84875.0,58,4032.0,53.05263157894737,1.2990914310361237,35131.059699364094,462.2507855179486,3261453.8350000004,42913.86625,31,9220.0,0.03296343092166572,31,9220.0
84880.0,62,4306.0,58.986301369863014,0.7358476792630783,35197.04671772002,482.15132490027423,3177973.9770000004,43533.89009589041,37,9375.0,0.0181647728177435,37,9375.0
84885.0,61,4498.0,59.18421052631579,1.1394850618276031,34916.28985917146,459.42486656804556,3219726.629,42364.82406578948,36,9407.0,0.006335925514124335,36,9407.0
84890.0,64,4815.0,63.35526315789474,1.8981802855369572,35251.04261718574,463.8295081208649,3219726.629,42364.82406578948,37,9557.0,0.036982909676631856,37,9557.0
84895.0,65,5136.0,70.35616438356165,0.8856213782144421,35391.29346345483,484.8122392254085,3178037.4710000004,43534.75987671233,38,9708.0,0.011435803379720314,38,9708.0
84900.0,69,5480.0,79.42028985507247,1.5775554062067287e-05,35616.30975672571,516.1784022713871,3178034.4710000004,46058.470594202896,42,9882.0,1.8219008115500754e-06,42,9882.0
84905.0,59,5508.0,76.5,0.8849557810918884,35962.667590879704,499.4814943177737,3178034.4710000004,44139.36765277778,32,9583.0,0.022723023957593402,32,9583.0
84910.0,54,5639.0,76.20270270270271,1.861048249809344,36283.07580079927,490.3118351459362,3178035.2150000003,42946.42182432433,27,9502.0,0.1204005895622369,27,9502.0
84915.0,56,5797.0,78.33783783783784,1.4475006653572444,36469.35133805054,492.829072135818,3178035.6930000004,42946.42828378378,30,9604.0,0.030059496801172345,30,9604.0
84920.0,60,6057.0,84.125,0.9639823077753655,36373.38498079977,505.18590251110777,3136463.5350000006,43561.99354166667,34,9776.0,0.05021006242292225,34,9776.0
84925.0,49,4753.0,66.01388888888889,1.8404752518811587,36567.058396595006,507.87581106381936,3178255.5410000007,44142.43806944445,23,8735.0,0.08660391103588982,23,8735.0
84930.0,53,5004.0,68.54794520547945,3.058228916262197,36711.099653860045,502.8917760802745,3220130.037000001,44111.37036986301,27,8434.0,0.11061472988111912,27,8434.0
84935.0,57,5270.0,71.21621621621621,2.3842613855420542,36404.75395401078,491.95613451365904,3261917.1990000005,44079.96214864866,29,8536.0,0.013558207789082096,29,8536.0
84940.0,58,5555.0,84.16666666666667,1.309070708944565,35742.806629102386,541.5576761985209,3261911.8590000006,49422.906954545455,31,8652.0,0.021786380673074455,31,8652.0
84945.0,52,5647.0,92.57377049180327,1.1497972470420719,35850.735567306125,587.7169765132152,3261907.6010000003,53473.89509836066,25,8584.0,0.07125074626394692,25,8584.0
84950.0,52,5907.0,96.8360655737705,1.3013089752365954,36127.0897361472,592.2473727237247,3261907.6010000003,53473.89509836066,25,8664.0,0.0005662625227004194,25,8664.0
84955.0,53,6172.0,104.61016949152543,1.2773379227426107,36316.75525296582,615.5382246265394,3261907.1430000006,55286.561745762716,26,8759.0,0.0,26,8759.0
84960.0,53,6437.0,117.03636363636363,0.4639469461799824,36443.58202362126,662.6105822476594,3261906.485000001,59307.39063636364,26,8854.0,0.0,26,8854.0
84965.0,46,6391.0,104.77049180327869,1.3820529726089408,36681.736890558896,601.3399490255556,3261917.373,53474.05529508198,19,8591.0,0.025364129070596434,19,8591.0
84970.0,41,6380.0,104.59016393442623,3.1586460960708655,36930.30643672286,605.4148596184074,3261917.373,53474.05529508198,14,8401.0,0.2339986194751213,14,8401.0
84975.0,41,6412.0,106.86666666666666,1.7589473069444233,36992.84117433841,616.5473529056402,3220216.578,53670.27630000001,15,8433.0,0.1045956059790069,15,8433.0
84980.0,49,6601.0,115.80701754385964,0.6018173542351078,36851.88654254236,646.5243253077607,3095034.359,54298.848403508775,23,8541.0,0.04592748992325802,23,8541.0
84985.0,46,6802.0,119.33333333333333,1.0193585953284217,36963.37943650671,648.4803409913457,3095140.1350000002,54300.70412280702,21,8621.0,0.030747353280941782,21,8621.0
84990.0,49,7042.0,115.44262295081967,1.6642466994894667,37231.65115511491,610.3549369690971,3178806.000000001,52111.573770491814,24,8701.0,0.06097484033687876,24,8701.0
84995.0,52,7294.0,113.96875,1.7400038752688678,37489.225620211386,585.769150315803,3262466.7160000005,50976.0424375,26,8793.0,0.09812001070377958,26,8793.0
85000.0,55,7564.0,124.0,0.6199730932247918,37713.66285569379,618.2567681261279,3262463.326000001,53483.0053442623,28,8898.0,0.07199268912724544,28,8898.0
85005.0,53,7698.0,124.16129032258064,0.9280926553595137,38007.13689582103,613.0183370293715,3262463.326000001,52620.37622580645,26,8716.0,0.029422622023166124,26,8716.0
85010.0,49,7841.0,126.46774193548387,1.7134452570813112,38283.86211274817,617.4816469798093,3262463.326000001,52620.37622580645,22,8546.0,0.07871596065312535,22,8546.0
85015.0,46,8003.0,127.03174603174604,1.9093421162554485,38539.306482072534,611.735023524961,3220630.3830000004,51121.11719047619,20,8498.0,0.08210139859936248,20,8498.0
85020.0,49,8221.0,134.7704918032787,1.5809152911158224,38436.487296203566,630.1063491180913,3137200.8400000003,51429.52196721312,23,8590.0,0.056948743448301635,23,8590.0
85025.0,43,8192.0,132.1290322580645,1.4004644005308624,38229.56719635986,616.605922521933,3053853.8540000003,49255.70732258065,17,8326.0,0.08506832201720636,17,8326.0
85030.0,46,8415.0,131.484375,1.2505068685040284,38514.41722704165,601.7877691725259,3137550.8840000005,49024.232562499994,20,8335.0,0.09903659473601226,20,8335.0
85035.0,51,8650.0,133.07692307692307,0.8543246189775852,38655.91052991079,594.7063158447814,3221247.210000001,49557.64938461539,25,8416.0,0.04651252779205073,25,8416.0
85040.0,56,8920.0,133.13432835820896,1.0650030676785245,38935.92021620528,581.1331375553026,3221266.3060000003,48078.60158208954,31,8526.0,0.03534234750710224,31,8526.0
85045.0,52,9037.0,127.28169014084507,1.780387928975311,39133.730921789,551.1793087575915,3304952.583000001,46548.627929577466,27,8495.0,0.011615274270813013,27,8495.0
85050.0,56,9313.0,133.04285714285714,1.9847677317090238,39399.293218399216,562.8470459771316,3304952.0290000006,47213.600414285705,29,8594.0,0.055717175767374144,29,8594.0
85055.0,57,9596.0,141.11764705882354,1.4958983083104158,39450.62015378428,580.1561787321216,3263214.149000001,47988.44336764705,30,8707.0,0.004239180278514967,30,8707.0
85060.0,60,9893.0,154.578125,0.8208240217411902,39670.88245103488,619.8575382974198,3263209.7930000005,50987.653015625,33,8834.0,0.022997391225288183,33,8834.0
85065.0,54,9971.0,158.26984126984127,0.7900654448322666,39851.6711859533,632.5662093008463,3263209.9690000005,51796.98363492064,27,8625.0,0.021528971407602408,27,8625.0
85070.0,49,10077.0,159.95238095238096,1.9679429753974598,40130.157854741614,636.9866326149464,3263209.9690000005,51796.98363492064,22,8520.0,0.06333116995929279,22,8520.0
85075.0,45,10200.0,161.9047619047619,2.0318126085095467,40367.67590469805,640.7567603920328,3221361.420000001,51132.72095238095,19,8493.0,0.11823515600291995,19,8493.0
85080.0,49,10407.0,170.60655737704917,1.2569459801807044,40240.35595647012,659.6779664995103,3137904.4720000005,51441.05691803278,24,8596.0,0.07659888379903247,24,8596.0
85085.0,51,10602.0,165.65625,1.1272691126513326,40134.413604810106,627.1002125751579,3096294.412,48379.6001875,25,8659.0,0.046813313574735185,25,8659.0
85090.0,54,10865.0,162.16417910447763,1.844813946191022,40420.903558252925,603.2970680336259,3138166.8049999997,46838.310522388056,29,8762.0,0.1388392131493719,29,8762.0
85095.0,59,11143.0,163.86764705882354,1.1002153426214836,40713.77685885198,598.7320126301761,3221913.539999999,47381.08147058824,34,8880.0,0.016689075513508463,34,8880.0
85100.0,63,11448.0,168.35294117647058,0.5542425404023842,40966.53562772341,602.4490533488738,3305656.863999999,48612.60094117647,37,9025.0,0.0319460958059412,37,9025.0
85105.0,57,11609.0,170.72058823529412,1.0129317529910575,41281.49950439374,607.0808750646139,3347529.693999999,49228.37785294118,32,8995.0,0.06503164034895687,32,8995.0
85110.0,54,11782.0,173.26470588235293,1.8762680914624632,41584.24012407334,611.5329430010787,3347529.693999999,49228.37785294118,27,8983.0,0.043832794228794304,27,8983.0
85115.0,54,11986.0,171.22857142857143,1.781766014156861,41862.51068248985,598.0358668927124,3305653.7099999995,47223.62442857142,26,9078.0,0.04816074069315338,26,9078.0
85120.0,54,12240.0,182.6865671641791,1.282132101636757,41841.17533058638,624.4951541878568,3138273.9490000005,46839.90968656717,28,9188.0,0.06334123238973802,28,9188.0
85125.0,47,11360.0,164.63768115942028,1.9032075287512442,42028.97250819114,609.1155435969731,3096460.8690000004,44876.244478260865,21,8357.0,0.1045483438469946,21,8357.0
85130.0,51,11608.0,163.49295774647888,2.88404020370919,42313.80909180869,595.9691421381507,3180224.1260000006,44791.88909859155,25,8238.0,0.10283479311202173,25,8238.0
85135.0,55,11866.0,169.5142857142857,2.1427303251169616,42267.593207525555,603.822760107508,3222103.3920000005,46030.04845714286,30,8342.0,0.03288592277723822,30,8342.0
85140.0,59,12153.0,199.2295081967213,0.4194589724722967,41690.3153062674,683.4477919060231,3222095.3819999998,52821.235770491796,32,8461.0,3.4036267274693796e-05,32,8461.0
85145.0,53,12257.0,191.515625,1.195622649771754,41937.30050040439,655.2703203188184,3222099.6140000005,50345.30646875,26,8419.0,0.02368439920185796,26,8419.0
85150.0,54,12524.0,192.6769230769231,1.8442864231557416,42218.37694419849,649.5134914492074,3222099.646,49570.76378461539,26,8490.0,0.12850754808969048,26,8490.0
85155.0,54,12788.0,196.73846153846154,1.2874522764431984,42461.23317587379,653.2497411672889,3222102.304,49570.80467692308,27,8586.0,0.059075346906339504,27,8586.0
85160.0,59,13076.0,210.90322580645162,0.5772308069380361,42649.1054135986,687.8887969935255,3222101.644,51969.38135483871,32,8704.0,0.02290411873196608,32,8704.0
85165.0,54,13101.0,214.7704918032787,0.7391671949470907,42859.663732152025,702.6174382320002,3222099.644,52821.30563934426,27,8597.0,0.019514920903324896,27,8597.0
85170.0,49,13142.0,208.6031746031746,1.8617283904873283,43141.67067824263,684.7884234641685,3222100.1080000005,51144.44615873016,22,8491.0,0.08339655363445204,22,8491.0
85175.0,45,13181.0,209.22222222222223,2.034070521475405,43277.9459019163,686.9515222526395,3180248.6420000005,50480.13717460318,20,8464.0,0.12262781150732963,20,8464.0
85180.0,50,13416.0,219.9344262295082,1.0179158411666693,43268.38242103215,709.3177446070843,3096592.9530000007,50763.818901639344,24,8577.0,0.07200674515846837,24,8577.0
85185.0,47,13539.0,225.65,1.270289450637078,43300.715706693445,721.678595111557,3054829.044,50913.81740000001,22,8581.0,0.07865435570607869,22,8581.0
85190.0,50,13783.0,222.30645161290323,1.7188669090263782,43569.61176110802,702.7356735662584,3138678.9300000006,50623.85370967743,25,8662.0,0.05283801559992611,25,8662.0
85195.0,54,14043.0,219.421875,1.3464490902931017,43778.77539365092,684.0433655257955,3222513.813,50351.778328125,28,8762.0,0.005367172575698697,28,8762.0
85200.0,56,14319.0,234.7377049180328,0.6305639742229787,43961.85182345883,720.6860954665381,3264435.657,53515.33863934426,31,8878.0,5.002444040110341e-05,31,8878.0
85205.0,51,14449.0,215.65671641791045,1.2621743679769846,44254.71751156711,660.5181718144347,3264441.657,48723.00980597015,24,8719.0,0.041984057457845926,24,8719.0
85210.0,49,14617.0,218.16417910447763,2.6180976929865576,44537.31158418776,664.7359937938472,3264441.657,48723.00980597015,22,8635.0,0.14382336419745617,22,8635.0
85215.0,48,14789.0,227.52307692307693,1.4479879866463838,44604.259998704976,686.2193845954612,3180718.3290000004,48934.128138461536,21,8706.0,0.07572604543342418,21,8706.0
85220.0,54,15023.0,231.12307692307692,0.6067142796561448,44664.28145936247,687.1427916824996,3096989.5150000006,47645.992538461534,29,8833.0,0.03784675734526354,29,8833.0
85225.0,53,15243.0,230.95454545454547,1.4752028406087414,44851.850206924464,679.5734879837042,3138990.1390000004,47560.45665151515,27,8893.0,0.05807418867445409,27,8893.0
85230.0,55,15513.0,228.13235294117646,1.225640932837843,45149.2582532831,663.9596801953397,3180927.762,46778.34944117647,30,9003.0,0.07280523172492988,30,9003.0
85235.0,61,15805.0,225.78571428571428,1.071873007293602,45443.33865353208,649.1905521933155,3264799.315,46639.99021428571,35,9135.0,0.01716191938037248,35,9135.0
85240.0,62,16113.0,236.9558823529412,0.9222153057904485,45713.42995137385,672.2563228143213,3306735.889,48628.46895588235,37,9283.0,0.06034685318343391,37,9283.0
85245.0,58,16256.0,232.22857142857143,1.0801237710716334,46007.517518217326,657.2502502602475,3348668.02,47838.114571428574,31,9181.0,0.045441045246614124,31,9181.0
85250.0,53,16423.0,234.61428571428573,2.304984264439597,46309.56779044169,661.5652541491669,3348668.02,47838.114571428574,26,9117.0,0.07411996213629095,26,9117.0
85255.0,52,16615.0,240.79710144927537,1.9927242105501104,46563.13068961303,674.8279810088845,3306745.944,47923.854260869564,26,9124.0,0.0723986500894789,26,9124.0
85260.0,56,16870.0,259.53846153846155,0.9920407552574394,46557.99997162675,716.2769226404115,3139134.3310000002,48294.37432307692,30,9241.0,0.04812611397015043,30,9241.0
85265.0,54,17109.0,259.22727272727275,0.9521099781406539,46516.16041526085,704.7903093221339,3055437.516,46294.50781818181,29,9331.0,0.024174088109665728,29,9331.0
85270.0,58,17391.0,248.44285714285715,1.3587559936004638,46824.11958661908,668.9159940945584,3139333.2260000003,44847.61751428571,33,9453.0,0.10991067212682736,33,9453.0
85275.0,61,17688.0,249.1267605633803,0.9911673737627805,47133.97484762214,663.8588006707344,3223225.7699999996,45397.54605633803,35,9590.0,0.008300224469305718,35,9590.0
85280.0,63,18003.0,253.56338028169014,0.9639094069370222,47435.53922924183,668.1061863273496,3265173.1749999993,45988.354577464794,38,9745.0,0.04599307244684131,38,9745.0
85285.0,61,18183.0,249.08219178082192,1.2390854316242832,47765.93721692809,654.3279070812068,3265176.1749999993,44728.44075342466,34,9747.0,0.038759634550515315,34,9747.0
85290.0,57,18390.0,259.01408450704224,1.9259400662291515,48051.644234940024,676.7837216188735,3265176.1749999993,45988.39683098591,30,9745.0,0.08635086162697338,30,9745.0
85295.0,56,18569.0,254.36986301369862,1.625784528515449,48347.49557428826,662.2944599217569,3223227.5369999995,44153.80187671233,28,9790.0,0.0614720811395304,28,9790.0
85300.0,58,18838.0,269.1142857142857,1.19418500907927,48379.7819540791,691.13974220113,3097470.917999999,44249.584542857134,32,9926.0,0.06598182325005977,32,9926.0
85305.0,49,18047.0,261.5507246376812,1.870911241139898,48509.61964168187,703.0379658214766,3055597.5869999994,44284.022999999994,23,9149.0,0.11045508874093468,23,9149.0
85310.0,52,18295.0,250.6164383561644,2.562023941504498,48799.41075728679,668.4850788669423,3139520.101,43007.12467123288,26,9091.0,0.03857802840999418,26,9091.0
85315.0,55,18564.0,261.46478873239437,2.1307032687600747,48716.14168288956,686.1428406040784,3181482.1589999995,44809.60787323943,30,9222.0,0.021153105678216783,30,9222.0
85320.0,59,18855.0,290.0769230769231,0.8220390017050684,48280.262196226955,742.7732645573378,3265402.1249999995,50236.95576923077,34,9381.0,0.036875251710247886,34,9381.0
85325.0,54,19001.0,275.3768115942029,1.3527804349942447,48522.15715506239,703.2196689139478,3307363.854,47932.809478260875,28,9358.0,0.07591005161246953,28,9358.0
85330.0,50,19162.0,277.71014492753625,2.5873454948591026,48810.5247463049,707.3989093667377,3307363.854,47932.809478260875,23,9343.0,0.13459942846505374,23,9343.0
85335.0,47,19343.0,284.45588235294116,1.927755195072514,49055.194378672,721.3999173334118,3265416.4490000005,48020.830132352945,21,9362.0,0.10202257032977878,21,9362.0
85340.0,54,19587.0,301.33846153846156,0.8996490180752285,49069.62793964248,754.9173529175766,3139615.289000001,48301.77367692308,29,9462.0,0.04308928907214428,29,9462.0
85345.0,47,19629.0,306.703125,1.2785150314863458,49274.43302067455,769.9130159480399,3097687.1580000008,48401.36184375,22,9368.0,0.04548866667045989,22,9368.0
85350.0,51,19874.0,296.6268656716418,1.724759148791677,49481.38343553394,738.5281109781189,3139696.7990000006,46861.14625373134,25,9427.0,0.052165872145811226,25,9427.0
85355.0,54,20132.0,291.768115942029,2.0263485127755914,49701.34920791547,720.3094088103695,3223639.1750000017,46719.40833333334,28,9522.0,0.0661319857098769,28,9522.0
85360.0,56,20405.0,309.1666666666667,0.9799978197544386,49919.81725620648,756.3608675182801,3265605.2990000015,49478.86816666667,31,9630.0,0.029415608307181318,31,9630.0
85365.0,50,19486.0,299.7846153846154,0.9027263743963656,50068.21354775881,770.2802084270588,3265605.2990000015,50240.08152307692,22,9140.0,0.036913499725667466,22,9140.0
85370.0,45,19399.0,298.44615384615383,1.8838992292888914,50356.30185540973,774.7123362370729,3265605.2990000015,50240.08152307692,17,8792.0,0.12268987192857556,17,8792.0
85375.0,49,19577.0,292.1940298507463,1.4461561718303126,50636.45478890415,755.7679819239427,3223632.5720000016,48113.91898507463,22,8850.0,0.03905107868041477,22,8850.0
85380.0,53,19805.0,309.453125,1.269135425819425,50386.8728691919,787.2948885811237,3181660.0340000014,49713.43803125,28,8951.0,0.038247565496359506,28,8951.0
85385.0,55,20024.0,298.86567164179104,1.2067329843161116,50261.09985865863,750.1656695322184,3223645.084000001,48114.10573134329,30,9018.0,0.014862617821543803,30,9018.0
85390.0,57,20306.0,303.07462686567163,1.567156239458267,50449.666450345234,752.9800962738096,3223687.5820000013,48114.74002985074,31,9133.0,0.1293045422454369,31,9133.0
85395.0,60,20598.0,312.09090909090907,0.6062378227415439,50726.60271815837,768.5848896690665,3223687.348000001,48843.7476969697,33,9250.0,0.001136881207590765,33,9250.0
85400.0,63,20913.0,321.73846153846154,0.12111812889004425,50993.206405156685,784.5108677716415,3223688.4400000013,49595.20676923077,36,9390.0,1.0668835284715855e-06,36,9390.0
85405.0,57,21039.0,318.77272727272725,1.1150820630205192,51306.88670772895,777.3770713292269,3223688.4400000013,48843.764242424244,30,9300.0,0.02116236852338275,30,9300.0
85410.0,52,21162.0,320.6363636363636,1.7091878321335023,51600.075039084215,781.8193187740036,3223688.4400000013,48843.764242424244,25,9168.0,0.08495993960201226,25,9168.0
85415.0,51,21307.0,327.8,1.3256241112657132,51727.41837571796,795.8064365495076,3139768.766000001,48304.134861538456,25,9251.0,0.05456959993164126,25,9251.0
85420.0,54,21544.0,331.44615384615383,1.1498807196375138,51890.90141290281,798.321560198505,3139842.668000001,48305.271815384614,29,9374.0,0.062173149428845054,29,9374.0
85425.0,51,21706.0,333.9384615384615,1.1097548544103586,51864.14305410033,797.9098931400052,3055986.041000001,47015.16986153847,26,9396.0,0.046814199392224524,26,9396.0
85430.0,55,21972.0,327.94029850746267,1.5977072447687917,52153.84300777696,778.4155672802535,3140026.268000001,46866.06370149253,30,9497.0,0.043667397304265734,30,9497.0
85435.0,58,22253.0,327.25,1.3912638824371333,52427.42860553471,770.991597140217,3224057.660000001,47412.612647058835,32,9613.0,0.0602418857915013,32,9613.0
85440.0,62,22550.0,346.9230769230769,0.2063033091624674,52621.59027300987,809.5629272770755,3266071.895000001,50247.25992307693,36,9744.0,0.00035720703041677414,36,9744.0
85445.0,52,22369.0,319.5571428571429,1.489003754066083,52927.733475646266,756.1104782235186,3266077.895000001,46658.25564285714,25,9240.0,0.03460869142671094,25,9240.0
85450.0,48,22458.0,311.9166666666667,2.2811929004430187,53220.25550581317,739.1702153585167,3266078.651,45362.20348611111,19,8991.0,0.16425081474667202,19,8991.0
85455.0,50,22631.0,318.7464788732394,1.6234019688097283,53291.271269716904,750.581285488971,3266078.651,46001.10776056338,23,9050.0,0.04334305212381962,23,9050.0
85460.0,56,22877.0,336.4264705882353,0.9914935799226906,53315.450105031625,784.0507368387008,3140156.322,46178.769441176475,30,9166.0,0.0519934418638985,30,9166.0
85465.0,54,23089.0,334.6231884057971,1.4046981317290448,53411.23461744437,774.0758640209333,3182195.1590000005,46118.77042028985,29,9227.0,0.032725626315550815,29,9227.0
85470.0,58,23371.0,333.87142857142857,1.7995772681314262,53434.649601955156,763.3521371707883,3266260.2290000007,46660.860414285715,32,9343.0,0.10118061120526159,32,9343.0
85475.0,62,23661.0,324.1232876712329,1.2508472785928781,53719.55605509,735.884329521781,3308292.8690000004,45319.08039726027,34,9468.0,0.024904408263264358,34,9468.0
85480.0,64,23976.0,352.5882352941176,0.6494982128910379,53852.76351297957,791.952404602641,3266327.585000001,48034.22919117647,37,9609.0,0.023501164985369305,37,9609.0
85485.0,57,24121.0,354.72058823529414,1.09506788422763,54149.682553878636,796.318861086451,3266327.585000001,48034.22919117647,30,9511.0,0.05527297965610069,30,9511.0
85490.0,56,24302.0,357.38235294117646,1.671454182223219,54454.26411771775,800.7980017311438,3266327.585000001,48034.22919117647,29,9432.0,0.06856148183228132,29,9432.0
85495.0,52,24455.0,370.530303030303,1.3921941952157333,54581.35242814716,826.9901883052607,3182333.8280000007,48217.17921212121,26,9437.0,0.06127965860227928,26,9437.0
85500.0,55,24702.0,385.96875,0.8106677178495904,54594.671454186675,853.0417414716673,3098406.2930000005,48412.598328125,29,9558.0,0.04706119577690028,29,9558.0
85505.0,46,23968.0,352.47058823529414,1.8846615136130191,54637.705993795185,803.4956763793413,3056523.0449999995,44948.86830882352,21,8843.0,0.08793916199450379,21,8843.0
85510.0,50,24211.0,345.87142857142857,3.183706698686791,54905.32846772127,784.3618352531612,3140634.7759999996,44866.21108571428,25,8756.0,0.16701024650294402,25,8756.0
85515.0,55,24468.0,344.61971830985914,1.8556619787506443,55039.46886689673,775.2037868577008,3224740.8960000006,45418.88585915493,29,8848.0,0.028557302106629257,29,8848.0
85520.0,60,24758.0,380.89230769230767,0.6833877884055566,54566.88057559146,839.4904703937151,3266782.4120000005,50258.190953846155,35,8973.0,0.020592184097186546,35,8973.0
85525.0,55,24908.0,377.3939393939394,1.067533320017488,54721.048320787995,829.1067927392124,3308836.8479999998,50133.89163636363,28,8882.0,0.03913225317445851,28,8882.0
85530.0,50,25063.0,368.5735294117647,2.2754882949644917,55012.45780446338,809.0067324185794,3308837.32,48659.37235294117,23,8837.0,0.08779126104999681,23,8837.0
85535.0,49,25248.0,371.29411764705884,1.9936281709205295,55166.98089830894,811.2791308574848,3266849.4549999996,48041.90375,23,8909.0,0.08281165288931032,23,8909.0
85540.0,54,25490.0,398.28125,0.5956234150748014,55199.49455777375,862.4921024652151,3098740.917999999,48417.82684375,28,9008.0,0.04605382036889254,28,9008.0
85545.0,48,25459.0,391.67692307692306,1.4650576746535435,55406.28288214963,852.4043520330715,3098786.886999999,47673.64441538462,23,8872.0,0.07920572995313038,23,8872.0
85550.0,51,25708.0,383.7014925373134,1.7244934501950522,55691.4437923307,831.2155789900108,3182918.8109999993,47506.250910447765,26,8910.0,0.06398788361229417,26,8910.0
85555.0,56,25980.0,371.14285714285717,1.926400169568469,55925.479910831054,798.9354272975867,3267041.941,46672.027728571426,31,9014.0,0.03077457790329466,31,9014.0
85560.0,58,26264.0,410.375,1.0481707716001554,55981.47593447658,874.710561476197,3267037.7549999994,51047.464921875,31,9129.0,0.028674951836292067,31,9129.0
85565.0,53,26404.0,406.2153846153846,1.0166268508662917,56209.32836279204,864.7588978891087,3267040.7549999994,50262.16546153847,26,9043.0,0.022055714765677283,26,9043.0
85570.0,50,26572.0,408.8,2.3146546606274776,56491.83338921137,869.105129064791,3267040.7549999994,50262.16546153847,23,8974.0,0.11114094239408795,23,8974.0
85575.0,48,26716.0,417.4375,1.469084276726294,56754.020122907285,886.7815644204268,3224973.809,50390.215765625006,22,9043.0,0.07147676658525477,22,9043.0
85580.0,53,26954.0,427.8412698412698,0.6405241335778824,56664.04231866347,899.4292431533887,3098944.2030000007,49189.59052380953,28,9149.0,0.034484088272046756,28,9149.0
85585.0,52,26989.0,428.3968253968254,1.242520718604972,56857.826781259326,902.5051870041165,3098994.8090000004,49190.3937936508,26,9033.0,0.01280835858622014,26,9033.0
85590.0,54,27250.0,419.2307692307692,1.7096964329261202,57140.633869055135,879.0866749085408,3183165.6590000005,48971.77936923077,29,9131.0,0.050626238092215926,29,9131.0
85595.0,56,27525.0,417.04545454545456,1.3046482256888459,57297.68519662402,868.1467454033944,3267324.2340000006,49504.91263636364,30,9241.0,0.0366567059221876,30,9241.0
85600.0,59,27810.0,441.42857142857144,0.6096916192524352,57472.06535626502,912.2550056550006,3267320.476000001,51862.229777777786,33,9359.0,0.027751653893557597,33,9359.0
85605.0,55,27967.0,417.4179104477612,1.1688528696986131,57752.61579034508,861.9793401544044,3267322.856000001,48766.01277611941,28,9341.0,0.028799940488569185,28,9341.0
85610.0,55,28242.0,421.5223880597015,1.8672330637891248,58042.981837444844,866.3131617529082,3267322.856000001,48766.01277611941,28,9441.0,0.061803242565086285,28,9441.0
85615.0,57,28521.0,432.1363636363636,1.161439616979856,58288.8764364166,883.1647944911607,3267322.3340000003,49504.88384848485,30,9545.0,0.029959847377565452,30,9545.0
85620.0,61,28819.0,457.44444444444446,0.23258215189509399,58467.76872088924,928.0598209664959,3267318.992000001,51862.20622222223,34,9668.0,0.004878138834717136,34,9668.0
85625.0,54,28819.0,436.6515151515151,1.316054693204569,58767.08091903619,890.4103169550941,3267322.458000001,49504.885727272725,27,9505.0,0.05902268045156395,27,9505.0
85630.0,51,28856.0,418.2028985507246,2.1719551367574454,59054.67008545917,855.8647838472345,3267323.599000001,47352.51592753624,24,9334.0,0.08857415854534918,24,9334.0
85635.0,47,28908.0,431.46268656716416,2.031624598482318,59159.877507757185,882.9832463844358,3183207.891000001,47510.565537313436,22,9404.0,0.09658662326991298,22,9404.0
85640.0,54,29166.0,455.71875,0.841559276278459,59045.93819546056,922.5927843040716,3057099.199000001,47767.174984375,29,9566.0,0.08045506036899741,29,9566.0
85645.0,55,29360.0,444.8484848484849,1.1950953102665458,59234.36588227748,897.4903921557199,3099286.8830000004,46958.89216666667,29,9595.0,0.026401525395444037,29,9595.0
85650.0,56,29638.0,442.35820895522386,1.678775823288363,59526.61137905745,888.4568862545891,3141407.413,46886.677805970154,31,9708.0,0.08531219562868812,31,9708.0
85655.0,62,29923.0,427.4714285714286,0.8142406073240994,59787.04019433809,854.1005742048302,3225644.553,46080.63647142857,35,9828.0,0.007807124978294241,35,9828.0
85660.0,62,30231.0,451.2089552238806,0.6630020334542085,60038.89272913348,896.1028765542314,3267758.888,48772.52071641791,37,9971.0,0.041218612034129354,37,9971.0
85665.0,53,29475.0,433.45588235294116,1.4356336951166941,60351.48714811882,887.5218698252772,3309877.2339999997,48674.665205882346,26,9341.0,0.10495221645679588,26,9341.0
85670.0,49,29449.0,433.0735294117647,1.481024792227413,60654.164750702854,891.9730110397484,3309877.2339999997,48674.665205882346,20,9037.0,0.07428506709770016,20,9037.0
85675.0,46,29623.0,455.73846153846154,0.924875588984158,60517.81819622787,931.0433568650445,3225705.0849999995,49626.23207692308,19,9093.0,0.04753855399817139,19,9093.0
85680.0,51,29855.0,466.484375,0.7004564650543202,60797.910513938274,949.9673517802856,3183599.1489999997,49743.736703125,25,9177.0,0.010484211978651006,25,9177.0
85685.0,54,30041.0,411.52054794520546,1.4224045515144896,61112.359246550215,837.1556061171264,3225742.121,44188.24823287671,29,9223.0,0.0024232561917737656,29,9223.0
85690.0,56,30317.0,427.0,1.9830454144354728,60727.613203526096,855.3184958243114,3267871.617,46026.360802816904,31,9334.0,0.14223215468436576,31,9334.0
85695.0,60,30604.0,437.2,0.824569319090791,61021.57476225502,871.7367823179292,3267870.951,46683.870728571426,33,9451.0,0.03829317531816502,33,9451.0
85700.0,67,30932.0,441.8857142857143,0.48691471817646076,61203.9416270496,874.3420232435659,3225818.5860000006,46083.12265714286,40,9604.0,0.013991948802294624,40,9604.0
85705.0,61,31096.0,457.29411764705884,0.5626974054610565,61461.70475281028,903.8485993060336,3225818.5860000006,47438.50861764706,34,9502.0,0.022085270418166963,34,9502.0
85710.0,57,31255.0,446.5,1.381935000500527,61782.33124388053,882.6047320554364,3225819.0620000004,46083.129457142866,30,9399.0,0.04742771400667577,30,9399.0
85715.0,54,31431.0,449.01428571428573,1.7522178363292187,62071.562754972816,886.736610785326,3183687.0900000003,45481.24414285715,28,9406.0,0.1065914290051433,28,9406.0
85720.0,58,31684.0,459.18840579710144,1.0615532607189275,62082.338324440876,899.7440336875493,3141718.7229999998,45532.1554057971,32,9538.0,0.06280248606158778,32,9538.0
85725.0,55,31828.0,468.05882352941177,1.2127088203557639,61977.414572866925,911.4325672480434,3057676.6029999997,44965.83239705882,30,9545.0,0.06214967935973524,30,9545.0
85730.0,57,32111.0,458.72857142857146,1.386161517885341,62284.66011327871,889.7808587611248,3141989.1999999997,44885.56,32,9659.0,0.05086867761926608,32,9659.0
85735.0,62,32410.0,443.972602739726,1.35919033432144,62571.68376764903,857.1463529814938,3226308.7739999997,44196.01060273973,36,9793.0,0.0005899389416738499,36,9793.0
85740.0,62,32718.0,467.4,1.1286031146458715,62776.68143570941,896.8097347958492,3268467.77,46692.396714285715,37,9936.0,0.025907028145253558,37,9936.0
85745.0,57,32880.0,463.09859154929575,1.1929304939896184,63045.944805177845,887.9710535940542,3310621.04,46628.465352112675,31,9806.0,0.06313865080566852,31,9806.0
85750.0,55,33057.0,465.59154929577466,2.0667894935246465,63356.580578716355,892.3462053340334,3310621.04,46628.465352112675,28,9741.0,0.11260589519375164,28,9741.0
85755.0,55,33264.0,468.50704225352115,1.6074654070595489,63665.87968910909,896.7025308325225,3310621.04,46628.465352112675,29,9836.0,0.04649484581502423,29,9836.0
85760.0,58,33536.0,486.0289855072464,0.7888787127699308,63631.38531729942,922.1939901057891,3142173.614,45538.7480289855,32,9962.0,0.03309781548844184,32,9962.0
85765.0,50,32876.0,463.0422535211268,1.757048514851165,63705.97670066058,897.2672774740929,3100147.1389999995,43664.044211267596,25,9280.0,0.04787728582968344,25,9280.0
85770.0,54,33135.0,453.90410958904107,2.6408024299862882,63999.955043021364,876.7117129181012,3184487.4729999993,43623.116068493146,28,9273.0,0.09261708786922143,28,9273.0
85775.0,57,33404.0,445.38666666666666,2.258461842753719,64149.64387521976,855.3285850029301,3268825.233999999,43584.33645333334,31,9415.0,0.04666587671940427,31,9415.0
85780.0,62,33704.0,495.6470588235294,0.6661610925224243,63617.26063749963,935.5479505514654,3268821.3619999993,48070.90238235294,35,9559.0,0.03785982328911769,35,9559.0
85785.0,57,33866.0,498.02941176470586,0.8737954176714925,63909.86190585301,939.8509103801915,3268820.7439999995,48070.893294117646,30,9492.0,0.03645791817810449,30,9492.0
85790.0,55,34057.0,500.8382352941176,1.9218136538413495,64213.3384352442,944.3138005182975,3268820.7439999995,48070.893294117646,28,9429.0,0.04988134730509286,28,9429.0
85795.0,50,34220.0,510.74626865671644,1.6778817504832082,64376.91458986833,960.8494714905726,3226700.2139999997,48159.704686567165,24,9447.0,0.07379996809568516,24,9447.0
85800.0,55,34467.0,538.546875,0.7433409127100568,64398.442661505804,1006.2256665860286,3100316.662,48442.44784375,29,9562.0,0.04436624327809614,29,9562.0
85805.0,50,34482.0,507.0882352941176,1.5995190866132842,64579.25861794933,949.6949796757258,3100387.9560000002,45593.94052941177,25,9456.0,0.05607171931818592,25,9456.0
85810.0,54,34742.0,489.32394366197184,2.014358971477883,64774.49551427795,912.3168382292673,3142633.772,44262.44749295775,29,9524.0,0.12496197395970118,29,9524.0
85815.0,58,35018.0,500.25714285714287,1.3553101911202758,64923.22533812563,927.4746476875091,3227004.775,46100.06821428572,32,9635.0,0.03177792218009799,32,9635.0
85820.0,62,35323.0,511.92753623188406,0.7623436019276255,65167.4341819368,944.4555678541567,3269191.504,47379.58701449276,37,9775.0,0.04406512919092898,37,9775.0
85825.0,54,34774.0,511.38235294117646,0.954330318293362,65415.932884598406,961.9990130088003,3311377.0700000003,48696.72161764706,28,9297.0,0.056692732794961134,28,9297.0
85830.0,50,34729.0,510.72058823529414,1.3977455869085258,65721.6086169138,966.4942443663796,3311377.0700000003,48696.72161764706,21,9013.0,0.07256111797442398,21,9013.0
85835.0,50,34900.0,498.57142857142856,1.2148153673747955,65932.52701947979,941.893243135426,3269215.5060000005,46703.07865714286,22,9079.0,0.03000770671871126,22,9079.0
85840.0,53,35130.0,516.6176470588235,1.444726985295142,65997.9785051694,970.5585074289622,3227032.7460000007,47456.36391176471,27,9171.0,0.029256713528230643,27,9171.0
85845.0,52,35258.0,496.59154929577466,1.936349073098313,66294.72306980252,933.728493940881,3227048.2630000007,45451.3839859155,26,9146.0,0.05503041967342014,26,9146.0
85850.0,56,35524.0,522.4117647058823,1.710108450321102,65992.42657200574,970.4768613530259,3184885.2800000007,46836.54823529412,30,9248.0,0.05355556121826366,30,9248.0
85855.0,57,35808.0,534.4477611940298,1.2994242459501857,66046.84882413995,985.7738630468654,3184882.497,47535.55965671642,30,9358.0,0.020284611861196653,30,9358.0
85860.0,60,36106.0,582.3548387096774,0.41459922984331543,66204.28625052763,1067.8110685568977,3184878.447,51369.007209677424,33,9481.0,0.027829149241104318,33,9481.0
85865.0,55,36243.0,549.1363636363636,0.8388290009804161,66504.15054905303,1007.6386446826223,3184883.355,48255.80840909092,28,9407.0,0.01682867603522653,28,9407.0
85870.0,52,36403.0,551.560606060606,1.9705045603290356,66795.00106978006,1012.0454707542435,3184883.355,48255.80840909092,25,9337.0,0.10778027841861645,25,9337.0
85875.0,49,36552.0,553.8181818181819,1.2314474189429472,67086.55473937394,1016.4629505965748,3184883.355,48255.80840909092,22,9411.0,0.05714756555461318,22,9411.0
85880.0,56,36767.0,565.6461538461539,0.6788053352764261,67130.34442388901,1032.7745295982927,3142805.0979999998,48350.84766153846,30,9537.0,0.03021221445077364,30,9537.0
85885.0,53,36986.0,569.0153846153846,1.020284244369491,67195.94890600492,1033.783829323153,3100725.53,47703.46969230769,28,9616.0,0.026128559284927865,28,9616.0
85890.0,57,37260.0,532.2857142857143,1.8587911336580374,67499.79238970997,964.2827484244283,3185186.4529999997,45502.66361428571,32,9725.0,0.09690802446965675,32,9725.0
85895.0,61,37552.0,521.5555555555555,1.2989259528802473,67797.11236626265,941.6265606425368,3269640.61,45411.67513888889,35,9852.0,0.037713920425889995,35,9852.0
85900.0,66,37868.0,548.8115942028985,0.2992971435502842,68063.98858596795,986.4346171879415,3269640.61,47386.09579710145,39,9998.0,0.01633925274714024,39,9998.0
85905.0,61,38040.0,559.4117647058823,0.5802783676480392,68380.10419614383,1005.5897675903509,3269640.61,48082.95014705882,34,9933.0,0.015486924591021073,34,9933.0
85910.0,57,38242.0,562.3823529411765,1.4429451319723943,68692.64090735686,1010.1858956964245,3269640.61,48082.95014705882,30,9873.0,0.042909488913321754,30,9873.0
85915.0,53,38415.0,556.7391304347826,1.3761352060942778,68983.43610254247,999.7599435151083,3227407.322,46774.019159420284,27,9972.0,0.05178127941669669,27,9972.0
85920.0,56,38669.0,577.1492537313433,1.0215649897172951,69005.92445119942,1029.9391709134245,3143079.4340000004,46911.63334328358,30,10095.0,0.026485719389367588,30,10095.0
85925.0,56,38882.0,540.0277777777778,1.274398737983507,69073.47969378617,959.3538846359196,3100998.0330000003,43069.417125,31,10161.0,0.049260597304614684,31,10161.0
85930.0,59,39173.0,529.3648648648649,1.7575408082710864,69391.93303005709,937.7288247305017,3185495.589,43047.23768918918,34,10287.0,0.10428029754079508,34,10287.0
85935.0,66,39479.0,512.7142857142857,0.8023071473130687,69702.93966978013,905.2329827244182,3269991.5800000005,42467.42311688311,40,10428.0,0.016888763551742146,40,10428.0
85940.0,70,39824.0,517.1948051948052,0.6822868041049901,69989.3704642156,908.9528631716314,3312239.576,43016.09838961038,44,10607.0,0.03914526978991909,44,10607.0
85945.0,60,39512.0,519.8947368421053,1.209862332237579,70340.2959657189,925.5302100752493,3312239.576,43582.099684210516,33,10028.0,0.03848489436538977,33,10028.0
85950.0,55,39626.0,521.3947368421053,1.3066009029575878,70679.77216490537,929.9970021698081,3312239.576,43582.099684210516,26,9845.0,0.06071294015824077,26,9845.0
85955.0,57,39846.0,531.28,1.1519171009500655,70584.87181465141,941.131624195353,3270052.5549999997,43600.70073333333,29,9943.0,0.029977810171650632,29,9943.0
85960.0,60,40096.0,549.2602739726027,0.7690426265133233,70860.31220589954,970.689208299994,3185589.6959999995,43638.21501369863,35,10082.0,0.021964480515704723,35,10082.0
85965.0,52,39092.0,514.3684210526316,1.665309283617544,70953.7905869607,933.6025077231674,3227853.307,42471.75403947367,26,9278.0,0.03720194172942488,26,9278.0
85970.0,54,39358.0,524.7733333333333,2.866464436573075,70919.23049146977,945.5897398862638,3270113.684,43601.515786666656,29,9030.0,0.04698807769420841,29,9030.0
85975.0,57,39635.0,542.945205479452,2.328207644854486,70948.23055322295,971.8935692222324,3227924.562,44218.1446849315,30,9137.0,0.023204294138537775,30,9137.0
85980.0,60,39932.0,614.3384615384615,0.9187041364954155,70166.51288754174,1079.4848136544883,3227916.4620000003,49660.253261538455,33,9259.0,5.315985481095376e-06,33,9259.0
85985.0,54,40065.0,635.952380952381,0.9346656352469568,70238.32753846013,1114.8940879120655,3227911.8840000005,51236.69657142857,27,9129.0,0.01625120340426291,27,9129.0
85990.0,49,40186.0,618.2461538461539,1.7421985297822156,70519.45840984568,1084.9147447668568,3227912.652,49660.19464615385,22,8999.0,0.1042221016865958,22,8999.0
85995.0,47,40323.0,630.046875,1.5193360157492557,70784.74054366908,1106.01157099483,3185648.6279999996,49775.7598125,21,9061.0,0.055706049580584505,21,9061.0
86000.0,51,40545.0,643.5714285714286,0.8331772763411862,70745.72012790228,1122.9479385381314,3143570.7089999993,49897.94776190476,25,9162.0,0.05630637094630345,25,9162.0
86005.0,46,40483.0,613.3787878787879,1.863645690076506,70739.69070180753,1071.813495481933,3101486.196999999,46992.21510606061,21,9026.0,0.10913163194990438,21,9026.0
86010.0,52,40727.0,590.2463768115942,2.0019338940029043,71019.64255500915,1029.270181956655,3186062.7879999992,46174.82301449275,26,9034.0,0.07537018096392424,26,9034.0
86015.0,57,40990.0,569.3055555555555,1.8111576844959103,71264.09552813318,989.7791045574057,3228355.250999999,44838.267375,30,9135.0,0.033292362064269054,30,9135.0
86020.0,60,41277.0,616.0746268656717,1.2709855542997668,71374.48210983677,1065.2907777587582,3270649.4769999995,48815.663835820895,33,9254.0,0.054867395458580666,33,9254.0
86025.0,55,41428.0,647.3125,1.0096238013693735,71525.10440725247,1117.57975636332,3270646.4769999995,51103.851203125,28,9108.0,0.05714160439886207,28,9108.0
86030.0,53,41603.0,650.046875,1.5054424000259046,71815.5164646859,1122.1174447607182,3270646.4769999995,51103.851203125,26,9016.0,0.050653537890108714,26,9016.0
86035.0,50,41756.0,662.7936507936508,1.4424500283033497,72050.58497495147,1143.6600789674837,3228381.2119999994,51244.1462222222,24,9095.0,0.06025024576170511,24,9095.0
86040.0,53,41992.0,699.8666666666667,0.5530858490349256,71891.20154962754,1198.1866924937929,3101744.417,51695.740283333325,27,9198.0,0.03235815436287567,27,9198.0
86045.0,52,42193.0,639.2878787878788,1.2288260383950451,72055.85603042197,1091.755394400333,3101831.7169999997,46997.45025757576,27,9251.0,0.04524087171488301,27,9251.0
86050.0,54,42460.0,624.4117647058823,1.7835111889572153,72350.1446644695,1063.9727156539636,3186449.3759999997,46859.549647058826,29,9353.0,0.11171075461550592,29,9353.0
86055.0,61,42748.0,638.0298507462686,0.4211045921981716,72603.34872032715,1083.6320704526447,3228757.414,48190.40916417911,36,9476.0,0.02185992977580912,36,9476.0
86060.0,64,43063.0,633.2794117647059,0.401337551110554,72904.20020939581,1072.120591314645,3313375.949,48726.116897058826,39,9626.0,0.0423471745657031,39,9626.0
86065.0,60,43231.0,635.75,0.6832436082220563,73231.91583670836,1076.9399387751228,3313375.949,48726.116897058826,33,9545.0,0.026868122404578306,33,9545.0
86070.0,56,43423.0,620.3285714285714,1.8121335568884545,73546.57867679751,1050.6654096685368,3313376.433,47333.949042857144,29,9475.0,0.04409256662927748,29,9475.0
86075.0,53,43595.0,622.7857142857143,1.9550890975585198,73808.77298181546,1054.4110425973643,3271081.725,46729.73892857143,27,9570.0,0.07157688614937345,27,9570.0
86080.0,57,43851.0,654.4925373134329,0.8305930455610802,73835.15967552044,1102.0173085898575,3144286.984,46929.65647761194,31,9687.0,0.0483413311744684,31,9687.0
86085.0,53,43987.0,637.4927536231884,1.1616171419626993,73893.66825106138,1070.9227282762517,3102122.8370000003,44958.301985507256,28,9675.0,0.03718338806600476,28,9675.0
86090.0,57,44262.0,614.75,1.842633993608001,74199.4952837377,1030.548545607468,3186770.901000001,44260.706958333336,31,9781.0,0.07063523247658332,31,9781.0
86095.0,60,44555.0,602.0945945945946,1.6073563211741235,74449.98492650838,1006.0808773852481,3229095.951000001,43636.431770270276,35,9909.0,0.04613372176442737,35,9909.0
86100.0,64,44870.0,641.0,0.7992187502362385,74658.49633798504,1066.5499476855005,3229092.7090000003,46129.89584285716,37,10051.0,0.0028939897692811757,37,10051.0
86105.0,56,44364.0,624.8450704225352,0.851743930414308,74980.55446672383,1056.064147418646,3229092.7090000003,45480.17900000001,28,9636.0,0.030785554242985708,28,9636.0
86110.0,53,44427.0,625.7323943661971,1.5807780780315062,75301.53666950844,1060.5850235142032,3229092.7090000003,45480.17900000001,25,9434.0,0.1185205372903333,25,9434.0
86115.0,56,44617.0,637.3857142857142,0.9148661798903677,75612.44439303334,1080.1777770433334,3186768.115,45525.25878571429,29,9525.0,0.02130032516039391,29,9525.0
86120.0,59,44876.0,632.056338028169,0.8426103266035302,75729.46339159789,1066.6121604450414,3186769.505000001,44884.077535211276,34,9669.0,0.005636609134239845,34,9669.0
86125.0,59,45130.0,644.7142857142857,1.3272867672249595,75466.81112294774,1078.0973017563967,3229111.3740000003,46130.162485714296,34,9777.0,0.013499874581635605,34,9777.0
86130.0,62,45433.0,639.9014084507043,1.385593300509549,75783.78114959633,1067.3771992900897,3271460.4110000003,46076.907197183114,36,9913.0,0.0680729241012584,36,9913.0
86135.0,64,45748.0,663.0144927536232,0.635050507658693,75898.4366348816,1099.977342534517,3229212.9850000003,46800.1881884058,37,10054.0,0.000479231603599187,37,10054.0
86140.0,65,46073.0,687.6567164179105,0.3237826224793153,76191.9380232331,1137.193104824375,3229212.9850000003,48197.20873134329,38,10204.0,0.02447258919848094,38,10204.0
86145.0,59,46207.0,669.6666666666666,0.6101495838324459,76513.37773112295,1108.8895323351157,3229212.466000001,46800.18066666668,32,10076.0,0.019336110313865732,32,10076.0
86150.0,56,46372.0,672.0579710144928,1.708603990055483,76825.4186272109,1113.411864162477,3229212.466000001,46800.18066666668,29,9985.0,0.0633310698200695,29,9985.0
86155.0,54,46526.0,674.2898550724638,1.3281454123424639,77131.1708427713,1117.8430556923374,3229212.466000001,46800.18066666668,27,10078.0,0.05988194954067934,27,10078.0
86160.0,59,46753.0,697.8059701492538,0.6405882918718504,77090.5741098293,1150.6055837287956,3144710.721000001,46935.98091044777,33,10218.0,0.032571181325712725,33,10218.0
86165.0,49,45823.0,627.7123287671233,2.010501661517064,77270.28645200196,1058.497074684959,3144802.4970000004,43079.48626027397,24,9398.0,0.09155285566099128,24,9398.0
86170.0,51,46075.0,598.3766233766233,3.1409686634572798,77428.91424069292,1005.5703148141941,3187265.076,41393.05293506494,26,9237.0,0.1115091408799786,26,9237.0
86175.0,56,46344.0,609.7894736842105,2.175034015882002,77418.11010805001,1018.6593435269743,3229639.552,42495.257263157895,31,9341.0,0.027350154278956665,31,9341.0
86180.0,63,46648.0,676.0579710144928,0.8517157869875038,76816.7172939214,1113.2857578829196,3272015.538,47420.51504347826,37,9479.0,0.05326989995197695,37,9479.0
86185.0,55,31483.0,469.8955223880597,0.8049686207714398,77074.70980889634,1150.3688031178563,3272014.6240000003,48836.0391641791,31,5620.0,0.024161159040706415,31,5620.0
86190.0,48,20526.0,306.35820895522386,2.1584475909340823,77368.81856222489,1154.7584860033567,3272014.6240000003,48836.0391641791,32,3778.0,0.049146684216331685,32,3778.0
86195.0,43,8139.0,117.95652173913044,2.655986489133273,73617.81338901927,1066.9248317249169,3196340.4949999996,46323.775289855075,34,7901.0,0.0498720775410387,34,7901.0
86200.0,42,1344.0,20.059701492537314,2.4878453065155415,61536.3943438851,918.4536469236582,3049110.1089999997,45509.10610447761,38,9042.0,0.007682061243999673,38,9042.0
86205.0,34,860.0,13.23076923076923,2.2863153257880104,48911.96092359784,752.49170651689,2822929.917,43429.69103076923,28,8483.0,0.05464930795445538,28,8483.0
86210.0,40,794.0,11.676470588235293,1.97879066243002,46090.53166630804,677.8019362692359,3064549.3920000005,45066.90282352941,25,8392.0,0.053154810144899076,25,8392.0
86215.0,43,842.0,12.567164179104477,1.716403394847455,44149.517334833035,658.9480199228811,3103592.4110000003,46322.27479104477,26,8407.0,0.024440380449571416,26,8407.0
86220.0,55,1050.0,15.671641791044776,1.1767626781849378,44160.58157611819,659.1131578525103,3220356.382,48065.02062686567,30,8548.0,0.010867558329300335,30,8548.0
86225.0,59,1332.0,19.02857142857143,1.1204267400782135,44187.14246980496,631.2448924257853,3262770.448,46611.0064,33,8704.0,0.03151017943597736,33,8704.0
86230.0,52,1061.0,15.157142857142857,1.8867798004671585,44452.75377363643,635.0393396233776,3305184.093,47216.91561428572,25,8423.0,0.12200844538053601,25,8423.0
86235.0,55,1312.0,19.014492753623188,1.8664941151076586,44580.82278652627,646.0988809641489,3262872.307,47288.004449275366,26,8388.0,0.07658084453220838,26,8388.0
86240.0,58,1588.0,23.70149253731343,1.396760180842452,44741.56718157133,667.7845847995721,3262872.2070000004,48699.58517910447,29,8490.0,8.492747620606905e-05,29,8490.0
86245.0,58,1870.0,27.91044776119403,1.1653484385225799,44892.65549181081,670.0396342061315,3262874.5270000002,48699.61980597014,30,8600.0,3.284106134304192e-07,30,8600.0
86250.0,51,1944.0,29.01492537313433,1.9922413517758368,45090.52793975288,672.9929543246698,3262873.435,48699.60350746268,23,8331.0,0.08574568074406332,23,8331.0
86255.0,47,2029.0,31.215384615384615,2.1840154547310573,45118.11586247397,694.1248594226765,3262870.435,50198.00669230769,19,8114.0,0.1357496952696823,19,8114.0
86260.0,49,2146.0,33.53125,1.2662274429602975,45203.821655633954,706.3097133692809,3220562.315,50321.286171875,22,8181.0,0.06376529719672148,22,8181.0
86265.0,54,2374.0,38.29032258064516,0.5159622820136663,45047.64108160606,726.5748561549367,3136013.945,50580.87008064516,27,8304.0,0.0372484183453289,27,8304.0
86270.0,50,2512.0,40.516129032258064,0.8061566593780971,45153.40580583736,728.2807388038287,3136154.449,50583.136274193545,24,8311.0,0.04281549025400476,24,8311.0
86275.0,53,2769.0,41.95454545454545,1.5834200060241939,45445.74104431639,688.5718340047941,3221055.745,48803.87492424242,27,8358.0,0.0815851515613967,27,8358.0
86280.0,58,3046.0,45.46268656716418,1.298096320063088,45727.07142838269,682.493603408697,3305949.595,49342.53126865671,31,8470.0,0.0071387860069046,31,8470.0
86285.0,61,3345.0,49.19117647058823,0.5891420073411627,45883.432753987196,674.7563640292237,3305952.595,48616.94992647058,33,8600.0,0.0029336127412842796,33,8600.0
86290.0,56,3493.0,52.134328358208954,1.3356194965447794,46150.700052668195,688.8164186965404,3305952.595,49342.57604477611,28,8393.0,0.10322043188117774,28,8393.0
86295.0,52,3654.0,54.53731343283582,1.5937149096207552,46448.099333937054,693.255213939359,3305952.595,49342.57604477611,24,8117.0,0.04832428092380737,24,8117.0
86300.0,52,3845.0,56.544117647058826,1.6463006347250484,46724.1305222098,687.1195665030855,3263503.3040000005,47992.69564705882,25,8208.0,0.06977706280815184,25,8208.0
86305.0,54,4091.0,61.984848484848484,1.3559843683378654,46611.43522315631,706.2338670175201,3178872.543,48164.7355,28,8338.0,0.04836654983609926,28,8338.0
86310.0,52,4249.0,65.36923076923077,1.3442425858843547,46416.05836715748,714.0932056485769,3136755.324,48257.77421538462,25,8335.0,0.06242676235090744,25,8335.0
86315.0,55,4514.0,67.3731343283582,1.317202302139139,46713.83147485502,697.2213652963438,3179219.496,47451.03725373134,29,8423.0,0.02952860656875258,29,8423.0
86320.0,57,4798.0,71.61194029850746,1.4649179448642273,46964.01009668625,700.9553745774069,3264149.3749999995,48718.647388059704,31,8542.0,0.06932154911760594,31,8542.0
86325.0,61,5090.0,71.69014084507042,0.7305753006031053,47175.81849807825,664.448147860257,3349070.389999999,47170.00549295774,34,8669.0,0.034491149050217204,34,8669.0
86330.0,56,5242.0,74.88571428571429,1.6973971133698158,47468.11708358574,678.1159583369393,3349070.389999999,47843.86271428571,28,8519.0,0.10204747484244944,28,8519.0
86335.0,54,5424.0,77.48571428571428,1.7330336917754667,47770.146424655446,682.4306632093637,3349070.389999999,47843.86271428571,26,8426.0,0.07418171262326578,26,8426.0
86340.0,54,5617.0,81.40579710144928,1.6672700276688737,48030.420015824726,696.0930437076049,3306623.0239999993,47922.0728115942,27,8455.0,0.0582655282177164,27,8455.0
86345.0,55,5876.0,85.15942028985508,1.1865805204088091,47866.49956866893,693.7173850531728,3179502.548,46079.74707246377,29,8573.0,0.037377989061357184,29,8573.0
86350.0,45,4964.0,71.94202898550725,2.1382085897894996,47944.43457996914,694.8468779705673,3094686.6930000004,44850.531782608705,19,7721.0,0.13268097001458382,19,7721.0
86355.0,50,5208.0,73.35211267605634,2.99110084516326,48220.99270614811,679.1689113541987,3179645.2830000003,44783.73638028169,24,7587.0,0.06591049252604576,24,7587.0
86360.0,54,5469.0,77.02816901408451,2.555950394276001,48252.63691569115,679.6146044463544,3264592.6410000008,45980.17804225352,27,7683.0,0.07107614362927638,27,7683.0
86365.0,58,5748.0,89.8125,0.6995776502327549,47561.779326073905,743.1528019699049,3307058.4020000007,51672.78753125,32,7797.0,0.00040320837922763037,32,7797.0
86370.0,53,5892.0,96.59016393442623,0.8323751371712407,47802.720001110945,783.6511475591958,3307055.3000000003,54214.021311475415,25,7725.0,0.036950095308643446,25,7725.0
86375.0,52,6060.0,94.6875,1.7727599178755256,48081.48471521216,751.27319867519,3307056.6480000005,51672.760125,22,7635.0,0.04417786285155755,22,7635.0
86380.0,46,6205.0,98.4920634920635,2.2066027057291726,48335.15375371982,767.2246627574572,3264580.2300000004,51818.733809523816,19,7697.0,0.08607743975129264,19,7697.0
86385.0,50,6431.0,110.87931034482759,0.7802967728928406,48119.89720231057,829.6534000398372,3052364.075,52626.96681034483,23,7785.0,0.08927369204873822,23,7785.0
86390.0,44,6381.0,108.15254237288136,1.3418864737035632,48388.867910117515,820.150303561314,3094856.8570000003,52455.2009661017,18,7646.0,0.09326169517400607,18,7646.0
86395.0,47,6614.0,108.42622950819673,1.7672045433685333,48649.53803486035,797.5334104075466,3179839.5160000003,52128.51665573771,21,7663.0,0.09614168523951848,21,7663.0
86400.0,53,6859.0,110.62903225806451,1.4986577173672773,48864.71224513643,788.1405200828456,3264816.892,52658.33696774193,26,7743.0,0.0024201878366664734,26,7743.0
86405.0,53,7124.0,103.2463768115942,1.6143019478141323,48998.79576311272,710.1274748277207,3307318.832,47932.156985507245,27,7843.0,0.05868665611177845,27,7843.0
86410.0,49,7229.0,104.76811594202898,2.360517274190321,49146.84430150766,712.2731058189516,3349822.7419999996,48548.15568115942,22,7761.0,0.18610941751541113,22,7761.0
86415.0,49,7377.0,106.91304347826087,1.9919551473088974,49433.96931793964,716.4343379411542,3349822.7419999996,48548.15568115942,21,7706.0,0.09733453086140444,21,7706.0
86420.0,53,7565.0,111.25,1.5083631767711703,49697.96731470783,730.8524605104094,3307348.047,48637.471279411766,26,7794.0,0.05263446588239916,26,7794.0
86425.0,56,7824.0,122.25,0.514482284624733,49706.02480158583,776.6566375247787,3137470.875,49022.982421875,29,7908.0,0.031228273238477572,29,7908.0
86430.0,53,8006.0,121.3030303030303,1.336867282769248,49925.07451631291,756.4405229744378,3137510.054,47538.03112121212,27,7939.0,0.057059871195299816,27,7939.0
86435.0,56,8280.0,120.0,1.7083397169468784,50221.457425004184,727.8472090580319,3222515.249,46703.11955072464,30,8037.0,0.0934796090841964,30,8037.0
86440.0,61,8569.0,122.41428571428571,1.139150568095511,50510.74807524329,721.5821153606188,3307505.125,47250.073214285716,34,8161.0,0.034309729526439466,34,8161.0
86445.0,65,8884.0,130.64705882352942,0.4642400417351549,50750.403948718136,746.3294698340903,3307505.125,48639.78124999999,37,8307.0,4.5161387975502904e-05,37,8307.0
86450.0,54,8470.0,128.33333333333334,0.7746168772702879,51023.37515911092,773.0814418047108,3307502.125,50113.66856060606,25,7932.0,0.051134749415503736,25,7932.0
86455.0,50,8549.0,125.72058823529412,0.9656678180057099,51340.01658452474,755.0002438900697,3307503.189,48639.75277941176,21,7895.0,0.04432832858869679,21,7895.0
86460.0,51,8726.0,130.23880597014926,1.2882528136682618,51615.20002414876,770.3761197634144,3265014.087,48731.553537313426,23,7969.0,0.0195064957618554,23,7969.0
86465.0,55,8963.0,131.80882352941177,0.9606340731095261,51710.05322319504,760.4419591646329,3222511.128,47389.86952941176,29,8085.0,0.004629187415752138,29,8085.0
86470.0,55,9174.0,136.92537313432837,1.336747828156641,51685.900032103455,771.4313437627382,3265032.3430000003,48731.82601492537,29,8148.0,0.06949573415818025,29,8148.0
86475.0,58,9459.0,139.10294117647058,1.23660406174548,51991.16647891317,764.5759776310758,3307559.3670000006,48640.57892647058,31,8267.0,0.027189963866186075,31,8267.0
86480.0,60,9754.0,143.44117647058823,0.9162229647063209,52126.02205358791,766.5591478468807,3265103.2040000004,48016.22358823528,32,8387.0,0.00024362980723852354,32,8387.0
86485.0,60,10054.0,141.6056338028169,1.68231095495276,52440.57394774715,738.5996330668611,3265106.2040000004,45987.41132394366,32,8512.0,0.018642735561152354,32,8512.0
86490.0,54,10166.0,154.03030303030303,1.1048020396352924,52666.04404570319,797.9703643288361,3265106.2040000004,49471.30612121212,26,8390.0,0.07642033034328337,26,8390.0
86495.0,53,10286.0,153.52238805970148,1.5276979705031442,52969.08120447963,790.5833015593975,3265106.2040000004,48732.92841791044,25,8294.0,0.05759630109449537,25,8294.0
86500.0,51,10444.0,160.6769230769231,1.511308715764013,53087.17805734495,816.7258162668454,3180127.975,48925.04576923076,24,8312.0,0.08702455746314525,24,8312.0
86505.0,54,10680.0,161.8181818181818,0.8374369257402154,53128.57522792963,804.9784125443884,3137729.989,47541.36346969696,28,8434.0,0.040408612738544125,28,8434.0
86510.0,47,10244.0,155.21212121212122,2.115055904911847,53294.94428343601,807.4991558096362,3137806.824,47542.52763636363,21,7930.0,0.09668572975742264,21,7930.0
86515.0,50,10489.0,156.55223880597015,2.3517302717740742,53465.56016540908,797.9934353046131,3180416.345,47468.900671641786,24,7940.0,0.033820183415421305,24,7940.0
86520.0,56,10754.0,158.14705882352942,2.155629443370088,53623.2420010745,788.5770882510955,3265517.015,48022.30904411764,29,8040.0,0.03191436432376408,29,8040.0
86525.0,55,11029.0,172.328125,1.0026734506475612,53257.66461646172,832.1510096322143,3308062.151,51688.47110937501,29,8150.0,0.05136004768568996,29,8150.0
86530.0,52,11168.0,169.21212121212122,1.4842089241148266,53545.974962135944,811.3026509414536,3350610.1070000003,50766.81980303031,24,8022.0,0.10690482414685963,24,8022.0
86535.0,48,11314.0,171.42424242424244,2.103960825881515,53831.112004084076,815.6229091527891,3350610.1070000003,50766.81980303031,20,7853.0,0.04893195211409153,20,7853.0
86540.0,48,11496.0,174.1818181818182,2.1526684118525696,54105.24053808304,819.7763717891369,3350610.1070000003,50766.81980303031,21,7920.0,0.10034791378207532,21,7920.0
86545.0,51,11732.0,192.327868852459,0.8974343297510882,53942.42576827689,884.3020617750307,3138073.7410000004,51443.83181967213,25,8024.0,0.054436001128762526,25,8024.0
86550.0,46,11736.0,195.6,1.3757509205249705,53991.04051373103,899.8506752288506,3095643.832000001,51594.06386666667,20,7897.0,0.06102691169853781,20,7897.0
86555.0,51,11974.0,184.2153846153846,1.851657707063574,54259.30389629749,834.7585214814999,3180771.3140000007,48934.94329230769,23,7936.0,0.05864005664387988,23,7936.0
86560.0,52,12226.0,182.47761194029852,2.238945239728619,54476.65204913748,813.0843589423507,3265890.9070000006,48744.64040298508,25,8023.0,0.06723876365015025,25,8023.0
86565.0,54,12489.0,186.40298507462686,1.6327015315682591,54616.088295227855,815.1654969436993,3308458.1970000006,49379.973089552244,28,8121.0,0.1209061067482858,28,8121.0
86570.0,51,12619.0,194.13846153846154,1.3675347179810515,54793.21354927545,842.9725161426995,3351015.6430000006,51554.08681538462,24,8019.0,0.10494071218060748,24,8019.0
86575.0,51,12770.0,196.46153846153845,1.869899442696964,55079.010065520146,847.3693856233868,3351015.6430000006,51554.08681538462,23,7945.0,0.07991264941339878,23,7945.0
86580.0,49,12953.0,202.390625,1.893472685638614,55226.46501801558,862.9135159064936,3308512.1180000007,51695.50184375,22,7978.0,0.07662089596105881,22,7978.0
86585.0,50,13189.0,199.83333333333334,1.3676562349011074,55354.13325564891,838.6989887219532,3180897.1490000007,48195.41134848485,24,8080.0,0.04919766806707985,24,8080.0
86590.0,51,13385.0,202.8030303030303,1.6003797442696737,55409.79803394091,839.5423944536506,3181023.1520000007,48197.32048484848,24,8111.0,0.1094527510493108,24,8111.0
86595.0,55,13647.0,206.77272727272728,1.275355708502941,55639.2396718599,843.0187829069679,3181044.8340000007,48197.649,28,8207.0,0.08901565101826318,28,8207.0
86600.0,58,13927.0,207.86567164179104,1.010672897286201,55918.276274614575,834.601138427083,3266182.8680000007,48748.99802985074,32,8323.0,0.034855591495558086,32,8323.0
86605.0,63,14233.0,209.30882352941177,0.7109180533482894,56205.72932268475,826.5548429806581,3308750.480000001,48658.095294117644,35,8461.0,0.003075411449074439,35,8461.0
86610.0,57,14402.0,214.955223880597,1.0440658200764437,56487.278136402456,843.0937035283946,3308750.9760000007,49384.34292537313,29,8445.0,0.04447156801478987,29,8445.0
86615.0,53,14574.0,214.3235294117647,1.9240160299369904,56788.282560507265,835.1218023604009,3308750.9760000007,48658.10258823529,25,8430.0,0.09418281480781807,25,8430.0
86620.0,51,14760.0,220.29850746268656,1.8554743804187528,57066.1961396096,851.734270740442,3266179.5060000005,48748.94785074626,24,8458.0,0.08716920569040022,24,8458.0
86625.0,55,15006.0,238.1904761904762,0.6309094156181735,56996.82934112792,904.7115768433003,3095989.58,49142.691746031756,28,8571.0,0.048112161603864674,28,8571.0
86630.0,53,15196.0,241.20634920634922,0.8673863232472703,57210.0353380946,908.0957990173746,3096030.112,49143.33511111111,27,8620.0,0.04521935097105344,27,8620.0
86635.0,57,15472.0,230.92537313432837,1.2967430254718617,57507.676840194916,858.3235349282821,3181206.519,47480.69431343282,30,8721.0,0.07916835576906003,30,8721.0
86640.0,59,15754.0,225.05714285714285,1.5011871943144934,57812.09937881962,825.8871339831373,3266375.33,46662.50471428571,32,8840.0,0.027948136060282968,32,8840.0
86645.0,62,16057.0,216.98648648648648,0.8646680556982398,58075.32003604391,784.8016221087015,3308959.31,44715.66635135135,36,8978.0,0.012270775270268802,36,8978.0
86650.0,54,15302.0,209.6164383561644,1.952704207431434,58337.35456115673,799.141843303517,3351544.088,45911.562849315065,26,8503.0,0.09671769840416594,26,8503.0
86655.0,50,15275.0,209.24657534246575,1.4864419297726368,58653.43369833365,803.4716944977214,3351544.088,45911.562849315065,20,8139.0,0.07591170371686656,20,8139.0
86660.0,55,15495.0,212.26027397260273,0.992866906781346,58637.16688451409,803.2488614316998,3266397.033,44745.164835616444,26,8228.0,0.043102000125027184,26,8228.0
86665.0,57,15733.0,218.51388888888889,1.2647075285265905,58945.303309108196,818.6847681820584,3223824.693,44775.342958333335,30,8347.0,0.033993867064292686,30,8347.0
86670.0,57,15951.0,221.54166666666666,1.3963303205919182,59020.08561689716,819.7234113457939,3266419.337,45366.93523611111,30,8411.0,0.013203511922175355,30,8411.0
86675.0,62,16250.0,225.69444444444446,1.399349554094258,58854.59314812212,817.4249048350297,3309003.6539999996,45958.38408333334,35,8545.0,0.02125843455315973,35,8545.0
86680.0,63,16563.0,240.04347826086956,0.9632325671062393,59031.77548263349,855.5329780091812,3266439.298,47339.69997101449,35,8685.0,0.0329861600235629,35,8685.0
86685.0,65,16883.0,244.68115942028984,0.411527979520902,59300.630756972256,859.4294312604675,3266436.51,47339.65956521738,37,8830.0,1.9749783598521323e-05,37,8830.0
86690.0,54,16905.0,248.60294117647058,1.3484146799682288,59595.643801070524,876.4065264863311,3266436.51,48035.83102941176,26,8477.0,0.056844031777920086,26,8477.0
86695.0,53,17032.0,250.47058823529412,1.4944163800679164,59900.43808547965,880.8887953747006,3266436.51,48035.83102941176,24,8432.0,0.058115508706624915,24,8432.0
86700.0,52,17192.0,260.4848484848485,1.2938022291136124,59980.78851603024,908.7998260004582,3223835.761,48845.99637878788,25,8500.0,0.0274798595787424,25,8500.0
86705.0,55,17435.0,260.2238805970149,1.0622825788832666,59911.93217410156,894.2079428970382,3223900.744,48117.921552238804,29,8652.0,0.01767561279990236,29,8652.0
86710.0,47,16708.0,249.37313432835822,1.9451996804509308,59994.601882876625,895.441819147412,3223965.4179999996,48118.88683582089,21,7922.0,0.15032453233499155,21,7922.0
86715.0,52,16957.0,245.7536231884058,2.430332800384937,60275.09288883991,873.552070852752,3266587.726,47341.85110144927,25,7842.0,0.0019315650835061986,25,7842.0
86720.0,54,17225.0,246.07142857142858,2.529754068239986,60557.661668895824,865.1094524127973,3266591.5379999997,46665.5934,26,7935.0,0.0764118903499304,26,7935.0
86725.0,56,17499.0,273.421875,1.1967540333221427,59832.473577695666,934.8823996514946,3266585.7279999997,51040.402,28,8034.0,0.06024815573712614,28,8034.0
86730.0,51,17623.0,288.9016393442623,1.3696524609930483,60036.120205334155,984.1986918907237,3266584.8019999997,53550.57052459015,23,7999.0,0.07092152787546381,23,7999.0
86735.0,55,17882.0,279.40625,1.3115455057726901,60314.65571695071,942.4164955773546,3266586.158,51040.408718750004,25,8067.0,0.005700314106806125,25,8067.0
86740.0,54,18150.0,288.0952380952381,1.7620840340318584,60558.48201601517,961.245746285955,3266586.0519999997,51850.57225396824,26,8160.0,0.029052559736473818,26,8160.0
86745.0,55,18421.0,317.6034482758621,0.5882997945103248,60695.49217588979,1046.4740030325825,3266585.6599999997,56320.4424137931,27,8256.0,0.05128690666790315,27,8256.0
86750.0,51,18395.0,322.719298245614,0.5935327678193121,60948.861341923126,1069.2782691565458,3266585.6599999997,57308.520350877196,23,8026.0,0.024633149045526208,23,8026.0
86755.0,46,18397.0,322.7543859649123,1.6059914051654736,61210.48517795599,1073.8681610167716,3266585.6599999997,57308.520350877196,18,7851.0,0.07035518332014275,18,7851.0
86760.0,42,18431.0,329.125,1.6725068441013242,61387.993174938994,1096.2141638381963,3223986.5349999997,57571.188125,15,7783.0,0.0840237146212487,15,7783.0
86765.0,45,18600.0,310.0,1.4693722253401773,61156.52440415566,1019.2754067359275,3138966.7739999997,52316.11289999999,18,7878.0,0.07160082255793208,18,7878.0
86770.0,45,18779.0,318.2881355932203,2.035578821561058,61113.63091893983,1035.824252863387,3096506.008,52483.1526779661,19,7939.0,0.16224722510802,19,7939.0
86775.0,48,19012.0,311.672131147541,1.525248730395383,61373.700739510816,1006.1262416313248,3181859.242,52161.62691803279,22,8007.0,0.046317532237108196,22,8007.0
86780.0,53,19268.0,310.7741935483871,1.6140715260589409,61619.51706634634,993.863178489457,3267201.697,52696.80156451613,26,8098.0,0.03447167780109058,26,8098.0
86785.0,56,19537.0,331.135593220339,0.472707683413931,61853.81933641486,1048.3698192612687,3309870.708,56099.50352542373,29,8201.0,6.313029360944547e-05,29,8201.0
86790.0,50,19672.0,333.4237288135593,0.9861765832744578,62123.12194802625,1052.9342703055297,3309867.244,56099.44481355933,22,7978.0,0.023980573834445632,22,7978.0
86795.0,45,19808.0,324.72131147540983,2.319879389155729,62383.31007691962,1022.6772143757315,3309867.795,54260.12778688524,17,7712.0,0.1058184126748392,17,7712.0
86800.0,42,19957.0,332.6166666666667,2.2431827931191233,62563.17360267775,1042.7195600446294,3267246.299,54454.104983333345,15,7754.0,0.15962207419896726,15,7754.0
86805.0,48,20166.0,325.258064516129,1.4081002743635196,62488.596271283066,1007.8805850206948,3182105.952,51324.289548387096,21,7826.0,0.07476258085503254,21,7826.0
86810.0,48,20398.0,339.96666666666664,1.4487673329643025,62313.81214427093,1038.563535737849,3097042.4820000003,51617.3747,22,7906.0,0.1247626408362254,22,7906.0
86815.0,52,20651.0,322.671875,1.153831973915847,62595.6936766144,978.0577136971001,3182421.3160000006,49725.333062499994,26,7994.0,0.061442529508096574,26,7994.0
86820.0,59,20930.0,322.0,0.9814500262621948,62877.97858763166,967.3535167327949,3267793.6350000007,50273.74823076923,32,8108.0,0.0009679961355683373,32,8108.0
86825.0,59,21224.0,316.7761194029851,0.6135222706273105,63175.45581998401,942.9172510445376,3310480.1890000007,49410.15207462688,33,8237.0,0.027154475945352616,33,8237.0
86830.0,57,21375.0,314.3382352941176,1.1972706778333189,63489.75341129599,933.6728442837648,3353167.369000001,49311.284838235304,29,8081.0,0.09330699492314826,29,8081.0
86835.0,53,21544.0,316.8235294117647,1.6414393517121908,63791.844506773996,938.1153603937353,3353167.369000001,49311.284838235304,25,7998.0,0.059741888098823345,25,7998.0
86840.0,52,21751.0,310.72857142857146,1.911955205658608,64087.265217978354,915.5323602568335,3353169.0130000007,47902.41447142857,25,8045.0,0.05943669709180574,25,8045.0
86845.0,53,22001.0,328.3731343283582,1.4896367079683253,64031.79128429148,955.698377377485,3182603.833000001,47501.54974626866,27,8163.0,0.05727677314486377,27,8163.0
86850.0,54,22209.0,336.5,1.4074238439756164,63990.32546215437,969.5503857902174,3140104.7480000006,47577.344666666664,27,8206.0,0.09371717782365176,27,8206.0
86855.0,56,22483.0,330.63235294117646,1.4004116083367075,64293.4031897643,945.4912233788867,3182802.7460000007,46805.92273529412,30,8315.0,0.042781803096658376,30,8315.0
86860.0,59,22773.0,330.04347826086956,1.2941068392731052,64573.20894500701,935.8436078986521,3268189.2170000006,47365.06111594203,33,8440.0,0.043207825135398316,33,8440.0
86865.0,62,23076.0,339.3529411764706,0.5421311117203484,64839.179610919884,953.51734721941,3310887.3310000007,48689.51957352942,36,8578.0,0.02688020322367456,36,8578.0
86870.0,54,22832.0,335.7647058823529,1.044954240587764,65135.06472100123,957.8685988382534,3353586.6710000006,49317.451044117646,26,8325.0,0.036636826530316004,26,8325.0
86875.0,52,22991.0,328.4428571428571,0.9994725647006337,65452.67897037812,935.0382710054017,3353590.2510000006,47908.432157142866,23,8347.0,0.05519584760037253,23,8347.0
86880.0,54,23204.0,336.28985507246375,1.222079218599147,65734.82820352589,952.6786696163174,3310903.0710000005,47984.10247826087,26,8437.0,0.056951150797091205,26,8437.0
86885.0,56,23454.0,321.28767123287673,1.1880304738575862,66036.02891480837,904.6031358192921,3225517.6520000007,44185.17331506848,30,8555.0,0.013219469093840967,30,8555.0
86890.0,49,22662.0,306.2432432432432,2.352680915693051,66046.79635734191,892.5242750992152,3268227.2580000004,44165.23321621621,23,7790.0,0.08299899176261455,23,7790.0
86895.0,53,22919.0,309.7162162162162,2.9453984209332402,66259.0880769575,895.3930821210471,3310939.3770000003,44742.42401351351,26,7701.0,0.07559450274683002,26,7701.0
86900.0,56,23195.0,322.15277777777777,2.386111715758461,66301.31094418977,920.8515408915243,3268260.7550000004,45392.51048611111,28,7803.0,0.02790895870882953,28,7803.0
86905.0,59,23486.0,372.7936507936508,0.7233958747422738,65679.61539918298,1042.533577764809,3268252.3270000005,51877.021063492066,31,7919.0,4.773626321262669e-05,31,7919.0
86910.0,53,23596.0,393.26666666666665,0.6981174803928065,65859.76420574215,1097.6627367623691,3268248.683,54470.81138333333,25,7813.0,0.013743944241783327,25,7813.0
86915.0,51,23728.0,382.7096774193548,1.517926754022969,66126.37189230668,1066.5543853597849,3268250.0430000005,52713.71037096774,21,7730.0,0.06335439355627172,21,7730.0
86920.0,45,23825.0,384.2741935483871,1.8860273679951944,66362.90812606204,1070.3694859042268,3225551.3690000004,52025.02208064516,18,7790.0,0.11557741128946028,18,7790.0
86925.0,50,24036.0,394.0327868852459,1.1764528962558678,66253.97254958516,1086.130697534183,3140275.734,51479.93006557377,23,7886.0,0.1112769020611676,23,7886.0
86930.0,46,24033.0,393.9836065573771,1.061306649887286,66433.12243254583,1089.0675808614074,3140328.407,51480.793557377045,20,7776.0,0.056065482541626445,20,7776.0
86935.0,50,24276.0,385.3333333333333,1.682091908544419,66706.96434211655,1058.8407038431196,3225813.157,51203.38344444444,24,7820.0,0.07197108443984855,24,7820.0
86940.0,53,24534.0,389.42857142857144,1.4228441726409051,66890.40662515287,1061.7524861135375,3311294.1180000002,52560.224095238096,26,7913.0,0.04355997177037606,26,7913.0
86945.0,57,24808.0,381.66153846153844,1.0110865387938661,67063.23341650235,1031.7420525615746,3311298.37,50943.05184615384,29,8017.0,4.3927571306217505e-05,29,8017.0
86950.0,50,24932.0,389.5625,1.833655292576398,67260.04978605088,1050.9382779070452,3311295.399,51738.990609374996,22,7903.0,0.14644112745578264,22,7903.0
86955.0,46,25054.0,397.6825396825397,1.94811424316877,67517.22533845098,1071.7019894992218,3311295.399,52560.24442857142,18,7713.0,0.08441401172848266,18,7713.0
86960.0,47,25213.0,413.327868852459,1.5350944810630063,67644.37133256975,1108.9241202060616,3225861.686,52882.97845901639,20,7777.0,0.07950826801387344,20,7777.0
86965.0,51,25438.0,410.2903225806452,1.0914308261190402,67657.69957856812,1091.2532190091629,3140511.101,50653.40485483871,24,7871.0,0.04970018241956112,24,7871.0
86970.0,48,25604.0,400.0625,1.882792969731212,67815.33756801375,1059.614649500215,3140584.0909999995,49071.626421875,22,7889.0,0.09825359893270709,22,7889.0
86975.0,52,25856.0,391.75757575757575,1.7796660933231347,67991.66694591155,1030.176771907751,3183407.3509999993,48233.444712121214,26,7976.0,0.091750448900698,26,7976.0
86980.0,56,26129.0,395.8939393939394,1.374299494079531,68266.01878080485,1034.333617890983,3226161.437,48881.233893939396,30,8084.0,0.05572053777347844,30,8084.0
86985.0,59,26419.0,412.796875,0.5025602060876901,68463.4575908353,1069.7415248568018,3311680.3310000002,51745.005171875004,33,8209.0,0.04402086393340429,33,8209.0
86990.0,55,26571.0,415.171875,0.830350512247737,68763.13636195869,1074.4240056556048,3354438.1050000004,52413.095390625,28,8128.0,0.04902200473026341,28,8128.0
86995.0,52,26749.0,405.2878787878788,1.7112679370350294,69054.60932893083,1046.2819595292551,3354439.1810000003,50824.83607575758,24,8048.0,0.05362907891056426,24,8048.0
87000.0,48,26908.0,420.4375,1.6576027620991372,69186.17135159552,1081.0339273686798,3268977.6550000007,51077.775859375004,21,8120.0,0.056270946638425925,21,8120.0
87005.0,51,27143.0,405.1194029850746,1.1872397784258015,69341.59671875992,1034.949204757611,3226288.999000001,48153.56714925373,24,8211.0,0.036464930178257166,24,8211.0
87010.0,52,27352.0,420.8,1.3959225673415445,69386.49355340443,1067.4845162062218,3140906.5350000006,48321.639,26,8265.0,0.10855783144201758,26,8265.0
87015.0,55,27621.0,412.25373134328356,1.3267835955323255,69682.50096509165,1040.037327837189,3226452.1430000006,48156.002134328366,29,8369.0,0.06516335154064602,29,8369.0
87020.0,59,27906.0,404.4347826086956,1.3032196062119799,69954.67563982459,1013.835878838038,3269223.757,47380.05444927537,33,8489.0,0.014964934950991755,33,8489.0
87025.0,61,28206.0,408.7826086956522,1.4071690877218033,70253.86028426317,1018.1718881777273,3311990.8140000007,47999.86686956522,33,8619.0,0.026328878543196804,33,8619.0
87030.0,55,28359.0,436.2923076923077,0.998502303527542,70499.8306273151,1084.6127788817707,3311988.5820000004,50953.67049230769,27,8532.0,0.0683302966246763,27,8532.0
87035.0,52,28516.0,425.6119402985075,1.9173219464841351,70795.11115854216,1056.643450127495,3311992.3500000006,49432.72164179105,24,8424.0,0.0734076426680606,24,8424.0
87040.0,50,28692.0,434.72727272727275,2.3162197502653736,71058.17330269776,1076.6389894348142,3269224.8020000006,49533.70912121212,23,8397.0,0.1166289500274667,23,8397.0
87045.0,52,28923.0,419.17391304347825,2.1910603101999135,71068.87232035992,1029.98365681681,3183816.738000001,46142.271565217394,25,8455.0,0.09298057199746594,25,8455.0
87050.0,53,29183.0,442.1666666666667,1.7773658657259996,70982.00778899017,1075.4849664998508,3055639.780000001,46297.572424242426,27,8567.0,0.09844203079442891,27,8567.0
87055.0,48,28775.0,435.9848484848485,1.6881220235480083,71146.05713338841,1077.9705626270973,3055696.962000001,46298.43881818182,22,8060.0,0.09700073476467516,22,8060.0
87060.0,53,29029.0,426.8970588235294,2.4139686627874926,71422.48531311032,1050.3306663692692,3141270.126000001,46195.14891176471,26,8083.0,0.05902934845873763,26,8083.0
87065.0,55,29297.0,418.5285714285714,2.0524080215567055,71471.80898470078,1021.0258426385826,3184051.730000001,45486.453285714284,29,8186.0,0.016502155583594823,29,8186.0
87070.0,57,29577.0,448.1363636363636,1.1333625517847494,71264.16486817434,1079.7600737602174,3269613.333000001,49539.595954545446,31,8301.0,0.08430526111855,31,8301.0
87075.0,53,29707.0,443.3880597014925,1.1366638993610148,71561.91658756495,1068.088307277089,3355179.283000001,50077.30273134328,26,8267.0,0.030574206290074738,26,8267.0
87080.0,50,29879.0,439.3970588235294,2.061296966707623,71854.07417521618,1056.677561400238,3397961.7240000013,49970.02535294118,24,8267.0,0.10574538110487279,24,8267.0
87085.0,50,30096.0,442.5882352941176,2.001722197799412,72126.15101775562,1060.6786914375825,3355173.169000001,49340.78189705882,24,8305.0,0.07888928776523159,24,8305.0
87090.0,54,30355.0,481.8253968253968,0.689941927920407,72077.88384555769,1144.0933943739315,3141345.97,49862.63444444444,27,8402.0,0.057687474135098116,27,8402.0
87095.0,50,30359.0,453.1194029850746,1.6623352636842494,72369.11862115274,1080.1360988231759,3184136.884,47524.431104477604,22,8272.0,0.08362009798229544,22,8272.0
87100.0,53,30614.0,450.20588235294116,1.8456175456592998,72595.30152506343,1067.577963603874,3226935.2970000003,47454.93083823528,26,8332.0,0.05088673379804488,26,8332.0
87105.0,55,30882.0,447.5652173913044,1.8392225179115071,72863.8595377408,1055.997964315084,3312514.453,48007.45584057971,28,8436.0,0.06314075891054612,28,8436.0
87110.0,59,31165.0,472.1969696969697,0.7689861806101784,72956.03083888126,1105.3944066497154,3355299.624,50837.87309090909,33,8554.0,0.02184480190888694,33,8554.0
87115.0,48,30247.0,472.609375,1.115549085916065,73156.63916270313,1143.072486917236,3398084.144,53095.064750000005,21,7973.0,0.06767164921765802,21,7973.0
87120.0,45,30217.0,472.140625,1.7862599079565062,73438.77478274275,1147.4808559803553,3398084.144,53095.064750000005,15,7609.0,0.09076572475156844,15,7609.0
87125.0,45,30371.0,427.76056338028167,1.9277640106497524,73431.24359284728,1034.2428675048916,3398095.08,47860.49408450704,17,7652.0,0.04337786251412067,17,7652.0
87130.0,47,30573.0,449.6029411764706,2.407158359571761,73548.143207858,1081.5903412920295,3269771.3310000002,48084.87251470588,20,7719.0,0.14647091807473228,20,7719.0
87135.0,52,30766.0,452.44117647058823,1.7001758589910132,73829.33549516507,1085.7255219877215,3269781.774,48085.02608823529,25,7758.0,0.05961146921135617,25,7758.0
87140.0,55,31036.0,484.9375,0.994099971810495,73335.2594299536,1145.8634285930252,3227009.9329999997,50422.030203125,29,7864.0,8.328621237050421e-05,29,7864.0
87145.0,57,31320.0,505.16129032258067,0.9763433155145456,73586.80270682908,1186.883914626276,3227009.251,52048.5363064516,29,7974.0,1.2585604896864578e-06,29,7974.0
87150.0,57,31605.0,518.1147540983607,0.652507245709932,73825.84115289459,1210.2596910310592,3227005.7909999997,52901.73427868851,29,8084.0,0.0,29,8084.0
87155.0,52,31725.0,528.75,0.937118647123999,74094.31791010311,1234.905298501719,3227002.7909999997,53783.37985,24,8036.0,0.08337642647534041,24,8036.0
87160.0,48,31832.0,530.5333333333333,1.4232412043502962,74367.8768033519,1239.4646133891981,3227002.7909999997,53783.37985,20,7981.0,0.09128058319590734,20,7981.0
87165.0,49,31969.0,524.0819672131148,1.3126862489769702,74641.95496990916,1223.6386060640846,3227002.7909999997,52901.68509836064,21,8042.0,0.054205928597637475,21,8042.0
87170.0,49,32185.0,536.4166666666666,0.9865178645384165,74719.43844164633,1245.323974027439,3184260.105,53071.00175,23,8168.0,0.08173673160304194,23,8168.0
87175.0,52,32416.0,514.5396825396825,1.1407207680392957,74819.36679346715,1187.608996721701,3184352.6870000004,50545.28074603174,25,8234.0,0.0704997483798822,25,8234.0
87180.0,54,32678.0,510.59375,1.3928170761419212,75104.10068255669,1173.5015731649487,3227180.8470000005,50424.700734375,28,8331.0,0.05459666235215878,28,8331.0
87185.0,59,32959.0,477.6666666666667,0.7519348189943308,75396.40157272159,1092.701472068429,3312836.499000001,48012.123173913045,33,8448.0,0.005395461574530868,33,8448.0
87190.0,62,33265.0,482.1014492753623,0.9549651486318717,75692.55978133525,1096.993620019352,3355668.627000001,48632.87865217391,35,8608.0,0.11366573432571425,35,8608.0
87195.0,59,33412.0,484.231884057971,0.7421977583034945,76017.35265214386,1101.7007630745488,3355668.627000001,48632.87865217391,31,8546.0,0.035724392001950635,31,8546.0
87200.0,56,33586.0,473.0422535211268,1.6970275551310687,76334.47536418897,1075.1334558336475,3355670.279000001,47262.96167605634,28,8523.0,0.04586311413886636,28,8523.0
87205.0,54,33785.0,456.55405405405406,2.104867511605013,76529.2631551586,1034.1792318264672,3312890.314000001,44768.78802702703,27,8621.0,0.06334911169465532,27,8621.0
87210.0,57,34043.0,486.3285714285714,0.9545730433438154,76541.98533436425,1093.4569333480606,3141701.303000001,44881.44718571429,30,8743.0,0.06855877866400242,30,8743.0
87215.0,53,33934.0,477.943661971831,0.9844255826959041,76755.50138598638,1081.0633998026249,3141765.0790000004,44250.212380281686,27,8314.0,0.05854239492554692,27,8314.0
87220.0,52,34135.0,467.6027397260274,1.6402305922436382,77075.92583614882,1055.8346004951893,3227457.3670000006,44211.74475342466,25,8168.0,0.11416167718354493,25,8168.0
87225.0,57,34398.0,446.72727272727275,1.4774440677048215,77405.37339647442,1005.2645895646026,3313141.5170000005,43027.81190909092,30,8274.0,0.05673066181028024,30,8274.0
87230.0,65,34705.0,468.9864864864865,0.8189326415331317,77019.40912928288,1040.8028260713907,3313190.6620000005,44772.84678378379,38,8416.0,0.006933980292307858,38,8416.0
87235.0,60,34803.0,476.75342465753425,1.1691125684764792,77133.09577875434,1056.6177503938948,3313249.8680000002,45386.98449315068,34,8359.0,0.04607141426335394,34,8359.0
87240.0,65,35118.0,474.56756756756755,1.0846820668476882,77470.48858272022,1046.898494361084,3356096.524,45352.65572972973,37,8496.0,0.0005089138648147569,37,8496.0
87245.0,66,35448.0,466.42105263157896,1.4135206329658931,77715.50830016089,1022.572477633696,3356097.984,44159.18400000001,38,8651.0,2.0540124686079246e-07,38,8651.0
87250.0,66,35778.0,490.1095890410959,0.8797601450775574,77891.33933687836,1067.0046484503885,3356097.842,45973.94304109589,38,8806.0,0.04213711885014519,38,8806.0
87255.0,56,35748.0,496.5,1.069008065558691,78208.22764378034,1086.2253839413934,3356097.842,46612.47002777778,27,8663.0,0.037078124887161425,27,8663.0
87260.0,56,35892.0,498.5,1.118355957558623,78536.71086008214,1090.7876508344734,3356097.842,46612.47002777778,27,8677.0,0.040498111845584314,27,8677.0
87265.0,58,36074.0,501.02777777777777,1.1827075366125794,78795.30437482316,1094.379227428099,3356098.3040000005,46612.47644444445,30,8784.0,0.018920232887149075,30,8784.0
87270.0,60,36331.0,526.536231884058,0.9678792284106128,79028.02708677108,1145.3337258952326,3227564.2330000005,46776.29323188406,34,8938.0,0.02829811164001384,34,8938.0
87275.0,60,36547.0,514.7464788732394,1.0564155322523348,79153.67928614588,1114.8405533259981,3313309.324,46666.32850704226,32,9017.0,0.019528157917536513,32,9017.0
87280.0,61,36847.0,518.9718309859155,1.650300813543632,79470.53225401528,1119.3032711833134,3313309.324,46666.32850704226,33,9147.0,0.047966370360998135,33,9147.0
87285.0,62,37155.0,516.0416666666666,1.2172542662099997,79606.23395413766,1105.642138251912,3270523.052,45423.93127777778,34,9280.0,0.0354305420213898,34,9280.0
87290.0,64,37472.0,551.0588235294117,0.5860457469816774,79836.19756496859,1174.0617288965968,3270520.6540000006,48095.891970588236,36,9422.0,0.034954166186018654,36,9422.0
87295.0,57,37580.0,552.6470588235294,0.6979715609684066,80157.36630656273,1178.7847986259221,3270520.6540000006,48095.891970588236,29,9236.0,0.013816353571642024,29,9236.0
87300.0,55,37708.0,562.8059701492538,1.1950142872131502,80464.25668661496,1200.9590550241044,3270520.6540000006,48813.74110447761,27,9148.0,0.04622813724499054,27,9148.0
87305.0,52,37859.0,533.2253521126761,1.7018419544408165,80725.04352442043,1136.9724440059213,3227678.9380000005,45460.26673239437,25,9240.0,0.051923220319331484,25,9240.0
87310.0,54,38094.0,544.2,1.707047141146941,80677.55345978678,1152.5364779969539,3185012.9160000007,45500.18451428571,27,9364.0,0.10496916786011552,27,9364.0
87315.0,44,36611.0,538.3970588235294,1.7031112073574244,80669.0241120302,1186.3091781180908,3142286.876,46210.101117647064,18,8243.0,0.09034376240104595,18,8243.0
87320.0,49,36846.0,526.3714285714286,3.2110257354998057,80949.29184852679,1156.4184549789536,3228096.032,46115.6576,23,7841.0,0.08769706657261413,23,7841.0
87325.0,52,37096.0,545.5294117647059,2.635492397392176,80452.86692795862,1183.130395999391,3313900.5200000005,48733.83117647058,25,7898.0,0.04422774874545391,25,7898.0
87330.0,55,37361.0,593.031746031746,1.3731031081234712,79820.1438228456,1266.9864098864382,3313889.4440000006,52601.419746031745,27,7994.0,0.026110299939552408,27,7994.0
87335.0,50,37488.0,635.3898305084746,1.3318889332972061,79876.38678559553,1353.8370641626361,3313887.2800000003,56167.58101694915,22,7946.0,0.053443222886014045,22,7946.0
87340.0,52,37741.0,639.6779661016949,1.282400947843196,80140.40897380847,1358.3120165052283,3313887.2800000003,56167.58101694915,23,8022.0,0.04019795073082017,23,8022.0
87345.0,51,37994.0,633.2333333333333,1.4520183952630672,80358.67643757627,1339.3112739596038,3313891.044,55231.5174,23,8102.0,0.03147873994433001,23,8102.0
87350.0,51,38249.0,671.0350877192982,1.2557455975375185,80542.74401696793,1413.030596788911,3313887.0740000005,58138.36971929824,23,8182.0,0.07186563446898847,23,8182.0
87355.0,46,38214.0,682.3928571428571,1.1406969453018894,80742.3660050282,1441.8279643755034,3313887.9020000002,59176.56967857143,18,7939.0,0.025468859719435265,18,7939.0
87360.0,42,38259.0,695.6181818181818,2.2344143120209945,80963.9810492032,1472.0723827127854,3313887.9020000002,60252.50730909091,14,7743.0,0.08745746458131222,14,7743.0
87365.0,39,38293.0,649.0338983050848,1.9050552376234529,81004.15124235325,1372.9517159720888,3228156.098,54714.510135593206,11,7767.0,0.09966203956721505,11,7767.0
87370.0,44,38425.0,662.5,2.0901697016658827,81052.6887905633,1397.4601515614363,3185366.808,54920.11737931034,17,7846.0,0.18120976954714557,17,7846.0
87375.0,39,25711.0,451.0701754385965,1.3422739934999235,80972.56671895961,1420.5713459466604,3142651.581,55134.23826315789,17,4934.0,0.08651792003057143,17,4934.0
87380.0,37,17716.0,290.42622950819674,2.7330094308898816,81213.99271129843,1331.3769296934177,3228540.179,52926.888180327864,22,3034.0,0.07394685430279407,22,3034.0
87385.0,32,7365.0,120.73770491803279,3.314555036800278,77167.36845686121,1265.0388271616594,3194923.6419999995,52375.79740983606,26,7112.0,0.04697323522545638,26,7112.0
87390.0,33,516.0,8.745762711864407,2.732299886850552,62839.55207688801,1065.0771538455592,3009873.1969999997,51014.79994915254,32,9208.0,0.03686012955336694,32,9208.0
87395.0,35,589.0,10.155172413793103,2.3457044305038086,45952.37838879966,792.2823860137865,2865154.9849999994,49399.223879310346,29,9224.0,0.008309579607002194,29,9224.0
87400.0,45,788.0,12.918032786885245,1.9981761662507294,43609.86074091137,714.915749851006,3109729.0439999998,50979.164655737695,30,9333.0,0.030202398167024927,30,9333.0
87405.0,49,1018.0,16.419354838709676,1.26869007949909,41208.71393720643,664.6566764065551,3192934.8739999994,51498.94958064516,30,9443.0,0.0,30,9443.0
87410.0,54,1273.0,20.532258064516128,0.8592795477193337,41432.73157315173,668.2698640830922,3434964.988999999,55402.66111290322,30,9553.0,0.024785930708392728,30,9553.0
87415.0,51,1260.0,20.65573770491803,0.9041561370514043,41716.60171514543,683.8787166417283,3434964.988999999,56310.90145901638,24,9304.0,0.05430376975504669,24,9304.0
87420.0,49,1299.0,20.951612903225808,1.7444480794783856,41992.3763179064,677.2963922242968,3434965.4519999996,55402.66858064516,21,8947.0,0.051889180109063834,21,8947.0
87425.0,46,1383.0,21.609375,2.2205839572133854,42226.62098030926,659.7909528173321,3392021.9099999997,53000.34234375,19,9004.0,0.10732599900890866,19,9004.0
87430.0,49,1585.0,24.765625,1.4002296219635242,41896.82189558657,654.63784211854,3263526.7859999994,50992.60603125,23,9103.0,0.11053349826766984,23,9103.0
87435.0,50,1794.0,28.476190476190474,1.467289225677716,41821.42003664582,663.832064073743,3220818.5799999996,51124.104444444434,24,9175.0,0.05836618984573979,24,9175.0
87440.0,53,2052.0,31.56923076923077,1.276898625116353,42104.93407722249,647.7682165726537,3306773.391,50873.436784615384,26,9261.0,0.07678350094458564,26,9261.0
87445.0,58,2329.0,33.7536231884058,1.3719345438461716,42386.207341006055,614.2928600145802,3392738.5289999996,49170.12360869565,31,9370.0,0.029782208384169333,31,9370.0
87450.0,59,2620.0,39.696969696969695,0.8585738679731624,42674.2159073304,646.579028898945,3435715.675,52056.29810606061,33,9491.0,0.06147777600357807,33,9491.0
87455.0,58,2767.0,40.10144927536232,0.8690507278981592,42949.66679299913,622.4589390289727,3478693.417,50415.8466231884,28,9313.0,0.04789375895422227,28,9313.0
87460.0,54,2955.0,42.82608695652174,2.007117745470274,43255.45722521367,626.8906844233865,3478693.417,50415.8466231884,26,9190.0,0.06785149308764095,26,9190.0
87465.0,51,3131.0,45.3768115942029,1.9857899039794003,43550.31900777469,631.1640435909375,3478693.417,50415.8466231884,24,9270.0,0.08435186109220205,24,9270.0
87470.0,55,3381.0,51.22727272727273,0.9278595955358832,43474.81700738727,658.7093485967769,3349974.859,50757.194833333335,29,9373.0,0.03170121374357943,29,9373.0
87475.0,47,2636.0,41.1875,1.2200646766640795,43491.15372907109,679.5492770167355,3264176.596,51002.7593125,25,5526.0,0.04463902501229151,25,5526.0
87480.0,41,2140.0,32.42424242424242,2.766945904657286,43764.758185217695,663.1023967457223,3350158.554,50759.97809090909,28,4656.0,0.08874977412705569,28,4656.0
87485.0,37,1716.0,23.833333333333332,3.209060544709083,38208.81826862944,530.6780315087422,3280232.404,45558.78338888889,31,5768.0,0.04386274722682316,31,5768.0
87490.0,41,1532.0,23.56923076923077,2.7889737956975673,18811.409008729464,289.40629244199164,2733934.2360000005,42060.526707692305,37,6972.0,0.08002644784520954,37,6972.0
87495.0,37,883.0,13.378787878787879,2.261177062216627,15271.274749091242,231.38295074380673,2818264.994,42700.98475757577,30,6380.0,0.040650199352853196,30,6380.0
87500.0,46,1091.0,15.585714285714285,2.7284165408343726,14277.151414947572,203.9593059278225,2980952.125,42585.03035714287,33,6402.0,0.015723636191278752,33,6402.0
87505.0,53,1338.0,19.676470588235293,2.135224013845618,14128.905439071774,207.77802116282027,3061707.833,45025.115191176475,32,6537.0,0.04050642677820779,32,6537.0
87510.0,57,1616.0,24.861538461538462,0.7613984034067892,13868.64474996003,213.3637653840005,3223173.367,49587.28256923077,33,6674.0,0.0012655821242896013,33,6674.0
87515.0,53,1616.0,24.861538461538462,1.133650668012138,14122.162165053183,217.26403330851048,3303904.215,50829.29561538461,27,6457.0,0.06569862363129048,27,6457.0
87520.0,53,1709.0,26.29230769230769,1.6021182371301996,14413.614720226846,221.74791877272068,3303904.215,50829.29561538461,25,6347.0,0.05873347368827857,25,6347.0
87525.0,51,1802.0,27.723076923076924,1.1885006229683286,14456.184345685646,222.40283608747143,3175019.7460000003,48846.45763076923,23,6439.0,0.05367363765512343,23,6439.0
87530.0,54,1986.0,30.553846153846155,1.0704713980189882,14613.794661036565,224.8276101697933,3175107.245,48847.80376923078,27,6580.0,0.05684562134774185,27,6580.0
87535.0,48,1857.0,28.136363636363637,1.2409208173162867,14597.731868485287,221.17775558311033,3132292.4790000003,47458.97695454547,22,6435.0,0.057645935436387186,22,6435.0
87540.0,52,2102.0,30.91176470588235,2.0480009088963,14887.760931766225,218.93766076126792,3218351.223,47328.69445588236,25,6440.0,0.07908801614031241,25,6440.0
87545.0,55,2366.0,33.32394366197183,1.8001273255299939,15122.54114457854,212.99353724758498,3261376.6930000004,45934.88300000001,29,6538.0,0.01930535115757335,29,6538.0
87550.0,59,2654.0,39.61194029850746,1.206572415759592,15181.157114037482,226.58443453787277,3304400.22,49319.40626865673,32,6670.0,0.0744667653140257,32,6670.0
87555.0,56,2800.0,43.07692307692308,0.8568830068403603,15340.787619420938,236.01211722186054,3304397.22,50836.880307692314,28,6533.0,0.01762922710949255,28,6533.0
87560.0,52,2960.0,44.84848484848485,1.6664207723361484,15613.290667071205,236.56501010713941,3304398.8800000004,50066.649696969704,24,6463.0,0.06098584471944502,24,6463.0
87565.0,49,3136.0,46.80597014925373,2.4106244505323686,15896.96503466336,237.26813484572176,3304398.8800000004,49319.38626865672,22,6464.0,0.0708036389420883,22,6464.0
87570.0,50,3367.0,53.44444444444444,0.9912541244880307,15717.48782914578,249.48393379596476,3132528.6160000004,49722.67644444444,24,6570.0,0.06909557932911192,24,6570.0
87575.0,49,3510.0,55.714285714285715,1.4729901431135901,15776.896997889618,250.42693647443835,3089613.5680000004,49041.48520634921,23,6568.0,0.06920206624129797,23,6568.0
87580.0,52,3766.0,57.06060606060606,1.5861036022697532,16061.852863951428,243.361407029567,3175701.2710000006,48116.68592424241,26,6669.0,0.07247561791806377,26,6669.0
87585.0,56,4039.0,59.39705882352941,1.4401845165459062,16313.120792948102,239.89883519041322,3261793.929000001,47967.55777941176,29,6787.0,0.034653706457558164,29,6787.0
87590.0,60,4329.0,67.640625,0.4853989082676161,16482.578673418826,257.5402917721691,3304837.251000001,51638.082046875,34,6922.0,0.0002060176346728954,34,6922.0
87595.0,54,4474.0,68.83076923076923,0.9341096819154396,16787.545978994363,258.26993813837475,3347879.546000001,51505.83916923077,27,6812.0,0.06008722217687808,27,6812.0
87600.0,52,4639.0,71.36923076923077,1.8120391412516423,17077.795326809384,262.7353127201443,3347879.546000001,51505.83916923077,24,6663.0,0.04552486353753994,24,6663.0
87605.0,48,4830.0,68.02816901408451,2.8912212372522044,17322.91195297455,243.98467539400767,3304857.789000001,46547.292802816904,21,6630.0,0.12882264692015855,21,6630.0
87610.0,48,5056.0,72.22857142857143,3.4106183035941555,17183.260382296747,245.4751483185249,3175927.8010000004,45370.39715714286,22,6638.0,0.2268053984674976,22,6638.0
87615.0,52,5300.0,77.94117647058823,1.8515460413468643,17116.978882440042,251.72027768294174,3090024.981,45441.543838235295,25,6707.0,0.06660505525002458,25,6707.0
87620.0,57,5577.0,84.5,1.0172241837839329,17258.887439156206,261.4982945326698,3003974.648,45514.767393939386,31,6829.0,0.07607491225931962,31,6829.0
87625.0,54,5761.0,87.28787878787878,1.3912684424428063,17468.58095993812,264.6754690899715,3004009.582,45515.29669696969,28,6863.0,0.08312596567251102,28,6863.0
87630.0,57,6037.0,88.77941176470588,1.3236385508011872,17768.87602294542,261.3070003374327,3090112.333,45442.82842647058,30,6979.0,0.029767253322620698,30,6979.0
87635.0,61,6326.0,90.37142857142857,1.420609255161161,18025.855940373724,257.51222771962455,3133164.803,44759.49718571428,33,7113.0,0.04845764598271544,33,7113.0
87640.0,60,6622.0,95.97101449275362,1.0385637183246124,18299.829382835876,265.2149185918243,3219262.669,46655.980710144926,34,7254.0,0.04759306889241065,34,7254.0
87645.0,51,5621.0,81.46376811594203,1.259777988079977,18550.431447993054,268.8468325796095,3262311.1980000003,47279.87243478261,24,6724.0,0.09585312668083842,24,6724.0
87650.0,53,5589.0,78.71830985915493,1.467892738750056,18865.989352989433,265.71815990125964,3348411.7020000005,47160.728197183096,23,6599.0,0.10569253717060734,23,6599.0
87655.0,53,5814.0,79.64383561643835,1.2402521912952822,19166.155992647226,262.5500820910579,3391447.452,46458.184273972605,26,6695.0,0.029761083123610196,26,6695.0
87660.0,60,6095.0,84.65277777777777,1.2265565375170586,19451.453322582583,270.15907392475816,3305337.0920000006,45907.45961111112,34,6825.0,0.0573194161562674,34,6825.0
87665.0,53,4628.0,60.89473684210526,1.519464811929348,19417.541361223866,255.4939652792615,3305347.1780000003,43491.41023684211,31,4266.0,0.03655898769409767,31,4266.0
87670.0,50,3527.0,47.66216216216216,2.6868187239458434,19195.25379558325,259.39532156193576,3305342.9910000004,44666.797175675674,34,3205.0,0.08720902664828974,34,3205.0
87675.0,45,2243.0,30.726027397260275,2.553924845678043,19469.88359391388,266.7107341632039,3305342.3030000003,45278.66168493151,38,4362.0,0.042754097018226425,38,4362.0
87680.0,50,1645.0,23.169014084507044,2.1691901750722664,13963.184439766781,196.66456957417998,3148912.4690000005,44350.87984507043,46,5068.0,0.003814964683281613,46,5068.0
87685.0,42,1540.0,22.0,1.9748408616472528,9097.790145804516,129.96843065435027,2829967.7310000006,40428.11044285715,35,4755.0,0.02410314421317798,35,4755.0
87690.0,43,1552.0,20.155844155844157,2.3521859433856873,9401.088393989678,122.09205706480103,3153492.0950000007,40954.44279220779,30,4667.0,0.06499252940415247,30,4667.0
87695.0,49,1646.0,21.376623376623378,1.738581772556478,9117.894881506198,118.41421924034023,3153726.2430000002,40957.48367532467,34,4817.0,0.05859442268411908,34,4817.0
87700.0,62,1891.0,23.936708860759495,0.7871528740413724,9413.722629575801,119.16104594399751,3391097.913,42925.29003797469,42,5029.0,0.010658118374333994,42,5029.0
87705.0,64,1978.0,25.358974358974358,1.0756970784320465,9308.441421134816,119.33899257865151,3477256.8860000004,44580.216487179496,38,5068.0,0.024128629456226496,38,5068.0
87710.0,67,2305.0,29.935064935064936,1.406968776430572,9550.410004069314,124.03129875414689,3434210.286000001,44600.13358441559,39,5217.0,0.03869363241694133,39,5217.0
87715.0,68,2641.0,33.85897435897436,1.3642567414040847,9867.574511814451,126.50736553608272,3434207.4040000006,44028.30005128206,40,5405.0,1.792527113394601e-07,40,5405.0
87720.0,68,2981.0,40.83561643835616,0.8817755873880277,10003.500169169112,137.03424889272753,3434207.144000001,47043.933479452055,40,5600.0,0.0,40,5600.0
87725.0,59,3020.0,40.810810810810814,1.0346590514992364,10272.87418465478,138.82262411695643,3434210.144000001,46408.24518918919,31,5392.0,0.023258892349936916,31,5392.0
87730.0,58,3192.0,43.13513513513514,1.8037841837244484,10601.583857256062,143.26464671967653,3434210.144000001,46408.24518918919,29,5468.0,0.09064022774048923,29,5468.0
87735.0,56,3327.0,45.57534246575342,1.1059132453478246,10761.720067993327,147.42082284922364,3391160.5910000005,46454.25467123288,29,5603.0,0.0359878015494649,29,5603.0
87740.0,63,3595.0,48.58108108108108,0.965507452726655,10904.699560115585,147.36080486642686,3391230.073,45827.433418918925,36,5789.0,0.03121093024916196,36,5789.0
87745.0,51,2014.0,27.97222222222222,1.6328720818619025,10996.618484425706,152.73081228369034,3391298.2760000005,47101.36494444444,23,4622.0,0.05476734395447828,23,4622.0
87750.0,52,2266.0,31.47222222222222,2.697094069414743,11292.15097796657,156.83543024953568,3391298.2760000005,47101.36494444444,26,4237.0,0.0481364902676081,26,4237.0
87755.0,57,2540.0,36.81159420289855,2.0778079300095653,10718.773958448628,155.34455012244385,3391294.4740000004,49149.195275362326,29,4371.0,0.00016784296823966544,29,4371.0
87760.0,57,2825.0,44.84126984126984,1.0952721040154652,10239.856294927695,162.53740150678877,3391289.84,53829.99746031747,29,4511.0,0.02131344587216539,29,4511.0
87765.0,52,2971.0,47.15873015873016,1.1203803162737096,10181.541626259237,161.6117718453847,3391288.4400000004,53829.97523809524,24,4512.0,0.013044419229176542,24,4512.0
87770.0,52,3231.0,51.285714285714285,2.143583068088989,10456.679843400621,165.97904513334316,3391288.4400000004,53829.97523809524,24,4627.0,0.07224617104996642,24,4627.0
87775.0,53,3492.0,56.32258064516129,1.1122111273270678,10688.786961698532,172.39978970481502,3391287.8940000003,54698.19183870968,25,4743.0,0.009188637939092689,25,4743.0
87780.0,57,3774.0,65.06896551724138,0.21908468187967306,10846.436655282438,187.00752853935236,3391284.062,58470.414862068974,29,4880.0,8.787173145199247e-06,29,4880.0
87785.0,52,3796.0,63.266666666666666,0.7761113905063979,11126.554642918796,185.44257738197996,3391284.062,56521.40103333334,24,4737.0,0.017256321930946544,24,4737.0
87790.0,47,3809.0,61.435483870967744,1.876215719071271,11396.00568700437,183.8065433387802,3391284.87,54698.14306451613,19,4587.0,0.14917938696945773,19,4587.0
87795.0,45,3861.0,62.274193548387096,1.873030558650225,11664.222089543038,188.13261434746835,3391284.87,54698.14306451613,18,4553.0,0.07907226042192705,18,4553.0
87800.0,48,4054.0,67.56666666666666,1.0602428427343198,11447.759401057374,190.79599001762287,3305285.6,55088.093333333345,22,4738.0,0.08342286503714783,22,4738.0
87805.0,48,4215.0,69.09836065573771,1.515674268536462,11412.625090521853,187.09221459871887,3305514.394,54188.760557377056,21,4764.0,0.0701728636502721,21,4764.0
87810.0,51,4460.0,70.7936507936508,1.721370170520703,11680.83199509353,185.41003166815122,3348675.8159999996,53153.58438095237,25,4874.0,0.0625747793359175,25,4874.0
87815.0,56,4723.0,71.56060606060606,1.218134192799954,11908.397980442776,180.43027243095108,3435002.2799999993,52045.48909090909,28,5002.0,0.04147391338733784,28,5002.0
87820.0,57,4999.0,76.9076923076923,1.269746091553428,12129.7152442221,186.61100375726298,3521326.628,54174.25581538461,30,5143.0,0.09747423906173582,30,5143.0
87825.0,52,5125.0,80.078125,0.971940010750346,12424.909706443064,194.13921416317288,3521326.628,55020.7285625,24,4928.0,0.06503158675986508,24,4928.0
87830.0,50,5282.0,82.53125,1.7566895946745005,12712.47042126608,198.63235033228247,3521326.628,55020.7285625,22,4781.0,0.055720239573780264,22,4781.0
87835.0,47,5465.0,86.74603174603175,1.8929147065258798,12914.791322705234,204.9966876619878,3478212.213,55209.717666666664,20,4756.0,0.07083718788442503,20,4756.0
87840.0,50,5692.0,94.86666666666666,1.0805248962285232,12631.352879094364,210.522547984906,3349068.9089999995,55817.81515,23,4872.0,0.06223927613505376,23,4872.0
87845.0,45,5774.0,87.48484848484848,1.6687725527701578,12569.534168199994,190.44748739696956,3262998.6149999998,49439.37295454545,19,4640.0,0.08870610843095113,19,4640.0
87850.0,46,5991.0,88.1029411764706,2.6486349189365908,12845.940654599914,188.9108919794105,3349351.82,49255.17382352941,18,4697.0,0.18923079907748053,18,4697.0
87855.0,49,6223.0,91.51470588235294,1.4131282970264543,13028.811497485234,191.6001690806652,3392523.105,49890.04566176471,23,4797.0,0.06973492401113932,23,4797.0
87860.0,59,6504.0,95.6470588235294,0.9153690502065331,13133.574537077548,193.14080201584628,3435822.682999999,50526.804161764696,33,4943.0,0.04314621040102497,33,4943.0
87865.0,57,6733.0,99.01470588235294,0.9664757227570004,13395.23105597044,196.98869199956525,3479003.780999999,51161.820308823524,30,4908.0,0.01823785455156925,30,4908.0
87870.0,53,6971.0,99.58571428571429,2.0039505223321457,13556.15066549356,193.65929522133658,3479092.351999999,49701.319314285705,27,4985.0,0.07966688602804746,27,4985.0
87875.0,52,7219.0,103.12857142857143,1.7396438870857867,13694.345554262078,195.6335079180296,3436004.4269999987,49085.777528571416,26,5082.0,0.07753238618753938,26,5082.0
87880.0,57,7494.0,110.20588235294117,0.8730617006695528,13824.119488321094,203.29587482825136,3349730.547999999,49260.74335294117,31,5223.0,0.06263087434900699,31,5223.0
87885.0,54,7521.0,109.0,1.4018337202562774,14024.964954681744,203.26036166205427,3349752.243,48547.133956521735,27,5144.0,0.07127132403912746,27,5144.0
87890.0,55,7792.0,109.74647887323944,1.7258164743994253,14325.931598120802,201.77368448057462,3392928.4699999997,47787.72492957746,29,5251.0,0.08145153467488507,29,5251.0
87895.0,60,8078.0,109.16216216216216,1.7360266142964853,14580.636977028376,197.0356348247077,3479269.545999999,47017.15602702703,34,5402.0,0.028310528348796316,34,5402.0
87900.0,62,8384.0,119.77142857142857,1.0350714075748269,14720.752066876015,210.29645809822873,3522434.8229999994,50320.49747142858,36,5573.0,0.019129055331585102,36,5573.0
87905.0,55,8506.0,118.13888888888889,1.2823023735223837,14970.166187189674,207.9189748220788,3565603.5849999995,49522.27201388889,28,5591.0,0.047718743985425215,28,5591.0
87910.0,55,8699.0,122.52112676056338,2.21056015699128,15269.381846680466,215.06171615042902,3565603.5849999995,50219.76880281689,26,5652.0,0.1182089422064488,26,5652.0
87915.0,52,8878.0,128.66666666666666,1.5996176515535625,15456.589600569072,224.00854493578356,3479267.2509999997,50424.16305797102,25,5770.0,0.051314856260934794,25,5770.0
87920.0,56,9142.0,134.44117647058823,1.0199967621748829,15639.200629502195,229.98824455150282,3349775.458,49261.40379411766,30,5917.0,0.02969598837099721,30,5917.0
87925.0,45,8128.0,116.11428571428571,2.202103682755989,15823.923605188107,226.05605150268724,3306609.459,47237.277985714296,19,5049.0,0.08761721494837536,19,5049.0
87930.0,49,8369.0,117.87323943661971,3.0988315041349273,16084.727193054234,226.54545342329905,3392979.335,47788.441338028184,22,4858.0,0.12321579239576304,22,4858.0
87935.0,56,8624.0,121.46478873239437,2.1377789631948954,15859.591350325874,223.3745260609278,3479338.725,49004.77077464789,29,4983.0,0.03641483510717972,29,4983.0
87940.0,59,8911.0,139.234375,0.7767844282211823,15363.33776570415,240.05215258912733,3479332.7049999996,54364.573515625,31,5131.0,0.014923678046549515,31,5131.0
87945.0,54,9032.0,141.125,0.8428758792570912,15551.21338267176,242.98770910424625,3479332.229,54364.566078125,26,5119.0,0.018541393059697032,26,5119.0
87950.0,54,9302.0,145.34375,1.5530484630541233,15839.771840235657,247.4964350036821,3479332.229,54364.566078125,26,5232.0,0.028574457472479678,26,5232.0
87955.0,54,9572.0,151.93650793650792,1.4527845526930458,16077.158285570842,255.1929886598546,3479331.6809999994,55227.48700000001,26,5357.0,0.04037398325380253,26,5357.0
87960.0,57,9852.0,166.98305084745763,0.34884958771337876,16257.369131114956,275.5486293409314,3479330.8469999996,58971.709271186446,29,5492.0,4.066025892072926e-06,29,5492.0
87965.0,50,9835.0,161.2295081967213,1.0701912049907283,16458.99976388964,269.8196682604858,3479333.8469999996,57038.259786885246,22,5412.0,0.022996483889377018,22,5412.0
87970.0,46,9857.0,151.64615384615385,2.333464953383397,16724.193254323676,257.2952808357488,3479338.9309999994,53528.29124615385,18,5360.0,0.16842968570937297,18,5360.0
87975.0,42,9918.0,152.58461538461538,2.51133855204581,16987.93697511163,261.35287654017884,3479338.9309999994,53528.29124615385,15,5364.0,0.13674389950596708,15,5364.0
87980.0,47,10108.0,163.03225806451613,1.3079415107940662,16979.674321909177,273.8657148695028,3349840.9649999994,54029.692983870955,20,5492.0,0.1034415703232343,20,5492.0
87985.0,48,10292.0,171.53333333333333,1.2356231737784185,16961.97268980539,282.69954483008974,3263549.7219999996,54392.49536666667,22,5578.0,0.060114174605198516,22,5578.0
87990.0,52,10542.0,170.03225806451613,1.525840487326483,17233.342844956966,277.95714266059616,3349998.8879999993,54032.24012903225,25,5693.0,0.04156488264889212,25,5693.0
87995.0,57,10807.0,168.859375,1.1206359527575311,17457.52843464212,272.773881791283,3436438.187999999,53694.3466875,28,5823.0,0.03731954614085922,28,5823.0
88000.0,56,11083.0,178.75806451612902,0.4996375087479057,17701.8446699252,285.51362370847085,3479654.146999999,56123.45398387097,30,5964.0,0.025412830912387815,30,5964.0
88005.0,53,11232.0,170.1818181818182,1.3672523126294465,18001.561933188885,272.75093838164963,3479657.146999999,52722.077984848474,25,5873.0,0.09572199359141804,25,5873.0
88010.0,49,11381.0,172.43939393939394,1.9979547037457286,18285.87644480677,277.05873401222374,3479657.146999999,52722.077984848474,21,5820.0,0.11890820942910268,21,5820.0
88015.0,51,11555.0,175.07575757575756,1.5386012060479615,18572.950134627918,281.4083353731503,3479657.146999999,52722.077984848474,24,5925.0,0.06510353476779501,24,5925.0
88020.0,54,11816.0,190.58064516129033,0.5260320585608249,18446.05760889637,297.51705820800595,3306973.7289999994,53338.2859516129,27,6066.0,0.03319738067552931,27,6066.0
88025.0,53,12042.0,179.73134328358208,1.257506848893474,18638.802761944124,278.19108599916603,3307045.738999999,49358.89162686567,27,6171.0,0.05612661374366156,27,6171.0
88030.0,56,12319.0,178.53623188405797,1.7570974193263371,18937.511583083062,274.4566896098994,3393518.809999999,49181.4320289855,30,6313.0,0.1424258719958619,30,6313.0
88035.0,63,12616.0,180.22857142857143,0.5217363854275618,19238.770806441287,274.8395829491612,3479985.959999999,49714.08514285713,36,6475.0,0.0142547166823789,36,6475.0
88040.0,66,12941.0,187.55072463768116,0.17378122385398226,19530.264845252244,283.04731659785864,3523220.497999999,51061.166637681155,40,6665.0,0.019898483682006637,40,6665.0
88045.0,62,13104.0,184.56338028169014,0.7777151235681632,19865.77447492509,279.7996404919028,3523220.872999999,49622.82919718309,34,6606.0,0.032460508486942784,34,6606.0
88050.0,56,13280.0,181.91780821917808,2.058669300592099,20186.046303993113,276.521182246481,3523221.400999999,48263.3068630137,28,6582.0,0.09620604851575462,28,6582.0
88055.0,52,13481.0,184.67123287671234,1.965488267156155,20355.60549684944,278.84391091574565,3480051.885999999,47671.94364383561,25,6626.0,0.07237681979812832,25,6626.0
88060.0,58,13747.0,196.38571428571427,1.043529506881632,20472.995456976372,292.4713636710909,3350442.104999999,47863.45864285714,31,6782.0,0.06279248681224898,31,6782.0
88065.0,55,13911.0,201.6086956521739,1.091199230802836,20567.05644971497,298.07328187992704,3307321.1809999985,47932.19102898549,29,6827.0,0.04754004409892304,29,6827.0
88070.0,58,14195.0,202.78571428571428,1.3515577321238414,20768.216504254673,296.6888072036382,3350640.444999999,47866.292071428565,32,6972.0,0.03806239347414872,32,6972.0
88075.0,63,14498.0,198.6027397260274,1.4230649459140212,21052.143628786445,288.3855291614581,3437136.282999999,47084.05867123287,36,7140.0,0.023121124201152476,36,7140.0
88080.0,63,14809.0,211.55714285714285,0.8957423312227425,21255.378435073744,303.6482633581963,3480378.850999999,49719.697871428565,37,7316.0,0.014962958323828216,37,7316.0
88085.0,54,14548.0,193.97333333333333,1.524760156931141,21559.088798278557,287.4545173103807,3523634.554999999,46981.79406666666,27,7099.0,0.06504734582899405,27,7099.0
88090.0,53,14716.0,196.21333333333334,2.134146970904466,21876.81647792536,291.6908863723382,3523634.554999999,46981.79406666666,24,7050.0,0.0994299326792859,24,7050.0
88095.0,54,14917.0,204.34246575342465,1.251728256095988,21968.871565729478,300.9434461058832,3480411.5759999994,47676.870904109586,26,7166.0,0.039180485778331144,26,7166.0
88100.0,60,15187.0,205.22972972972974,0.9973677992419157,22280.595723421215,301.089131397584,3437169.2769999993,46448.23347297298,34,7330.0,0.010521059112170609,34,7330.0
88105.0,50,14270.0,200.98591549295776,1.7695572440054093,22286.89493668009,313.8999286856351,3437181.674999999,48411.00950704225,23,6512.0,0.049810136869743074,23,6512.0
88110.0,52,14525.0,201.73611111111111,2.785306533591177,22575.22171439035,313.5447460331994,3480444.669999999,48339.509305555555,26,6407.0,0.05309201132015032,26,6407.0
88115.0,55,14796.0,211.37142857142857,2.4886574231046574,22398.452192423458,319.9778884631922,3437214.9079999994,49103.070114285714,27,6536.0,0.02097742073506453,27,6536.0
88120.0,56,15073.0,247.0983606557377,0.8903915918420113,21783.83297625137,357.11201600412073,3437209.4479999994,56347.695868852454,28,6668.0,0.02066051590782284,28,6668.0
88125.0,51,15211.0,245.33870967741936,1.2890270934154544,22014.168794874116,355.06723862700187,3437205.4199999995,55438.797096774186,23,6661.0,0.021346173211333568,23,6661.0
88130.0,51,15466.0,249.4516129032258,2.000313669572437,22263.601372638543,359.0903447199765,3437208.5339999995,55438.847322580645,23,6771.0,0.08451164883472188,23,6771.0
88135.0,52,15723.0,266.49152542372883,1.1254257465579875,22433.59623696291,380.2304446942865,3437207.1479999996,58257.74827118645,24,6883.0,0.06616790974431928,24,6883.0
88140.0,55,15992.0,285.57142857142856,0.00324564292349738,22628.92315756579,404.08791352796044,3437204.1479999996,61378.6455,27,7007.0,0.0004278708650738268,27,7007.0
88145.0,50,15981.0,270.864406779661,0.9566815922643973,22910.51127626422,388.3137504451563,3437204.1479999996,58257.697423728816,22,6878.0,0.020989501109015932,22,6878.0
88150.0,45,15983.0,262.0163934426229,2.14956981793295,23169.50518573249,379.827953864467,3437204.963999999,56347.62236065573,17,6772.0,0.14915930311727332,17,6772.0
88155.0,44,16022.0,271.5593220338983,1.7438291083409518,23240.088131049575,393.8997988313488,3350718.025999999,56791.83094915254,17,6758.0,0.0792218284254797,17,6758.0
88160.0,47,16207.0,274.6949152542373,1.2925059626581172,23355.18538198761,395.8505996947053,3350806.1039999994,56793.323796610166,21,6894.0,0.07795279658676724,21,6894.0
88165.0,47,16362.0,268.2295081967213,1.2762048547267983,23242.333953256297,381.02186808616887,3307734.2119999994,54225.15101639345,20,6957.0,0.019242995961198505,20,6957.0
88170.0,48,16598.0,267.7096774193548,1.9224147356472403,23508.50057108486,379.16936404975576,3351042.3919999995,54049.07083870968,22,7058.0,0.11685587878457626,22,7058.0
88175.0,54,16849.0,251.47761194029852,1.6371660394597936,23779.34282383437,354.9155645348412,3437661.242,51308.37674626866,25,7174.0,0.054129419896904396,25,7174.0
88180.0,57,17120.0,271.74603174603175,0.9468036420551931,23961.495422718126,380.341197186002,3480966.8860000004,55253.44263492064,30,7309.0,0.02925191699846733,30,7309.0
88185.0,59,17409.0,285.39344262295083,0.37840611400533447,24235.955231046017,397.3107414925577,3480966.8860000004,57065.0309180328,31,7455.0,0.05163871236143632,31,7455.0
88190.0,54,17518.0,287.1803278688525,0.6134348880623032,24531.456201237314,402.15501969241495,3480966.8860000004,57065.0309180328,26,7342.0,0.018250285836099122,26,7342.0
88195.0,50,17668.0,289.6393442622951,1.5455006228138422,24809.007734319795,406.7050448249147,3480966.8860000004,57065.0309180328,22,7253.0,0.04309700486441201,22,7253.0
88200.0,47,17814.0,292.0327868852459,1.6203477791971421,25077.139575584315,411.10064878007074,3480966.8860000004,57065.0309180328,19,7346.0,0.0635308371582978,19,7346.0
88205.0,50,18011.0,272.8939393939394,1.3633422769620638,25025.475120297193,379.17386545904856,3351221.9300000006,50776.08984848485,23,7468.0,0.052721007417792703,23,7468.0
88210.0,50,18213.0,280.2,2.153644097431659,25036.484342189793,385.17668218753533,3308067.4460000005,50893.34532307693,24,7554.0,0.2077174187577246,24,7554.0
88215.0,55,18469.0,275.65671641791045,1.289705945202529,25326.20088856567,378.002998336801,3394725.9220000003,50667.55107462688,29,7676.0,0.040408412201564735,29,7676.0
88220.0,60,18759.0,275.86764705882354,1.2896245456716993,25603.439925565584,376.52117537596456,3481381.395,51196.78522058824,33,7831.0,0.026960913516340803,33,7831.0
88225.0,61,19058.0,288.75757575757575,0.8062002507682542,25877.35542530066,392.0811428075858,3481381.395,52748.20295454546,33,7991.0,0.00036114240971598315,33,7991.0
88230.0,55,19205.0,300.078125,0.939614322922957,26160.50268913423,408.75785451772225,3481374.947,54396.483546874995,27,7868.0,0.017354398595735097,27,7868.0
88235.0,51,19379.0,298.1384615384615,2.132422288844907,26445.0589238068,406.84706036625835,3481374.947,53559.61456923077,23,7676.0,0.0675743114915254,23,7676.0
88240.0,48,19538.0,310.12698412698415,1.794865778233394,26520.262425971163,420.95654644398684,3394819.148,53886.01822222222,20,7773.0,0.10240830426636718,20,7773.0
88245.0,52,19750.0,308.59375,1.0615852725922397,26495.269090638274,413.9885795412231,3308341.674,51692.83865625,25,7902.0,0.045827524402986784,25,7902.0
88250.0,52,19999.0,317.44444444444446,1.283043630172329,26513.02012853265,420.84158934178816,3265174.3260000004,51828.1639047619,26,8033.0,0.10297976656045622,26,8033.0
88255.0,55,20267.0,302.4925373134328,1.081680571839585,26811.642072152856,400.173762270938,3351868.645,50027.8902238806,29,8166.0,0.053352434649828646,29,8166.0
88260.0,61,20563.0,302.3970588235294,0.9094439406192074,27108.745694159163,398.65802491410545,3438560.641,50567.06825,34,8327.0,0.0029108762033812365,34,8327.0
88265.0,62,20870.0,298.14285714285717,0.563499548536662,27421.20920410571,391.7315600586531,3481903.5609999998,49741.47944285715,36,8499.0,0.025725475270479314,36,8499.0
88270.0,60,21042.0,296.36619718309856,1.1276935681620333,27752.213141557437,390.8762414303865,3525244.485,49651.33077464789,32,8446.0,0.06763807401423072,32,8446.0
88275.0,56,21228.0,298.98591549295776,1.6304979771621442,28071.13786874983,395.36813899647655,3525244.485,49651.33077464789,28,8455.0,0.04722695292108506,28,8455.0
88280.0,57,21452.0,293.86301369863014,1.5975676760165345,28346.828012561204,388.31271250083836,3481917.136,47697.49501369863,30,8590.0,0.04134463087190456,30,8590.0
88285.0,58,21720.0,305.9154929577465,1.1768810695481324,28292.345029512686,398.4837328100379,3308706.0659999996,46601.493887323944,31,8745.0,0.05810029808665151,31,8745.0
88290.0,50,21163.0,298.07042253521126,1.6559800030799459,28510.843113568913,401.5611706136466,3308754.3199999994,46602.173521126766,23,8166.0,0.11453921974289687,23,8166.0
88295.0,56,21427.0,289.55405405405406,2.42774105354804,28813.876529944184,389.3767098641105,3395470.0709999995,45884.730689189186,30,8194.0,0.07416894915031129,30,8194.0
88300.0,59,21716.0,297.47945205479454,1.6130137344923854,28710.974480656554,393.3010202829664,3482175.854999999,47701.03910958904,33,8348.0,0.020180506034315423,33,8348.0
88305.0,64,22028.0,314.6857142857143,0.7818269692178832,28652.53421236563,409.32191731950905,3482168.428999999,49745.263271428565,36,8519.0,2.467158877727091e-05,36,8519.0
88310.0,57,22187.0,336.1666666666667,1.0281185610679031,28840.98526148586,436.9846251740282,3482166.7729999996,52760.102621212114,29,8497.0,0.018300649389867134,29,8497.0
88315.0,52,22353.0,338.6818181818182,1.5750036893396158,29134.919123328436,441.43816853527926,3482166.7729999996,52760.102621212114,24,8433.0,0.042842887361920115,24,8433.0
88320.0,51,22535.0,346.6923076923077,1.5906004843586257,29407.852882777177,452.4285058888797,3438809.2699999996,52904.758,24,8544.0,0.062358087733094716,24,8544.0
88325.0,53,22777.0,330.1014492753623,1.426787646959303,29472.22359841684,427.13367533937446,3352194.4789999994,48582.52868115941,27,8703.0,0.05998962293667352,27,8703.0
88330.0,49,22760.0,329.8550724637681,2.0958511718052297,29481.92405453836,427.27426165997616,3265588.488999999,47327.36940579709,23,8585.0,0.16543749871162403,23,8585.0
88335.0,51,23014.0,324.14084507042253,1.6948287316346813,29777.12132439383,419.3960749914624,3352338.766999999,47216.03897183098,25,8670.0,0.05460836662013735,25,8670.0
88340.0,57,23290.0,323.47222222222223,1.68015216958087,30015.41327305833,416.8807399035877,3439086.0789999994,47765.08443055555,30,8811.0,0.05194905901484026,30,8811.0
88345.0,61,23580.0,336.85714285714283,1.198791526357341,30208.29149739446,431.5470213913493,3482457.6509999996,49749.395014285714,35,8966.0,0.00031545414486652286,35,8966.0
88350.0,55,23726.0,354.1194029850746,1.302362091705164,30399.156650075638,453.71875597127814,3525827.459,52624.29043283583,28,8952.0,0.04467217034026388,28,8952.0
88355.0,53,23883.0,356.46268656716416,1.8573397289211668,30617.040753837453,456.970757519962,3525825.851,52624.266432835815,23,8954.0,0.06025603780083197,23,8954.0
88360.0,48,24070.0,359.25373134328356,2.4265034883719037,30805.13590598072,459.77814785045837,3482480.4469999997,51977.32010447761,21,8999.0,0.10559088610409097,21,8999.0
88365.0,51,24302.0,373.87692307692305,1.4426414525700548,30843.865255855948,474.5210039362453,3352439.457,51575.99164615385,24,9116.0,0.08553191954674788,24,9116.0
88370.0,53,24535.0,389.44444444444446,1.0865560032625907,30957.222648941744,491.3844864911386,3265764.202,51837.52701587302,27,9224.0,0.07722519824542697,27,9224.0
88375.0,57,24812.0,381.7230769230769,0.9275381182214338,31254.362490035208,480.83634600054154,3352536.012,51577.477107692306,31,9366.0,0.01646084355008217,31,9366.0
88380.0,60,25104.0,386.2153846153846,0.7094241257040492,31517.615080241383,484.8863858498675,3439298.4510000004,52912.28386153846,33,9523.0,0.029750950093653382,33,9523.0
88385.0,61,25404.0,368.17391304347825,0.4648653273669565,31827.006284208444,461.260960640702,3482684.6900000004,50473.691159420305,35,9688.0,0.0006304200696451237,35,9688.0
88390.0,52,24414.0,353.82608695652175,1.6227630397431254,32141.090637024306,465.8129077829609,3482684.6900000004,50473.691159420305,24,9092.0,0.11369309256497005,24,9092.0
88395.0,49,24326.0,352.5507246376812,1.208914668862773,32447.84735312404,470.2586572916527,3482684.6900000004,50473.691159420305,19,8942.0,0.08927300733104825,19,8942.0
88400.0,52,24527.0,360.69117647058823,1.0427563660666876,32729.06303543836,481.30975052115224,3439314.882,50578.16002941177,23,9050.0,0.031894642491593114,23,9050.0
88405.0,57,24759.0,348.71830985915494,1.1572604656182623,32924.91864990636,463.7312485902303,3395992.276,47830.87712676058,30,9194.0,0.029674780264404937,30,9194.0
88410.0,46,16237.0,225.51388888888889,2.4238540201769876,32621.35779165452,453.07441377297954,3439391.3529999997,47769.324347222224,23,5302.0,0.129560796125046,23,5302.0
88415.0,44,12124.0,166.08219178082192,2.591083235903301,32540.762741614704,445.76387317280415,3482830.6999999993,47710.00958904109,25,6298.0,0.12055630692686099,25,6298.0
88420.0,44,5112.0,72.0,2.086613117301742,31816.48616302811,448.1195234229312,3402134.3529999997,47917.385253521126,36,7327.0,0.02432556662775532,36,7327.0
88425.0,47,1022.0,15.253731343283581,1.676353103065431,29097.044359875268,434.284244177243,3160071.1029999997,47165.240343283585,41,8391.0,3.6148372047221834e-05,41,8391.0
88430.0,46,1081.0,16.37878787878788,1.2316291257755212,24379.68569377396,369.3891771783933,3083131.3759999997,46714.11175757575,34,8339.0,0.013261776112420959,34,8339.0
88435.0,47,1179.0,17.33823529411765,1.78441612625693,23628.166465921237,347.47303626354756,3165603.221,46552.98854411765,29,8339.0,0.04544746855640836,29,8339.0
88440.0,51,1326.0,18.676056338028168,2.0332572296060847,23886.006934577075,336.4226328813673,3285384.3359999997,46273.01881690141,27,8393.0,0.07206215293127008,27,8393.0
88445.0,57,1565.0,21.73611111111111,1.2027008036226796,23832.626256422238,331.0086980058646,3155320.5999999996,43823.897222222215,32,8545.0,0.055850005370238646,32,8545.0
88450.0,51,1564.0,22.028169014084508,1.5487365192224656,23960.534684190214,337.4723194956367,3111997.9129999997,43830.956521126755,29,4965.0,0.10399751965861115,29,4965.0
88455.0,50,1598.0,21.89041095890411,2.367216038993621,24265.183997048563,332.3997807814872,3198849.2709999997,43819.85302739726,37,3257.0,0.052686659166806885,37,3257.0
88460.0,45,1628.0,20.871794871794872,2.8502515266021784,24559.5570186675,314.8661156239423,3285693.7469999995,42124.27880769231,40,6604.0,0.04272905016207736,40,6604.0
88465.0,48,1773.0,23.95945945945946,2.478709604246148,18923.43241469101,255.72205965798673,2926469.634,39546.88694594594,47,8316.0,0.009376341024747539,47,8316.0
88470.0,43,1540.0,21.38888888888889,1.7685388806937594,14856.967058265369,206.34676469813013,2767240.0420000004,38433.88947222222,38,7863.0,0.025837392313536454,38,7863.0
88475.0,44,1534.0,20.18421052631579,1.9688737875835243,14412.96006619595,189.64421139731508,3012664.1539999996,39640.317815789465,32,7705.0,0.049615129778212495,32,7705.0
88480.0,51,1708.0,22.181818181818183,1.7552000286818783,13851.88928016495,179.89466597616817,3133159.2989999996,40690.38050649351,31,7710.0,0.050644367425309485,31,7710.0
88485.0,58,1950.0,23.78048780487805,1.3455153568289684,13919.643282586541,169.75174734861622,3252881.5749999997,39669.28749999999,37,7895.0,0.00830212786621237,37,7895.0
88490.0,68,2268.0,28.0,1.2912746342261041,13645.137251157255,168.4584845821883,3377889.8719999995,41702.34409876543,43,8111.0,0.030452537409872554,43,8111.0
88495.0,63,2051.0,25.320987654320987,1.0999805050373288,13825.996516651234,170.6913150203855,3464766.158,42774.89083950617,36,7936.0,0.04102210385375447,36,7936.0
88500.0,67,2355.0,29.4375,1.597018777969976,14050.269194697568,175.62836493371955,3421393.624,42767.4203,38,7989.0,0.037921431669076744,38,7989.0
88505.0,68,2689.0,33.19753086419753,1.5893243570831714,14275.895394638872,176.24562215603535,3421392.8019999997,42239.417308641976,40,8183.0,0.002368814923736789,40,8183.0
88510.0,70,3036.0,38.92307692307692,0.945006063303975,14392.995657745581,184.52558535571254,3421392.6599999997,43864.008461538455,42,8381.0,0.04352644716225967,42,8381.0
88515.0,64,3086.0,40.60526315789474,0.7528381225795912,14525.303461261368,191.12241396396533,3421393.4689999996,45018.33511842105,35,8301.0,0.018533485676371385,35,8301.0
88520.0,63,3245.0,42.69736842105263,0.7848512519868232,14883.10336938068,195.83030749185104,3421393.4689999996,45018.33511842105,34,8433.0,0.03669460001300421,34,8433.0
88525.0,62,3432.0,44.57142857142857,1.1317620504431611,15239.00772852149,197.90919127949982,3421393.4689999996,44433.68141558442,35,8596.0,0.02456785608057905,35,8596.0
88530.0,67,3725.0,49.01315789473684,0.7835871676895654,15529.14590157166,204.33086712594283,3378006.0779999997,44447.448394736835,40,8804.0,0.01141336552644303,40,8804.0
88535.0,58,2294.0,30.18421052631579,1.4698503822462912,15669.320465369037,206.1752692811715,3378003.5259999996,44447.41481578947,28,7696.0,0.0415393317575324,28,7696.0
88540.0,56,2573.0,34.306666666666665,2.7061317331061803,15825.451712245282,211.00602282993705,3334617.8659999995,44461.571546666666,28,7375.0,0.02711629430869707,28,7375.0
88545.0,58,2859.0,39.708333333333336,2.298201916272047,15656.155168988074,217.4465995692788,3334617.3319999995,46314.12961111111,30,7511.0,0.03839221906753152,30,7511.0
88550.0,59,3152.0,49.25,0.7891424584381779,14759.096896794477,230.61088901241368,3334608.8319999995,52103.26299999999,31,7654.0,0.0005082653199330518,31,7654.0
88555.0,52,3157.0,52.61666666666667,0.7729746192876316,14843.486814897145,247.3914469149523,3334604.8659999995,55576.74776666666,24,7570.0,0.03556882107955715,24,7570.0
88560.0,51,3398.0,56.63333333333333,1.2732169235255475,15118.483033130637,251.9747172188439,3334604.8659999995,55576.74776666666,23,7580.0,0.04176664679102128,23,7580.0
88565.0,53,3658.0,54.59701492537314,1.7244027922520608,15365.887628364711,229.3416063935031,3334615.422,49770.37943283581,25,7690.0,0.00011166954558010051,25,7690.0
88570.0,53,3923.0,61.296875,2.0818619261615092,15504.775647815555,242.26211949711802,3334614.7239999995,52103.3550625,25,7805.0,0.13296309160707837,25,7805.0
88575.0,49,3903.0,63.98360655737705,0.6429062075791866,15549.854058856117,254.91564030911664,3334611.7239999995,54665.76596721311,21,7592.0,0.04920014886153909,21,7592.0
88580.0,52,3952.0,64.78688524590164,1.2106455357821544,15837.099730779733,259.6245857504874,3334611.7239999995,54665.76596721311,24,7400.0,0.05162595120017013,24,7400.0
88585.0,50,4001.0,65.59016393442623,1.2964293449602935,16115.072703234331,264.18151972515295,3334611.7239999995,54665.76596721311,22,7501.0,0.056281585383281645,22,7501.0
88590.0,50,4145.0,67.95081967213115,0.8193477138619302,15811.753115933694,259.2090674743228,3247982.9389999993,53245.62195081967,24,7737.0,0.043396031414411035,24,7737.0
88595.0,48,4249.0,66.390625,1.7477227847592158,15900.219027002513,248.44092229691415,3291648.0329999994,51432.000515625,21,7696.0,0.14165166688186434,21,7696.0
88600.0,51,4495.0,68.10606060606061,1.6330506403660485,16181.721041266743,245.17759153434457,3335173.6279999986,50532.93375757576,24,7768.0,0.08485862409239575,24,7768.0
88605.0,55,4761.0,70.01470588235294,1.8859371069202173,16448.792241417967,241.8940035502641,3422220.0019999985,50326.764735294106,29,7896.0,0.07693776266607869,29,7896.0
88610.0,58,5045.0,77.61538461538461,0.8551058306230791,16635.17102778498,255.9257081197689,3465739.702999999,53319.07235384615,31,8039.0,0.03610662110065217,31,8039.0
88615.0,54,5182.0,79.72307692307692,0.9234458803461235,16838.28648614991,259.05056132538317,3465737.8149999985,53319.04330769231,26,7791.0,0.02481862785483036,26,7791.0
88620.0,49,5322.0,83.15625,2.221084151186713,17095.9625430477,267.12441473512024,3465737.8149999985,54152.15335937501,21,7620.0,0.05785429704601716,21,7620.0
88625.0,46,5479.0,84.29230769230769,2.4865154098998805,17092.73235823322,262.965113203588,3378866.180999999,51982.556630769235,19,7348.0,0.08289298659914889,19,7348.0
88630.0,47,5694.0,91.83870967741936,1.9966078404249819,16970.048458626236,273.71045901010046,3248529.2409999995,52395.63291935483,21,7453.0,0.10976245021031768,21,7453.0
88635.0,51,5939.0,95.79032258064517,1.0157005500042164,17049.551553228695,274.99276698755955,3248671.587,52397.92882258064,25,7573.0,0.04898161434063194,25,7573.0
88640.0,50,6114.0,97.04761904761905,1.2372690831531643,16855.824131913232,267.5527639986227,3205481.0750000007,50880.65198412698,24,7614.0,0.06178430122917966,24,7614.0
88645.0,53,6371.0,93.69117647058823,1.8622899472399055,17141.53070368109,252.081333877663,3292559.0810000007,48419.986485294125,26,7725.0,0.04011112911955653,26,7725.0
88650.0,54,6638.0,99.07462686567165,1.5716449271191826,17402.971473378675,259.7458428862488,3336093.850000001,49792.445522388065,28,7852.0,0.09238267443514257,28,7852.0
88655.0,62,6928.0,103.40298507462687,0.523711918290618,17632.086022948548,263.16546302908273,3423165.8690000013,51092.02789552239,36,8002.0,0.01705845689043624,36,8002.0
88660.0,57,7088.0,105.7910447761194,0.9760838577352009,17933.977538024246,267.6713065376753,3466697.729000001,51741.75714925374,30,7887.0,0.06044586704855446,30,7887.0
88665.0,54,7260.0,105.21739130434783,1.8065966467674468,18239.313003637475,264.3378696179345,3466697.9850000013,50241.9997826087,26,7842.0,0.04900011983304173,26,7842.0
88670.0,51,7464.0,108.17391304347827,2.35586687027893,18530.534809316017,268.5584754973335,3466697.9850000013,50241.9997826087,24,7908.0,0.0660506127321705,24,7908.0
88675.0,54,7709.0,118.6,0.9303376462745528,18297.416590359644,281.49871677476386,3249315.914,49989.4756,27,8034.0,0.06329221563150945,27,8034.0
88680.0,46,7188.0,112.3125,1.7760101623590607,18453.80810428189,288.3407516294045,3205816.198,50090.87809375,20,7481.0,0.11867880031585448,20,7481.0
88685.0,50,7430.0,106.14285714285714,2.513022949656426,18735.86080303052,267.6551543290075,3292914.104,47041.63005714286,24,7490.0,0.03139385952355541,24,7490.0
88690.0,54,7690.0,106.80555555555556,2.4437527183816425,18774.4061431638,260.755640877275,3379998.181,46944.41918055555,27,7619.0,0.10920770814300719,27,7619.0
88695.0,58,7965.0,118.88059701492537,0.7857115255132662,18622.98274253165,277.95496630644254,3423536.8589999997,51097.56505970149,32,7749.0,0.005800028948829746,32,7749.0
88700.0,55,8116.0,126.8125,0.8770087193779839,18735.039234059022,292.7349880321723,3423535.1909999996,53492.737359374994,27,7719.0,0.05118152242510455,27,7719.0
88705.0,52,8281.0,129.390625,1.5838559373482728,19026.155072229667,297.2836730035884,3423535.1909999996,53492.737359374994,24,7710.0,0.05241403543608567,24,7710.0
88710.0,48,8470.0,134.44444444444446,1.7111708553450027,19270.69874476232,305.8841070597193,3380003.331,53650.84652380952,21,7744.0,0.0681665513551416,21,7744.0
88715.0,53,8704.0,138.15873015873015,0.9668009109214336,19263.806706503867,305.77470962704564,3249453.5450000004,51578.627698412696,24,7838.0,0.05295769530469133,24,7838.0
88720.0,43,8609.0,136.65079365079364,1.9138521655069602,19413.75037733428,308.1547678941949,3205940.0300000003,50887.93698412698,17,7650.0,0.12638186897300555,17,7650.0
88725.0,48,8837.0,129.9558823529412,2.4978587476213905,19683.15762265979,289.4582003332322,3293064.7,48427.422058823526,21,7651.0,0.15941587437593194,21,7651.0
88730.0,54,9086.0,133.61764705882354,1.9378878618629183,19866.21986144559,292.15029208008224,3380180.185,49708.532132352935,27,7737.0,0.0612306274301885,27,7737.0
88735.0,56,9361.0,144.01538461538462,1.0954828072092093,19986.76789051885,307.48873677721303,3423738.187,52672.89518461539,30,7847.0,0.04006244897274937,30,7847.0
88740.0,52,9498.0,150.76190476190476,1.0101134642871543,20124.78287808092,319.4409980647765,3510849.745,55727.773730158726,26,7802.0,0.06280323840253325,26,7802.0
88745.0,49,9658.0,142.02941176470588,2.3212528525654967,20414.827057576505,300.21804496436044,3510854.717,51630.216426470586,21,7772.0,0.055317854576367946,21,7772.0
88750.0,46,9840.0,142.6086956521739,2.868197088490885,20689.747030436763,299.85140623821394,3510854.7430000007,50881.95279710145,19,7836.0,0.17248855835823235,19,7836.0
88755.0,51,10069.0,157.328125,0.9581306066376867,20568.61395498621,321.3845930466596,3249615.3189999997,50775.239359375,24,7918.0,0.09880848732008378,24,7918.0
88760.0,52,10269.0,160.453125,0.9882219644405215,20858.38717476765,325.9122996057445,3249627.4799999995,50775.429375,26,7962.0,0.019938275819243408,26,7962.0
88765.0,56,10539.0,157.29850746268656,1.432059178124234,21157.75397145105,315.7873727082246,3336759.2279999997,49802.37653731343,30,8067.0,0.036919758745365065,30,8067.0
88770.0,58,10825.0,161.56716417910448,1.198655990473279,21408.348194819373,319.52758499730396,3380324.5069999998,50452.60458208955,32,8188.0,0.052166743665169525,32,8188.0
88775.0,62,11123.0,168.53030303030303,0.6491732171364252,21668.28480403547,328.3073455156889,3423888.1049999995,51877.0925,34,8317.0,0.07117652469437252,34,8317.0
88780.0,52,10531.0,159.56060606060606,1.061398744971261,21975.71144277527,332.9653248905345,3423888.1049999995,51877.0925,24,7866.0,0.06587201783142177,24,7866.0
88785.0,48,10623.0,160.95454545454547,1.2421869064034756,22277.06151918292,337.53123513913505,3423888.1049999995,51877.0925,19,7763.0,0.06602808453546845,19,7763.0
88790.0,51,10813.0,168.953125,0.9411727278974571,22465.622225523777,351.025347273809,3336769.8899999997,52137.02953125001,22,7835.0,0.03136731161099648,22,7835.0
88795.0,55,11031.0,169.7076923076923,0.8312862964683871,22497.143247325137,346.10989611269446,3336794.459,51335.29936923077,28,7948.0,0.011583630631574728,28,7948.0
88800.0,54,11245.0,175.703125,0.9827136032900954,22427.76439543816,350.43381867872125,3380376.6689999998,52818.385453124996,28,8014.0,0.002137234358052924,28,8014.0
88805.0,58,11526.0,160.08333333333334,1.4031307670104327,22740.570055225642,315.84125076702276,3423969.289,47555.12901388889,31,8128.0,0.04446349104611521,31,8128.0
88810.0,59,11816.0,168.8,1.6952054112522543,22918.1040168134,327.4014859544771,3380420.209,48291.71727142856,31,8248.0,0.12425628155902375,31,8248.0
88815.0,61,12116.0,175.59420289855072,0.43157051701563787,23221.063704494794,336.5371551376057,3380420.209,48991.59723188406,33,8373.0,0.007809575961775275,33,8373.0
88820.0,61,12279.0,177.95652173913044,0.5640322528736155,23508.832238360836,340.7077135994323,3380421.3389999997,48991.61360869565,33,8332.0,0.010856550698187768,33,8332.0
88825.0,57,12458.0,180.55072463768116,1.4657915086326778,23824.814212716454,345.287162503137,3380421.3389999997,48991.61360869565,29,8294.0,0.03593585173684961,29,8294.0
88830.0,54,12623.0,180.32857142857142,1.4245501187790572,24133.043531016643,344.75776472880915,3380422.1039999994,48291.74434285714,26,8392.0,0.0765757620492087,26,8392.0
88835.0,57,12847.0,188.9264705882353,0.758016954508907,24058.033578821945,353.79461145326377,3249813.5069999998,47791.37510294118,30,8523.0,0.050666467166629856,30,8523.0
88840.0,57,13037.0,191.72058823529412,0.917785745208853,24275.806901658343,356.99716031850505,3249866.855,47792.159632352945,31,8571.0,0.03495161667846167,31,8571.0
88845.0,59,13327.0,182.56164383561645,1.5114527269574647,24597.04697689709,336.9458489985903,3337096.5110000004,45713.65083561644,33,8696.0,0.0451893248727248,33,8696.0
88850.0,62,13631.0,186.72602739726028,1.3672122311732153,24854.89873044575,340.47806480062656,3424321.7330000005,46908.51689041097,35,8835.0,0.05487268868952876,35,8835.0
88855.0,66,13950.0,199.28571428571428,0.29268905797923217,25144.493723836356,359.2070531976621,3424320.8890000004,48918.869842857144,38,8984.0,0.02022833054064264,38,8984.0
88860.0,58,13806.0,200.08695652173913,0.5683810584060226,25444.333774460392,368.75846049942595,3424317.8890000004,49627.79549275362,29,8719.0,0.03253037393176163,29,8719.0
88865.0,56,13952.0,193.77777777777777,1.1929076155547085,25775.203768075058,357.9889412232648,3424317.8890000004,47559.970680555554,26,8641.0,0.037369730130315186,26,8641.0
88870.0,54,14145.0,193.76712328767124,1.4007402391666728,26085.386345189545,357.3340595231445,3380704.4930000007,46311.0204520548,26,8732.0,0.08769509034352482,26,8732.0
88875.0,59,14399.0,202.80281690140845,0.949805239328604,26266.928013677847,369.956732587012,3337087.2370000007,47001.228690140844,33,8866.0,0.010673709642149495,33,8866.0
88880.0,58,14640.0,206.19718309859155,1.2806032986644253,26403.994118813363,371.8872411100473,3380720.984,47615.788507042256,32,8942.0,0.036668444223323444,32,8942.0
88885.0,62,14942.0,207.52777777777777,1.3658963684916452,26506.515950528275,368.14605486844835,3380720.932,46954.45738888889,34,9074.0,8.602945056318416e-06,34,9074.0
88890.0,62,15252.0,217.88571428571427,1.350344282259543,26650.08648187179,380.7155211695971,3337156.828,47673.668971428575,34,9209.0,0.035980001215700025,34,9209.0
88895.0,65,15564.0,225.56521739130434,0.3310528298243161,26912.13506737973,390.03094300550333,3337157.816,48364.60602898551,35,9346.0,0.002965246646983104,35,9346.0
88900.0,58,15651.0,230.16176470588235,0.9496851510281336,27223.040739107833,400.33883439864456,3337157.816,49075.85023529413,30,9105.0,0.039782964895039644,30,9105.0
88905.0,55,15809.0,232.48529411764707,1.5313280035202128,27530.04551181467,404.8536104678627,3337157.816,49075.85023529413,27,8984.0,0.07795008502696808,27,8984.0
88910.0,53,15935.0,230.94202898550725,1.415772552385102,27745.95319530812,402.1152637001176,3337161.8240000005,48364.66411594204,26,9075.0,0.0676348810540292,26,9075.0
88915.0,56,16178.0,241.46268656716418,1.0005723107943993,27652.383266105444,412.7221383000812,3293714.2880000006,49159.91474626867,29,9224.0,0.08675467952159459,29,9224.0
88920.0,44,14804.0,220.955223880597,2.025723949334867,27790.133439806537,414.77811104188874,3293824.4400000004,49161.558805970155,18,8148.0,0.11394133625897479,18,8148.0
88925.0,49,15038.0,203.21621621621622,3.409992937785395,27911.159857612794,377.1778359136864,3337616.386000001,45102.92413513514,22,7785.0,0.05796447638986765,22,7785.0
88930.0,50,15287.0,215.30985915492957,3.2425559886094732,27622.066965940478,389.043196703387,3381282.4470000006,47623.69643661973,24,7869.0,0.12720091460394917,24,7869.0
88935.0,56,15553.0,243.015625,0.7432694733663259,26837.16349837252,419.3306796620707,3424942.848,53514.732,29,7968.0,0.021276488863743514,29,7968.0
88940.0,54,15690.0,257.21311475409834,0.6272243431588345,27006.477071385696,442.7291323177983,3424939.0160000008,56146.54124590165,26,7773.0,0.014216212904154707,26,7773.0
88945.0,50,15856.0,259.9344262295082,1.614141397975119,27284.459188921384,447.28621621182594,3424939.0160000008,56146.54124590165,22,7611.0,0.06033619306564666,22,7611.0
88950.0,46,16000.0,258.06451612903226,1.7099105295012782,27503.391160450694,443.6030832330758,3381305.5300000003,54537.18596774194,19,7674.0,0.06579088122191784,19,7674.0
88955.0,49,16220.0,270.3333333333333,1.0798406771448676,27243.378147052827,454.05630245088054,3250621.051,54177.017516666674,22,7759.0,0.09542755739735766,22,7759.0
88960.0,43,16171.0,269.51666666666665,1.5585743801174483,27350.657193375122,455.8442865562521,3250738.379,54178.97298333333,17,7606.0,0.09436497011228619,17,7606.0
88965.0,48,16404.0,252.36923076923077,2.1985417009808756,27619.459972588025,424.91476880904634,3338113.099,51355.586138461535,22,7628.0,0.08703788465181761,22,7628.0
88970.0,52,16652.0,260.1875,1.6525506724049992,27776.421025651613,434.00657852580645,3425482.399,53523.162484374996,25,7712.0,0.05830314575338969,25,7712.0
88975.0,55,16921.0,256.3787878787879,1.2196896130004424,28030.658578173177,424.7069481541392,3469163.324,52563.08066666666,29,7816.0,0.043669618891354026,29,7816.0
88980.0,51,17045.0,274.9193548387097,1.4627787373439232,28105.90797010138,453.3210962919578,3469160.324,55954.19877419355,23,7629.0,0.07012345564107808,23,7629.0
88985.0,48,17197.0,260.56060606060606,2.151965546870651,28385.491087334245,430.0831982929431,3469160.567,52563.03889393939,20,7510.0,0.06600069246482414,20,7510.0
88990.0,46,17341.0,270.953125,2.1385994075857364,28600.57458807274,446.8839779386366,3381806.178,52840.72153124999,19,7575.0,0.14665356129634324,19,7575.0
88995.0,50,17566.0,283.3225806451613,0.7387891743558687,28534.254269378882,460.22990757062706,3294644.136,53139.421548387094,24,7662.0,0.041662560867976366,24,7662.0
89000.0,50,17746.0,281.6825396825397,1.115961708762139,28549.9405927513,453.17366020240155,3251120.249,51605.08331746032,24,7695.0,0.031075392463135693,24,7695.0
89005.0,53,18005.0,272.8030303030303,1.7495240797039506,28839.12693935966,436.9564687781766,3338521.3419999997,50583.656696969694,27,7786.0,0.0471193199335991,27,7786.0
89010.0,56,18276.0,276.90909090909093,1.5021926723904895,29096.04809115862,440.8492135024034,3425917.5560000003,51907.84175757575,29,7892.0,0.09206802093527025,29,7892.0
89015.0,60,18564.0,290.0625,0.37082217912102927,29319.317605211945,458.1143375814368,3425917.5560000003,53529.9618125,32,8010.0,0.001828063957404388,32,8010.0
89020.0,55,18714.0,297.04761904761904,0.8098468543758158,29604.679031485022,469.91554018230175,3425917.5560000003,54379.643746031754,27,7881.0,0.048320998056794594,27,7881.0
89025.0,51,18861.0,290.16923076923075,1.61217823426092,29895.079356199072,459.9242977876779,3425917.8200000003,52706.428,23,7832.0,0.05413675522672636,23,7832.0
89030.0,50,19049.0,297.640625,1.7203879428954223,30163.416008443233,471.3033751319256,3382217.566,52847.149468749994,22,7909.0,0.056315508161794835,22,7909.0
89035.0,51,19261.0,310.66129032258067,0.7599345476108215,30173.36996714176,486.6672575345445,3294947.269,53144.310790322575,25,8009.0,0.041826697741994864,25,8009.0
89040.0,52,19459.0,313.85483870967744,0.9477835370224732,30295.276935194666,488.63349895475267,3295054.712,53146.04374193548,26,8060.0,0.03154488578860369,26,8060.0
89045.0,55,19725.0,285.8695652173913,1.2816351767222347,30503.850090923534,442.0847839264281,3338827.084,48388.79831884058,29,8161.0,0.036320698614387574,29,8161.0
89050.0,59,20008.0,277.8888888888889,1.7330811287035388,30776.27009231943,427.44819572665875,3426255.8659999995,47586.887027777775,32,8279.0,0.11325342703288162,32,8279.0
89055.0,63,20308.0,290.1142857142857,0.543058941201434,31057.629754620182,443.6804250660025,3426255.7339999997,48946.51048571428,35,8408.0,0.006598148603537542,35,8408.0
89060.0,60,20471.0,296.6811594202899,0.8272800982086226,31366.138380565648,454.58171566037186,3426255.7339999997,49655.880202898545,32,8345.0,0.04271370404299326,32,8345.0
89065.0,57,20650.0,295.0,1.4305975918197438,31683.91154665331,452.627307809333,3426256.7159999995,48946.52451428571,29,8321.0,0.04657190607763827,29,8321.0
89070.0,54,20846.0,297.8,1.542704307406502,31979.814270474726,456.85448957821023,3382543.892,48322.05559999999,27,8424.0,0.0818661153236703,27,8424.0
89075.0,60,21104.0,297.23943661971833,0.7722667993913396,32034.039611961893,451.18365650650554,3295232.8619999997,46411.73045070422,31,8552.0,0.03936233078429805,31,8552.0
89080.0,57,21289.0,304.12857142857143,1.2124597180477084,32164.609241031405,459.49441772902014,3251596.278,46451.3754,31,8589.0,0.04943409615293892,31,8589.0
89085.0,60,21582.0,295.64383561643837,1.514076832425168,32483.944070017507,444.9855352057192,3339064.501,45740.60960273973,34,8717.0,0.0751228204988532,34,8717.0
89090.0,64,21893.0,295.85135135135135,1.2569075189447412,32780.80783303556,442.98388963561564,3426535.329,46304.53147297298,37,8863.0,0.04169535964177101,37,8863.0
89095.0,68,22220.0,312.9577464788732,0.5588715989561782,33035.64955750278,465.2908388380673,3426534.911,48261.05508450704,40,9020.0,0.0002644901740975675,40,9020.0
89100.0,57,21796.0,315.8840579710145,0.7316543965237604,33357.49980490265,483.44202615800936,3426534.207,49659.91604347827,28,8695.0,0.02664300989761204,28,8695.0
89105.0,54,21950.0,300.6849315068493,1.2741298888230188,33653.090675762105,461.00124213372754,3426536.187,46938.851876712324,25,8673.0,0.0363570484358926,25,8673.0
89110.0,53,22108.0,307.05555555555554,1.6023154024196038,33958.81169275064,471.65016239931447,3382796.938,46983.29080555556,26,8765.0,0.060010347600084515,26,8765.0
89115.0,58,22367.0,315.0281690140845,0.885413748939893,34272.50628741005,482.7113561607049,3339063.0,47029.05633802817,32,8893.0,0.019197772910121695,32,8893.0
89120.0,52,21490.0,311.4492753623188,1.495325341692047,34091.21200634162,494.07553632379154,3382814.3279999997,49026.29460869566,26,8101.0,0.050882100792822425,26,8101.0
89125.0,55,21758.0,302.19444444444446,2.5781769903731364,34251.09053188032,475.70959072056,3382887.438,46984.54775,27,7968.0,0.032593051894966606,27,7968.0
89130.0,55,22033.0,310.32394366197184,2.4350442995902064,34157.76040662728,481.09521699475044,3382884.716,47646.26360563381,27,8068.0,0.05059305399079767,27,8068.0
89135.0,57,22313.0,343.2769230769231,1.2019179127448647,33626.18071473001,517.3258571496925,3382878.7720000003,52044.2888,29,8173.0,0.06318595273245639,29,8173.0
89140.0,55,22479.0,362.56451612903226,0.8013713758493266,33850.022319926844,545.968101934304,3382877.078,54562.533516129035,27,8168.0,0.04188608152946992,27,8168.0
89145.0,55,22754.0,361.1746031746032,1.1294493549022049,34141.899934759334,541.9349195993545,3382877.7990000006,53696.473000000005,27,8264.0,0.0158408750136694,27,8264.0
89150.0,55,23029.0,371.43548387096774,1.356996381943308,34395.26938548012,554.7624094432279,3382877.7990000006,54562.54514516129,27,8364.0,0.019758660331258972,27,8364.0
89155.0,56,23308.0,388.46666666666664,0.7046216703316657,34548.00956490081,575.8001594150134,3382874.6570000006,56381.24428333334,28,8468.0,8.495346334301356e-07,28,8468.0
89160.0,50,23285.0,401.4655172413793,0.9908407558454043,34797.57159920405,599.9581310207594,3382874.6570000006,58325.42512068966,22,8236.0,0.022637441933913344,22,8236.0
89165.0,45,23276.0,375.4193548387097,1.9291289600925121,35066.14574406446,565.5829958720072,3382877.6570000006,54562.54285483872,17,8060.0,0.09462724549884466,17,8060.0
89170.0,43,23308.0,375.93548387096774,2.5498464910040144,35322.13785800451,569.7119009355564,3382877.6570000006,54562.54285483872,16,7991.0,0.15087434321341534,16,7991.0
89175.0,46,23484.0,398.03389830508473,0.9171013267778664,35012.70516720024,593.4356808000041,3251880.188000001,55116.61335593221,20,8095.0,0.054433052356099326,20,8095.0
89180.0,47,23702.0,395.03333333333336,1.0741594659818687,34975.64136991257,582.9273561652095,3208288.8340000003,53471.48056666668,21,8194.0,0.021057998362184062,21,8194.0
89185.0,51,23948.0,386.258064516129,1.6564293249863715,35250.514616891305,568.5566873692147,3295901.624,53159.70361290323,25,8275.0,0.053276555973105,25,8275.0
89190.0,53,24206.0,390.4193548387097,1.2805918938526042,35493.55183807684,572.4766425496265,3383509.3880000003,54572.73206451614,26,8368.0,0.07678362524239828,26,8368.0
89195.0,57,24485.0,401.39344262295083,0.1417379397284867,35754.684857012675,586.1423747051257,3427307.9660000005,56185.37649180328,31,8482.0,0.000389703504368086,31,8482.0
89200.0,53,24637.0,403.88524590163934,0.9027173195211843,36048.10001445121,590.9524592532983,3427307.9660000005,56185.37649180328,25,8321.0,0.04097747974642388,25,8321.0
89205.0,49,24787.0,369.95522388059703,1.9586448768122324,36335.37131189244,542.3189748043648,3427311.2340000006,51153.89901492537,21,8173.0,0.0791293420600452,21,8173.0
89210.0,46,24960.0,372.53731343283584,2.424046509895949,36611.560740928566,546.441205088486,3427311.2340000006,51153.89901492537,19,8237.0,0.11056213085702331,19,8237.0
89215.0,51,25190.0,399.8412698412698,0.6555758845098935,36388.649723100774,577.5976146523931,3252385.5260000005,51625.16707936508,24,8330.0,0.05027434442312492,24,8330.0
89220.0,54,25410.0,397.03125,0.9307912666019826,36536.2922994589,570.8795671790449,3252493.9160000007,50820.2174375,28,8400.0,0.05050674914338823,28,8400.0
89225.0,57,25688.0,366.9714285714286,1.6916951878474789,36844.33887005868,526.3476981436952,3340136.5900000003,47716.237,31,8513.0,0.0880453923556142,31,8513.0
89230.0,63,25981.0,351.0945945945946,1.3447228173461832,37124.57369546131,501.6834283170446,3427775.0070000007,46321.28387837837,36,8641.0,0.08503513687962402,36,8641.0
89235.0,67,26298.0,370.3943661971831,0.44165076033128664,37420.81004707991,527.0536626349281,3427774.873,48278.51933802817,40,8791.0,0.014233850655819797,40,8791.0
89240.0,62,26471.0,372.83098591549293,0.8062389213365053,37757.64700147687,531.7978450912234,3427774.873,48278.51933802817,34,8651.0,0.04246292277755514,34,8651.0
89245.0,60,26679.0,370.5416666666667,1.4995476823982454,38084.91448250665,528.9571455903701,3427774.873,47607.98434722222,32,8463.0,0.03219316118299934,32,8463.0
89250.0,55,26864.0,383.77142857142854,1.4644570496463023,38181.40369604427,545.4486242292036,3340258.195,47717.974214285714,28,8574.0,0.06606164932630347,28,8574.0
89255.0,61,27131.0,382.1267605633803,0.9091549906217812,38182.776586834036,537.7855857300567,3252806.4760000003,45814.17571830986,32,8707.0,0.04094224042978472,32,8707.0
89260.0,51,26725.0,381.7857142857143,1.764536618893128,38224.66144611739,546.0665920873913,3209152.4460000005,45845.03494285714,24,8205.0,0.09357609881512335,24,8205.0
89265.0,54,26987.0,374.81944444444446,2.3439928596830657,38521.86127943463,535.0258511032587,3296827.5680000004,45789.27177777778,28,8248.0,0.0981389179650402,28,8248.0
89270.0,60,27273.0,373.6027397260274,1.655948236106305,38705.67985157931,530.2147924873879,3384500.39,46363.01904109589,33,8369.0,0.004844069203764981,33,8369.0
89275.0,62,27580.0,417.8787878787879,0.44682425658449293,38412.44390958953,582.0067259028713,3428326.8210000005,51944.345772727276,36,8511.0,0.026239704706063172,36,8511.0
89280.0,57,27743.0,420.3484848484849,0.7615414463438115,38693.181086612785,586.2603194941332,3472158.1770000006,52608.457227272724,30,8427.0,0.03147364330134018,30,8427.0
89285.0,53,27921.0,377.31081081081084,2.2222903778495713,39005.934017449996,527.1072164520269,3472169.161000001,46921.204878378376,25,8405.0,0.061255612537488895,25,8405.0
89290.0,50,28122.0,385.2328767123288,2.9141863440867684,39282.49804179739,538.1164115314714,3428332.1970000006,46963.45475342465,23,8427.0,0.16732036761969782,23,8427.0
89295.0,53,28367.0,411.1159420289855,0.8466495471242186,39205.87336818621,568.2010633070465,3253157.313,47147.207434782606,27,8537.0,0.05050579037992947,27,8537.0
89300.0,52,28338.0,399.1267605633803,1.500649591249973,39434.33805451994,555.4132120354922,3297046.697,46437.27742253521,25,8416.0,0.061468577479012104,25,8416.0
89305.0,56,28605.0,402.88732394366195,1.9942618061132742,39648.127719869284,558.4243340826662,3297094.751,46437.95423943662,29,8447.0,0.09181231119641231,29,8447.0
89310.0,61,28893.0,395.7945205479452,1.507408519917769,39886.46251618263,546.389897481954,3384781.457,46366.8692739726,35,8571.0,0.008630609874397897,35,8571.0
89315.0,62,29202.0,405.5833333333333,1.359519585097612,40028.571181516665,555.9523775210649,3472467.744,48228.71866666667,36,8715.0,0.06778960444515587,36,8715.0
89320.0,58,29359.0,431.75,0.918286999496758,40212.008510938605,591.3530663373324,3472463.7520000003,51065.64341176471,30,8691.0,0.050571787002781324,30,8691.0
89325.0,55,29538.0,428.0869565217391,1.7773345973247698,40521.93842084225,587.2744698672789,3472463.7520000003,50325.561623188405,27,8677.0,0.05224533086125017,27,8677.0
89330.0,51,29737.0,443.8358208955224,2.24024134734709,40698.61136313192,607.4419606437599,3384794.6060000006,50519.322477611946,24,8651.0,0.106170437448725,24,8651.0
89335.0,52,29978.0,447.43283582089555,2.3956174252987106,40862.66774751678,609.8905633957729,3297142.253,49211.078402985084,25,8658.0,0.10454436230659646,25,8658.0
89340.0,51,30233.0,472.390625,2.182607834228482,40828.888510006,637.9513829688437,3165688.6040000003,49463.884437500004,25,8741.0,0.089733465312138,25,8741.0
89345.0,53,30495.0,455.14925373134326,1.4590070323577415,41011.69898502191,612.1149102242075,3165734.0400000005,47249.76179104478,27,8838.0,0.0637967264939018,27,8838.0
89350.0,49,29685.0,449.77272727272725,1.55750966885826,41164.87012509847,623.7101534105826,3121932.4260000004,47302.00645454546,22,8264.0,0.07466894280475923,22,8264.0
89355.0,48,29518.0,440.56716417910445,1.6299268990570104,41456.227615662174,618.7496659054053,3165787.561,47250.5606119403,20,7871.0,0.1309751712746895,20,7871.0
89360.0,54,29770.0,425.2857142857143,1.473921632671092,41734.65116130047,596.2093023042924,3209657.5370000005,45852.25052857143,26,7955.0,0.09333798260950785,26,7955.0
89365.0,56,30026.0,411.3150684931507,1.6323996680265576,41656.462793752355,570.6364766267445,3253515.9460000005,44568.71158904109,29,8058.0,0.031409328645547054,29,8058.0
89370.0,53,30048.0,411.6164383561644,2.0893254716787757,41959.74919303357,574.7910848360759,3253505.2850000006,44568.5655479452,26,7962.0,0.09348738383827633,26,7962.0
89375.0,57,30319.0,409.7162162162162,1.7240440572188922,41934.5765350181,566.6834666894338,3297366.5140000004,44559.00694594595,30,8020.0,0.041851763527758275,30,8020.0
89380.0,59,30610.0,413.64864864864865,2.0012265399478713,41689.06242787875,563.3657084848481,3341216.9140000003,45151.57991891891,33,8146.0,0.08715690840379443,33,8146.0
89385.0,60,30906.0,417.64864864864865,1.3053510102436223,41896.63958185803,566.1708051602438,3428915.202,46336.691918918914,34,8277.0,0.05358048048025084,34,8277.0
89390.0,58,31009.0,430.68055555555554,1.2932880930892074,42042.57451116886,583.9246459884564,3516607.014,48841.764083333335,31,8292.0,0.03408357322010446,31,8292.0
89395.0,53,31179.0,433.0416666666667,2.1510394474452514,42345.1778597983,588.1274702749763,3560455.688,49450.77344444444,27,8339.0,0.09074977693938392,27,8339.0
89400.0,55,31422.0,448.8857142857143,1.7018437726045268,42549.86203607618,607.8551719439454,3472756.9329999997,49610.81332857142,28,8409.0,0.05851469662073657,28,8409.0
89405.0,58,31696.0,446.4225352112676,1.2140192983054874,42732.669116697456,601.868579108415,3341190.1909999996,47059.01677464788,31,8525.0,0.04040792925712765,31,8525.0
89410.0,49,31225.0,439.7887323943662,2.045042318041882,42944.93239049357,604.8582026830082,3253477.1659999997,45823.62205633803,23,7974.0,0.1247491112394786,23,7974.0
89415.0,53,31480.0,431.2328767123288,2.3764219289496302,43243.25469872263,592.3733520372964,3341186.6059999997,45769.67953424657,27,7986.0,0.021413914921622753,27,7986.0
89420.0,60,31765.0,435.13698630136986,1.969202271323958,43386.22250262316,594.3318151044267,3428888.3719999995,46971.0735890411,33,8126.0,0.04964638751768574,33,8126.0
89425.0,62,32070.0,485.90909090909093,0.4470194628174028,43035.41892231786,652.0518018533007,3472731.8979999996,52617.14996969697,36,8297.0,0.028517120825434842,36,8297.0
89430.0,55,32197.0,487.8333333333333,0.8870658234670789,43342.375032621865,656.7026520094223,3516584.3619999997,53281.58124242425,29,8293.0,0.05576523999294749,29,8293.0
89435.0,54,32369.0,469.1159420289855,1.894355319749808,43639.49199805404,632.4564057688993,3516585.778,50965.01127536231,24,8305.0,0.05905102221980536,24,8305.0
89440.0,49,32568.0,486.089552238806,2.2332413081060625,43821.04720492038,654.0454806704532,3428883.521,51177.365985074626,21,8341.0,0.08775530832761333,21,8341.0
89445.0,51,32794.0,489.46268656716416,1.3267070428712027,43947.29147875947,655.9297235635742,3297346.8310000002,49214.13180597015,24,8431.0,0.0724302849703762,24,8431.0
89450.0,48,32795.0,496.8939393939394,1.7330427236689752,44164.74590643689,669.1628167641953,3253503.0420000004,49295.500636363635,22,8315.0,0.09512594997331922,22,8315.0
89455.0,53,33048.0,486.0,1.7924120436555762,44393.705859973015,652.8486155878385,3297379.74,48490.87852941177,27,8387.0,0.07610039329189049,27,8387.0
89460.0,58,33325.0,490.0735294117647,1.4240769701279596,44599.98453350718,655.882125492753,3385106.991,49780.985161764715,31,8533.0,0.015820212341462126,31,8533.0
89465.0,59,33618.0,480.25714285714287,1.2739044917095574,44753.6052194082,639.3372174201173,3428970.7010000004,48985.29572857144,33,8675.0,0.03938361859181399,33,8675.0
89470.0,49,33258.0,489.0882352941176,2.1020745780314747,44975.55052211348,661.4051547369628,3472835.3310000002,51071.10780882353,22,8193.0,0.19196085564393123,22,8193.0
89475.0,50,33232.0,488.70588235294116,1.548967004299666,45270.703687271845,665.7456424598801,3472835.3310000002,51071.10780882353,20,7814.0,0.08559249049341883,20,7814.0
89480.0,48,33384.0,498.2686567164179,1.2795294674855546,45559.979071995665,679.9996876417265,3428967.3230000003,51178.61676119403,20,7876.0,0.04259355887025938,20,7876.0
89485.0,52,33610.0,517.0769230769231,0.8743972704353232,45509.99100225857,700.1537077270552,3341262.3610000005,51404.03632307692,25,7966.0,0.015214891581802122,25,7966.0
89490.0,52,33821.0,497.36764705882354,1.5402743909770589,45562.34933527694,670.0345490481901,3385137.591,49781.435161764704,26,8022.0,0.04402930087723506,26,8022.0
89495.0,55,34092.0,508.8358208955224,1.6657191111905232,45364.1890527051,677.0774485478374,3385133.752,50524.38435820896,29,8128.0,0.0709294508386038,29,8128.0
89500.0,58,34375.0,520.8333333333334,1.1970461295871273,45643.12863307349,691.562555046568,3385133.752,51289.905333333336,30,8239.0,0.028985653824492738,30,8239.0
89505.0,61,34675.0,559.2741935483871,0.19210078496287747,45785.569887935664,738.4769336763816,3341276.904,53891.562967741935,33,8364.0,6.97207682329963e-05,33,8364.0
89510.0,56,34817.0,570.7704918032787,0.43786194478031487,46080.99925175744,755.4262172419254,3341276.904,54775.03121311476,28,8324.0,0.0190269029852862,28,8324.0
89515.0,51,34953.0,554.8095238095239,1.3600233199457128,46370.19473244271,736.0348370229001,3341278.0360000003,53036.15930158731,23,8277.0,0.062171774577789454,23,8277.0
89520.0,48,35099.0,557.1269841269841,1.8824585848640196,46644.525111654606,740.3892874865812,3341278.0360000003,53036.15930158731,21,8280.0,0.06624979162597751,21,8280.0
89525.0,50,35320.0,519.4117647058823,1.4992502098273355,46706.04088089322,686.8535423660769,3297497.3850000007,48492.60860294118,24,8405.0,0.05816441272957664,24,8405.0
89530.0,52,35524.0,530.2089552238806,1.860994584788467,46698.04089294453,696.9856849693216,3253750.966000001,48563.44725373135,25,8444.0,0.15029393591847998,25,8444.0
89535.0,55,35790.0,511.2857142857143,1.6007084062334567,46995.762510553526,671.3680358650504,3297657.594000001,47109.39420000001,29,8545.0,0.05761272033769944,29,8545.0
89540.0,61,36086.0,494.32876712328766,1.5137370501174834,47275.38621589897,647.6080303547806,3385470.1550000007,46376.303493150685,35,8676.0,0.038279084627108426,35,8676.0
89545.0,64,36398.0,512.6478873239437,0.9265907541055998,47551.69621389087,669.7422001956464,3473271.1490000007,48919.31195774649,37,8823.0,0.016451536452106463,37,8823.0
89550.0,54,36238.0,525.1884057971015,1.0538082706188767,47864.05971555112,693.6820248630598,3473271.1490000007,50337.26302898551,26,8365.0,0.06292086723265777,26,8365.0
89555.0,54,36405.0,520.0714285714286,1.2386086526058733,48183.72913931479,688.3389877044971,3473271.1490000007,49618.15927142857,23,8299.0,0.05950874050631372,23,8299.0
89560.0,47,36544.0,537.4117647058823,1.3421278688533467,48429.33126512388,712.1960480165277,3385487.5550000006,49786.58169117647,20,8213.0,0.06487535996484106,20,8213.0
89565.0,48,36755.0,525.0714285714286,1.3304466444215655,48608.44935895302,694.4064194136147,3341648.7370000007,47737.83910000001,21,8291.0,0.026729415139114896,21,8291.0
89570.0,54,37010.0,536.3768115942029,1.5907461643096816,48483.87042221459,702.6647887277478,3385566.840000001,49066.18608695653,28,8394.0,0.0631526850458483,28,8394.0
89575.0,47,36437.0,543.8358208955224,1.5123965603990241,48386.32146657264,722.1839024861588,3385629.9450000003,50531.79022388059,21,7759.0,0.06057258387776663,21,7759.0
89580.0,52,36687.0,547.5671641791045,2.0696121234754425,48540.35474918006,724.4829067041801,3385698.443,50532.81258208955,26,7741.0,0.0011365934779536929,26,7741.0
89585.0,54,36955.0,543.4558823529412,2.1894223970152096,48542.04977559613,713.8536731705316,3385697.313,49789.66636764706,28,7844.0,0.014982367622727642,28,7844.0
89590.0,56,37228.0,590.9206349206349,0.9402746783572509,48206.87846582494,765.1885470765866,3429614.6390000004,54438.3276031746,28,7949.0,0.07025152858202728,28,7949.0
89595.0,51,37344.0,602.3225806451613,1.0941226758026052,48488.712250932665,782.0760040473011,3429614.501,55316.36291935484,23,7814.0,0.02427309765621322,23,7814.0
89600.0,48,37475.0,604.4354838709677,1.8196525108765442,48764.709690559765,786.5275756541898,3429614.501,55316.36291935484,20,7709.0,0.07714223135471554,20,7709.0
89605.0,47,37630.0,578.9230769230769,1.8412649686583469,49006.90971624422,753.9524571729886,3385715.4590000003,52087.93013846153,20,7768.0,0.07833851805656643,20,7768.0
89610.0,50,37852.0,591.4375,1.3087639004793177,48990.432961126884,765.4755150176078,3298010.0870000003,51531.407609375005,23,7856.0,0.0895964999734289,23,7856.0
89615.0,47,37838.0,573.3030303030303,1.3126697542531596,49017.41968314985,742.6881770174218,3254233.5530000003,49306.56898484848,19,7724.0,0.07411394081097253,19,7724.0
89620.0,50,38078.0,559.9705882352941,2.2236671332453377,49305.14965751878,725.075730257629,3342123.1310000005,49148.8695735294,24,7769.0,0.08100973028333909,24,7769.0
89625.0,55,38343.0,563.8676470588235,2.026957963591443,49475.801628705194,727.5853180691938,3430006.6750000003,50441.27463235293,28,7869.0,0.09128474564631754,28,7869.0
89630.0,60,38629.0,613.1587301587301,0.4611313225641153,49597.587073795636,787.263286885645,3430006.2509999997,54444.543666666665,32,7984.0,0.006359550329055729,32,7984.0
89635.0,54,38781.0,635.7540983606557,0.7072017817995796,49850.15781808281,817.2157019357837,3430006.2509999997,56229.610672131144,26,7877.0,0.018738819261737656,26,7877.0
89640.0,49,38933.0,638.2459016393443,1.7722636470231743,50126.66619536202,821.7486261534758,3430006.2509999997,56229.610672131144,21,7820.0,0.06708298403752114,21,7820.0
89645.0,45,39089.0,601.3692307692307,2.017045472489773,50374.31259422679,774.9894245265658,3342122.636,51417.27132307692,18,7816.0,0.08629851497192066,18,7816.0
89650.0,47,39302.0,623.8412698412699,1.9354810133131473,50236.28144706747,797.4012928105947,3254437.705,51657.74134920634,21,7899.0,0.13631621460791354,21,7899.0
89655.0,49,39493.0,636.983870967742,1.32891933168679,50311.7683841464,811.4801352281678,3210588.375,51783.683467741925,23,7942.0,0.07338651654347417,23,7942.0
89660.0,52,39749.0,621.078125,1.2650327489672368,50595.55792374162,790.5555925584629,3298515.951,51539.311734375,26,8033.0,0.042416188600355106,26,8033.0
89665.0,56,40019.0,615.6769230769231,1.4539121631009646,50854.320042427586,782.3741544988858,3386432.538,52098.962123076926,29,8138.0,0.03189888939983883,29,8138.0
89670.0,58,40301.0,629.703125,0.6065850869522782,51127.81411644893,798.8720955695145,3430387.2150000003,53599.800234375,32,8255.0,1.3640402920376691e-05,32,8255.0
89675.0,48,40002.0,634.952380952381,1.585821969645654,51367.70275134005,815.3603611323819,3430387.2150000003,54450.59071428571,20,7901.0,0.11847777724837205,20,7901.0
89680.0,46,40130.0,636.984126984127,1.8444627657042993,51643.34082612844,819.7355686687055,3430387.2150000003,54450.59071428571,17,7729.0,0.07603107004850579,17,7729.0
89685.0,46,40298.0,639.6507936507936,1.6585283316247887,51595.06891767682,818.9693478996321,3342524.5130000003,53055.944650793645,19,7786.0,0.03338430476982959,19,7786.0
89690.0,50,40523.0,643.2222222222222,1.5213568006930256,51783.63137752198,821.9624028178092,3342537.9750000006,53056.15833333333,23,7875.0,0.06030437592658343,23,7875.0
89695.0,50,40754.0,636.78125,1.3912280576819416,51725.497612005,808.2109001875781,3386515.086000001,52914.29821875,24,7955.0,0.0838988368173578,24,7955.0
89700.0,54,41021.0,631.0923076923077,1.448178439945768,51875.34276544104,798.0821963914005,3430564.494000001,52777.91529230769,28,8057.0,0.07115110502884632,28,8057.0
89705.0,59,41306.0,616.5074626865671,0.7949032720099227,52165.46990837784,778.589103110117,3430564.2120000003,51202.45092537314,31,8171.0,0.004124989158468784,31,8171.0
89710.0,62,41613.0,640.2,0.5903537101010421,52451.06245387884,806.9394223673668,3430564.2120000003,52777.910953846156,34,8303.0,0.07788948388082907,34,8303.0
89715.0,57,41734.0,642.0615384615385,0.6784118946047677,52762.58899717679,811.7321384181045,3430564.2120000003,52777.910953846156,29,8199.0,0.021299112281254837,29,8199.0
89720.0,54,41895.0,625.2985074626865,1.6545368658800612,53061.07009562079,791.9562700838925,3430565.920000001,51202.47641791045,26,8048.0,0.034800402241103943,26,8048.0
89725.0,49,42018.0,636.6363636363636,1.9145369791258662,53170.628170760545,805.6155783448569,3342685.826000001,50646.75493939395,22,8129.0,0.0685861618401198,22,8129.0
89730.0,51,42248.0,649.9692307692308,1.1871786438492444,53304.19498161236,820.0645381786519,3298794.0700000008,50750.67800000001,25,8261.0,0.07641071266862474,25,8261.0
89735.0,53,42424.0,652.6769230769231,1.2512320647628956,53241.59655505756,819.1014854624241,3255005.087000001,50077.001338461545,26,8272.0,0.03579645958656942,26,8272.0
89740.0,54,42691.0,646.8333333333334,1.418668136089205,53533.80889870593,811.1183166470597,3299001.547000001,49984.871924242434,28,8374.0,0.050011780213818774,28,8374.0
89745.0,59,42977.0,622.8550724637681,1.1800715627132703,53780.16586475397,779.4226936920865,3387000.757000001,49086.96749275363,33,8495.0,0.022910987228271073,33,8495.0
89750.0,60,43272.0,636.3529411764706,1.3185605928546362,54042.28036703787,794.7394171623216,3474996.3650000007,51102.887720588245,33,8625.0,0.07701210395499565,33,8625.0
89755.0,50,29376.0,445.09090909090907,1.132619484810999,54314.44324456921,822.9461097662,3474996.3650000007,52651.46007575758,26,5745.0,0.05859283359285754,26,5745.0
89760.0,47,19356.0,293.27272727272725,2.2513478679591348,54601.53154633768,827.2959325202678,3474996.3650000007,52651.46007575758,31,4889.0,0.04453871189481769,31,4889.0
89765.0,38,6755.0,95.14084507042253,3.1535462049188774,52626.50385648926,741.2183641759049,3394272.9500000007,47806.66126760564,32,8012.0,0.029734870915290906,32,8012.0
89770.0,41,1835.0,26.214285714285715,2.8762291689376682,40342.6657383735,576.3237962624785,3074821.373000001,43926.019614285724,37,9150.0,0.07048729746067287,37,9150.0
89775.0,34,905.0,13.308823529411764,2.7914591203625063,34577.896410279485,508.49847662175716,2914852.309000001,42865.47513235294,27,8347.0,0.06385455574321172,27,8347.0
89780.0,45,1111.0,15.647887323943662,2.8295087535100913,33553.185920505,472.58008338739427,3164574.386000001,44571.47022535212,31,8276.0,0.03748017745040466,31,8276.0
89785.0,53,1354.0,18.805555555555557,2.280685643970114,33577.650441598424,466.3562561333113,3413060.841000001,47403.62279166667,32,8398.0,6.700359145148605e-07,32,8398.0
89790.0,58,1633.0,25.515625,0.7667243632129616,33015.58820129239,515.8685656451936,3495872.249000001,54623.003890625,32,8523.0,0.0,32,8523.0
89795.0,54,1464.0,23.238095238095237,0.9013496250027967,33187.34874525071,526.783313416678,3495872.539000001,55490.04030158731,24,8270.0,0.03644896493566845,24,8270.0
89800.0,47,1404.0,22.285714285714285,2.3225245503279455,33460.416942263495,531.1177292422778,3495872.539000001,55490.04030158731,19,7958.0,0.07290533400756882,19,7958.0
89805.0,45,1400.0,22.580645161290324,2.2795788079071992,33494.633300298585,540.236020972558,3407925.6320000007,54966.54245161291,18,8013.0,0.14562029962854756,18,8013.0
89810.0,47,1575.0,26.694915254237287,0.9310904633304874,33339.39361657932,565.0744680776158,3276090.5970000005,55526.95927118644,21,8182.0,0.06646839946828974,21,8182.0
89815.0,45,1596.0,27.050847457627118,1.1808653480060565,33335.42320732207,565.007173005459,3276264.1100000003,55529.90016949152,18,8055.0,0.06063207916656587,18,8055.0
89820.0,48,1828.0,30.466666666666665,1.719972436559459,33597.883574499894,559.9647262416651,3320315.862,55338.5977,22,8105.0,0.057539395265899296,22,8105.0
89825.0,50,2075.0,31.923076923076923,1.8719735686063472,33771.91571995334,519.5679341531282,3408417.2660000003,52437.18870769231,24,8187.0,0.05018878143077555,24,8187.0
89830.0,53,2334.0,37.645161290322584,1.4916184017491372,33894.925126719056,546.692340753533,3452461.204,55684.85812903226,26,8280.0,0.10070535256550131,26,8280.0
89835.0,49,2461.0,41.016666666666666,0.7925448487910035,34142.42720766118,569.0404534610194,3452461.204,57541.020066666664,21,8095.0,0.04875584835845382,21,8095.0
89840.0,48,2602.0,43.36666666666667,1.6267155485446485,34415.05816820442,573.5843028034068,3452461.204,57541.020066666664,20,7949.0,0.06141772922108158,20,7949.0
89845.0,46,2762.0,43.15625,1.9075840872425873,34683.7810553858,541.934078990403,3452464.5760000004,53944.75899999999,19,8004.0,0.06470457961976299,19,8004.0
89850.0,48,2976.0,47.23809523809524,1.507387547043247,34469.476842538745,547.1345530561706,3276542.9999999995,52008.61904761905,21,8082.0,0.13300428169247627,21,8082.0
89855.0,48,3145.0,49.140625,1.5438043028211168,34608.42058691435,540.7565716705367,3276631.7759999996,51197.37150000001,22,8101.0,0.1175252867353078,22,8101.0
89860.0,55,3406.0,51.60606060606061,1.5089556113279732,34896.90838795697,528.741036181166,3364761.704999999,50981.23795454545,29,8197.0,0.07607320302640172,29,8197.0
89865.0,59,3688.0,55.878787878787875,1.0358504083524096,35142.07193871636,532.4556354350963,3452887.8229999994,52316.48216666666,32,8314.0,0.029382192800025738,32,8314.0
89870.0,61,3983.0,63.22222222222222,0.36672721869562375,35387.06549937959,561.6994523711044,3452887.5389999994,54807.738714285704,33,8440.0,8.727978534792476e-05,33,8440.0
89875.0,54,4130.0,64.53125,1.0281974986556794,35683.16224982344,557.5494101534912,3452888.678999999,53951.385609375,26,8300.0,0.017534726792521275,26,8300.0
89880.0,49,4270.0,67.77777777777777,1.9160270297012891,35956.2150119374,570.7335716180538,3452888.678999999,54807.7568095238,21,8168.0,0.05695233626526228,21,8168.0
89885.0,45,4424.0,66.02985074626865,2.450615455061972,36228.84902650183,540.7290899477885,3452891.678999999,51535.69670149253,18,7992.0,0.08491006675298957,18,7992.0
89890.0,48,4639.0,73.63492063492063,2.1165482468492565,36028.78267809052,571.88543933477,3276865.3689999995,52013.73601587301,21,8075.0,0.15005309321350455,21,8075.0
89895.0,51,4883.0,77.5079365079365,1.1358855330645057,36178.29758144484,574.2586917689654,3276952.1089999997,52015.11284126984,25,8170.0,0.0801968011506039,25,8170.0
89900.0,52,5121.0,77.5909090909091,1.492558146442878,36333.914585291655,550.5138573529039,3321121.033,50320.015651515154,26,8243.0,0.040939373247868886,26,8243.0
89905.0,57,5392.0,81.6969696969697,1.643252645204757,36427.751072273684,551.935622307177,3321237.9189999998,50321.786651515155,30,8349.0,0.03074914133994045,30,8349.0
89910.0,57,5673.0,88.640625,0.9310358697012078,36684.35500268961,573.1930469170251,3365320.3069999996,52583.129796875,31,8465.0,0.0636168426464468,31,8465.0
89915.0,61,5967.0,91.8,0.2040859304012622,36976.04444998487,568.8622223074595,3453471.1969999997,53130.32610769231,35,8594.0,0.007326502536052118,35,8594.0
89920.0,52,5309.0,79.23880597014926,1.0040150142089563,37287.39945489701,556.5283500730895,3541629.3649999998,52860.13977611941,24,8174.0,0.08478542739823847,24,8174.0
89925.0,54,5418.0,74.21917808219177,1.3283822883734986,37606.788513799824,515.1614864904085,3541632.7600000002,48515.51726027398,22,8084.0,0.07098060400251383,22,8084.0
89930.0,52,5595.0,76.64383561643835,1.8934415707942032,37924.68953254627,519.516294966387,3541632.7600000002,48515.51726027398,24,8162.0,0.07694074590272088,24,8162.0
89935.0,55,5832.0,83.31428571428572,1.1015257747748008,38168.490889678425,545.2641555668345,3409400.2330000005,48705.71761428572,29,8266.0,0.029440415256407,29,8266.0
89940.0,60,6081.0,88.1304347826087,1.1325149610936864,38376.84279998025,556.1861275359456,3365365.9600000004,48773.41971014493,34,8357.0,0.012313086191764001,34,8357.0
89945.0,61,6383.0,91.18571428571428,1.1003308853570992,38054.09015472364,543.6298593531947,3409449.203,48706.41718571429,34,8492.0,0.02615753799394492,34,8492.0
89950.0,63,6694.0,94.28169014084507,1.1487796850173169,38341.64470539108,540.0231648646632,3409449.203,48020.411309859155,35,8628.0,0.027806378857344764,35,8628.0
89955.0,65,7012.0,103.11764705882354,0.3355524452051461,38624.98724836845,568.0145183583594,3409449.061,50138.95677941177,37,8771.0,0.0007315285733607526,37,8771.0
89960.0,56,7053.0,103.72058823529412,0.9520265883559602,38946.49980605538,572.7426442066965,3409449.061,50138.95677941177,28,8431.0,0.057252444706236916,28,8431.0
89965.0,57,7211.0,104.5072463768116,1.2600137885515952,39260.18857662125,568.9882402408876,3409449.061,49412.305231884064,28,8426.0,0.023835374829476806,28,8426.0
89970.0,54,7337.0,107.8970588235294,1.3512579393843718,39537.091463328026,581.4278156371769,3365369.2830000003,49490.72475,27,8524.0,0.042444409435906674,27,8524.0
89975.0,60,7587.0,111.57352941176471,0.5992854182003456,39316.63565263668,578.1858184211277,3365436.2830000003,49491.71004411765,31,8660.0,0.009875907485023322,31,8660.0
89980.0,56,7779.0,112.73913043478261,1.429568027788691,39627.54955287089,574.3123123604478,3409559.936,49413.91211594204,29,8712.0,0.03279167454503402,29,8712.0
89985.0,59,8061.0,120.31343283582089,1.146939713105615,39761.59115540877,593.4565844090862,3365514.4769999995,50231.559358208964,31,8828.0,0.037358470938334186,31,8828.0
89990.0,60,8357.0,124.73134328358209,1.1244195749162802,40068.10984873288,598.0314902795951,3365514.4769999995,50231.559358208964,32,8950.0,7.710829852886721e-07,32,8950.0
89995.0,60,8657.0,137.4126984126984,0.6461449501006004,40259.80439413987,639.0445141926963,3365514.049,53420.857920634924,32,9075.0,0.0,32,9075.0
90000.0,57,8786.0,141.70967741935485,0.33388600432522536,40525.07997441581,653.6303221679967,3365513.3349999995,54282.4731451613,27,8951.0,0.012816712360144608,27,8951.0
90005.0,50,8908.0,127.25714285714285,1.924194994495371,40826.00593206172,583.2286561723104,3365524.185,48078.91692857144,22,8833.0,0.08040598322185012,22,8833.0
90010.0,48,9046.0,127.40845070422536,2.4013059246642716,40949.35134549959,576.7514274014025,3321491.335,46781.568098591546,21,8897.0,0.19620157066419527,21,8897.0
90015.0,53,9266.0,132.37142857142857,1.0281569671075261,40977.55251888084,585.3936074125834,3277514.2760000005,46821.63251428572,26,9001.0,0.10205933159233094,26,9001.0
90020.0,47,8070.0,115.28571428571429,1.7819713013699114,41157.804658630834,587.9686379804405,3277603.6040000003,46822.90862857143,20,8036.0,0.10895919648894614,20,8036.0
90025.0,52,8317.0,115.51388888888889,2.850422196468821,41442.909914862685,575.5959710397594,3365910.932,46748.76294444445,25,7760.0,0.07725537632212139,25,7760.0
90030.0,54,8582.0,117.56164383561644,2.696842712451379,41532.447506709184,568.9376370782081,3410064.602,46713.213726027396,28,7851.0,0.015734688652113176,28,7851.0
90035.0,56,8861.0,132.2537313432836,1.6430865334547238,40570.93674431478,605.536369318131,3498357.2729999996,52214.28765671641,30,7965.0,0.08837869975938355,30,7965.0
90040.0,52,8991.0,145.01612903225808,0.9224449046439173,40704.860502933436,656.5300081118296,3498353.1309999996,56425.05049999999,24,7805.0,0.06154986487850822,24,7805.0
90045.0,49,9132.0,144.95238095238096,1.9322239667342247,40985.35057138987,650.5611201807912,3498353.1309999996,55529.41477777777,21,7682.0,0.06003589278375396,21,7682.0
90050.0,45,9294.0,147.52380952380952,2.3039451875951054,41249.32254553956,654.7511515165008,3498353.1309999996,55529.41477777777,18,7648.0,0.09012957993722413,18,7648.0
90055.0,49,9514.0,158.56666666666666,0.9827497103434878,40901.772227326896,681.6962037887814,3277912.539,54631.875649999994,22,7729.0,0.053666311503926326,22,7729.0
90060.0,45,9543.0,161.74576271186442,1.5761401416051268,41031.52569909043,695.4495881201764,3233843.9469999997,54810.9143559322,19,7626.0,0.0638960309719895,19,7626.0
90065.0,47,9774.0,152.71875,1.9962042627535168,41300.70636547088,645.3235369604826,3322178.6159999995,51909.040875000006,21,7672.0,0.07589411546703959,21,7672.0
90070.0,51,10020.0,156.5625,1.9083360274103032,41493.345257287634,648.3335196451189,3410507.519999999,53289.18,24,7753.0,0.1344841758497397,24,7753.0
90075.0,55,10283.0,163.22222222222223,0.751760027287855,41727.48557676632,662.3410409010526,3454666.9299999992,54835.98301587302,28,7850.0,0.00386144991813763,28,7850.0
90080.0,53,10430.0,165.55555555555554,0.9757123767035214,41888.37662765458,664.894867105628,3454666.234999999,54835.97198412698,25,7714.0,0.017818874398570477,25,7714.0
90085.0,47,10571.0,162.63076923076923,2.4821401590595604,42147.96444210573,648.4302221862417,3454669.234999999,53148.75746153846,19,7592.0,0.09516797174798818,19,7592.0
90090.0,47,10752.0,168.0,2.029108780997539,42401.716672117866,662.5268230018416,3410500.7729999996,53289.074578125,19,7650.0,0.11134202819044904,19,7650.0
90095.0,52,10968.0,176.90322580645162,0.7137479574997451,42219.746266091155,680.9636494530832,3278266.076999999,52875.2593064516,25,7748.0,0.05081089325925401,25,7748.0
90100.0,52,11152.0,179.8709677419355,1.3392361536503885,42369.34434265475,683.3765216557216,3278361.7569999993,52876.80253225806,26,7783.0,0.07893655415713287,26,7783.0
90105.0,54,11419.0,173.0151515151515,1.5362029168925742,42655.96993140287,646.3025747182253,3366721.7229999993,51010.935196969695,28,7885.0,0.04535141392490635,28,7885.0
90110.0,57,11694.0,174.53731343283582,1.4603228887219069,42918.7983215629,640.5790794263119,3455082.047999999,51568.388776119406,30,7995.0,0.0033159220994790997,30,7995.0
90115.0,60,11985.0,190.23809523809524,0.33880058022965825,43132.514209222005,684.6430826860636,3455081.189999999,54842.55857142857,32,8118.0,0.017492971414070135,32,8118.0
90120.0,55,12119.0,195.46774193548387,0.6600066254957403,43430.86418173969,700.4978093828981,3455081.189999999,55727.11596774193,27,8030.0,0.018501412766066348,27,8030.0
90125.0,50,12260.0,185.75757575757575,1.9497503103342777,43721.52394268377,662.4473324649056,3455084.189999999,52349.76045454545,22,7982.0,0.06154155492957013,22,7982.0
90130.0,48,12430.0,191.23076923076923,1.7639633704037223,43806.434559710644,673.9451470724714,3322617.688999999,51117.19521538462,21,8052.0,0.12466098001472622,21,8052.0
90135.0,52,12660.0,197.8125,0.9869380577214697,43904.702843101535,686.0109819234613,3278508.704999999,51226.698515625,26,8165.0,0.05606277377810989,26,8165.0
90140.0,53,12894.0,198.36923076923077,1.3073030958063967,44103.19669511021,678.5107183863108,3322750.9679999994,51119.245661538465,26,8234.0,0.07442957309397606,26,8234.0
90145.0,56,13169.0,199.53030303030303,1.3760136376935572,44398.52649478961,672.7049468907516,3366948.3119999995,51014.36836363637,30,8344.0,0.04143271110300401,30,8344.0
90150.0,60,13460.0,200.8955223880597,1.0837961472534885,44671.116926219394,666.7330884510355,3455340.1019999995,51572.24032835821,34,8470.0,0.01692112060865824,34,8470.0
90155.0,63,13762.0,208.5151515151515,0.301134467184435,44936.015876894635,680.8487254074946,3499532.9739999995,53023.22687878788,34,8605.0,0.027615267145374996,34,8605.0
90160.0,55,13897.0,207.4179104477612,1.2598156201602684,45247.77257439999,675.3398891701489,3499533.3019999997,52231.84032835821,27,8514.0,0.07137971921192617,27,8514.0
90165.0,51,14040.0,197.74647887323943,2.2785354407114173,45543.83121318515,641.4624114533118,3499539.63,49289.29056338028,23,8464.0,0.1415594298297663,23,8464.0
90170.0,50,14212.0,200.16901408450704,2.6830002129971957,45829.6723963754,645.4883436109208,3499539.63,49289.29056338028,23,8360.0,0.13813849825678068,23,8360.0
90175.0,52,14448.0,215.6417910447761,1.461145851322515,45732.051482624665,682.5679325764874,3322904.182,49595.58480597015,26,8477.0,0.08604726232368552,26,8477.0
90180.0,59,14723.0,216.51470588235293,0.6599224962928495,45863.74228276899,674.4667982760143,3278785.0900000003,48217.42779411765,30,8587.0,0.03531952960842778,30,8587.0
90185.0,50,14327.0,201.7887323943662,2.1321708321874384,46084.5108871822,649.0776181293267,3278830.4110000003,46180.71001408452,24,8087.0,0.08505104156012049,24,8087.0
90190.0,53,14585.0,202.56944444444446,2.8400086578257953,46281.49919316848,642.7985999051175,3323087.697,46153.99579166666,27,8119.0,0.10496782388894024,27,8119.0
90195.0,59,14861.0,209.30985915492957,1.4994302172063259,46212.97275735374,650.8869402444185,3411501.8330000006,48049.3215915493,32,8230.0,0.020999670369163316,32,8230.0
90200.0,62,15165.0,233.30769230769232,0.2759999750029699,46155.59603397255,710.0860928303465,3455703.5150000006,53164.66946153847,36,8369.0,0.02578618976071015,36,8369.0
90205.0,56,15315.0,225.22058823529412,1.1058884201115398,46471.93427138778,683.4107981086435,3544114.8940000003,52119.3366764706,30,8343.0,0.06155414094043562,30,8343.0
90210.0,53,15484.0,221.2,2.1709101589659485,46774.47446695887,668.2067780994124,3544115.4700000007,50630.221000000005,25,8293.0,0.05376035549001903,25,8293.0
90215.0,51,15690.0,224.14285714285714,2.4260870915576356,47043.141800095495,672.0448828585069,3499904.982000001,49998.6426,24,8376.0,0.10930382800671647,24,8376.0
90220.0,54,15942.0,237.9402985074627,1.170183075817088,47128.619835263584,703.4122363472175,3367342.9150000005,50258.84947761194,28,8488.0,0.050844579664417314,28,8488.0
90225.0,50,15916.0,244.86153846153846,1.1791312805405478,47201.002404933235,726.1692677682033,3278990.4730000007,50446.007276923076,23,8344.0,0.046481278886823865,23,8344.0
90230.0,52,16169.0,244.9848484848485,1.9791496878447605,47487.34109705816,719.5051681372445,3323205.6450000005,50351.60068181818,26,8389.0,0.06694173620741821,26,8389.0
90235.0,56,16439.0,241.75,1.7924621050000487,47675.89696294728,701.1161318080478,3411636.805,50171.129485294114,29,8494.0,0.03380155806666531,29,8494.0
90240.0,57,16722.0,257.26153846153846,1.054666931127872,47766.06799665426,734.8625845639116,3455850.2240000004,53166.92652307692,31,8612.0,0.033844654753289,31,8612.0
90245.0,54,16870.0,244.4927536231884,1.1725021573218934,48015.191481865055,695.8723403168848,3455856.2240000004,50084.8728115942,26,8578.0,0.023488295876533852,26,8578.0
90250.0,51,17026.0,246.7536231884058,2.5087970935128534,48308.06872065939,700.1169379805708,3455856.2240000004,50084.8728115942,23,8522.0,0.15092355031845794,23,8522.0
90255.0,50,17205.0,253.01470588235293,1.6638082369482665,48583.2778479054,714.45996835155,3411638.0270000002,50171.14745588235,23,8594.0,0.07594004567839023,23,8594.0
90260.0,55,17458.0,256.7352941176471,0.8483463809830182,48642.25428067978,715.3272688335261,3279051.955,48221.352279411774,29,8710.0,0.04357775181498221,29,8710.0
90265.0,53,17653.0,263.4776119402985,1.488754813896672,48789.85827893875,728.2068399841604,3234876.8959999997,48281.7447164179,27,8757.0,0.06722165605257457,27,8757.0
90270.0,56,17925.0,259.7826086956522,1.2875636768818184,49092.95015856093,711.4920312834919,3323335.9739999995,48164.28947826087,30,8861.0,0.06875065663254969,30,8861.0
90275.0,61,18219.0,256.6056338028169,1.3068980449354406,49385.769536805026,695.5742188282399,3411795.4629999995,48053.45722535211,34,8990.0,0.026943105623348406,34,8990.0
90280.0,62,18523.0,268.4492753623188,0.8790519958206042,49625.6752253145,719.2126844248478,3456025.7489999994,50087.32969565217,36,9129.0,0.04325483996922498,36,9129.0
90285.0,66,18843.0,269.1857142857143,0.2763089772873589,49914.018788311914,713.0574112615989,3500246.1889999993,50003.51698571428,38,9281.0,0.006662981182511345,38,9281.0
90290.0,54,17696.0,252.8,1.4200907771460214,50237.4589219516,717.6779845993084,3500246.1889999993,50003.51698571428,26,8688.0,0.06646068903436382,26,8688.0
90295.0,49,17502.0,250.02857142857144,1.3138149666047303,50546.02937230585,722.0861338900835,3500246.1889999993,50003.51698571428,19,8224.0,0.07417838976047096,19,8224.0
90300.0,49,17674.0,252.4857142857143,1.3618531753480565,50858.47082064789,726.5495831521129,3500246.1889999993,50003.51698571428,21,8295.0,0.048459323784362386,21,8295.0
90305.0,53,17901.0,255.72857142857143,1.1955624240061096,50746.065452979536,724.9437921854218,3411835.0509999995,48740.500728571424,26,8397.0,0.01536288159311681,26,8397.0
90310.0,56,18126.0,251.75,1.7088867340170535,51045.61868401994,708.9669261669434,3411852.9969999995,47386.847180555545,30,8474.0,0.08144941397747496,30,8474.0
90315.0,60,18415.0,259.36619718309856,1.5355792932441834,50504.81111246172,711.3353677811509,3456087.0089999996,48677.281816901406,33,8597.0,0.026968316774597743,33,8597.0
90320.0,60,18713.0,267.3285714285714,1.4167694581651349,50691.17940350098,724.1597057642995,3411884.437,48741.206242857144,32,8722.0,0.05970134039428133,32,8722.0
90325.0,63,19024.0,267.943661971831,0.8893398686877318,50977.46139709454,717.9924140435849,3411887.437,48054.75263380282,35,8858.0,0.01325806266659409,35,8858.0
90330.0,54,19042.0,280.02941176470586,1.1388168068235236,51260.22646437343,753.8268597701973,3411887.437,50174.81524999999,26,8413.0,0.07073896218125739,26,8413.0
90335.0,53,19176.0,270.0845070422535,1.1123983043729715,51575.56012414437,726.4163397766811,3411888.873,48054.77285915493,22,8349.0,0.05429572967352571,22,8349.0
90340.0,53,19303.0,279.7536231884058,1.2019546599485922,51751.925590717954,750.027907111854,3323435.107,48165.726188405795,25,8430.0,0.048383904283205,25,8430.0
90345.0,59,19547.0,283.28985507246375,0.8743571567511629,51823.49988954108,751.0652157904502,3367713.247999999,48807.43837681159,32,8564.0,0.034434745085964245,32,8564.0
90350.0,58,19797.0,291.13235294117646,0.9803975794517058,51804.11661359679,761.8252443175996,3411981.942,50176.205029411765,32,8675.0,0.028843467930120444,32,8675.0
90355.0,62,20099.0,295.5735294117647,0.6356968360112145,51991.66509749629,764.583310257298,3412048.44,50177.18294117647,35,8811.0,0.0015947510398601223,35,8811.0
90360.0,66,20417.0,300.25,0.3908537471596681,52273.616541239986,768.7296550182348,3412047.298,50177.16614705882,36,8955.0,2.0326149737459025e-06,36,8955.0
90365.0,64,20737.0,296.24285714285713,0.5971882062344248,52569.400878774824,750.9914411253546,3412052.298,48743.604257142855,36,9100.0,2.287785939271882e-07,36,9100.0
90370.0,54,20756.0,296.51428571428573,1.6638619394658727,52886.540670548464,755.5220095792635,3412052.298,48743.604257142855,26,8776.0,0.11177191896637169,26,8776.0
90375.0,53,20881.0,298.3,1.2172516243763638,53198.08958414162,759.9727083448801,3412052.298,48743.604257142855,24,8801.0,0.04182296710979674,24,8801.0
90380.0,55,21049.0,309.54411764705884,1.0045212211699728,53311.38806505794,783.9910009567342,3323599.017,48876.45613235294,28,8900.0,0.023487081191667078,28,8900.0
90385.0,58,21306.0,318.0,0.6653297926437909,53395.19162585606,796.9431585948662,3367904.1119999997,50267.2255522388,32,9041.0,0.0059234933480772555,32,9041.0
90390.0,49,20363.0,299.45588235294116,1.6513930435430932,53602.69013893538,788.2748549843434,3412204.2539999997,50179.47432352941,22,8219.0,0.05116430363138868,22,8219.0
90395.0,50,20608.0,290.2535211267606,3.1143017559154558,53883.53452324031,758.9230214540887,3456510.9969999995,48683.25347887324,24,8037.0,0.10502254570428461,24,8037.0
90400.0,53,20864.0,306.8235294117647,2.5756940136597253,53688.141181858795,789.5314879685116,3412293.033,50180.77989705882,25,8123.0,0.08858204069019364,25,8123.0
90405.0,56,21139.0,330.296875,1.0406601996464686,53063.397146775475,829.1155804183663,3412288.019,53317.00029687499,28,8223.0,0.023725632984345088,28,8223.0
90410.0,51,21269.0,348.672131147541,1.4288565002306264,53238.227510547134,872.757828041756,3412287.297,55939.13601639344,23,8183.0,0.09764186685846095,23,8183.0
90415.0,53,21527.0,341.6984126984127,1.3267064989805821,53518.19382763501,849.4951401211903,3412288.449,54163.30871428571,25,8261.0,0.010322617940004759,25,8261.0
90420.0,54,21795.0,351.53225806451616,1.7530616759032915,53755.48339950689,867.0239257984977,3412288.445,55036.910403225804,26,8354.0,2.6188984894839726e-06,26,8354.0
90425.0,54,22065.0,361.72131147540983,0.8497785926453785,53937.59129144776,884.2228080565203,3412283.155,55939.0681147541,26,8449.0,0.007259536326500241,26,8449.0
90430.0,50,22053.0,373.77966101694915,1.2652129827655982,54150.240242741005,917.8006820803561,3412283.155,57835.307711864414,22,8209.0,0.09428761512433842,22,8209.0
90435.0,46,22097.0,374.52542372881356,1.4563155873124016,54413.74192307245,922.2668122554649,3412283.155,57835.307711864414,18,7865.0,0.04471233319977363,18,7865.0
90440.0,45,22097.0,362.24590163934425,1.7855603664696917,54674.768409073935,896.3076788372774,3412284.8789999997,55939.09637704917,18,7922.0,0.06953318543090399,18,7922.0
90445.0,47,22279.0,371.31666666666666,1.643228411078941,54518.41234306633,908.6402057177719,3323903.437,55398.39061666667,20,8023.0,0.05288446545489372,20,8023.0
90450.0,45,22449.0,387.05172413793105,1.5809983530208749,54253.0415824504,935.3972686629379,3235580.576,55785.872,19,8072.0,0.10916175880862392,19,8072.0
90455.0,49,22687.0,371.91803278688525,1.3879325478415285,54520.446548662454,893.7778122731547,3324285.6059999997,54496.48534426229,23,8145.0,0.02283920281054312,23,8145.0
90460.0,53,22944.0,376.1311475409836,1.4194055173779314,54755.358105669984,897.6288214044259,3412984.428,55950.564393442626,26,8237.0,0.07103488052975046,26,8237.0
90465.0,55,23210.0,380.4918032786885,0.4550500643857345,54980.79473472361,901.3245038479279,3457335.064,56677.624,29,8338.0,0.016145492941184895,29,8338.0
90470.0,51,23342.0,382.655737704918,1.283626901457218,55260.389268236875,905.9080207907683,3501686.9189999998,57404.70359016394,23,8080.0,0.05606781384624964,23,8080.0
90475.0,47,23502.0,373.04761904761904,2.2534189196460694,55528.55292452433,881.4056019765766,3501690.4869999997,55582.388682539684,19,7866.0,0.12823343269093906,19,7866.0
90480.0,44,23647.0,381.4032258064516,2.2423084284814676,55721.40118284479,898.7322771426577,3457384.289,55764.26272580646,17,7797.0,0.11421827145713907,17,7797.0
90485.0,48,23864.0,367.1384615384615,1.5319684741295354,55601.76606758733,855.4117856551895,3324592.698,51147.57996923076,21,7872.0,0.052546428925477465,21,7872.0
90490.0,49,24075.0,370.38461538461536,1.8585244219552988,55345.04725593465,851.4622654759177,3236257.169,49788.57183076923,23,7929.0,0.1619883842149053,23,7929.0
90495.0,53,24330.0,363.13432835820896,1.2898374328934612,55636.63732368391,830.3975719952823,3324977.251,49626.526134328364,27,8019.0,0.03281230438270357,27,8019.0
90500.0,59,24612.0,361.94117647058823,1.3337739851782136,55923.826639485305,822.4092152865485,3413703.075,50201.51580882353,32,8136.0,0.04454530589839864,32,8136.0
90505.0,61,24912.0,371.82089552238807,0.9581798866906172,56193.53807789024,838.7095235506006,3458065.5810000002,51612.919119402985,35,8271.0,0.03411647604061987,35,8271.0
90510.0,57,25075.0,385.7692307692308,0.7735300464090297,56485.85663208602,869.0131789551695,3502418.856,53883.36701538462,29,8136.0,0.035302588111413895,29,8136.0
90515.0,54,25245.0,371.25,1.797550418858071,56783.137616890606,835.0461414248618,3502420.296,51506.18082352941,24,8033.0,0.053042764853384834,24,8033.0
90520.0,50,25438.0,368.6666666666667,2.407853112195999,57076.353755199554,827.1935326840514,3502420.96,50759.72405797101,23,8115.0,0.10078523723006767,23,8115.0
90525.0,53,25679.0,395.0615384615385,0.9241051154965056,56853.3981972356,874.6676645728552,3280893.621,50475.28647692307,26,8214.0,0.06902558636635525,26,8214.0
90530.0,56,25919.0,398.75384615384615,0.7265295245817099,57039.07791961266,877.5242756863483,3280965.1879999996,50476.3875076923,30,8300.0,0.0407358083066348,30,8300.0
90535.0,58,26205.0,391.1194029850746,0.992259936811859,57347.80789768258,855.937431308695,3369710.3619999997,50294.18450746268,32,8421.0,0.033632510979602286,32,8421.0
90540.0,63,26506.0,389.79411764705884,0.5552087677041907,57622.20503140534,847.3853681089021,3414082.6799999997,50207.09823529411,35,8557.0,0.014072668463001587,35,8557.0
90545.0,64,26820.0,383.14285714285717,0.7063507861648357,57937.19524514289,827.6742177877557,3458457.3519999995,49406.533599999995,36,8701.0,0.02529361249601431,36,8701.0
90550.0,53,26545.0,373.8732394366197,1.6700532336397895,58253.67022230556,820.4742284831771,3458457.3749999995,48710.66725352112,25,8395.0,0.0954293097809543,25,8395.0
90555.0,53,26693.0,375.9577464788732,1.5788213330082062,58566.13883549919,824.8751948661857,3458457.3749999995,48710.66725352112,24,8348.0,0.09119669049301045,24,8348.0
90560.0,55,26874.0,389.4782608695652,1.1601080727786082,58772.98217897081,851.7823504198666,3369727.0989999995,48836.62462318841,28,8443.0,0.034072226294073533,28,8443.0
90565.0,59,27146.0,387.8,0.8840244905263799,58791.50776686123,839.8786823837319,3369750.5139999995,48139.29305714285,32,8574.0,0.01117358368810845,32,8574.0
90570.0,50,26314.0,370.61971830985914,1.9498418753703217,58955.310146091426,830.356480930865,3414138.923999999,48086.463718309846,23,7784.0,0.0770236603720381,23,7784.0
90575.0,53,26570.0,369.02777777777777,2.921427704368809,59135.905187102515,821.3320164875346,3414179.672999999,47419.162125,26,7678.0,0.08559792879243146,26,7678.0
90580.0,55,26832.0,388.8695652173913,2.321953368112197,59014.393079074944,855.281059117028,3414178.806999999,49480.85227536231,27,7775.0,0.05090218925199818,27,7775.0
90585.0,57,27114.0,444.4918032786885,0.6222915860353282,58543.65467032872,959.7320437758802,3414170.642999999,55970.0105409836,29,7882.0,0.00029102686047055185,29,7882.0
90590.0,52,27268.0,462.1694915254237,1.0329909101977626,58791.401528918315,996.4644326935304,3414167.636999999,57867.248084745755,24,7863.0,0.015335780178149482,24,7863.0
90595.0,52,27528.0,458.8,1.307209375745265,59034.071659846726,983.9011943307788,3414168.792999999,56902.81321666666,24,7946.0,0.0,24,7946.0
90600.0,52,27788.0,479.1034482758621,1.350266784664115,59241.23969427559,1021.4006843840616,3414168.494999999,58864.97405172413,24,8031.0,0.0,24,8031.0
90605.0,52,28048.0,475.3898305084746,0.6550569714888673,59410.077210322524,1006.9504611919068,3414169.494999999,57867.27957627119,24,8116.0,0.008512187573545127,24,8116.0
90610.0,48,28018.0,483.0689655172414,1.3617917378706552,59664.60479996254,1028.7000827579745,3414169.494999999,58864.99129310345,20,7941.0,0.12818974571340516,20,7941.0
90615.0,43,28004.0,482.82758620689657,1.660419763004931,59919.93778422876,1033.102375590151,3414169.494999999,58864.99129310345,15,7792.0,0.09950159024014846,15,7792.0
90620.0,44,28045.0,467.4166666666667,1.879255058532005,60173.88988467024,1002.898164744504,3414171.222999999,56902.853716666665,17,7744.0,0.09211850695853258,17,7744.0
90625.0,46,28224.0,486.62068965517244,1.4992766021673702,60100.512915617874,1036.2157399244459,3325513.266999999,57336.435637931034,20,7885.0,0.06828228562156777,20,7885.0
90630.0,45,28384.0,489.37931034482756,1.2749298136832268,59971.24333223674,1033.986954004082,3281313.4649999994,56574.3700862069,18,7880.0,0.06241733473145744,18,7880.0
90635.0,48,28618.0,469.1475409836066,1.9419952170942911,60230.71697280761,987.3888028329113,3325756.0569999996,54520.59109836066,22,7949.0,0.11022098331909892,22,7949.0
90640.0,52,28867.0,481.1166666666667,1.0845198767340418,60425.97679347482,1007.0996132245805,3414628.877,56910.48128333334,26,8033.0,0.07539098279193066,26,8033.0
90645.0,57,29137.0,455.265625,0.507623162284647,60694.495907028184,948.3514985473153,3459062.3829999994,54047.849734375006,30,8137.0,0.00011595897680377573,30,8137.0
90650.0,51,29268.0,464.57142857142856,1.5580548376630463,60966.66434610094,967.7248308904908,3459062.3829999994,54905.752111111105,23,7990.0,0.08070399652019854,23,7990.0
90655.0,49,29425.0,467.06349206349205,1.689593559003255,61241.97836267139,972.0948946455774,3459062.3829999994,54905.752111111105,21,7854.0,0.08346824990898719,21,7854.0
90660.0,48,29576.0,477.03225806451616,1.385269731083241,61502.51816535514,991.9760994412119,3414623.8169999993,55074.57769354839,21,7922.0,0.06366629554278201,21,7922.0
90665.0,51,29809.0,473.1587301587302,1.0017301339839202,61480.28870877105,975.8775985519213,3325917.331,52792.33858730159,24,8019.0,0.03813204344967245,24,8019.0
90670.0,51,30013.0,468.953125,1.533828069243755,61481.39659383451,960.6468217786642,3281657.33,51275.89578125,25,8072.0,0.11550895592489042,25,8072.0
90675.0,55,30277.0,458.74242424242425,1.58228445455737,61769.51978631303,935.9018149441371,3370563.8120000004,51069.148666666675,28,8169.0,0.05541176893502245,28,8169.0
90680.0,58,30553.0,456.0149253731343,1.1878437806314635,62045.64208446248,926.0543594695895,3459470.179,51633.883268656726,31,8282.0,0.04319997075032367,31,8282.0
90685.0,61,30851.0,467.43939393939394,0.7031311845277699,62323.010606763266,944.288039496413,3459470.179,52416.21483333334,34,8413.0,7.4578826378307816e-06,34,8413.0
90690.0,52,30637.0,478.703125,1.120166685979164,62588.87503169433,977.9511723702241,3459470.179,54054.221546875,23,8093.0,0.06829890344021637,23,8093.0
90695.0,51,30772.0,466.24242424242425,1.108884617124417,62877.578089010094,952.6905771062135,3459471.623,52416.236712121216,20,8068.0,0.018056825084933198,20,8068.0
90700.0,49,30947.0,483.546875,1.30542766677307,62966.453798265815,983.8508405979035,3415036.8890000004,53359.95139062499,21,8141.0,0.03767410040188363,21,8141.0
90705.0,52,31169.0,494.74603174603175,1.0830065855069282,63240.14055838306,1003.8117548949691,3370578.9810000006,53501.25366666668,26,8240.0,0.044165312919333795,26,8240.0
90710.0,53,31386.0,506.2258064516129,1.0077455300535452,63276.186153158764,1020.5836476315931,3415048.6610000003,55081.43001612904,27,8308.0,0.03812628324892646,27,8308.0
90715.0,55,31657.0,502.4920634920635,1.3150555113547018,63561.06510313231,1008.9057952878143,3459524.9110000003,54913.09382539683,28,8413.0,0.06389922327816139,28,8413.0
90720.0,59,31937.0,506.93650793650795,0.6396372101619926,63649.668108579725,1010.3121921996781,3415149.2630000003,54208.71846031746,29,8519.0,0.002064885864577207,29,8519.0
90725.0,58,32227.0,488.2878787878788,0.7876660973807288,63912.65086192025,968.3734979078826,3415156.541,51744.796075757586,30,8634.0,0.0,30,8634.0
90730.0,52,32331.0,489.8636363636364,1.9123016191288906,64207.50332276125,972.8409594357765,3415156.541,51744.796075757586,24,8421.0,0.13936682307742682,24,8421.0
90735.0,51,32441.0,491.530303030303,1.397201065165832,64500.00867412397,977.272858698848,3415156.541,51744.796075757586,23,8240.0,0.07252543304551765,23,8240.0
90740.0,51,32594.0,493.8484848484849,1.5283803798817985,64791.306945999735,981.6864688787839,3415156.541,51744.796075757586,24,8205.0,0.058269359445520884,24,8205.0
90745.0,54,32830.0,512.96875,0.908682051044796,64670.18079176913,1010.4715748713925,3326464.003,51976.000046875,27,8325.0,0.03861519927491318,27,8325.0
90750.0,45,32220.0,503.4375,1.8809097056284305,64464.56577818451,1007.2588402841328,3237811.328,50590.801999999996,18,7707.0,0.09870996394782647,18,7707.0
90755.0,48,32452.0,484.35820895522386,2.7185486238255967,64731.58587780748,966.1430728030969,3326819.454,49654.02170149254,22,7645.0,0.06537459982357693,22,7645.0
90760.0,52,32702.0,488.089552238806,2.2438105523490752,64833.22551424311,967.660082302136,3415823.0379999997,50982.43340298508,25,7750.0,0.0609908991253261,25,7750.0
90765.0,56,32971.0,531.7903225806451,0.8854933721305105,64453.08501359774,1039.5658873160926,3460316.902,55811.56293548387,30,7887.0,0.016753304457386223,30,7887.0
90770.0,49,33047.0,550.7833333333333,1.0860613737822589,64599.507878087505,1076.658464634792,3504818.857,58413.64761666666,22,7706.0,0.07617570894002579,22,7706.0
90775.0,46,33180.0,526.6666666666666,2.0574128113472048,64872.71022361408,1029.7255591049855,3504820.5379999997,55632.07203174603,18,7592.0,0.07274976952702512,18,7592.0
90780.0,44,33340.0,537.741935483871,2.441342562332315,65080.39027451755,1049.6837141051217,3460344.2879999997,55812.004645161294,17,7638.0,0.10180415922589006,17,7638.0
90785.0,47,33554.0,524.28125,1.6113028981843542,65077.76832875844,1016.8401301368503,3371475.381,52679.302828125,21,7717.0,0.06690315887836881,21,7717.0
90790.0,43,33496.0,540.258064516129,1.8560943318956273,65022.529553976594,1048.7504766770417,3282621.744,52945.512,17,7537.0,0.14892011958820123,17,7537.0
90795.0,47,33724.0,526.9375,1.9007975556661352,65289.24037237756,1020.1443808183992,3371644.9220000003,52681.951906250004,20,7556.0,0.09662671607715521,20,7556.0
90800.0,52,33973.0,514.7424242424242,1.5281334878296648,65517.133829190105,992.6838458968195,3416161.586,51760.02403030302,26,7642.0,0.0005252657929086814,26,7642.0
90805.0,53,34238.0,503.5,2.1419821576845695,65699.25823760942,966.1655623177854,3460680.646,50892.36244117647,27,7742.0,0.05188787216839508,27,7742.0
90810.0,49,34351.0,545.2539682539683,1.6740491422235015,65794.24110784434,1044.3530334578465,3460677.646,54931.39120634921,21,7608.0,0.11603862646982607,21,7608.0
90815.0,49,34479.0,547.2857142857143,1.7779208618898925,66040.95582142734,1048.2691400226563,3460677.646,54931.39120634921,21,7493.0,0.06745903110694297,21,7493.0
90820.0,46,34643.0,558.758064516129,1.8328361604909698,66174.88788385256,1067.3369013524602,3416221.631,55100.34888709678,19,7484.0,0.08830991809046788,19,7484.0
90825.0,50,34868.0,571.6065573770492,0.9701390683234975,66142.02616500384,1084.2955109017023,3282837.2699999996,53817.0044262295,23,7571.0,0.05549637375393504,23,7571.0
90830.0,48,35043.0,584.05,1.31023499360993,66186.57358620323,1103.1095597700541,3238440.6649999996,53974.01108333333,22,7600.0,0.0717378211166128,22,7600.0
90835.0,51,35290.0,569.1935483870968,0.9846578050200028,66462.59491304035,1071.9773373071023,3327506.7299999995,53669.46338709676,25,7676.0,0.07242339528988741,25,7676.0
90840.0,56,35557.0,564.3968253968254,0.9378942451371435,66730.42092041703,1059.2130304828102,3416566.641999999,54231.21653968252,29,7778.0,0.03123929788544273,29,7778.0
90845.0,57,35838.0,534.8955223880597,1.2211997701204143,66988.22072543604,999.8241899318816,3461099.951999999,51658.208238805964,31,7894.0,0.031524865468000554,31,7894.0
90850.0,51,35978.0,536.9850746268656,1.567966222183395,67233.10978984022,1003.4792505946302,3505630.8999999994,52322.84925373134,25,7835.0,0.10135415108593969,25,7835.0
90855.0,51,36152.0,539.5820895522388,2.0957073674055073,67521.40628769987,1007.7821833985055,3505630.8999999994,52322.84925373134,23,7796.0,0.0598055337652765,23,7796.0
90860.0,50,36329.0,558.9076923076923,1.5496310191383165,67673.84091966803,1041.136014148739,3416605.581,52563.16278461538,23,7875.0,0.07917592354594408,23,7875.0
90865.0,54,36579.0,580.6190476190476,0.5292917728775252,67685.0920653449,1074.3665407197602,3283106.815,52112.80658730158,28,7979.0,0.04130690834954099,28,7979.0
90870.0,52,36788.0,583.936507936508,1.1001370933457373,67972.79405983324,1078.9332390449717,3283117.485,52112.97595238095,26,8032.0,0.057015885677728965,26,8032.0
90875.0,58,37058.0,544.9705882352941,1.2858629678531717,68265.40728723747,1003.9030483417273,3372203.046,49591.221264705884,30,8137.0,0.03670159499814661,30,8137.0
90880.0,60,37346.0,549.2058823529412,1.176448262797476,68538.20146233341,1007.914727387256,3461286.447,50901.27127941177,33,8260.0,0.046791975811755177,33,8260.0
90885.0,61,37645.0,553.6029411764706,0.6778907157159587,68794.28077707473,1011.6805996628639,3461286.447,50901.27127941176,34,8391.0,0.053516753587746324,34,8391.0
90890.0,57,37421.0,550.3088235294117,1.3913251792773844,69108.16373388618,1016.2965254983261,3461286.447,50901.27127941176,29,8018.0,0.07187061946540463,29,8018.0
90895.0,58,37709.0,554.5441176470588,1.795171739578603,69404.30885506935,1020.6516008098433,3461286.447,50901.27127941176,30,8105.0,9.370787333634888e-06,30,8105.0
90900.0,60,37999.0,550.7101449275362,1.5562431071641625,69563.81999313082,1008.1713042482723,3461286.173,50163.56772463768,30,8220.0,0.0,30,8220.0
90905.0,58,38289.0,589.0615384615385,0.9334516451211302,69418.78495987432,1067.981307074989,3461283.137,53250.5098,30,8335.0,0.0,30,8335.0
90910.0,51,38276.0,607.5555555555555,1.6331444196318592,69691.25155186697,1106.2103420931264,3461279.413,54940.943063492065,23,8188.0,0.1433586256229075,23,8188.0
90915.0,51,38351.0,608.7460317460317,1.718345844807326,69970.0251003983,1110.6353190539414,3461279.413,54940.943063492065,23,8092.0,0.07363041271478943,23,8092.0
90920.0,48,38392.0,609.3968253968254,1.684575643026743,70247.02276024834,1115.0321073055288,3461279.413,54940.943063492065,21,8163.0,0.058117371685511406,21,8163.0
90925.0,51,38602.0,632.8196721311475,0.9485589740183067,70202.97356288157,1150.8684190636325,3327759.1000000006,54553.42786885246,24,8280.0,0.04798348569136903,24,8280.0
90930.0,47,38676.0,623.8064516129032,1.6503448962361993,70246.79984946761,1133.0129007978653,3283315.1320000007,52956.69567741936,21,8239.0,0.09271872911659444,21,8239.0
90935.0,50,38918.0,598.7384615384616,2.057629048693948,70515.55346593738,1084.8546687067287,3372471.858000001,51884.18243076923,23,8301.0,0.05093060636576497,23,8301.0
90940.0,53,39177.0,612.140625,1.4863875581077783,70729.10900858961,1105.1423282592132,3417051.999000001,53391.437484375,27,8395.0,0.05044421424132541,27,8395.0
90945.0,57,39455.0,616.484375,0.8634263576540786,70937.81332098664,1108.4033331404164,3461637.3850000007,54088.084140625,30,8506.0,0.04967528672848486,30,8506.0
90950.0,52,39587.0,648.9672131147541,0.8678638514127895,71150.25641414984,1166.397646133604,3461637.3850000007,56748.15385245903,24,8361.0,0.045932642467953935,24,8361.0
90955.0,49,39742.0,630.8253968253969,1.7628425630415387,71429.7052252818,1133.8048448457428,3461638.5490000006,54946.64363492064,21,8264.0,0.06374325506456809,21,8264.0
90960.0,45,39878.0,653.7377049180328,1.962854564192071,71488.11196492545,1171.936261720089,3372581.4380000005,55288.22029508198,18,8244.0,0.0857751995036288,18,8244.0
90965.0,49,40095.0,616.8461538461538,1.3616618465846457,71528.15012867044,1100.4330789026224,3283544.475,50516.06884615385,22,8326.0,0.054378625555616275,22,8326.0
90970.0,50,40289.0,629.515625,1.9637377722306932,71578.73441058934,1118.4177251654587,3239078.2430000002,50610.597546875004,24,8370.0,0.17253495315896641,24,8370.0
90975.0,54,40547.0,614.3484848484849,1.2385637509533556,71864.34019977105,1088.8536393904706,3328275.856,50428.42206060606,28,8463.0,0.03907475876133776,28,8463.0
90980.0,59,40830.0,600.4411764705883,1.2899947209108438,72123.43850169219,1060.638801495473,3417469.294,50256.90138235295,32,8581.0,0.02518028637867191,32,8581.0
90985.0,59,41123.0,595.9855072463768,1.5608237244254708,72427.65009076454,1049.6760882719495,3462065.529,50174.86273913044,33,8709.0,0.033353926294764275,33,8709.0
90990.0,50,40396.0,621.4769230769231,1.3433392686945262,72670.75162456956,1118.0115634549168,3506657.529,53948.57736923077,22,8191.0,0.09219457478666142,22,8191.0
90995.0,47,40454.0,612.939393939394,1.7434208306003267,72962.14892486972,1105.4871049222684,3506657.529,53131.17468181818,18,7887.0,0.07646721061666988,18,7887.0
91000.0,47,40614.0,644.6666666666666,1.3794554597239144,72861.71655662834,1156.5351834385451,3417543.7380000004,54246.726,20,7945.0,0.06416936921543318,20,7945.0
91005.0,52,40848.0,628.4307692307692,1.1784656830841254,73138.7083788343,1125.2108981359122,3372959.1870000004,51891.6798,25,8034.0,0.014865371140138575,25,8034.0
91010.0,52,41084.0,662.6451612903226,1.2018963336934412,72829.33633869613,1174.6667151402598,3372955.707,54402.51140322581,26,8115.0,0.035616596045744506,26,8115.0
91015.0,55,41351.0,656.3650793650794,0.9586337691004414,73118.61536709772,1160.6129423348843,3417566.429,54247.08617460318,29,8218.0,0.018972922432372006,29,8218.0
91020.0,58,41634.0,660.8571428571429,0.7226617699663999,73244.29781435733,1162.6079018151954,3417650.214,54248.4160952381,30,8333.0,0.03317979612035989,30,8333.0
91025.0,58,41924.0,655.0625,0.7855461795191501,73533.75966015637,1148.964994689943,3417650.0600000005,53400.78218749999,30,8448.0,0.024719367113490855,30,8448.0
91030.0,55,42050.0,637.1212121212121,1.1973015919845138,73816.86519277745,1118.4373514057188,3417651.318,51782.595727272725,27,8312.0,0.08085558508250938,27,8312.0
91035.0,51,42178.0,639.060606060606,1.8014998542096896,74109.43502909434,1122.8702277135503,3417651.318,51782.595727272725,23,8210.0,0.08002835446340828,23,8210.0
91040.0,50,42337.0,651.3384615384615,1.6920855378514357,74375.97261710098,1144.2457325707844,3373039.818,51892.920276923076,23,8218.0,0.11103779571411239,23,8218.0
91045.0,54,42573.0,635.4179104477612,1.2006479716249503,74368.75298277204,1109.981387802568,3328594.0209999997,49680.50777611939,28,8331.0,0.041326211301266014,28,8331.0
91050.0,47,42625.0,655.7692307692307,1.3842459551682733,74316.80751189524,1143.3355001830032,3239523.7269999995,49838.82656923077,21,8043.0,0.1097100198384327,21,8043.0
91055.0,51,42854.0,612.2,1.4949267132328183,74613.23610826438,1065.9033729752052,3328801.727,47554.310385714285,22,8006.0,0.09178849704040533,22,8006.0
91060.0,55,43105.0,598.6805555555555,1.8807925948617426,74920.4275334786,1040.561493520536,3418071.781,47473.219180555556,28,8096.0,0.07424485451158268,28,8096.0
91065.0,58,43385.0,619.7857142857143,0.9078808684848264,74845.42644645352,1069.220377806479,3418124.357999999,48830.347971428564,32,8212.0,0.03502306539610298,32,8212.0
91070.0,52,42887.0,612.6714285714286,1.531004287811181,75031.3429731503,1071.8763281878614,3507391.9589999993,50105.59941428571,26,7636.0,0.06663373643660682,26,7636.0
91075.0,57,43156.0,607.830985915493,2.182143815885105,75215.05344902693,1059.366949986295,3552074.678999999,50029.22083098591,30,7654.0,0.024354507191829775,30,7654.0
91080.0,60,43443.0,603.375,1.940467560315868,75351.87856615648,1046.5538689743958,3552074.6929999995,49334.37073611111,30,7769.0,0.005279503210955106,30,7769.0
91085.0,59,43737.0,652.7910447761194,1.0400055254415976,74993.11531901364,1119.3002286419949,3552071.352999999,53015.990343283585,31,7888.0,7.012060820057732e-07,31,7888.0
91090.0,50,43787.0,673.6461538461539,1.6759874762274858,75227.12890139334,1157.3404446368206,3552070.626999999,54647.240415384615,22,7770.0,0.11840530050527143,22,7770.0
91095.0,47,43897.0,675.3384615384615,1.9697404763604267,75510.62079998922,1161.7018584613725,3552070.626999999,54647.240415384615,19,7670.0,0.0712481747836072,19,7670.0
91100.0,49,44045.0,657.3880597014926,1.9600059349460108,75791.7510059689,1131.220164268192,3552074.018999999,53016.030134328365,22,7738.0,0.0737456272532298,22,7738.0
91105.0,51,44267.0,713.983870967742,1.1044128466911483,75738.95212906097,1221.5960020816287,3328989.5079999994,53693.37916129032,24,7841.0,0.08359089407706546,24,7841.0
91110.0,43,44084.0,699.7460317460317,1.6025388331429293,75795.9670384705,1203.1105879122304,3284455.099,52134.20792063492,17,7646.0,0.08169749426636266,17,7646.0
91115.0,48,44313.0,671.4090909090909,2.263220910274413,76066.56066044825,1152.5236463704282,3373767.481,51117.68910606061,22,7580.0,0.12005793892986037,22,7580.0
91120.0,51,44559.0,675.1363636363636,2.0317837821075604,76322.58427320834,1156.4027920183087,3418423.6410000003,51794.2975909091,25,7661.0,0.05943076047198984,25,7661.0
91125.0,54,44822.0,689.5692307692308,1.417151936029413,76307.93093173699,1173.9681681805687,3463080.251,53278.15770769231,27,7757.0,0.030076668244775725,27,7757.0
91130.0,50,44952.0,736.9180327868852,1.5242250557283636,76406.57640596747,1252.566826327336,3463080.2390000005,56771.80719672131,22,7656.0,0.09219399270099994,22,7656.0
91135.0,48,45101.0,727.4354838709677,1.869707533069111,76650.21683842436,1236.2938199745865,3463078.407,55856.103338709676,20,7573.0,0.0699848328923266,20,7573.0
91140.0,44,45229.0,766.5932203389831,2.217706359623893,76744.54165959127,1300.7549433829033,3329166.015,56426.542627118644,17,7482.0,0.09302140045098793,17,7482.0
91145.0,45,45431.0,744.7704918032787,1.8489802356304526,76747.05161870515,1258.1483871918872,3284637.565,53846.5174590164,18,7550.0,0.11528495358058953,18,7550.0
91150.0,49,45669.0,748.672131147541,1.5551843700086903,76899.22928378542,1260.6431030128756,3284696.643,53847.48595081968,23,7638.0,0.12352316175890973,23,7638.0
91155.0,48,45829.0,763.8166666666667,1.3714342532374029,76937.52709604714,1282.292118267452,3240130.443,54002.17405,22,7633.0,0.07556066441395222,22,7633.0
91160.0,52,46076.0,719.9375,1.5779399557728886,77210.456803091,1206.413387548297,3329479.1180000002,52023.11121875,25,7715.0,0.030015842636186174,25,7715.0
91165.0,53,46337.0,712.876923076923,1.9748800109077058,77448.05792536412,1191.5085834671402,3374151.3499999996,51910.02076923077,27,7811.0,0.04289101310864919,27,7811.0
91170.0,55,46605.0,751.6935483870968,0.7887133839526362,77641.68077995822,1252.2851738702939,3463490.3719999995,55862.74793548387,29,7914.0,0.07902228661938651,29,7914.0
91175.0,55,46649.0,740.4603174603175,0.9799666918280605,77926.65228702861,1236.9309886829938,3508157.5299999993,55685.04015873015,28,7791.0,0.00011032968227698475,28,7791.0
91180.0,56,46929.0,733.265625,1.4152382166999442,78213.27273194323,1222.0823864366125,3508158.4649999994,54814.976015625,28,7896.0,0.046683063986285564,28,7896.0
91185.0,57,47211.0,715.3181818181819,1.288365049272417,78504.36723816424,1189.4601096691551,3508158.777,53153.92086363636,29,8003.0,0.011395253238019992,29,8003.0
91190.0,58,47500.0,791.6666666666666,0.4373767302120456,78521.33251049044,1308.6888751748404,3508154.0129999993,58469.233550000004,30,8117.0,0.0,30,8117.0
91195.0,55,47733.0,795.55,0.6334322810370655,78806.61652376638,1313.4436087294393,3508154.0129999993,58469.233550000004,27,8175.0,0.017352182179040426,27,8175.0
91200.0,56,48011.0,800.1833333333333,0.7417069930975024,79092.47548768598,1318.2079247947659,3508154.0129999993,58469.233550000004,28,8278.0,1.8202370143912858e-05,28,8278.0
91205.0,56,48291.0,742.9384615384615,1.0780855066686736,79355.20127768387,1220.8492504259057,3508158.9869999997,53971.67672307692,28,8383.0,0.01513566683675173,28,8383.0
91210.0,56,48571.0,747.2461538461539,1.2647176777939377,79598.45209705149,1224.5915707238685,3508159.8709999993,53971.69032307691,28,8488.0,0.12491487391035293,28,8488.0
91215.0,52,48371.0,744.1692307692308,1.1766795434552184,79896.3450109678,1229.1745386302734,3508159.8709999993,53971.69032307691,24,8257.0,0.04720164426931814,24,8257.0
91220.0,50,48324.0,743.4461538461538,2.0021816837571187,80179.41123642886,1233.5294036373675,3508159.8709999993,53971.69032307691,22,8078.0,0.09756715507849759,22,8078.0
91225.0,48,48354.0,755.53125,2.2669480701899363,80389.22490304241,1256.081639110038,3463482.5989999995,54116.915609375,21,7900.0,0.09108114061004595,21,7900.0
91230.0,48,48539.0,808.9833333333333,1.407354771163873,80122.78359095151,1335.3797265158587,3284959.641,54749.32735,21,8021.0,0.08524250910945651,21,8021.0
91235.0,53,48786.0,774.3809523809524,1.1642477957086004,80261.24941581738,1273.9880859653558,3285059.134,52143.79577777778,25,8153.0,0.06399553625229154,25,8153.0
91240.0,49,48934.0,776.7301587301587,1.6744890187235297,80330.31509560262,1275.0843665968673,3285187.928,52145.84012698412,23,8136.0,0.0959749378999828,23,8136.0
91245.0,52,49188.0,756.7384615384616,1.6553235414918714,80504.04877968773,1238.5238273798116,3329975.5829999996,51230.39358461538,25,8225.0,0.0844837583775265,25,8225.0
91250.0,55,49455.0,760.8461538461538,1.4316145962624867,80769.84800824441,1242.6130462806834,3374692.971,51918.3534,29,8327.0,0.05161816478916367,29,8327.0
91255.0,57,49735.0,765.1538461538462,0.8926940023799163,80974.3493067095,1245.7592201032232,3464133.0839999993,53294.35513846154,31,8442.0,0.03919172424175771,31,8442.0
91260.0,55,49854.0,733.1470588235294,1.3966790801053437,81262.26896537219,1195.0333671378264,3553571.654,52258.40667647058,26,8282.0,0.10166313360368373,26,8282.0
91265.0,50,50020.0,714.5714285714286,2.341230493757081,81520.68558755683,1164.5812226793832,3553570.654,50765.29505714285,22,8202.0,0.06199769533217253,22,8202.0
91270.0,47,50204.0,727.5942028985507,3.0857318339450956,81716.35972580987,1184.2950684899981,3508903.4960000003,50853.67385507246,20,8049.0,0.17388176211158232,20,8049.0
91275.0,49,50433.0,775.8923076923077,1.6957251410399377,81628.35285236676,1255.8208131133347,3330174.538,51233.454430769234,23,8126.0,0.0935428413992791,23,8126.0
91280.0,55,50696.0,792.125,0.9140343792182071,81717.79156795888,1276.8404932493572,3285560.4000000004,51336.881250000006,28,8230.0,0.06779673639984439,28,8230.0
91285.0,52,50905.0,771.2878787878788,1.2368643827588246,81827.47875120628,1239.8102841091861,3240948.7900000005,49105.2846969697,26,8274.0,0.039481384270374544,26,8274.0
91290.0,56,51182.0,720.8732394366198,1.985252416902773,82129.751967992,1156.757069971718,3330399.5670000007,46907.03615492958,30,8386.0,0.09465734137454734,30,8386.0
91295.0,61,51472.0,705.0958904109589,1.4401865443947777,82426.26020314546,1129.126852097883,3419842.711,46847.16042465754,34,8511.0,0.07609646724938682,34,8511.0
91300.0,67,51792.0,739.8857142857142,0.20041306373388865,82679.35144827029,1181.133592118147,3464559.3510000003,49493.70501428572,41,8666.0,0.019244269312376414,41,8666.0
91305.0,57,51114.0,719.9154929577464,0.8971090875874559,83020.23324249586,1169.2990597534629,3509281.2810000004,49426.49691549296,30,8240.0,0.03315962660170386,30,8240.0
91310.0,52,51185.0,720.9154929577464,1.3533577404091386,83341.55108917465,1173.824663227812,3509281.2810000004,49426.49691549296,23,8019.0,0.06174865493008205,23,8019.0
91315.0,50,51390.0,723.8028169014085,1.2583346867162857,83332.06014394228,1173.6909879428492,3464557.360000001,48796.582535211266,22,8095.0,0.036600990985985245,22,8095.0
91320.0,56,51638.0,759.3823529411765,1.1513603044275953,83579.63429095139,1229.1122689845793,3330389.1330000004,48976.31077941177,30,8206.0,0.017492909128451237,30,8206.0
91325.0,56,51844.0,710.1917808219179,1.719806559534173,83688.51043360202,1146.4179511452335,3419871.1370000006,46847.54982191782,30,8256.0,0.04306548154686315,30,8256.0
91330.0,61,52139.0,714.2328767123288,1.5594974350183521,83661.35932491082,1146.0460181494636,3509334.715000001,48073.07828767124,33,8384.0,0.08131862045377229,33,8384.0
91335.0,64,52444.0,728.3888888888889,0.7047454448347801,83887.4819668856,1165.1039162067448,3464610.4420000007,48119.58947222223,36,8521.0,0.021547549972295126,36,8521.0
91340.0,67,52776.0,733.0,0.5869209954982483,84196.95839728709,1169.402199962321,3464611.6000000006,48119.60555555556,39,8678.0,0.01469540485097946,39,8678.0
91345.0,61,52930.0,745.4929577464789,1.1813239671900335,84490.03471246842,1190.0004889080064,3464611.6000000006,48797.34647887324,33,8656.0,0.01927399730866006,33,8656.0
91350.0,58,53116.0,758.8,1.5900883690866463,84799.04871886135,1211.4149816980198,3464611.6000000006,49494.45142857143,30,8593.0,0.04445329836285593,30,8593.0
91355.0,54,53271.0,772.0434782608696,1.4661474958583463,84976.46622476097,1231.542988764652,3375170.7700000005,48915.518405797106,27,8696.0,0.05913816941667381,27,8696.0
91360.0,56,53523.0,798.8507462686567,0.9112251445157618,85084.1233224641,1269.912288394987,3285750.9120000005,49041.05838805971,30,8827.0,0.06536403615228674,30,8827.0
91365.0,50,52706.0,732.0277777777778,1.6921771399966912,85220.13835480835,1183.6130327056717,3285837.832000001,45636.63655555555,22,8048.0,0.07208257496800816,22,8048.0
91370.0,53,52962.0,725.5068493150685,2.8821157783090694,85513.79931703203,1171.4219084524937,3330596.8420000006,45624.6142739726,26,7951.0,0.09082601804946136,26,7951.0
91375.0,56,53227.0,719.2837837837837,2.160174248387739,85665.69018521515,1157.644461962367,3420111.5440000007,46217.72356756756,30,8058.0,0.05518708005192594,30,8058.0
91380.0,62,53525.0,810.9848484848485,0.5075546986331302,85003.59981706706,1287.933330561623,3464857.8100000005,52497.845606060604,36,8191.0,0.011140219455836854,36,8191.0
91385.0,57,53686.0,778.0579710144928,1.314673287951438,85296.95780154054,1236.187794225226,3509614.1330000004,50863.97294202899,29,8158.0,0.04701810571690079,29,8158.0
91390.0,53,53875.0,769.6428571428571,2.0637669567134678,85551.13445295175,1222.1590636135963,3509615.021,50137.357442857145,25,8123.0,0.11808003086443315,25,8123.0
91395.0,50,54054.0,794.9117647058823,1.8071161933124462,85812.50525510157,1261.9486066926704,3420093.268,50295.48923529412,22,8138.0,0.06732871612198732,22,8138.0
91400.0,53,54292.0,822.6060606060606,1.010135979521546,85902.91788363014,1301.5593618731841,3330652.63,50464.43378787878,27,8246.0,0.05538287927906347,27,8246.0
91405.0,48,54244.0,821.8787878787879,1.588596150225243,86011.37397052025,1303.2026359169736,3285973.951,49787.484106060605,22,8114.0,0.06831807952179572,22,8114.0
91410.0,54,54495.0,801.3970588235294,1.830106880554828,86204.44168427109,1267.712377709869,3330791.024,48982.22094117646,27,8130.0,0.07669326423901698,27,8130.0
91415.0,57,54760.0,760.5555555555555,1.7546880793304254,86426.91920498524,1200.3738778470172,3420329.474,47504.57602777778,28,8231.0,0.06827829868038665,28,8231.0
91420.0,57,55041.0,786.3,1.5006133767499628,86612.73992536563,1237.3248560766515,3465093.881,49501.34115714286,31,8347.0,0.03892022761825731,31,8347.0
91425.0,56,55195.0,849.1538461538462,0.905343653095801,86712.47471609642,1334.038072555329,3465090.437,53309.08364615385,28,8284.0,0.05799334618647497,28,8284.0
91430.0,54,55385.0,852.0769230769231,1.5117709766921539,87008.80548314171,1338.5970074329489,3465090.437,53309.08364615385,26,8249.0,0.05233960213103723,26,8249.0
91435.0,49,55554.0,868.03125,2.0532530031365592,87270.67773154395,1363.604339555375,3420320.715,53442.511171875,22,8185.0,0.07240211260153206,22,8185.0
91440.0,52,55783.0,885.4444444444445,1.3595407916033189,87190.09184515219,1383.969711827813,3286160.948,52161.28488888888,23,8274.0,0.08210620186598243,23,8274.0
91445.0,52,56035.0,812.1014492753624,1.647264590154811,87391.69647532022,1266.5463257292793,3286224.1869999995,47626.43749275361,26,8373.0,0.04262374052363547,26,8373.0
91450.0,52,56219.0,826.75,2.2119809731119786,87463.66146508184,1286.230315662969,3241538.3749999995,47669.68198529412,26,8392.0,0.18584087799839444,26,8392.0
91455.0,56,56488.0,806.9714285714285,1.0640752918398642,87764.38925863005,1253.7769894090013,3331104.1799999997,47587.20257142857,28,8494.0,0.039052716275702004,28,8494.0
91460.0,60,56778.0,811.1142857142858,1.0770224033699947,88063.92228510912,1258.0560326444163,3375882.832,48226.8976,34,8621.0,0.021060649994015756,34,8621.0
91465.0,61,57082.0,803.9718309859155,1.3136102016049616,88377.96790547424,1244.760111344708,3465446.1569999997,48809.1008028169,35,8760.0,0.02845609057708124,35,8760.0
91470.0,52,56484.0,806.9142857142857,1.6462497018364306,88583.56839241866,1265.479548463124,3555004.4529999997,50785.777899999994,25,8292.0,0.07678536915141676,25,8292.0
91475.0,50,56529.0,807.5571428571428,2.093042901202382,88875.25512151995,1269.6465017359997,3555001.4529999997,50785.73504285714,20,8012.0,0.11981437843746734,20,8012.0
91480.0,48,56724.0,834.1764705882352,1.3994520546754696,88898.29763424478,1307.3279063859532,3510214.7509999997,51620.80516176471,21,8076.0,0.06021121175816421,21,8076.0
91485.0,54,56970.0,850.2985074626865,0.9833207226833672,89083.1511875765,1329.599271456366,3420672.334,51054.81095522388,27,8170.0,0.009956015688858188,27,8170.0
91490.0,56,57236.0,841.7058823529412,1.4741018849186993,89379.41914415098,1314.403222708103,3420681.6449999996,50304.14183823529,30,8276.0,0.05758797022949362,30,8276.0
91495.0,58,57523.0,845.9264705882352,1.058724521402163,89071.18445889482,1309.8703596896298,3465465.986,50962.7350882353,32,8398.0,0.022263805719370592,32,8398.0
91500.0,61,57826.0,876.1515151515151,0.8084891674991976,89266.17472472467,1352.5177988594646,3420711.634,51828.96415151515,33,8527.0,0.0008603327986952074,33,8527.0
91505.0,62,58135.0,867.6865671641791,0.419624662441745,89571.76709675224,1336.892046220183,3420711.634,51055.39752238806,34,8661.0,0.00862462169458775,34,8661.0
91510.0,58,58271.0,869.7164179104477,1.0391437073429544,89886.98590019236,1341.5968044804831,3420711.634,51055.39752238806,30,8604.0,0.07208302813527999,30,8604.0
91515.0,55,58434.0,872.1492537313433,1.3694983548152715,90192.1152040625,1346.150973194963,3420711.634,51055.39752238806,27,8569.0,0.043803711636854,27,8569.0
91520.0,53,58574.0,874.2388059701492,1.0293321486462335,90344.78721944046,1348.4296599916488,3331176.599,49719.05371641792,26,8665.0,0.052196096162353364,26,8665.0
91525.0,57,58821.0,852.4782608695652,1.1042859955554163,90460.37284154895,1311.0198962543327,3286456.995,47629.81152173914,30,8796.0,0.03874539703274888,30,8796.0
91530.0,48,58104.0,842.0869565217391,1.9631550079478415,90668.64268125707,1314.0382997283632,3286505.532,47630.51495652174,21,8081.0,0.13632943730322844,21,8081.0
91535.0,54,58360.0,810.5555555555555,2.6491776982618798,90958.28195367481,1263.3094715788175,3376142.1070000003,46890.86259722223,27,8026.0,0.04723244130293249,27,8026.0
91540.0,56,58625.0,803.082191780822,2.3964197415715005,91116.96660183051,1248.1776246826105,3465766.1450000005,47476.24856164384,29,8132.0,0.036703781446296165,29,8132.0
91545.0,59,58913.0,879.2985074626865,0.8835737898058437,90501.32920115697,1350.766107479955,3465758.7630000007,51727.742731343285,32,8253.0,0.003956475158131567,32,8253.0
91550.0,54,59058.0,922.78125,1.4637863314610697,90778.53455335143,1418.4146023961162,3465754.889000001,54152.420140625,26,8228.0,0.04413413203726645,26,8228.0
91555.0,55,59329.0,941.7301587301587,1.0932895598974275,91031.9613467646,1444.9517674089623,3465754.889000001,55011.98236507937,26,8318.0,0.008320054434856386,26,8318.0
91560.0,56,59606.0,977.1475409836065,0.9506069117404656,91243.79557924552,1495.7999275286156,3465753.427000001,56815.62995081968,28,8421.0,1.3135110715003015e-06,28,8421.0
91565.0,56,59886.0,965.9032258064516,0.8512512519577233,91449.27247302097,1474.988265693887,3465756.267000001,55899.294629032265,28,8526.0,0.0,28,8526.0
91570.0,50,59857.0,935.265625,1.5007114774264871,91689.1558418991,1432.6430600296737,3465761.4190000007,54152.522171875,22,8303.0,0.11604789110655736,22,8303.0
91575.0,47,59919.0,936.234375,2.1724401696881603,91964.97793614175,1436.9527802522146,3465761.4190000007,54152.522171875,19,8183.0,0.1015822183132525,19,8183.0
91580.0,47,59960.0,951.7460317460317,1.6919542207817007,92165.09740133968,1462.9380539895194,3420973.6710000006,54301.16938095239,20,8245.0,0.09757380808754196,20,8245.0
91585.0,53,60173.0,986.4426229508197,0.7256830080374667,92117.6544583052,1510.1254829230363,3331483.3330000006,54614.48086885247,26,8364.0,0.04641923442261262,26,8364.0
91590.0,51,60373.0,989.7213114754098,0.9835572114037884,92163.08447354169,1510.8702372711755,3331632.4490000005,54616.92539344263,24,8435.0,0.03274420326188344,24,8435.0
91595.0,55,60633.0,932.8153846153846,1.543912847241141,92442.35376787245,1422.1900579672686,3376485.5880000005,51945.93212307691,27,8530.0,0.07268789674334797,27,8530.0
91600.0,56,60903.0,909.0,1.5963430724121845,92732.33539657296,1384.064707411537,3466192.9410000006,51734.223,29,8635.0,0.03586060358594366,29,8635.0
91605.0,60,61190.0,927.1212121212121,0.7510375057272878,92942.5217791439,1408.2200269567259,3466192.4950000006,52518.06810606061,32,8754.0,0.06555526228481283,32,8754.0
91610.0,63,61494.0,931.7272727272727,0.5237336506014693,93257.2495593895,1412.9886296877194,3466192.4950000006,52518.06810606061,35,8883.0,0.04890813357189716,35,8883.0
91615.0,52,61036.0,924.7878787878788,0.8739490369834858,93570.21978341401,1417.730602779,3466192.4950000006,52518.06810606061,24,8293.0,0.037746303268568246,24,8293.0
91620.0,52,61090.0,898.3823529411765,1.2405670681988952,93872.13859600626,1380.472626411857,3466192.531000001,50973.41957352941,21,8191.0,0.0744268297616417,21,8191.0
91625.0,50,61235.0,874.7857142857143,1.6308488459888866,94161.35742073618,1345.1622488676596,3421337.057000001,48876.24367142858,21,8258.0,0.03497252507207517,21,8258.0
91630.0,55,61439.0,903.5147058823529,1.4643904178074967,94010.63326510487,1382.5093127221307,3376571.052,49655.456647058825,28,8370.0,0.09330949623035804,28,8370.0
91635.0,54,61637.0,919.955223880597,1.2012023149376558,93913.35822800534,1401.6919138508263,3421449.1800000006,51066.40567164179,28,8427.0,0.05641481923608671,28,8427.0
91640.0,59,61919.0,897.3768115942029,1.4866838227699557,94215.33800269674,1365.4396811985036,3511206.9200000004,50887.05681159421,31,8541.0,0.030142224521217783,31,8541.0
91645.0,61,62210.0,914.8529411764706,1.1123995970517893,94329.33506536939,1387.1961039024914,3466427.1750000003,50976.87022058823,33,8664.0,0.0182868916027436,33,8664.0
91650.0,61,62511.0,933.0,0.9167909735621864,94600.6947907631,1411.9506685188521,3466425.765,51737.69798507463,33,8790.0,0.04444376529991553,33,8790.0
91655.0,50,62479.0,946.6515151515151,1.4055819608646216,94845.97081246771,1437.0601638252685,3466425.765,52521.60249999999,22,8343.0,0.07756271372847491,22,8343.0
91660.0,48,62583.0,948.2272727272727,1.6551781133260965,95136.33618047209,1441.459639098062,3466425.765,52521.60249999999,19,8279.0,0.09295856341281675,19,8279.0
91665.0,52,62738.0,980.28125,1.2108850488701668,95201.11670133821,1487.5174484584095,3376790.913,52762.358015624995,24,8353.0,0.02634109342337304,24,8353.0
91670.0,53,62967.0,1015.5967741935484,0.6952755703757743,95211.53689370806,1535.6699498985172,3376812.858,54464.72351612903,27,8468.0,0.012014793163733758,27,8468.0
91675.0,49,62785.0,996.5873015873016,1.2723383779600923,95332.33156057754,1513.2116120726598,3421711.823,54312.886079365075,23,8157.0,0.017642592705096757,23,8157.0
91680.0,51,63035.0,984.921875,2.1924748706014947,95602.68501919498,1493.7919534249218,3466619.425,54165.928515625,25,8229.0,0.0192773914205471,25,8229.0
91685.0,53,63298.0,944.7462686567164,1.697493836229906,95472.67385097333,1424.9652813578107,3421845.7150000003,51072.3241044776,25,8319.0,0.033243600805177666,25,8319.0
91690.0,56,63573.0,1025.3709677419354,1.0556221552220355,95485.25090437813,1540.0846920060992,3421841.661,55190.99453225807,28,8419.0,0.07823287410609633,28,8419.0
91695.0,52,63682.0,1027.1290322580646,0.6599944442845688,95775.35250437509,1544.7637500705657,3421841.661,55190.99453225807,24,8191.0,0.03838077030171035,24,8191.0
91700.0,52,63830.0,997.34375,1.3511849564923948,96064.67680731612,1501.0105751143142,3421843.413,53466.303328124995,24,8023.0,0.05163343791133909,24,8023.0
91705.0,48,63947.0,1015.031746031746,1.5526735246505614,96327.84534315638,1529.0134181453398,3376939.0530000003,53602.20719047619,21,8095.0,0.06155674595198677,21,8095.0
91710.0,52,64171.0,1051.983606557377,0.5969518363644688,96049.45011333906,1574.581149399001,3287475.5760000004,53893.04222950819,25,8201.0,0.053966335744652455,25,8201.0
91715.0,48,64156.0,1002.4375,1.5226354363462329,96332.11479892826,1505.189293733254,3377339.703,52770.932859374996,21,8083.0,0.05863028627989709,21,8083.0
91720.0,50,64398.0,1006.21875,1.8009107677345062,96442.40373411491,1506.912558345546,3377453.3850000002,52772.709140625,24,8122.0,0.08289220980541048,24,8122.0
91725.0,54,64655.0,937.0289855072464,1.8134767952332878,96668.70455865448,1400.995718241369,3467311.327,50250.88879710144,27,8214.0,0.04305986951476255,27,8214.0
91730.0,56,64929.0,983.7727272727273,1.5638518435736817,96828.6573255139,1467.1008685683926,3467313.845,52535.05825757574,28,8319.0,0.08081262297829285,28,8319.0
91735.0,51,65055.0,1049.274193548387,0.930049819197144,96965.93936707251,1563.9667639850404,3467309.969,55924.35433870969,23,8101.0,0.05690688671893842,23,8101.0
91740.0,51,65216.0,1051.8709677419354,1.5794279921747678,97246.42311679505,1568.4906954321787,3467309.969,55924.35433870969,23,7930.0,0.0634931868679327,23,7930.0
91745.0,47,65357.0,1021.203125,1.9616101879450236,97506.217967392,1523.534655740501,3422377.195,53474.643671875005,20,7896.0,0.0754081326079178,20,7896.0
91750.0,49,65576.0,1024.625,1.5649089388987631,97383.74730666462,1521.621051666635,3332763.943,52074.436609375,22,7983.0,0.14850385964531615,22,7983.0
91755.0,43,43981.0,698.1111111111111,1.6188080382960457,97338.67005917527,1545.0582549075439,3288051.522,52191.294,21,5081.0,0.05736562228609613,21,5081.0
91760.0,40,28344.0,442.875,2.8406841489229713,97449.96492202644,1522.6557019066631,3333100.414,52079.69396875,26,3201.0,0.09727617136833774,26,3201.0
91765.0,36,10718.0,157.61764705882354,3.358109333613421,93644.9482751531,1377.1315922816632,3342126.367,49148.91716176471,30,6305.0,0.0617384392398741,30,6305.0
91770.0,40,1009.0,15.523076923076923,2.340543107113282,71846.40549095014,1105.3293152453875,3069351.402,47220.7908,38,8429.0,0.028977477013627094,38,8429.0
91775.0,41,1080.0,16.363636363636363,1.7503756939602972,58908.00223131721,892.5454883532913,2912610.7269999995,44130.46556060606,33,8339.0,0.022293061532055902,33,8339.0
91780.0,44,1176.0,17.043478260869566,2.310480815873304,55911.60593192968,810.3131294482567,3170181.0199999996,45944.65246376811,30,8207.0,0.040831558602700935,30,8207.0
91785.0,46,1332.0,19.02857142857143,2.209869801008428,54201.03076257939,774.3004394654201,3256885.1049999995,46526.930071428564,28,8316.0,0.08886967973389374,28,8316.0
91790.0,56,1575.0,22.82608695652174,0.7970513268555938,54048.56940832405,783.3126001206385,3331662.5389999994,48284.96433333333,33,8463.0,0.044320834829464445,33,8463.0
91795.0,53,1488.0,21.565217391304348,1.3749080773250444,54133.09012959372,784.537538110054,3331811.3329999996,48287.12076811594,26,8293.0,0.07935213091907438,26,8293.0
91800.0,58,1759.0,24.430555555555557,1.7908636829133195,54433.633591196194,756.0226887666137,3376773.0289999996,46899.625402777776,30,8335.0,0.04442794728095428,30,8335.0
91805.0,62,2051.0,26.294871794871796,1.8444215488002946,54657.615148774574,700.7386557535201,3466702.725,44444.90673076924,36,8462.0,0.02541407321499539,36,8462.0
91810.0,63,2357.0,31.426666666666666,1.6067858451736834,54731.533049715916,729.7537739962121,3556621.7610000004,47421.62348,36,8603.0,0.09459480417063741,36,8603.0
91815.0,61,2521.0,34.534246575342465,0.7897735532469888,54993.184378703794,753.331292858956,3556621.7610000004,48720.846041095894,33,8541.0,0.04213706360120948,33,8541.0
91820.0,60,2722.0,37.28767123287671,1.5270487571945,55324.69848153249,757.8725819388011,3556621.7610000004,48720.846041095894,32,8546.0,0.04646707037718751,32,8546.0
91825.0,56,2948.0,40.94444444444444,1.6492809241753623,55604.823763346445,772.2892189353673,3511674.0720000006,48773.251,29,8602.0,0.060802597190604386,29,8602.0
91830.0,58,3217.0,45.957142857142856,0.9652196271634703,55589.42018570159,794.1345740814512,3331952.038,47599.314828571434,32,8745.0,0.04354042792336913,32,8745.0
91835.0,52,2594.0,36.02777777777778,1.962653132975503,55814.207297124856,775.1973235711786,3376968.722,46902.34336111111,24,8075.0,0.12470790703362994,24,8075.0
91840.0,55,2856.0,39.666666666666664,2.4594095501468263,56023.50633805256,778.1042546951742,3377016.776,46903.010777777774,29,8054.0,0.06226012096401548,29,8054.0
91845.0,58,3140.0,41.86666666666667,1.951878393962946,56113.66921828224,748.182256243763,3466955.0700000003,46226.067599999995,32,8173.0,0.011624780241746796,32,8173.0
91850.0,63,3445.0,50.661764705882355,0.7848035733911162,55681.318590645176,818.8429204506642,3511917.848,51645.85070588235,35,8310.0,0.031200947639233898,35,8310.0
91855.0,57,3520.0,51.76470588235294,1.0021210229878312,55962.42598332377,822.9768526959379,3511918.7260000003,51645.86361764705,29,8245.0,0.026500210064166953,29,8245.0
91860.0,58,3808.0,56.0,1.5541977659233401,56268.536287006,827.4784748089115,3511918.7260000003,51645.86361764705,30,8310.0,0.02522048148690985,30,8310.0
91865.0,58,4098.0,58.542857142857144,1.6054395467736797,56531.42730586737,807.5918186552482,3511918.7060000002,50170.26722857143,30,8425.0,0.0014564297385958802,30,8425.0
91870.0,60,4398.0,66.63636363636364,1.2283575007965326,56644.4963852313,858.2499452307773,3511913.4000000004,53210.80909090908,32,8550.0,0.0820454958642001,32,8550.0
91875.0,54,4406.0,69.93650793650794,0.631647604667018,56865.2164755992,902.6224837396697,3511913.4000000004,55744.65714285715,26,8416.0,0.017242700861650067,26,8416.0
91880.0,53,4507.0,68.28787878787878,1.6879591405734717,57155.60406271013,865.9940009501533,3511915.7420000006,53210.84457575757,25,8351.0,0.04920358504302772,25,8351.0
91885.0,47,4564.0,69.15151515151516,2.144985932445221,57265.41892458189,867.6578624936648,3422012.113000001,51848.66837878787,20,8360.0,0.09959404402646546,20,8360.0
91890.0,50,4769.0,73.36923076923077,1.3618905737299543,57402.82202445122,883.1203388377107,3377106.0800000005,51955.478153846154,23,8472.0,0.10436577949657032,23,8472.0
91895.0,51,4947.0,77.296875,1.2796156288672356,57398.35698553409,896.8493278989695,3287253.7100000004,51363.33921875,25,8521.0,0.060063522248312455,25,8521.0
91900.0,54,5212.0,78.96969696969697,1.7250368263960676,57684.806304681326,874.0122167375954,3377266.223,51170.70034848485,28,8621.0,0.09487429239249016,28,8621.0
91905.0,60,5492.0,80.76470588235294,1.0394375715741129,57925.998027529786,851.8529121695551,3467277.904,50989.38094117647,33,8736.0,0.005160080241568693,33,8736.0
91910.0,60,5790.0,89.07692307692308,0.821663827636556,58159.19472147529,894.7568418688497,3512283.7360000005,54035.1344,34,8869.0,0.041151873364321793,34,8869.0
91915.0,49,4969.0,74.16417910447761,1.1630142620583404,58462.13545409226,872.5691858819737,3602292.8780000005,53765.56534328357,23,8216.0,0.06702091028531437,23,8216.0
91920.0,48,4971.0,74.19402985074628,1.6521273782620138,58760.96621646188,877.029346514356,3602292.8780000005,53765.56534328357,18,7927.0,0.07304101709405136,18,7927.0
91925.0,46,5135.0,71.31944444444444,1.9614315441550447,58955.091662017265,818.8207175280174,3557335.0930000003,49407.43184722223,18,7980.0,0.05213880466499519,18,7980.0
91930.0,53,5373.0,76.75714285714285,1.7874366376705004,58857.31743081923,840.8188204402743,3422355.7919999994,48890.797028571425,25,8061.0,0.11704470361729484,25,8061.0
91935.0,52,5580.0,80.8695652173913,1.2827287853017704,58698.463712832076,850.7023726497399,3467369.4689999996,50251.7314347826,26,8123.0,0.020344180400676728,26,8123.0
91940.0,57,5861.0,84.94202898550725,1.181650554628189,58813.06408472262,852.363247604675,3512384.2559999996,50904.119652173904,31,8240.0,0.06531774667683071,31,8240.0
91945.0,59,6155.0,90.51470588235294,1.2136826347783858,59101.26604714484,869.1362653991883,3512384.0919999997,51652.70723529411,31,8360.0,0.02868017813521371,31,8360.0
91950.0,61,6457.0,99.33846153846154,0.7727668052708374,59265.789815400196,911.7813817753874,3467422.4359999998,53344.960553846155,33,8487.0,1.5911098230751496e-05,33,8487.0
91955.0,55,6318.0,98.71875,1.092205023047218,59494.21474565256,929.5971054008207,3467420.4579999996,54178.44465625,25,8190.0,0.012230307408440446,25,8190.0
91960.0,53,6583.0,101.27692307692308,2.11258700386351,59774.81586330093,919.6125517430908,3467420.783,53344.935123076924,25,8263.0,0.033669198489494324,25,8263.0
91965.0,54,6851.0,107.046875,1.9816034819209154,59889.32614634712,935.7707210366733,3467419.313,54178.426765625,26,8356.0,0.08643490394690825,26,8356.0
91970.0,56,7124.0,122.82758620689656,0.22207541720712978,59844.12614845596,1031.795278421654,3467412.699,59782.97756896551,28,8454.0,0.031127271257948244,28,8454.0
91975.0,52,7123.0,122.8103448275862,0.5719047602058396,60125.60445991731,1036.6483527571947,3467412.699,59782.97756896551,24,8269.0,0.017508124500407098,24,8269.0
91980.0,49,7129.0,118.81666666666666,1.3244993021725684,60392.911791498096,1006.5485298583013,3467412.743,57790.21238333333,19,8118.0,0.05328682811013093,19,8118.0
91985.0,44,7174.0,113.87301587301587,1.984852112305364,60663.50769497878,962.9128205552184,3467414.743,55038.32925396825,17,8169.0,0.06902652251995219,17,8169.0
91990.0,47,7353.0,120.54098360655738,1.6006826140248995,60461.088509104964,991.1653853951631,3377586.1209999993,55370.26427868851,20,8271.0,0.14979212653578994,20,8271.0
91995.0,46,7514.0,125.23333333333333,1.1614152683678867,60567.34841166377,1009.4558068610625,3332658.9379999996,55544.315633333325,20,8311.0,0.0669693692471994,20,8311.0
92000.0,51,7762.0,125.19354838709677,1.3783909549770894,60841.41113739421,981.3130828611968,3422787.3649999998,55206.24782258065,24,8392.0,0.05665361432947445,24,8392.0
92005.0,55,8020.0,121.51515151515152,1.4731332598033104,61089.58542145982,925.5997791130274,3512910.525,53225.917045454546,28,8487.0,0.05412960985903579,28,8487.0
92010.0,56,8295.0,127.61538461538461,1.2761243058251541,61341.04499988794,943.7083846136604,3512909.1409999994,54044.75601538462,28,8592.0,0.0616863202878738,28,8592.0
92015.0,53,8431.0,131.734375,1.2443941951661774,61578.590090337006,962.1654701615155,3512909.1409999994,54889.205328125005,25,8417.0,0.09373021913747037,25,8417.0
92020.0,50,8573.0,133.953125,1.705309392506512,61860.9752468644,966.5777382322557,3512909.1409999994,54889.205328125005,22,8188.0,0.07874150418582264,22,8188.0
92025.0,49,8743.0,136.609375,1.80504360177923,62136.75307678338,970.8867668247399,3512909.1409999994,54889.205328125005,22,8261.0,0.07754109302901538,22,8261.0
92030.0,51,8972.0,149.53333333333333,0.8479743028684948,61886.71726315466,1031.4452877192439,3332950.527,55549.17545,24,8359.0,0.05302929540949561,24,8359.0
92035.0,50,9187.0,148.17741935483872,0.9468533369055524,62052.96989202431,1000.8543530971658,3333029.3579999995,53758.538032258075,24,8426.0,0.024957053928010616,24,8426.0
92040.0,54,9450.0,145.3846153846154,1.404545339669258,62225.86092183837,957.3209372590517,3378190.052,51972.154646153846,28,8524.0,0.06108797244077719,28,8524.0
92045.0,56,9725.0,138.92857142857142,1.2745237165923116,62508.7643876308,892.9823483947254,3468348.958,49547.84225714286,29,8634.0,0.06403364028842157,29,8634.0
92050.0,63,10021.0,145.231884057971,0.7519824202060834,62785.86594724015,909.9400861918859,3513428.191,50919.24914492755,37,8765.0,0.07112064750721202,37,8765.0
92055.0,55,9597.0,139.08695652173913,0.6592298707955722,63113.52782485471,914.688809055865,3513428.191,50919.24914492755,26,8308.0,0.03987737441691187,26,8308.0
92060.0,53,9696.0,134.66666666666666,1.2006620525258171,63439.58912560007,881.1054045222229,3513430.7569999998,48797.64940277778,24,8097.0,0.05129551248314787,24,8097.0
92065.0,53,9898.0,139.40845070422534,1.579015314753262,63744.85792861276,897.8149004029963,3468347.589,48849.96604225352,25,8184.0,0.04619203320779823,25,8184.0
92070.0,57,10143.0,147.0,0.7207952260706998,63808.87221821924,924.7662640321628,3423257.85,49612.43260869566,31,8301.0,0.010160153867468122,31,8301.0
92075.0,56,10337.0,149.81159420289856,1.315763688158153,63701.0768556838,923.2040124012143,3468353.9269999997,50265.99894202899,30,8344.0,0.01504849332717271,30,8344.0
92080.0,58,10626.0,151.8,1.6010227558437733,63834.742552696516,911.92489360995,3558550.4619999994,50836.43517142857,32,8468.0,0.07846156606693352,32,8468.0
92085.0,61,10922.0,151.69444444444446,1.1657456039810876,63949.27295891627,888.1843466516145,3513545.3319999995,48799.240722222225,33,8594.0,0.01856216626466974,33,8594.0
92090.0,63,11234.0,162.81159420289856,1.0853302022012712,64196.60106367867,930.3855226620093,3513542.3319999995,50920.903362318844,35,8731.0,0.047241558658855876,35,8731.0
92095.0,52,11214.0,164.91176470588235,0.8262769964965407,64483.695568900235,948.2896407191208,3513542.3319999995,51669.74017647059,24,8360.0,0.03962990278045408,24,8360.0
92100.0,52,11354.0,166.97058823529412,1.5189131109041705,64789.776663867626,952.7908332921704,3513542.3319999995,51669.74017647059,24,8248.0,0.05955409852475865,24,8248.0
92105.0,52,11481.0,161.70422535211267,2.020864602721184,65095.21913704628,916.8340723527642,3513542.3319999995,49486.511718309855,24,8329.0,0.039637737234326766,24,8329.0
92110.0,52,11710.0,172.2058823529412,1.2402887012431203,64765.76234483312,952.4376815416633,3378477.956,49683.49935294117,26,8443.0,0.09095515061515042,26,8443.0
92115.0,54,11912.0,172.63768115942028,1.4270288431098634,65013.6184654198,942.2263545713012,3423603.371,49617.440159420294,28,8502.0,0.01619594502857125,28,8502.0
92120.0,57,12186.0,176.6086956521739,1.4530944191062622,65263.98383330722,945.8548381638725,3468723.1270000003,50271.34966666666,30,8612.0,0.06449308445135739,30,8612.0
92125.0,59,12475.0,180.79710144927537,1.3410754866056762,65365.614488220745,947.3277462060975,3468847.4590000003,50273.151579710146,32,8736.0,0.04172586247042603,32,8736.0
92130.0,61,12779.0,193.62121212121212,0.8222336902916435,65624.25002891461,994.3068186199181,3468847.4590000003,52558.294833333326,33,8865.0,0.03195788953475343,33,8865.0
92135.0,59,12930.0,195.9090909090909,0.6683905537965407,65885.21938808482,998.2608998194668,3468848.4830000005,52558.31034848484,29,8681.0,0.017735297651670458,29,8681.0
92140.0,52,13078.0,198.15151515151516,1.722795773215957,66182.28732810197,1002.7619292136658,3468848.4830000005,52558.31034848484,24,8579.0,0.08733418310714015,24,8579.0
92145.0,49,13241.0,203.7076923076923,1.6637071707596276,66454.2668989703,1022.3733369072346,3423723.8070000005,52672.67395384615,22,8561.0,0.10176759116277283,22,8561.0
92150.0,53,13473.0,213.85714285714286,0.7932177638745895,66231.72286689037,1051.2971883633388,3333777.5300000003,52917.103650793644,27,8688.0,0.053913849874469275,27,8688.0
92155.0,45,12579.0,196.546875,1.6661033532308704,66380.77392514153,1037.1995925803355,3379011.425,52797.053515625004,18,7859.0,0.07971193267705379,18,7859.0
92160.0,49,12807.0,194.04545454545453,2.592541354607627,66512.79962502132,1007.7696912882011,3379096.879999999,51198.43757575757,21,7692.0,0.052567038991814405,21,7692.0
92165.0,51,13054.0,178.82191780821918,2.843735088303053,66626.17787766148,912.6873681871434,3469395.327999999,47525.96339726027,24,7773.0,0.039634704262085665,24,7773.0
92170.0,53,13313.0,204.8153846153846,1.792951904912824,65879.1246591477,1013.5249947561177,3514530.8339999993,54069.70513846154,27,7868.0,0.12128019547044967,27,7868.0
92175.0,51,13437.0,213.28571428571428,0.8260340964697579,66114.61120436685,1049.4382730851878,3514529.643999999,55786.18482539682,23,7721.0,0.04987411429636306,23,7721.0
92180.0,52,13616.0,216.12698412698413,1.655895417660904,66400.93436300797,1053.9830851271104,3514529.643999999,55786.18482539682,24,7627.0,0.052857176444194326,24,7627.0
92185.0,49,13782.0,222.29032258064515,1.4709611359343684,66659.7973963964,1075.158022522523,3469379.791999999,55957.73858064516,22,7703.0,0.059385379185919525,22,7703.0
92190.0,51,14018.0,226.09677419354838,1.0299200219384888,66631.0977220182,1074.6951245486798,3379258.902,54504.17583870967,25,7801.0,0.037651324221972295,25,7801.0
92195.0,46,14025.0,222.61904761904762,1.7309646757038997,66650.84196029781,1057.9498723856786,3334268.5139999995,52924.89704761904,20,7691.0,0.11011766283126313,20,7691.0
92200.0,50,14267.0,216.16666666666666,2.295170902991834,66923.21826622926,1013.9881555489271,3424597.248999999,51887.83710606061,23,7731.0,0.152770043760811,23,7731.0
92205.0,54,14519.0,216.70149253731344,1.446457112352844,67133.1824556465,1001.9877978454697,3514920.055999999,52461.493373134326,27,7820.0,0.023108794669999867,27,7820.0
92210.0,59,14801.0,231.265625,0.9860347657998781,67378.19048619922,1052.7842263468622,3514917.721999999,54920.58940625,31,7934.0,0.02869438415005474,31,7934.0
92215.0,53,14928.0,240.7741935483871,0.817658296657144,67478.63826186043,1088.3651332558131,3514915.913999999,56692.19216129031,25,7811.0,0.018792693691725284,25,7811.0
92220.0,49,15085.0,243.30645161290323,2.0661108903523178,67753.31680423778,1092.7954323264148,3514915.913999999,56692.19216129031,21,7727.0,0.06608914996994851,21,7727.0
92225.0,48,15225.0,237.890625,1.7399135140570667,68011.64404732552,1062.681938239461,3469750.719999999,54214.854999999996,21,7790.0,0.05786190533934895,21,7790.0
92230.0,50,15451.0,253.29508196721312,1.1348668954059191,67845.68104355637,1112.224279402563,3334484.8089999994,54663.68539344261,23,7883.0,0.06724596683524856,23,7883.0
92235.0,51,15647.0,256.5081967213115,1.2257489584344003,68018.51146942803,1115.0575650725903,3334543.862999999,54664.65349180328,25,7931.0,0.07782315465240339,25,7931.0
92240.0,52,15904.0,244.6769230769231,1.430461233938591,68297.14201155724,1050.725261716265,3424908.1709999996,52690.89493846155,26,8023.0,0.07320988515319904,26,8023.0
92245.0,56,16172.0,234.3768115942029,1.527598988625097,68580.28773318825,993.9172135244665,3515267.7679999988,50945.90968115942,29,8126.0,0.0015492534306683447,29,8126.0
92250.0,57,16456.0,242.0,1.360605072230902,68869.22652821078,1012.7827430619228,3560447.4739999985,52359.52167647059,31,8245.0,0.09374541399235722,31,8245.0
92255.0,56,16592.0,251.3939393939394,0.8868046116951762,69103.781456254,1047.026991761424,3560447.4739999985,53946.173848484854,28,8136.0,0.03328186714408223,28,8136.0
92260.0,53,16767.0,254.04545454545453,1.7337710738823857,69396.85428663452,1051.4674891914322,3560447.4739999985,53946.173848484854,25,8097.0,0.08391624747940918,25,8097.0
92265.0,50,16927.0,248.9264705882353,1.6358786613136367,69688.12977552373,1024.825437875349,3560447.8099999987,52359.52661764706,23,8177.0,0.0493914648752435,23,8177.0
92270.0,52,17167.0,272.4920634920635,0.9015247840263612,69575.99069549318,1104.3808046903673,3334719.9439999997,52932.062603174614,26,8280.0,0.03430075051686543,26,8280.0
92275.0,51,17377.0,271.515625,0.9193295660311029,69771.94501226723,1090.1866408166745,3334767.0009999997,52105.734390625,25,8340.0,0.048539888445717196,25,8340.0
92280.0,56,17648.0,267.3939393939394,1.0435687799414153,70071.59778906048,1061.6908755918248,3425158.8219999997,51896.34578787879,30,8446.0,0.054504193304773275,30,8446.0
92285.0,62,17941.0,256.3,0.9437758187563864,70355.03684032516,1005.0719548617872,3515544.7939999993,50222.06848571429,35,8574.0,0.02668449214140795,35,8574.0
92290.0,64,18252.0,257.07042253521126,0.9775050809588276,70647.72365070978,995.0383612776022,3515545.7019999996,49514.728197183096,36,8715.0,0.07301842416500556,36,8715.0
92295.0,59,18416.0,263.0857142857143,1.0082449091155632,70958.5134238412,1013.6930489120165,3515545.7019999996,50222.081457142864,31,8653.0,0.023259843244824732,31,8653.0
92300.0,57,18621.0,266.01428571428573,1.6166773767493552,71271.54340033341,1018.1649057190483,3515545.7019999996,50222.081457142864,29,8617.0,0.08597076351681926,29,8617.0
92305.0,54,18798.0,272.4347826086956,1.4963323348070825,71560.94322811456,1037.1151192480368,3470349.8239999996,50294.92498550725,27,8653.0,0.06146047192096666,27,8653.0
92310.0,57,19053.0,288.6818181818182,0.7150858651157431,71488.7616076826,1083.1630546618567,3334931.3880000003,50529.263454545464,30,8777.0,0.03641094744454819,30,8777.0
92315.0,56,19247.0,283.04411764705884,0.9631541778322069,71607.70037994505,1053.0544173521328,3289822.895,48379.74845588236,28,8823.0,0.019712663868308198,28,8823.0
92320.0,57,19528.0,275.0422535211268,1.6772330677084453,71920.26123859877,1012.961425895757,3380254.486,47609.21811267606,31,8939.0,0.07944572750853797,31,8939.0
92325.0,60,19820.0,267.8378378378378,1.3179109930313688,72184.75672757602,975.4696855077837,3470677.102,46901.04191891892,33,9066.0,0.06776515615256115,33,9066.0
92330.0,65,20133.0,279.625,0.6144861500981339,72452.6939988681,1006.2874166509458,3515884.4250000003,48831.728124999994,39,9214.0,0.03725155394191747,39,9214.0
92335.0,56,19578.0,271.9166666666667,0.8066356297012468,72793.66592920978,1011.0231379056909,3515884.4250000003,48831.728124999994,28,8797.0,0.029928360757645378,28,8797.0
92340.0,59,19770.0,270.82191780821915,0.8899492307137598,73121.38881714766,1001.6628605088716,3515884.4769999995,48162.80105479452,28,8651.0,0.034102166261912294,28,8651.0
92345.0,57,19980.0,266.4,1.3468357935001347,73195.6750108148,975.9423334775298,3515885.6709999996,46878.475613333336,28,8752.0,0.012727462734846722,28,8752.0
92350.0,59,20227.0,273.3378378378378,1.3738618736014134,73500.13415727514,993.2450561793933,3425453.137,46289.90725675676,33,8885.0,0.07536908337836967,33,8885.0
92355.0,50,19206.0,259.5405405405405,2.0617142515611975,73466.59831060577,992.7918690622399,3470683.374,46901.126675675674,24,7977.0,0.10309662008522397,24,7977.0
92360.0,53,19468.0,259.5733333333333,3.06291410777278,73622.41153720941,981.6321538294594,3561143.3549999995,47481.9114,27,7810.0,0.09373962263954846,27,7810.0
92365.0,57,19746.0,274.25,2.2425527457846575,73327.66816268547,1018.4398355928538,3515981.505,48833.07645833333,29,7916.0,0.00728486543851452,29,7916.0
92370.0,59,20039.0,303.6212121212121,1.1896759146133968,72737.53031248869,1102.0837926134645,3515974.005,53272.333409090905,31,8034.0,0.016423161686624457,31,8034.0
92375.0,54,20188.0,320.44444444444446,1.2353276247680336,72936.41955362997,1157.7209452957131,3515970.239,55809.05141269842,26,8008.0,0.07609961298070844,26,8008.0
92380.0,56,20461.0,324.77777777777777,1.0999250934245668,73221.79397326628,1162.250697988353,3515970.239,55809.05141269842,27,8104.0,0.03362986981329081,27,8104.0
92385.0,55,20734.0,334.4193548387097,1.0312742255285976,73463.1775005942,1184.8899596870026,3515969.499,56709.18546774194,27,8204.0,0.0006642267340089713,27,8204.0
92390.0,56,21013.0,362.2931034482759,0.45425803482935234,73660.05795681143,1270.0009992553687,3515967.1609999994,60620.12346551724,28,8308.0,9.550339247922913e-07,28,8308.0
92395.0,49,20961.0,361.3965517241379,0.8663766626396477,73869.03746069022,1273.6040941498306,3515968.357,60620.14408620689,21,8091.0,0.018820045190663947,21,8091.0
92400.0,45,20996.0,362.0,2.1799020281359507,74124.71007437148,1278.0122426615767,3515968.357,60620.14408620689,17,7926.0,0.06316617327679501,17,7926.0
92405.0,42,20973.0,327.703125,2.1427055068433414,74329.07987584939,1161.3918730601465,3470763.58,54230.680937499994,15,7966.0,0.11237266660265485,15,7966.0
92410.0,47,21150.0,341.1290322580645,2.010980571226088,74248.29035647796,1197.5530702657725,3380445.956,54523.321870967746,20,8064.0,0.17817418235260588,20,8064.0
92415.0,49,21354.0,350.0655737704918,0.9403917551872267,74226.58709192429,1216.8292965889218,3335366.4469999997,54678.13847540983,22,8144.0,0.04326669181965125,22,8144.0
92420.0,53,21611.0,332.4769230769231,1.0691237417920965,74516.24107334271,1146.4037088206567,3425918.3669999996,52706.43641538461,27,8237.0,0.03485764768841294,27,8237.0
92425.0,55,21882.0,336.6461538461538,1.4107462380960791,74793.84317336165,1150.6745103594094,3471192.6729999995,53402.9642,29,8344.0,0.02234612381586213,29,8344.0
92430.0,58,22167.0,346.359375,0.7605299832051419,75073.21570629682,1173.018995410887,3471193.431999999,54237.397375,30,8456.0,0.023918709878531924,30,8456.0
92435.0,54,22312.0,359.8709677419355,0.9224701231656336,75308.69244371966,1214.6563297374132,3471190.431999999,55986.9424516129,26,8306.0,0.05262210714077612,26,8306.0
92440.0,50,22452.0,362.1290322580645,1.5823880508016446,75588.00876369604,1219.1614316725163,3471190.431999999,55986.9424516129,22,8160.0,0.09369822329164808,22,8160.0
92445.0,48,22613.0,347.89230769230767,1.8882328233555774,75863.19145414846,1167.1260223715144,3471190.7719999994,53402.934953846154,21,8117.0,0.08350820974844671,21,8117.0
92450.0,50,22836.0,368.3225806451613,1.3729411302059855,75645.83178354726,1220.0940610249554,3335640.6919999993,53800.65632258063,23,8212.0,0.07186069120342718,23,8212.0
92455.0,50,23054.0,377.9344262295082,1.1328034298900442,75625.46487887033,1239.7617193257422,3290555.3329999996,53943.530049180314,24,8283.0,0.07473816194806693,24,8283.0
92460.0,55,23317.0,370.1111111111111,1.163384261386838,75910.38420388578,1204.9267333950124,3381152.1139999996,53669.08117460316,29,8381.0,0.057774190403636155,29,8381.0
92465.0,58,23596.0,352.17910447761193,1.0904473145891902,76184.44165413824,1137.0812187184806,3471735.9179999996,51816.954,31,8495.0,0.004193773025598743,31,8495.0
92470.0,60,23891.0,356.5820895522388,0.6616890843078667,76463.99978782835,1141.2537281765424,3517032.9059999995,52493.02844776119,34,8625.0,0.07639050605444618,34,8625.0
92475.0,58,24048.0,358.92537313432837,1.0130629875768937,76780.55778914253,1145.9784744648132,3517032.9059999995,52493.02844776119,30,8476.0,0.022521810751985033,30,8476.0
92480.0,54,24243.0,361.8358208955224,1.6824649094246664,77077.94667293875,1150.4171145214736,3517032.9059999995,52493.02844776119,26,8274.0,0.0565058177281727,26,8274.0
92485.0,51,24420.0,359.11764705882354,1.5167137750183508,77175.90074590726,1134.939716851577,3426548.886999999,50390.424808823525,24,8360.0,0.06514482760913978,24,8360.0
92490.0,54,24667.0,373.74242424242425,1.2224964760260408,77161.30979295043,1169.1107544386427,3336144.4359999993,50547.64296969697,27,8470.0,0.08977353569291177,27,8470.0
92495.0,54,24865.0,360.3623188405797,1.2021140546066749,77317.47878435782,1120.5431707877945,3336248.973999999,48351.4344057971,26,8517.0,0.05632430113519511,26,8517.0
92500.0,57,25146.0,359.22857142857146,1.65099559733151,77510.32568194604,1107.2903668849428,3381636.252999999,48309.08932857143,31,8633.0,0.06769186556467797,31,8633.0
92505.0,62,25439.0,358.2957746478873,1.2953159038559745,77802.76483973187,1095.813589291998,3472254.9339999994,48904.999070422535,35,8761.0,0.047183394091746635,35,8761.0
92510.0,63,25750.0,367.85714285714283,0.7319622348146042,78042.01793046993,1114.8859704352842,3517568.743999999,50250.98205714286,37,8907.0,0.060862106263492324,37,8907.0
92515.0,58,25910.0,364.92957746478874,0.8647939837158771,78366.72365378325,1103.7566711800455,3608184.689999999,50819.502676056334,32,8832.0,0.0571184300903688,32,8832.0
92520.0,60,26116.0,357.75342465753425,1.5833246047165888,78686.02154776249,1077.8907061337325,3608184.7459999993,49427.18830136986,30,8823.0,0.043155091620704675,30,8823.0
92525.0,54,26326.0,346.39473684210526,1.9632599387653833,78970.64545085812,1039.0874401428698,3562893.4999999995,46880.17763157895,27,8925.0,0.047153880965880454,27,8925.0
92530.0,57,26592.0,359.35135135135135,1.8109383052899743,79025.50700973475,1067.9122568883067,3472391.2309999997,46924.20582432432,30,9041.0,0.10935626177945487,30,9041.0
92535.0,51,26023.0,366.5211267605634,1.4701837889235954,79146.53115639824,1114.7398754422281,3336535.447,46993.457,25,8423.0,0.08195990610398368,25,8423.0
92540.0,56,26291.0,360.1506849315069,2.241339018539845,79450.78731870884,1088.3669495713532,3427173.6350000002,46947.58404109589,29,8417.0,0.033080980102860064,29,8417.0
92545.0,60,26581.0,379.72857142857146,1.4256814141690666,79215.57649588483,1131.651092798354,3472486.705,49606.95292857143,34,8543.0,0.0002946689168479966,34,8543.0
92550.0,61,26882.0,401.2238805970149,0.8185930977623088,79150.78414192096,1181.3549871928494,3517801.516,52504.50023880598,34,8678.0,0.023217507638794852,34,8678.0
92555.0,56,27041.0,409.7121212121212,1.1441985180121748,79438.6265237158,1203.6155533896326,3517801.488,53300.02254545455,28,8654.0,0.06839908207394854,28,8654.0
92560.0,52,27200.0,412.1212121212121,1.7160541691193405,79732.45133244208,1208.067444430941,3517801.488,53300.02254545455,24,8624.0,0.08065085047499612,24,8624.0
92565.0,51,27382.0,408.6865671641791,1.7283842541757115,80000.0561125221,1194.0306882465982,3427165.5659999996,51151.72486567165,24,8648.0,0.07273433084812199,24,8648.0
92570.0,52,27623.0,424.96923076923076,1.2078476068029478,80015.57433442413,1231.0088359142167,3336608.3609999996,51332.43632307692,26,8753.0,0.07437463226174573,26,8753.0
92575.0,49,27640.0,412.53731343283584,1.4874627739000523,80136.7355770927,1196.0706802551142,3291363.0949999997,49124.82231343283,23,8643.0,0.08563092978189592,23,8643.0
92580.0,53,27896.0,404.28985507246375,1.5604956658068019,80433.76276091402,1165.706706679913,3382027.7909999997,49014.895521739134,27,8710.0,0.024281212924342252,27,8710.0
92585.0,59,28179.0,386.013698630137,1.5785675862180637,80635.71030910699,1104.5987713576296,3472699.1289999997,47571.220945205474,32,8828.0,0.03956366649356551,32,8828.0
92590.0,61,28480.0,401.1267605633803,1.2834725831173686,80831.47626010579,1138.471496621208,3518032.933,49549.759619718316,35,8964.0,0.09661617021407845,35,8964.0
92595.0,53,27498.0,398.5217391304348,0.8146030743313727,81069.358912413,1174.9182451074346,3563360.083,51642.89975362319,26,8436.0,0.057596596295867504,26,8436.0
92600.0,52,27321.0,384.80281690140845,1.2708454861472933,81388.98928673322,1146.32379277089,3563361.855,50188.19514084507,21,8058.0,0.06220521678198377,21,8058.0
92605.0,49,27501.0,387.3380281690141,1.5035452534500977,81669.34002944475,1150.2723947809113,3518042.42,49549.89323943662,21,8124.0,0.0415602194367443,21,8124.0
92610.0,53,27744.0,402.0869565217391,0.9983888426184725,81705.51060424757,1184.1378348441672,3472708.485,50329.10847826087,26,8218.0,0.03895448562882405,26,8218.0
92615.0,55,27918.0,404.60869565217394,1.2281868410764814,81692.57541860163,1183.9503683855303,3472719.1939999997,50329.26368115941,29,8241.0,0.0010045245134811735,29,8241.0
92620.0,60,28210.0,421.04477611940297,1.2367466702478815,81506.05818347367,1216.5083310966215,3472716.1539999996,51831.584388059695,31,8361.0,0.0294653962203873,31,8361.0
92625.0,59,28503.0,431.8636363636364,0.7878047891693403,81658.21897817316,1237.245742093532,3427401.6419999995,51930.327909090905,31,8481.0,0.00028719309989943897,31,8481.0
92630.0,60,28803.0,443.12307692307695,0.9545052209750127,81934.9842147745,1260.538218688838,3427401.6419999995,52729.25603076923,32,8606.0,0.0,32,8606.0
92635.0,55,28924.0,466.51612903225805,0.5620797993051586,82163.01635623576,1325.2099412296086,3427401.6419999995,55280.67164516129,27,8523.0,0.04359696641765129,27,8523.0
92640.0,52,29044.0,468.4516129032258,1.1725568668436208,82453.58514669375,1329.8965346240925,3427401.6419999995,55280.67164516129,24,8448.0,0.05718726752936323,24,8448.0
92645.0,49,29186.0,429.20588235294116,1.5949022456079627,82748.90429279236,1216.8956513645928,3427407.6419999995,50403.05355882352,22,8528.0,0.05758045918518443,22,8528.0
92650.0,52,29410.0,432.5,1.5823094599154064,82666.29659705801,1215.6808323096757,3336863.1519999993,49071.516941176465,26,8679.0,0.12827222189198553,26,8679.0
92655.0,54,29627.0,429.3768115942029,1.3121574827134626,82848.25387990118,1200.6993315927702,3382317.5419999994,49019.0948115942,27,8731.0,0.043204892967918046,27,8731.0
92660.0,58,29912.0,427.3142857142857,1.4584165591071478,83155.27726841277,1187.932532405897,3427699.8769999994,48967.1411,32,8851.0,0.05834468594437466,32,8851.0
92665.0,62,30214.0,419.6388888888889,1.1785506108991628,83457.53470370425,1159.132426440337,3518459.756999999,48867.496625,36,8988.0,0.010122263521116823,36,8988.0
92670.0,65,30536.0,442.5507246376812,0.6024887856545771,83733.33743950649,1213.5266295580645,3518463.274999999,50992.22137681159,37,9137.0,0.02382843435448622,37,9137.0
92675.0,56,30370.0,433.85714285714283,0.8948180498099649,84033.67925276043,1200.4811321822915,3518461.762999999,50263.73947142857,26,8565.0,0.028942380691198515,26,8565.0
92680.0,50,30468.0,435.25714285714287,1.915165360730264,84342.23012061194,1204.8890017230276,3518461.762999999,50263.73947142857,21,8357.0,0.0860226981549354,21,8357.0
92685.0,50,30622.0,437.45714285714286,1.656617033726528,84627.46854034837,1208.9638362906908,3473078.441999999,49615.406314285705,22,8426.0,0.0699395196488126,22,8426.0
92690.0,56,30842.0,460.32835820895525,0.8627204943081689,84264.25779418404,1257.675489465433,3427789.0529999994,51161.03064179103,29,8540.0,0.03679002258547191,29,8540.0
92695.0,58,31114.0,471.42424242424244,0.8571704466283053,84242.46614923496,1276.4010022611355,3473187.090999999,52624.046833333334,32,8668.0,0.03220223567723903,32,8668.0
92700.0,63,31412.0,461.94117647058823,0.506168376920585,84410.45026352121,1241.3301509341347,3473271.5119999987,51077.52223529411,34,8800.0,0.005746446492993094,34,8800.0
92705.0,63,31724.0,453.2,0.9431653840222832,84728.83120714198,1210.4118743877418,3473272.7679999988,49618.1824,35,8939.0,2.0179801659109174e-06,35,8939.0
92710.0,63,32039.0,471.1617647058824,0.8266708653813727,85021.67089189621,1250.3186895867084,3473272.7679999988,51077.54070588235,35,9079.0,0.07645896147227381,35,9079.0
92715.0,55,21948.0,322.7647058823529,0.9672104019712778,85342.78713331727,1255.0409872546654,3473272.7679999988,51077.54070588235,31,6241.0,0.04349178980117639,31,6241.0
92720.0,50,15635.0,229.9264705882353,2.0276650966843555,85642.18384372436,1259.4438800547694,3473272.7679999988,51077.54070588235,33,6380.0,0.04941744366897853,33,6380.0
92725.0,43,7416.0,105.94285714285714,2.6149363323935053,81689.06218708357,1166.9866026726222,3391682.464999999,48452.606642857136,35,9470.0,0.02526361766924829,35,9470.0
92730.0,43,2010.0,30.0,2.3191015645023567,60819.86931373582,907.7592434885944,2983788.533999999,44534.1572238806,40,9627.0,0.037309814607827466,40,9627.0
92735.0,38,1054.0,15.5,2.6187634460127813,46743.13717707264,687.3990761334212,2997773.8159999987,44084.90905882353,29,8820.0,0.06951520486301634,29,8820.0
92740.0,45,1254.0,17.416666666666668,3.0088017973028247,47014.94142046777,652.985297506497,3340551.186999999,46396.544263888885,29,8717.0,0.020107872845944407,29,8717.0
92745.0,51,1491.0,20.424657534246574,2.642799817309895,46182.947842331276,632.6431211278256,3427116.4319999986,46946.800438356164,31,8834.0,0.017108496287544378,31,8834.0
92750.0,56,1763.0,27.546875,0.8657044059323942,45433.12305587294,709.8925477480147,3512801.5079999985,54887.523562500006,31,8954.0,0.006433684735058339,31,8954.0
92755.0,54,1886.0,30.419354838709676,0.9071869967046928,45649.97068896081,736.2898498219486,3512799.3659999985,56658.05429032257,26,8917.0,0.01202247891972749,26,8917.0
92760.0,54,2156.0,34.774193548387096,1.5269493102831868,45931.262723695145,740.8268181241151,3512799.3659999985,56658.05429032257,26,9003.0,2.5251769868288585e-07,26,9003.0
92765.0,54,2426.0,37.323076923076925,1.4231427080825223,46171.650670088195,710.3330872321262,3512802.3359999987,54043.112861538466,26,9112.0,0.004007292217011854,26,9112.0
92770.0,56,2705.0,44.34426229508197,1.0065139699878536,46313.0825836199,759.2308620265558,3512800.0199999986,57586.88557377049,28,9249.0,0.094364385683568,28,9249.0
92775.0,51,2450.0,40.833333333333336,0.688766407563994,46578.533749275775,776.3088958212627,3512800.0199999986,58546.666999999994,23,8913.0,0.0386763491768138,23,8913.0
92780.0,49,2272.0,36.645161290322584,1.569796193355054,46856.35086755464,755.747594637978,3512801.7959999987,56658.09348387096,21,8526.0,0.04961490656557142,21,8526.0
92785.0,46,2165.0,34.91935483870968,2.0636553391593138,47121.9191714328,760.030954377948,3512801.7959999987,56658.09348387096,19,8588.0,0.07671064908293429,19,8588.0
92790.0,48,2314.0,39.220338983050844,0.906725380803574,46631.27445460943,790.360583976431,3376936.769999999,57236.21644067796,22,8740.0,0.06588904667878244,22,8740.0
92795.0,46,2455.0,40.24590163934426,1.7570933807895908,46900.93100733628,768.8677214317422,3422426.976999999,56105.360278688524,20,8801.0,0.06796961349671331,20,8801.0
92800.0,49,2697.0,44.21311475409836,1.7635971625357219,46767.4688203537,766.6798167271097,3422738.033999999,56110.45957377048,23,8878.0,0.09141278066328724,23,8878.0
92805.0,53,2951.0,44.04477611940298,1.3570600840287257,46990.23910155614,701.3468522620316,3513709.277999999,52443.4220597015,26,8967.0,0.02564722650929552,26,8967.0
92810.0,56,3225.0,50.390625,1.0881924775780885,47199.84646516457,737.4976010181965,3559193.2799999993,55612.395000000004,30,9076.0,0.06609336423389625,30,9076.0
92815.0,52,3350.0,51.53846153846154,1.0272511249962124,47497.46978202937,730.7303043389136,3604683.9299999992,55456.675846153856,25,8719.0,0.0730470433175986,25,8719.0
92820.0,52,3511.0,53.196969696969695,1.73069572818197,47789.480118331434,724.083032095931,3604684.383999999,54616.430060606064,24,8479.0,0.06180277978299189,24,8479.0
92825.0,48,3703.0,53.666666666666664,2.23685431094496,47854.908017549744,693.549391558692,3559351.872999999,51584.80975362319,21,8425.0,0.10690735290943737,21,8425.0
92830.0,52,3940.0,57.10144927536232,1.5493466472363555,47795.42647208746,692.6873401751807,3423147.4809999997,49610.83305797101,26,8525.0,0.1198373530332939,26,8525.0
92835.0,53,4137.0,60.838235294117645,1.7367808810474021,47519.525360634856,698.8165494211005,3378076.596,49677.597,26,8557.0,0.08542327221797999,26,8557.0
92840.0,57,4408.0,63.88405797101449,1.1859845970176512,47824.467267211316,693.108221263932,3423574.689,49617.02447826087,30,8663.0,0.017390863579622846,30,8663.0
92845.0,61,4707.0,67.24285714285715,1.2509512996107124,48114.33264929615,687.3476092756591,3514568.5209999997,50208.12172857143,35,8798.0,0.037476840338121264,35,8798.0
92850.0,63,5013.0,72.65217391304348,0.7815883347471476,48384.453814806184,701.223968330524,3605559.4089999995,52254.4841884058,36,8939.0,0.044479688781175954,36,8939.0
92855.0,56,4404.0,62.91428571428571,1.0921775574574644,48665.274731839476,695.2182104548493,3605560.9009999996,51508.01287142858,26,8245.0,0.03964322616582678,26,8245.0
92860.0,47,4432.0,63.31428571428572,1.8864593273621446,48972.686194706075,699.6098027815152,3605560.9009999996,51508.01287142858,18,7977.0,0.10543885635302337,18,7977.0
92865.0,47,4601.0,68.67164179104478,1.521020961664265,48775.7336357038,727.9960244134894,3514687.3959999997,52458.0208358209,19,8034.0,0.10145858147668926,19,8034.0
92870.0,55,4831.0,73.1969696969697,0.785253712130153,49059.46847386623,743.3252799070639,3469204.1989999996,52563.699984848485,28,8132.0,0.012021055991105253,28,8132.0
92875.0,56,5077.0,78.1076923076923,0.670964615129895,48903.37892309515,752.3596757399254,3514713.4309999994,54072.514323076924,29,8235.0,0.010913624676579019,29,8235.0
92880.0,61,5363.0,80.04477611940298,0.7851418857149532,49014.68287256265,731.5624309337708,3560222.3289999994,53137.64670149254,32,8349.0,0.026326833528307978,32,8349.0
92885.0,60,5661.0,78.625,1.3251752193897264,49324.21551154202,685.0585487714167,3560229.582999999,49447.63309722222,32,8474.0,0.020028267215312798,32,8474.0
92890.0,61,5962.0,85.17142857142858,1.4317780621008844,49404.97533989802,705.785361998543,3514850.2709999993,50212.14672857143,33,8600.0,0.07420238534103371,33,8600.0
92895.0,52,5961.0,86.3913043478261,0.8853925367960895,49705.35834659719,720.367512269524,3514850.2709999993,50939.859000000004,24,8181.0,0.05742502574554144,24,8181.0
92900.0,56,6125.0,87.5,1.0664491405653262,50027.92754972857,714.6846792818366,3514850.463999999,50212.14948571429,27,8176.0,0.049112939876133126,27,8176.0
92905.0,55,6272.0,90.89855072463769,1.2277007152676656,50149.49649590968,726.804297042169,3469450.943999999,50281.897739130436,27,8271.0,0.04495575260030884,27,8271.0
92910.0,58,6515.0,93.07142857142857,1.0071669619567436,50366.90629221315,719.5272327459019,3469481.0259999996,49564.014657142856,31,8405.0,0.008294782252256007,31,8405.0
92915.0,57,6712.0,95.88571428571429,1.5149137940242652,50453.56388998134,720.7651984283046,3515020.3889999995,50214.57698571429,30,8461.0,0.0309320550017512,30,8461.0
92920.0,60,6997.0,99.95714285714286,1.6451009117943463,50689.56824917362,724.1366892739086,3560557.9139999994,50865.11305714286,33,8582.0,0.05371097400677224,33,8582.0
92925.0,61,7298.0,107.32352941176471,1.0778540872361009,50745.65896812115,746.2596907076639,3515153.8479999993,51693.43894117647,33,8712.0,0.0021672272362577953,33,8712.0
92930.0,62,7607.0,118.859375,0.42905727619619904,50977.352408554274,796.5211313836605,3515150.5299999993,54924.227031250004,34,8846.0,0.021672425678937568,34,8846.0
92935.0,56,7691.0,118.32307692307693,0.6637088494868103,51283.81702181934,788.9818003356819,3515151.7379999994,54079.25750769231,27,8756.0,0.01691828007449086,27,8756.0
92940.0,50,7817.0,120.26153846153846,1.3637468047856618,51583.68992774935,793.5952296576825,3515151.7379999994,54079.25750769231,22,8744.0,0.02866568804116252,22,8744.0
92945.0,49,7967.0,118.91044776119404,1.3082016191093695,51867.01766367,774.1345919950747,3469610.7559999996,51785.235164179096,22,8817.0,0.024695187086045407,22,8817.0
92950.0,54,8201.0,124.25757575757575,1.0729700993920994,52040.9304915928,788.4989468423149,3515180.815999999,53260.31539393939,27,8933.0,0.07698304452902383,27,8933.0
92955.0,45,7282.0,112.03076923076924,1.459758128327238,52061.366646410774,800.9441022524732,3469770.6089999992,53381.08629230769,19,8113.0,0.0785307202444569,19,8113.0
92960.0,50,7523.0,110.63235294117646,2.554448196734902,52338.292459219025,769.6807714591031,3515336.3649999993,51696.12301470588,24,7950.0,0.03433405431224054,24,7950.0
92965.0,53,7779.0,112.73913043478261,2.605346029756876,52253.407897710116,757.2957666334798,3515337.874999999,50946.92572463768,25,8036.0,7.186195240604184e-05,25,8036.0
92970.0,53,8044.0,129.74193548387098,1.385799962089065,51775.35797869083,835.0864190111424,3515331.2089999993,56698.890467741934,25,8126.0,0.07875519906311855,25,8126.0
92975.0,51,8200.0,138.98305084745763,0.9933134693961652,51879.257849077076,879.3094550691027,3515329.5409999993,59581.85662711864,23,8107.0,0.023879382800703276,23,8107.0
92980.0,52,8458.0,138.65573770491804,1.4575047130970251,52151.72345750118,854.9462861885436,3515334.4049999993,57628.432868852455,24,8190.0,0.06305051691730722,24,8190.0
92985.0,53,8719.0,142.9344262295082,1.4345251991137156,52363.51076536627,858.4182092682994,3515334.1529999995,57628.42873770492,25,8276.0,0.06963399020524864,25,8276.0
92990.0,54,8986.0,157.64912280701753,0.5208345843225416,52536.30470190683,921.6895561738039,3515333.2629999993,61672.513385964914,26,8368.0,0.010576122264273798,26,8368.0
92995.0,48,8965.0,157.28070175438597,0.5942991490405816,52807.197682914506,926.4420646125352,3515333.2629999993,61672.513385964914,19,8241.0,0.041654770653399426,19,8241.0
93000.0,48,8977.0,157.49122807017545,0.518698257083108,53081.82339230594,931.2600595141391,3515333.2629999993,61672.513385964914,19,8298.0,0.01213046416824586,19,8298.0
93005.0,46,9028.0,148.0,1.1885556311564833,53360.03979041614,874.7547506625596,3515336.2629999993,57628.46332786885,19,8354.0,0.014163725187298946,19,8354.0
93010.0,48,9218.0,151.11475409836066,1.321305871096053,53551.47055823657,877.892959971091,3469795.2759999996,56881.8897704918,22,8464.0,0.09018456453040621,22,8464.0
93015.0,49,9417.0,154.37704918032787,1.491579301261949,53814.7129352709,882.2084087749326,3515408.6679999996,57629.65029508196,23,8498.0,0.018146787161354507,23,8498.0
93020.0,51,9671.0,161.18333333333334,1.3046856871890107,53886.36744870796,898.1061241451329,3469919.1899999995,57831.98649999999,24,8583.0,0.05852435025912339,24,8583.0
93025.0,53,9934.0,171.27586206896552,0.9681594405389066,54129.57223393354,933.2684867919577,3469919.0139999995,59826.189896551725,25,8671.0,4.0837284902898015e-06,25,8671.0
93030.0,53,10199.0,182.125,0.704635814776814,54355.00614150947,970.6251096698119,3469919.0139999995,61962.83953571429,25,8761.0,3.974966639334124e-07,25,8761.0
93035.0,50,10285.0,183.66071428571428,0.6275502329856533,54587.27593121493,974.7727844859809,3469917.0479999995,61962.80442857143,20,8496.0,0.02589396194348743,20,8496.0
93040.0,44,10393.0,185.58928571428572,2.002176666238333,54839.00302756764,979.267911206565,3469917.0479999995,61962.80442857143,16,8090.0,0.09578470045684272,16,8090.0
93045.0,41,10459.0,177.27118644067798,2.3405810721305262,55083.79726534985,933.6236824635563,3469920.0479999995,58812.204203389825,14,8124.0,0.1331676526321528,14,8124.0
93050.0,45,10643.0,190.05357142857142,1.313868139900127,54488.83165624663,973.0148510044035,3333606.775999999,59528.69242857143,18,8238.0,0.1150409847196711,18,8238.0
93055.0,45,10855.0,190.43859649122808,0.9371403215654907,54547.46792048553,956.9731214120264,3333767.2249999987,58487.144298245614,19,8314.0,0.07052847466075686,19,8314.0
93060.0,52,11102.0,182.0,1.1733311606837784,54815.2662986685,898.6109229289914,3425070.990999999,56148.70477049179,24,8397.0,0.08232271988251097,24,8397.0
93065.0,54,11363.0,174.8153846153846,1.2397985799150817,55090.30532154754,847.5431587930387,3516373.527999999,54098.054276923074,27,8493.0,0.021662038323406376,27,8493.0
93070.0,57,11640.0,181.875,1.141516319277513,55358.81043657199,864.9814130714371,3562023.193999999,55656.61240625,31,8605.0,0.11528383977330137,31,8605.0
93075.0,54,11770.0,178.33333333333334,1.0659246618420433,55659.80474801113,843.3303749698655,3653325.5209999993,55353.41698484849,27,8326.0,0.07752913292071047,27,8326.0
93080.0,52,11933.0,180.8030303030303,1.9402213759093208,55954.68035545106,847.7981872038039,3653325.5209999993,55353.41698484849,24,8112.0,0.07034110414917162,24,8112.0
93085.0,49,12128.0,183.75757575757575,2.0071586628552063,56186.28712488009,851.3073806800012,3607708.196999999,54662.24540909091,22,8190.0,0.05564149813084203,22,8190.0
93090.0,52,12369.0,187.4090909090909,1.352459901441169,55794.78506393926,845.3755312718071,3471222.7989999996,52594.28483333334,25,8282.0,0.06859400206277505,25,8282.0
93095.0,51,12550.0,193.07692307692307,1.4856672500683643,55879.83430860463,859.6897585939172,3380072.1309999996,52001.10970769232,25,8306.0,0.09457348783543887,25,8306.0
93100.0,57,12817.0,191.29850746268656,1.2964216147957086,56177.78197432493,838.4743578257447,3471389.087,51811.77741791045,30,8407.0,0.06452020990301985,30,8407.0
93105.0,60,13103.0,198.53030303030303,0.8261820068586521,56433.01228828257,855.0456407315539,3517048.0609999998,53288.60698484849,33,8528.0,0.010281629025202417,33,8528.0
93110.0,62,13410.0,209.53125,0.4312492420606551,56715.952862474944,886.1867634761708,3517045.741,54953.839703125006,34,8661.0,5.297246614499076e-06,34,8661.0
93115.0,56,13571.0,212.046875,0.6885432453202017,56981.58423950112,890.3372537422049,3517046.9529999997,54953.858640624996,28,8458.0,0.01308506526487475,28,8458.0
93120.0,52,13747.0,214.796875,1.816261503994217,57271.581613043265,894.8684627038008,3517046.9529999997,54953.858640624996,24,8317.0,0.051713572851236816,24,8317.0
93125.0,48,13889.0,201.28985507246378,2.0486385781261855,57548.431005311904,834.0352319610416,3471392.6449999996,50310.03833333333,21,8276.0,0.09063696155430392,21,8276.0
93130.0,51,14116.0,210.6865671641791,1.8278655988397488,57250.26205693373,854.4815232378168,3380449.9809999997,50454.47732835821,24,8377.0,0.14088457552833017,24,8377.0
93135.0,44,13290.0,195.44117647058823,1.9460538094818218,57224.78883854362,841.5410123315238,3335002.322,49044.15179411765,18,7584.0,0.11699144567578124,18,7584.0
93140.0,48,13525.0,187.84722222222223,2.8836963701254983,57504.66837549657,798.6759496596744,3426367.691,47588.44015277778,22,7476.0,0.11948996594832671,22,7476.0
93145.0,54,13778.0,186.1891891891892,2.766663200508043,57788.79908688464,780.9297173903328,3517719.793,47536.753959459464,27,7564.0,0.013118142484207155,27,7564.0
93150.0,57,14056.0,216.24615384615385,0.9889068601592851,57010.351263170196,877.0823271256953,3563390.937,54821.39903076923,31,7677.0,0.03208642529509112,31,7677.0
93155.0,54,14207.0,225.5079365079365,1.1281812897844694,57193.63259332325,907.8354379892579,3609069.4910000004,57286.81731746032,27,7677.0,0.04326242335466778,27,7677.0
93160.0,56,14483.0,229.88888888888889,1.1245736146545964,57483.63143928875,912.4385942744244,3609069.4910000004,57286.81731746032,28,7764.0,0.03237780601969753,28,7764.0
93165.0,56,14763.0,227.12307692307692,1.3878513008270543,57740.95427572267,888.3223734726565,3609069.2410000004,55524.14216923078,28,7869.0,0.0,28,7869.0
93170.0,56,15043.0,246.60655737704917,1.0424870212096489,57907.26087109762,949.299358542584,3609065.3490000004,59165.005721311485,28,7974.0,0.03117047846559582,28,7974.0
93175.0,48,15017.0,254.52542372881356,1.0450190467140654,58151.34601187241,985.6160340995323,3609065.3490000004,61170.599135593235,20,7810.0,0.07534567152315937,20,7810.0
93180.0,46,15056.0,255.1864406779661,1.858259720377753,58413.313143786305,990.056154979429,3609065.3490000004,61170.599135593235,18,7693.0,0.0648282576679128,18,7693.0
93185.0,44,15144.0,252.4,1.8565884301036801,58495.08438337345,974.918073056224,3517750.5260000005,58629.175433333345,17,7745.0,0.06737548007791032,17,7745.0
93190.0,47,15338.0,259.96610169491527,1.199381931684018,58472.05015498403,991.0516975421019,3380802.129,57301.731000000014,20,7833.0,0.1212919137175431,20,7833.0
93195.0,47,15539.0,258.98333333333335,1.6950724754985986,58739.98849712949,978.9998082854913,3426512.054,57108.53423333334,21,7898.0,0.061128299470747424,21,7898.0
93200.0,51,15784.0,258.75409836065575,1.2393150688851986,58900.70098388131,965.585262030841,3472282.467,56922.66339344263,24,7975.0,0.05849177593568853,24,7975.0
93205.0,56,16043.0,246.8153846153846,1.1950291468399885,59165.46332120428,910.2378972492967,3563704.899,54826.229215384614,29,8072.0,0.042093485552557784,29,8072.0
93210.0,56,16318.0,251.04615384615386,1.272980269867713,59435.648172839814,914.3945872744582,3609416.158,55529.47935384615,30,8182.0,0.11429200041415878,30,8182.0
93215.0,55,16442.0,245.40298507462686,0.9541726458366121,59706.06550492451,891.1353060436493,3609417.658,53871.90534328358,25,8042.0,0.05413236239280017,25,8042.0
93220.0,51,16587.0,247.56716417910448,2.040838655386983,60000.69516740676,895.532763692638,3609417.658,53871.90534328358,23,7955.0,0.07080756174666622,23,7955.0
93225.0,49,16763.0,253.9848484848485,1.8445538194805156,60228.80354725437,912.5576295038537,3563735.4639999997,53995.99187878787,22,8030.0,0.09768395221097775,22,8030.0
93230.0,54,17005.0,269.92063492063494,0.7330232080040684,60239.119570987874,956.1765011267912,3426738.448,54392.67377777778,27,8132.0,0.03687703307819288,27,8132.0
93235.0,54,17210.0,277.5806451612903,0.6273964136265704,60299.573079621,972.5737593487255,3381147.2939999998,54534.63377419355,28,8184.0,0.013022156397276085,28,8184.0
93240.0,58,17486.0,264.93939393939394,0.8830355329507354,60596.51213319,918.1289717149994,3472596.023,52615.091257575754,30,8295.0,0.040545488729052365,30,8295.0
93245.0,58,17775.0,253.92857142857142,1.2618944679989283,60875.0482067484,869.643545810691,3518325.593,50261.79418571429,32,8419.0,0.012848248184254146,32,8419.0
93250.0,61,18077.0,269.8059701492537,1.126914368913167,61121.86310670164,912.2666135328602,3518324.843,52512.31108955223,33,8547.0,0.10336418426798527,33,8547.0
93255.0,58,18236.0,272.17910447761193,0.5759835374415537,61440.252468668514,917.0186935622164,3518324.843,52512.31108955223,30,8459.0,0.030006710512930954,30,8459.0
93260.0,56,18403.0,274.67164179104475,1.239732381062525,61752.5568833572,921.6799534829429,3518324.843,52512.31108955223,28,8400.0,0.04451354212620804,28,8400.0
93265.0,54,18591.0,277.4776119402985,1.3375334394874294,62056.40709686592,926.215031296506,3518324.843,52512.31108955223,27,8498.0,0.05075545946234968,27,8498.0
93270.0,56,18842.0,285.4848484848485,0.7375757994947063,61971.327228222115,938.9595034579105,3381323.041999999,51232.1673030303,29,8622.0,0.03192511649741425,29,8622.0
93275.0,54,19028.0,284.0,1.450801791184412,62162.32030018991,927.7958253759684,3381389.534999999,50468.50052238806,28,8662.0,0.08716076735500006,28,8662.0
93280.0,58,19307.0,279.81159420289856,1.4077719553201093,62467.1625723257,905.321196700372,3472884.820999999,50331.66407246376,32,8776.0,0.07023325322639144,32,8776.0
93285.0,61,19603.0,272.2638888888889,1.220228195353178,62735.14962767611,871.3215226066123,3564371.6889999993,49505.16234722222,34,8907.0,0.007085640844387263,34,8907.0
93290.0,64,19915.0,284.5,0.8959175981428557,63002.423801011726,900.0346257287388,3564367.2549999994,50919.53221428571,36,9049.0,0.04301701378080123,36,9049.0
93295.0,54,19267.0,271.36619718309856,1.0685447795071656,63296.1920367103,891.4956624888773,3564372.3589999992,50202.42759154929,25,8602.0,0.07337811721063964,25,8602.0
93300.0,53,19345.0,272.46478873239437,1.4296600089984588,63617.276216365965,896.0179748783937,3564372.3589999992,50202.42759154929,24,8395.0,0.05617119613516467,24,8395.0
93305.0,52,19515.0,271.0416666666667,1.0770624753922629,63703.20220651646,884.7666973127283,3518647.0909999995,48870.098486111114,25,8476.0,0.01812785078721699,25,8476.0
93310.0,59,19783.0,278.63380281690144,1.1976475536719973,64015.40000191963,901.625352139713,3472899.5679999995,48914.0784225352,33,8606.0,0.07016799818781523,33,8606.0
93315.0,53,19247.0,271.0845070422535,1.576629338844329,63933.48816071421,900.4716642354111,3564438.1179999993,50203.35377464788,26,8031.0,0.04703639415185785,26,8031.0
93320.0,55,19520.0,271.1111111111111,2.474067835123871,64069.36014816062,889.8522242800085,3564436.4959999993,49506.06244444445,28,8027.0,0.03368345043840229,28,8027.0
93325.0,57,19800.0,278.8732394366197,2.4653721042066667,64058.73482243333,902.235701724413,3518761.5659999996,49560.02205633802,29,8133.0,0.00017298918352377806,29,8133.0
93330.0,57,20085.0,313.828125,0.9385144340205409,63691.26832416127,995.1760675650195,3518756.1379999993,54980.56465625,29,8243.0,0.031661521142939755,29,8243.0
93335.0,54,20189.0,330.9672131147541,0.6977642235448768,63863.993727902736,1046.9507168508644,3518752.4939999995,57684.46711475409,26,8078.0,0.018601189010499227,26,8078.0
93340.0,50,20327.0,333.2295081967213,1.5922953694999322,64142.39204939288,1051.514623760539,3518752.4939999995,57684.46711475409,22,7960.0,0.07005730310542038,22,7960.0
93345.0,48,20422.0,329.38709677419354,1.2183012677767895,64197.60054521398,1035.445170084096,3427329.828999999,55279.51337096774,21,8027.0,0.06336980585207178,21,8027.0
93350.0,50,20642.0,338.39344262295083,1.166537302439187,64204.9097124679,1052.5395034830801,3381704.6799999992,55437.781639344255,24,8133.0,0.06053396035389011,24,8133.0
93355.0,47,20651.0,338.5409836065574,1.3641718929911766,64345.455516379174,1054.8435330553962,3381789.3339999993,55439.16940983606,21,8033.0,0.09330525307969552,21,8033.0
93360.0,51,20898.0,331.7142857142857,1.3035169383308023,64623.431619447,1025.7687558642378,3473381.7149999994,55133.04309523809,25,8085.0,0.0128884104051464,25,8085.0
93365.0,55,21165.0,311.25,1.501512996639834,64788.059847943,952.7655859991615,3564977.6249999995,52426.14154411765,28,8187.0,0.018267581982080828,28,8187.0
93370.0,54,21435.0,306.2142857142857,2.1013958083892343,65025.4973978997,928.9356771128527,3610775.039,51582.50055714286,28,8292.0,0.14498905405328302,28,8292.0
93375.0,52,21554.0,321.7014925373134,1.2933766659710413,65196.89706134164,973.0880158409195,3610775.039,53892.164761194035,24,8114.0,0.06560305907242171,24,8114.0
93380.0,52,21702.0,323.910447761194,1.9924960250754233,65490.395140239845,977.4685841826841,3610775.039,53892.164761194035,24,7906.0,0.06449035598385987,24,7906.0
93385.0,50,21882.0,336.6461538461538,1.6292273674582196,65566.39178712868,1008.7137198019798,3519292.963,54142.96866153847,23,7989.0,0.05947137322389138,23,7989.0
93390.0,53,22124.0,356.83870967741933,0.8164638404956708,65535.50371036062,1057.024253392913,3382076.694,54549.624096774205,26,8092.0,0.055215171197562946,26,8092.0
93395.0,52,22298.0,343.04615384615386,1.1478749902312224,65689.24535004533,1010.6037746160818,3382166.755,52033.33469230769,24,8115.0,0.026061188823571627,24,8115.0
93400.0,54,22561.0,341.8333333333333,1.6628005525619785,65847.75201343195,997.6932123247261,3428061.7509999997,51940.32956060607,28,8213.0,0.07163931304611112,28,8213.0
93405.0,57,22840.0,340.8955223880597,1.2782485129037633,66118.56050822677,986.8441866899514,3473873.8109999998,51848.86285074628,31,8327.0,0.050000690253673416,31,8327.0
93410.0,61,23136.0,355.9384615384615,0.3858574398954431,66335.63177328624,1020.5481811274801,3565488.4999999995,54853.66923076923,35,8458.0,0.04218902099349703,35,8458.0
93415.0,58,23310.0,358.61538461538464,0.8118989482282671,66648.75918115939,1025.36552586399,3565488.4999999995,54853.66923076923,30,8382.0,0.017416086620455656,30,8382.0
93420.0,55,23480.0,350.44776119402985,1.6632515705361235,66945.37539761179,999.1847074270414,3565488.576,53216.24740298508,25,8298.0,0.05468291352717349,25,8298.0
93425.0,50,23662.0,353.1641791044776,1.8888579881916785,67083.93123953578,1001.2527050676981,3428119.58,51165.96388059702,23,8307.0,0.08141447065924694,23,8307.0
93430.0,52,23899.0,362.1060606060606,1.67809534370913,67106.82660570645,1016.7701000864615,3382452.699,51249.28331818182,25,8406.0,0.131788618394937,25,8406.0
93435.0,52,24089.0,370.6,1.2476079346863704,67168.73117990604,1033.3650950754773,3336770.088,51334.92443076923,26,8444.0,0.0809285078192111,26,8444.0
93440.0,56,24360.0,363.5820895522388,1.108110526475999,67467.48225639622,1006.9773471103905,3428413.794,51170.35513432836,29,8549.0,0.02186294423857717,29,8549.0
93445.0,60,24647.0,342.31944444444446,1.3938889402942058,67751.08660739864,940.9873139916477,3520068.735999999,48889.843555555555,33,8672.0,0.028633738514641075,33,8672.0
93450.0,60,24945.0,346.4583333333333,1.5699952763274219,68023.6999301603,944.7736101411153,3565893.738,49526.30191666666,34,8805.0,0.09728836536154364,34,8805.0
93455.0,55,25097.0,348.56944444444446,1.3047568597425443,68292.52513600377,948.5072935556077,3611713.513,50162.68768055555,28,8760.0,0.07127699911347563,28,8760.0
93460.0,58,25301.0,351.40277777777777,1.6992960433246818,68612.09279590778,952.9457332764965,3611713.513,50162.68768055555,30,8750.0,0.0638317771864226,30,8750.0
93465.0,57,25514.0,359.3521126760563,1.3973778475593008,68891.38268195833,970.3011645346243,3565904.218,50224.003070422536,29,8860.0,0.047413856356853204,29,8860.0
93470.0,57,25773.0,384.67164179104475,0.448281115989349,68913.1065547939,1028.5538291760286,3382699.7539999997,50488.05602985073,31,8988.0,0.029245696689248767,31,8988.0
93475.0,52,25357.0,357.14084507042253,1.5222866636326733,69232.30276116039,975.1028557909908,3474370.8989999993,48934.80139436619,25,8484.0,0.04114529764482616,25,8484.0
93480.0,55,25622.0,360.8732394366197,2.728986229595161,69444.02398976409,978.0848449262547,3474409.6749999993,48935.34753521127,29,8518.0,0.05877733443796955,29,8518.0
93485.0,56,25901.0,350.0135135135135,1.7947007999874172,69449.97830185445,938.5132202953303,3566077.752999999,48190.239905405404,30,8632.0,0.03299478144615996,30,8632.0
93490.0,63,26205.0,391.1194029850746,0.7063331048224714,69289.8048492409,1034.1761917797146,3566070.1729999995,53224.92795522387,35,8764.0,0.06619664272925317,35,8764.0
93495.0,58,26372.0,393.6119402985075,0.6235308247170659,69610.36798787254,1038.9607162369027,3566070.1729999995,53224.92795522387,30,8727.0,0.01811457516653453,30,8727.0
93500.0,55,26547.0,384.7391304347826,1.5166512102610064,69920.81621965411,1013.3451626036821,3566071.9649999994,51682.20239130434,27,8707.0,0.04549031124080716,27,8707.0
93505.0,52,26735.0,393.1617647058824,1.6558068219732227,70104.32879296396,1030.9460116612343,3520275.9299999992,51768.76367647058,25,8799.0,0.04600102130101873,25,8799.0
93510.0,55,26982.0,415.10769230769233,0.6147762424620254,70190.41495764029,1079.85253780985,3382839.992999999,52043.6922,28,8917.0,0.05094669583928246,28,8917.0
93515.0,51,26986.0,408.8787878787879,1.2732538721315372,70401.6916615636,1066.6922979024782,3382881.999999999,51255.78787878788,25,8811.0,0.046254643162774146,25,8811.0
93520.0,55,27250.0,400.7352941176471,1.8852873752607167,70691.64737769033,1039.5830496719166,3474591.999999999,51096.94117647058,28,8873.0,0.062276253352401625,28,8873.0
93525.0,58,27528.0,382.3333333333333,1.4446559447494396,70879.44683799642,984.4367616388388,3520446.170999999,48895.08570833333,32,8986.0,0.00967735001643655,32,8986.0
93530.0,58,27818.0,397.4,1.6081163299710395,71097.65890670955,1015.6808415244217,3566299.341999999,50947.13345714285,32,9111.0,0.06792287231153317,32,9111.0
93535.0,51,26877.0,401.14925373134326,1.1191655116943475,71267.33095904076,1063.6915068513545,3566296.341999999,53228.303611940304,23,8439.0,0.07788448561891803,23,8439.0
93540.0,49,26711.0,398.67164179104475,1.6066776037692334,71568.13719016599,1068.1811520920292,3566296.341999999,53228.303611940304,20,8062.0,0.07144965216968256,20,8062.0
93545.0,50,26862.0,389.30434782608694,1.8131998680561299,71542.42675070527,1036.8467645029746,3566296.341999999,51685.454231884054,22,8128.0,0.05239311295467012,22,8128.0
93550.0,54,27087.0,398.3382352941176,1.2838931598131194,71376.89404725665,1049.6602065773034,3474652.888999999,51097.83660294118,27,8233.0,0.08773167615945829,27,8233.0
93555.0,54,27293.0,407.35820895522386,1.4686892849413749,71193.976254488,1062.5966605147464,3520520.470999999,52545.08165671642,28,8290.0,0.041512547532520545,28,8290.0
93560.0,56,27569.0,411.4776119402985,1.0707093937142935,71384.72171714828,1065.4436077186313,3520559.1459999993,52545.65889552239,30,8401.0,0.06015405067759016,30,8401.0
93565.0,60,27861.0,415.8358208955224,1.024466651383087,71673.23355024458,1069.7497544812622,3520558.963999999,52545.65617910448,32,8520.0,0.00023794738075347561,32,8520.0
93570.0,60,28161.0,433.24615384615385,0.9602263325023463,71966.5543973922,1107.1777599598802,3520558.963999999,54162.4456,32,8645.0,0.03001585018021241,32,8645.0
93575.0,57,28281.0,435.0923076923077,0.887143852842849,72212.34670699004,1110.9591801075385,3520560.0039999993,54162.4616,27,8536.0,0.023107107662678754,27,8536.0
93580.0,50,28401.0,443.765625,1.8240880533190214,72461.84873555927,1132.2163864931135,3520560.0039999993,55008.7500625,22,8359.0,0.06575788403297553,22,8359.0
93585.0,47,28541.0,453.031746031746,2.2653591045572843,72692.73240592638,1153.8528953321647,3474705.9369999995,55154.06249206349,20,8284.0,0.1317258260272908,20,8284.0
93590.0,50,28755.0,463.7903225806452,1.5653343110852656,72695.09780885525,1172.5015775621812,3428959.4789999994,55305.7980483871,23,8380.0,0.07882041416617935,23,8380.0
93595.0,52,29010.0,491.6949152542373,0.6305687731438667,72490.5686619758,1228.6537061351828,3291558.8549999995,55789.13313559323,26,8493.0,0.049040289153496446,26,8493.0
93600.0,54,29225.0,463.8888888888889,1.013590976232632,72770.01896923916,1155.0796661783988,3383362.2469999995,53704.16265079366,26,8543.0,0.05687973176925938,26,8543.0
93605.0,56,29494.0,409.6388888888889,1.7177838117877082,72975.8078207673,1013.5528863995454,3429331.8449999997,47629.60895833333,29,8647.0,0.07262665864308768,29,8647.0
93610.0,58,29773.0,402.3378378378378,2.0072988061819252,73268.65684078546,990.1169843349384,3475242.8359999997,46962.741027027034,32,8761.0,0.13750589856521747,32,8761.0
93615.0,66,30077.0,406.44594594594594,0.5582317437393285,73555.17313963748,993.9888262113171,3567035.8519999995,48203.18718918919,40,8900.0,0.05978339752715848,40,8900.0
93620.0,60,29886.0,393.2368421052632,1.1406780231133327,73906.10678445335,972.448773479649,3658825.704999999,48142.44348684211,33,8354.0,0.060041771748320996,33,8354.0
93625.0,56,30034.0,395.1842105263158,1.494739130602573,74247.29725401665,976.9381217633764,3658825.704999999,48142.44348684211,26,8161.0,0.055900821388726124,26,8161.0
93630.0,55,30273.0,398.32894736842104,1.4469064748732652,74300.77839815809,977.6418210283955,3612925.8379999995,47538.49786842105,26,8259.0,0.042435586064597915,26,8259.0
93635.0,60,30542.0,407.2266666666667,1.2587853234592368,74484.8786642027,993.1317155227023,3521195.8109999998,46949.27748,32,8381.0,0.05495196622058764,32,8381.0
93640.0,60,30717.0,415.0945945945946,1.1448190687983775,74565.8073467121,1007.646045225839,3521202.4839999997,47583.81735135135,34,8413.0,0.02330245745050664,34,8413.0
93645.0,63,31026.0,419.27027027027026,1.2360689493248451,74548.84111899318,1007.416771878286,3567106.4419999993,48204.1411081081,36,8556.0,0.020357218659564195,36,8556.0
93650.0,64,31343.0,429.35616438356163,1.3302509557949196,74850.76703300528,1025.3529730548667,3567106.4019999993,48864.471260273975,36,8701.0,0.04366927543217896,36,8701.0
93655.0,66,31668.0,439.8333333333333,0.9611102985949717,75001.45007339935,1041.6868065749904,3521276.1079999995,48906.61261111111,38,8851.0,0.00010604328840322185,38,8851.0
93660.0,55,31691.0,459.28985507246375,1.3515276824698363,75215.52852707834,1090.0801235808453,3521271.1079999995,51032.91460869565,27,8628.0,0.030943387790392636,27,8628.0
93665.0,51,31814.0,448.0845070422535,1.7373438236221312,75516.80662295462,1063.6169946895013,3521271.1079999995,49595.36771830986,22,8557.0,0.054241656128911936,22,8557.0
93670.0,53,31972.0,463.3623188405797,1.8365133626930152,75668.942573942,1096.651341651333,3429512.5669999993,49703.08068115942,26,8646.0,0.1138732881488639,26,8646.0
93675.0,57,32219.0,480.8805970149254,0.8074720147282418,75657.40582054335,1129.2150122469154,3429593.6599999997,51187.96507462686,30,8775.0,0.024589376684842432,30,8775.0
93680.0,57,32456.0,470.3768115942029,1.1586167063979043,75861.92305829156,1099.4481602650949,3475519.763,50369.85163768115,31,8870.0,0.0192388336841262,31,8870.0
93685.0,58,32743.0,442.47297297297297,2.00241223865965,76176.34156455878,1029.4100211426864,3567389.857,48207.971040540535,32,8992.0,0.05475871013573127,32,8992.0
93690.0,62,33043.0,452.64383561643837,1.4940245583576304,76335.03839327097,1045.6854574420681,3567469.743,48869.44853424657,35,9125.0,0.08493517674636573,35,9125.0
93695.0,68,33368.0,469.9718309859155,0.26596000416285864,76624.64813691787,1079.220396294617,3567469.743,50246.05271830986,40,9276.0,0.0007989152377508202,40,9276.0
93700.0,60,33495.0,478.5,1.0112488666273052,76945.94964278836,1099.2278520398334,3567469.743,50963.85347142857,32,9131.0,0.044885779460346026,32,9131.0
93705.0,56,33652.0,467.3888888888889,1.5400868596690305,77266.5895115475,1073.1470765492704,3567470.111,49548.19598611111,28,9063.0,0.040735210213994406,28,9063.0
93710.0,54,33832.0,490.3188405797101,1.6457295762019324,77335.30476834446,1120.8015183818034,3475650.721,50371.749579710144,27,9161.0,0.05013625197865373,27,9161.0
93715.0,55,34084.0,501.2352941176471,0.972574918020281,77492.09524583736,1139.589635968196,3429795.9779999997,50438.17614705882,29,9309.0,0.048040777107891765,29,9309.0
93720.0,46,32550.0,485.82089552238807,1.6822350309411138,77533.51207832072,1157.216598183891,3429934.0959999994,51193.046208955224,19,8166.0,0.07852370769594912,19,8166.0
93725.0,48,32786.0,455.3611111111111,3.2417846281263953,77812.08861586214,1080.7234529980856,3475893.3779999996,48276.296916666666,22,7771.0,0.08147063694283024,22,7771.0
93730.0,52,33037.0,458.84722222222223,2.7138891029714234,77416.78581951439,1075.2331363821438,3567793.0149999997,49552.68076388889,25,7861.0,0.10538775131321841,25,7861.0
93735.0,57,33305.0,520.390625,1.1173459800014647,76659.9737969647,1197.8120905775727,3567785.5709999995,55746.649546875,29,7960.0,0.037106525614256106,29,7960.0
93740.0,50,33417.0,547.8196721311475,1.2130104632654533,76766.60600607622,1258.4689509192817,3567784.4489999996,58488.26965573769,22,7905.0,0.059188020011462325,22,7905.0
93745.0,53,33674.0,552.0327868852459,1.4447784372603243,77037.61346911224,1262.9116962149542,3567784.4489999996,58488.26965573769,24,7978.0,4.36152541977615e-05,24,7978.0
93750.0,52,33933.0,575.1355932203389,1.3313939694614971,77244.35210411661,1309.226306849433,3567783.5509999995,60470.907644067796,24,8063.0,0.0,24,8063.0
93755.0,54,34193.0,589.5344827586207,0.7395168595734624,77422.63063508838,1334.8729419842814,3567784.4089999995,61513.524293103445,24,8148.0,0.0,24,8148.0
93760.0,45,34155.0,609.9107142857143,1.3554900069068776,77595.51701784479,1385.6342324615132,3567781.7309999997,63710.38805357142,17,7929.0,0.07565197464629812,17,7929.0
93765.0,40,34150.0,569.1666666666666,2.547217393376003,77843.23465084714,1297.3872441807846,3567788.053,59463.13421666666,12,7743.0,0.18574972306069415,12,7743.0
93770.0,40,34188.0,579.457627118644,2.1793837241170997,78050.9440780425,1322.8973572549576,3521837.599,59692.162694915256,13,7768.0,0.16221220337470657,13,7768.0
93775.0,47,34364.0,602.8771929824561,0.7972781601696488,77980.54377422528,1368.0797153372855,3430077.1149999993,60176.79149122807,20,7851.0,0.05882644525672166,20,7851.0
93780.0,46,34552.0,595.7241379310345,0.5402736557838983,77951.20903231128,1343.9863626260558,3384277.153999999,58349.60610344828,17,7825.0,0.03959144302707296,17,7825.0
93785.0,46,34764.0,551.8095238095239,1.6080375504760005,78232.66038775902,1241.7882601231584,3476263.971999999,55178.79320634919,19,7878.0,0.07793776667457761,19,7878.0
93790.0,48,34984.0,538.2153846153847,1.8390207518334853,78505.81614466691,1207.7817868410284,3568245.525999999,54896.08501538462,21,7941.0,0.14086917529289758,21,7941.0
93795.0,54,35238.0,559.3333333333334,0.3535050194922999,78777.07007322955,1250.429683702056,3568241.8819999993,56638.76003174603,28,8030.0,0.021264566431286675,28,8030.0
93800.0,53,35413.0,562.1111111111111,1.0061727220688086,78911.70369236554,1252.566725275643,3568338.1649999996,56640.28833333332,27,8045.0,0.01062944888122424,27,8045.0
93805.0,56,35688.0,557.625,1.4098356252771067,79201.65992581773,1237.5259363409018,3568338.1649999996,55755.283828125,28,8145.0,2.16255578790687e-05,28,8145.0
93810.0,56,35968.0,570.9206349206349,1.355392180575882,79431.06078862432,1260.8104887083223,3568338.0229999996,56640.286079365076,28,8250.0,0.033487059849789454,28,8250.0
93815.0,57,36249.0,604.15,0.5080496918459552,79621.94007792587,1327.032334632098,3568336.0229999996,59472.26705,29,8356.0,0.05184664476888394,29,8356.0
93820.0,52,36203.0,603.3833333333333,1.0334380331196156,79904.66630282898,1331.7444383804827,3568336.0229999996,59472.26705,24,8105.0,0.03581407564122432,24,8105.0
93825.0,53,36464.0,607.7333333333333,1.4136527965145225,80174.23991923836,1336.2373319873063,3568336.0229999996,59472.26705,25,8191.0,0.0001748823538050197,25,8191.0
93830.0,53,36729.0,622.5254237288135,1.1667466579226984,80308.71746722456,1361.1647028343145,3568335.1249999995,60480.2563559322,25,8281.0,0.0,25,8281.0
93835.0,53,36994.0,672.6181818181818,0.20952577067835426,80300.8342234311,1460.0151676987477,3568331.7569999993,64878.75921818181,25,8371.0,0.0,25,8371.0
93840.0,46,36886.0,658.6785714285714,1.3396161869399141,80564.13743537645,1438.6453113460086,3568331.8179999995,63720.21103571429,18,8039.0,0.03730815013960334,18,8039.0
93845.0,43,36903.0,595.2096774193549,2.409033459755758,80819.11161809243,1303.5340583563298,3568337.8179999995,57553.83577419354,15,7812.0,0.1136909544673148,15,7812.0
93850.0,40,36865.0,614.4166666666666,2.3794851805753865,80804.78542772443,1346.7464237954073,3476452.1249999995,57940.86875,13,7844.0,0.15744927987688795,13,7844.0
93855.0,46,37033.0,638.5,0.6820819042226915,80626.98012348755,1390.120346956682,3384693.564,58356.7855862069,19,7941.0,0.05678130162185754,19,7941.0
93860.0,45,37125.0,608.6065573770492,1.492855242263204,80737.81068874078,1323.5706670285374,3384811.2229999998,55488.7085737705,19,7923.0,0.08218694958179149,19,7923.0
93865.0,48,37360.0,593.015873015873,2.069537166055818,81004.13899433783,1285.7799840371083,3476903.5489999996,55188.945222222224,21,7983.0,0.06115294156293175,21,7983.0
93870.0,51,37602.0,606.483870967742,1.3762680856896428,81198.3140404646,1309.6502264591068,3568993.398,57564.40964516129,24,8063.0,0.05445540758602744,24,8063.0
93875.0,55,37869.0,610.7903225806451,0.9749134426331755,81431.84202649214,1313.4168068789056,3615037.308,58307.05335483871,29,8165.0,0.03185394066114426,29,8165.0
93880.0,50,37990.0,643.8983050847457,0.904461770828214,81621.79959135539,1383.4203320568708,3615034.308,61271.767932203395,22,7906.0,0.06793557933990096,22,7906.0
93885.0,45,38112.0,614.7096774193549,1.9496841395333742,81890.99544312345,1320.8225071471525,3615034.68,58307.01096774194,17,7731.0,0.05521986045881195,17,7731.0
93890.0,43,38262.0,637.7,2.0287811521094343,81947.97034236061,1365.79950570601,3523052.2870000005,58717.53811666668,16,7778.0,0.09835623894670652,16,7778.0
93895.0,47,38468.0,674.8771929824561,0.754052726690689,81784.97726819868,1434.8241625999772,3385187.4140000003,59389.25287719299,20,7846.0,0.06452470289027236,20,7846.0
93900.0,48,38661.0,678.2631578947369,0.8542880583502045,81894.11815056305,1436.7389149221597,3385290.9230000004,59391.0688245614,22,7887.0,0.037258495901248787,22,7887.0
93905.0,50,38904.0,627.483870967742,1.4206722998806087,82168.20112871176,1325.2935665921252,3477416.6090000006,56087.36466129034,24,7966.0,0.04722749319775356,24,7966.0
93910.0,54,39166.0,611.96875,1.343367129501388,82414.86614795188,1287.7322835617488,3523476.007,55054.312609375,28,8063.0,0.07048731605537271,28,8063.0
93915.0,59,39442.0,626.063492063492,0.616778200627272,82667.60289765375,1312.1841729786308,3569534.171,56659.272555555566,31,8170.0,0.03116530517197802,31,8170.0
93920.0,53,39586.0,618.53125,1.00287940224438,82965.34534792007,1296.333521061251,3569537.971,55774.030796875,25,7989.0,0.059925316730936574,25,7989.0
93925.0,51,39753.0,593.3283582089553,1.9712950238015938,83257.0209333777,1242.642103483249,3569540.971,53276.73091044777,23,7876.0,0.08365508761466624,23,7876.0
93930.0,49,39899.0,604.530303030303,1.7455619259274147,83535.38176411457,1265.6876024865842,3523477.917,53386.02904545455,22,7949.0,0.09139462527065391,22,7949.0
93935.0,56,40136.0,599.044776119403,0.8155635347434567,83446.452842974,1245.469445417522,3431596.826,51217.86307462687,27,8054.0,0.04472021117869591,27,8054.0
93940.0,52,40316.0,610.8484848484849,1.2853997373802897,83475.96759125419,1264.7873877462757,3385691.001,51298.3485,26,8086.0,0.042608549709327946,26,8086.0
93945.0,57,40589.0,596.8970588235294,1.5557998428100959,83773.3221343498,1231.9606196227917,3477847.6210000003,51144.81795588236,30,8193.0,0.09341894247929211,30,8193.0
93950.0,60,40877.0,601.1323529411765,0.960270643935931,84025.18613573794,1235.6645019961459,3570000.404,52500.005941176474,33,8317.0,0.03404290151802274,33,8317.0
93955.0,63,41184.0,624.0,0.36466167626813534,84283.94556565,1277.0294782674239,3570000.404,54090.91521212121,35,8454.0,0.0006930555985756945,35,8454.0
93960.0,55,27944.0,423.3939393939394,0.8964918061385768,84571.62360811436,1281.388236486581,3570000.492,54090.91654545454,29,5588.0,0.0299517168695713,29,5588.0
93965.0,44,17158.0,245.11428571428573,2.779794385958728,84862.57768408558,1212.3225383440797,3570005.492,51000.07845714286,29,3732.0,0.042215247650984396,29,3732.0
93970.0,37,7571.0,109.72463768115942,4.015698319272679,79646.8203994882,1154.3017449201188,3488449.745,50557.24268115942,30,6847.0,0.08927046031877654,30,6847.0
93975.0,40,1645.0,24.924242424242426,2.482404950489893,59004.91912113471,894.0139260777987,3248095.2850000006,49213.56492424242,36,9954.0,0.019417340455972144,36,9954.0
93980.0,36,1231.0,19.85483870967742,1.9642595537010705,38214.70549505855,616.3662176622348,2921024.2490000003,47113.29433870968,32,9534.0,0.02230345463176938,32,9534.0
93985.0,39,1246.0,19.16923076923077,1.9249687961971285,36306.10426779857,558.5554502738246,3183820.4610000006,48981.85324615384,29,9542.0,0.024932503270406983,29,9542.0
93990.0,44,1254.0,18.441176470588236,1.6688025103931925,36260.68114900904,533.2453110148389,3439283.2220000005,50577.69444117647,28,9643.0,0.026558041793674554,28,9643.0
93995.0,51,1442.0,20.309859154929576,1.4524378485677814,35291.559441246376,497.06421748234334,3527373.1240000003,49681.311605633804,31,9791.0,0.055719482738436174,31,9791.0
94000.0,54,1543.0,22.042857142857144,1.4000747149348662,35335.12792765188,504.78754182359836,3660370.3830000004,52291.00547142858,29,9780.0,0.06191133339699072,29,9780.0
94005.0,58,1828.0,24.373333333333335,1.7858182688242115,35653.46813017422,475.37957506898977,3706492.6250000005,49419.90166666666,32,9897.0,0.041035095904220976,32,9897.0
94010.0,61,2125.0,29.51388888888889,1.7708115743360038,35686.73681179679,495.6491223860669,3660503.0790000004,50840.320541666675,33,10021.0,0.08418774955559982,33,10021.0
94015.0,64,2435.0,34.785714285714285,0.515664940464312,35919.70162566137,513.1385946523056,3660498.981,52292.84258571429,36,10151.0,0.00464515753636256,36,10151.0
94020.0,60,2589.0,38.0735294117647,0.8647901770297287,36209.0874899126,532.486580734009,3660498.981,53830.867367647064,32,10040.0,0.014402006144546316,32,10040.0
94025.0,56,2766.0,38.95774647887324,1.5660177779185043,36528.53398708415,514.4863941842838,3660498.981,51556.32367605634,28,9924.0,0.049453503869934,28,9924.0
94030.0,53,2913.0,42.21739130434783,1.748998674297959,36660.31813028363,531.3089584099077,3568336.046,51715.01515942029,26,9912.0,0.13554818063461593,26,9912.0
94035.0,57,3165.0,46.544117647058826,0.7765952926042338,36670.72909273929,539.2754278344014,3522389.564,51799.84652941176,31,10057.0,0.04714700571110416,31,10057.0
94040.0,46,1996.0,28.92753623188406,1.659047515240796,36685.09624821084,531.668061568273,3476447.2339999997,50383.293246376816,20,9047.0,0.0698007163951915,20,9047.0
94045.0,49,2238.0,31.083333333333332,3.0398824961770656,36967.17322648496,513.4329614789577,3568737.7219999996,49565.801694444446,23,8790.0,0.05019769956217764,23,8790.0
94050.0,53,2495.0,34.65277777777778,2.6542169321700695,36933.696022801756,512.968000316691,3661019.3,50847.490277777775,26,8877.0,0.07268616374505392,26,8877.0
94055.0,58,2772.0,42.646153846153844,1.0886441234324435,36092.899413784704,555.2753755966877,3707151.23,57033.09584615385,32,8984.0,0.02588509336467994,32,8984.0
94060.0,53,2919.0,47.08064516129032,1.0244061519295424,36256.01778687103,584.7744804334036,3753290.692,60536.94664516129,26,8961.0,0.05143379288131753,26,8961.0
94065.0,55,3190.0,49.84375,1.2771286946562628,36543.70756016943,570.995430627647,3753291.068,58645.1729375,27,9049.0,0.00015954268283360177,27,9049.0
94070.0,55,3465.0,55.0,1.611753129437518,36786.992818505016,583.920520928651,3753290.452,59576.038920634914,27,9144.0,0.0,27,9144.0
94075.0,55,3740.0,62.333333333333336,0.542931174415117,36920.97032061625,615.349505343604,3753293.1059999997,62554.88509999999,27,9239.0,0.04430343243849198,27,9239.0
94080.0,49,3714.0,62.94915254237288,1.3433168202384782,37190.20510881738,630.3424594714811,3753293.1059999997,63615.13738983051,21,8992.0,0.11530107467178966,21,8992.0
94085.0,45,3741.0,57.55384615384615,2.4181710926247932,37458.58146831925,576.2858687433728,3753299.1059999997,57743.063169230765,17,8661.0,0.0622682254117564,17,8661.0
94090.0,43,3815.0,58.69230769230769,2.802786404740938,37502.17822396346,576.9565880609763,3661093.525,56324.51576923077,16,8700.0,0.18088233116002625,16,8700.0
94095.0,46,4002.0,63.523809523809526,1.477922826630908,37404.678015305,593.7250478619842,3569007.786,56650.917238095244,20,8809.0,0.0774528869884083,20,8809.0
94100.0,49,4220.0,69.18032786885246,1.2577705178596195,37349.504149664324,612.2869532731856,3476906.98,56998.475081967204,23,8857.0,0.07638132128525568,23,8857.0
94105.0,53,4475.0,71.03174603174604,1.306550097965745,37628.03070615072,597.270328669059,3569253.307,56654.81439682539,27,8942.0,0.04514674188816514,27,8942.0
94110.0,56,4746.0,74.15625,0.9890107569818085,37890.18241763227,592.0341002755043,3661600.2359999996,57212.5036875,29,9043.0,0.0014015398288009843,29,9043.0
94115.0,59,5029.0,79.82539682539682,0.45776679810634036,38154.90277713138,605.6333774147836,3661598.2819999997,58120.60765079364,31,9156.0,0.013887657876309356,31,9156.0
94120.0,51,5168.0,79.50769230769231,1.5467003055334552,38434.39434465251,591.2983745331154,3753951.1780000003,57753.09504615385,25,8984.0,0.12220946635296374,25,8984.0
94125.0,49,5309.0,80.43939393939394,2.0352509553690563,38715.37127566285,586.5965344797401,3753951.1780000003,56878.048151515155,21,8844.0,0.11815956054998071,21,8844.0
94130.0,49,5492.0,84.49230769230769,1.692991353996182,38981.27460946226,599.7119170686502,3707772.352,57042.651569230766,22,8906.0,0.08335638052783745,22,8906.0
94135.0,52,5738.0,92.54838709677419,0.9499535986644267,38819.39023084815,626.1191972717442,3569498.899,57572.56288709678,26,8996.0,0.044774218704740285,26,8996.0
94140.0,53,5970.0,94.76190476190476,0.5783634408871543,38928.107656496235,617.9064707380354,3523450.362,55927.78352380953,25,9065.0,0.027663932203090106,25,9065.0
94145.0,56,6239.0,91.75,1.3220847711317962,39232.60924754848,576.9501359933598,3615823.2250000006,53173.87095588236,29,9164.0,0.022365864078207693,29,9164.0
94150.0,58,6525.0,94.56521739130434,1.3698946496307605,39520.662152879864,572.7632196069544,3662009.6720000007,53072.60394202899,32,9280.0,0.10623263648068602,32,9280.0
94155.0,63,6830.0,101.94029850746269,0.3050205103566515,39811.450728911674,594.2007571479354,3662009.6720000007,54656.86077611941,35,9406.0,0.03388498326809888,35,9406.0
94160.0,61,7007.0,104.58208955223881,0.5202669727617499,40139.03283992543,599.0900423869465,3662009.6720000007,54656.86077611941,33,9332.0,0.014954917875495815,33,9332.0
94165.0,56,7190.0,102.71428571428571,1.5570592446818663,40457.32850862466,577.9618358374951,3662012.6720000007,52314.466742857156,28,9275.0,0.04696425675708603,28,9275.0
94170.0,53,7383.0,103.98591549295774,1.8170005494553985,40755.82475640854,574.0257007944866,3615826.624000001,50927.13554929579,26,9367.0,0.09202406212384504,26,9367.0
94175.0,57,7636.0,109.08571428571429,0.9041928966107049,40698.02403676712,581.4003433823874,3523624.053000001,50337.48647142858,30,9488.0,0.07459112073082348,30,9488.0
94180.0,57,7832.0,111.88571428571429,1.2988652105664735,40906.89046531565,584.3841495045094,3523687.5220000003,50338.393171428586,31,9533.0,0.06615500390270321,31,9533.0
94185.0,61,8133.0,112.95833333333333,1.3997262314667767,41226.89068795567,572.5957039993843,3616103.014,50223.65297222222,35,9664.0,0.04188136131016376,35,9664.0
94190.0,63,8445.0,120.64285714285714,0.7901888191118901,41463.83260248476,592.3404657497824,3662302.5,52318.607142857145,37,9806.0,0.007248913945450999,37,9806.0
94195.0,65,8769.0,121.79166666666667,0.6667519235354028,41779.977888011956,580.277470666833,3754714.803,52148.81670833334,39,9960.0,0.023525712311089332,39,9960.0
94200.0,57,8333.0,119.04285714285714,1.5067871471915104,42065.06932716918,600.9295618167025,3754714.803,53638.7829,29,9430.0,0.06246768873823858,29,9430.0
94205.0,58,8621.0,116.5,2.2487884998643004,42377.80762115817,572.673075961597,3754717.803,50739.42977027027,30,9455.0,0.0006720919367939158,30,9455.0
94210.0,59,8915.0,123.81944444444444,2.3042821305726107,42442.12401017391,589.4739445857488,3754717.6149999998,52148.85576388889,31,9569.0,0.05341032443286875,31,9569.0
94215.0,59,9210.0,143.90625,0.3503620158430044,42159.30158690965,658.7390872954634,3754709.101,58667.329703125,31,9684.0,0.01759699470226197,31,9684.0
94220.0,55,9197.0,141.4923076923077,0.8043156826726897,42462.1597740537,653.2639965239033,3754710.2909999997,57764.7737076923,27,9471.0,0.03061532589215015,27,9471.0
94225.0,51,9284.0,142.83076923076922,2.1431492701232573,42747.32752236574,657.6511926517807,3754710.2909999997,57764.7737076923,23,9370.0,0.06384162011971263,23,9370.0
94230.0,47,9326.0,145.71875,1.885064898799516,42795.627645411354,668.6816819595523,3662383.567,57224.743234375,20,9353.0,0.1198993921080709,20,9353.0
94235.0,50,9533.0,148.953125,1.35034641240387,42860.92900062757,669.702015634806,3570079.826,55782.49728125,24,9456.0,0.08688335747349772,24,9456.0
94240.0,50,9659.0,150.921875,1.488580556335224,42911.34604458879,670.4897819466996,3570210.527,55784.539484375,23,9445.0,0.058302725613846106,23,9445.0
94245.0,54,9918.0,143.7391304347826,1.7690833951292324,43089.42219415079,624.4843796253735,3570278.6829999997,51743.169318840584,28,9534.0,0.03193003837137245,28,9534.0
94250.0,57,10192.0,149.88235294117646,1.6515774303481494,43301.088754047385,636.7807169712845,3662754.076,53864.030529411764,31,9638.0,0.05703864500004231,31,9638.0
94255.0,58,10478.0,158.75757575757575,0.8080591713881633,43514.028791772565,659.3034665420083,3708988.426,56196.794333333324,32,9754.0,0.0755602702008127,32,9754.0
94260.0,53,9657.0,146.3181818181818,1.1622882827944123,43814.4020389918,663.8545763483605,3755228.011,56897.39410606061,25,9161.0,0.06734859604071014,25,9161.0
94265.0,45,9643.0,139.7536231884058,2.1312369841055787,44111.2715223087,639.2937901783868,3755228.011,54423.594362318836,17,8787.0,0.09973274403845764,17,8787.0
94270.0,44,9798.0,139.97142857142856,2.281210191591675,44380.30340852152,634.0043344074502,3708984.365,52985.49092857143,16,8830.0,0.11411756085620096,16,8830.0
94275.0,50,10017.0,151.77272727272728,1.2392757489596669,44141.173598151036,668.8056605780461,3570405.288,54097.04981818182,24,8907.0,0.019803628622660555,24,8907.0
94280.0,51,10226.0,157.3230769230769,1.4030397964869747,43977.89416165728,676.5829871024197,3616654.9550000005,55640.84546153846,25,8957.0,0.057632261120452014,25,8957.0
94285.0,55,10493.0,158.9848484848485,1.3562724332967615,44085.86949572934,667.967719632263,3662903.447,55498.53707575758,29,9054.0,0.014146388792554018,29,9054.0
94290.0,57,10774.0,163.24242424242425,1.4630635368948304,44354.59488894679,672.0393164991938,3709156.0510000004,56199.3341060606,30,9164.0,0.059305932974975537,30,9164.0
94295.0,60,11064.0,172.875,0.3426360905235344,44482.6675140113,695.0416799064265,3662970.8030000003,57233.918796875005,30,9274.0,0.002183238890643487,30,9274.0
94300.0,54,11205.0,177.85714285714286,1.0571886470425786,44746.03019832454,710.2544475924527,3662970.8030000003,58142.3936984127,26,9146.0,0.047342605547608586,26,9146.0
94305.0,50,11336.0,179.93650793650792,1.5178696673527379,45027.02968867353,714.7147569630717,3662970.8030000003,58142.3936984127,22,9041.0,0.08875372102433782,22,9041.0
94310.0,49,11491.0,179.546875,1.384236390140565,45311.55576023742,707.9930587537096,3662971.2980000004,57233.92653125,22,9105.0,0.06547350621601114,22,9105.0
94315.0,53,11722.0,189.06451612903226,0.8034876747118176,45291.42106034368,730.5067912958657,3570630.167,57590.809145161285,26,9206.0,0.046313744876455086,26,9206.0
94320.0,55,11942.0,189.55555555555554,0.5924371521173434,45347.56455795849,719.8026120310872,3524491.0089999996,55944.30173015873,27,9276.0,0.022338049748229692,27,9276.0
94325.0,57,12215.0,172.04225352112675,1.4733081804012333,45654.16044439758,643.0163442872899,3617054.891,50944.43508450704,30,9379.0,0.03132398760904912,30,9379.0
94330.0,57,12500.0,176.05633802816902,1.8859092117231075,45942.75162888099,647.0810088574787,3663330.367,51596.20235211267,31,9494.0,0.13017573442036873,31,9494.0
94335.0,64,12800.0,182.85714285714286,0.11576162496865189,46218.58578690106,660.2655112414437,3709601.9250000003,52994.313214285714,37,9623.0,0.013995217027844432,37,9623.0
94340.0,63,12986.0,185.5142857142857,0.5431313896350815,46559.743348669115,665.1391906952731,3709601.9250000003,52994.313214285714,35,9538.0,0.008978984919313192,35,9538.0
94345.0,59,13193.0,188.47142857142856,1.2902039653375714,46883.000160838244,669.7571451548318,3709601.9250000003,52994.313214285714,31,9483.0,0.03334679735616462,31,9483.0
94350.0,56,13392.0,188.61971830985917,1.4049889373515094,47186.52247837248,664.5989081460913,3663322.3770000003,51596.0898169014,28,9585.0,0.04293036742262542,28,9585.0
94355.0,57,13639.0,194.84285714285716,1.0614006868292045,47205.58924638719,674.3655606626744,3570928.9130000006,51013.27018571429,30,9709.0,0.07429509319585584,30,9709.0
94360.0,55,13811.0,197.3,1.378879524738088,47377.30137496885,676.8185910709835,3571019.6890000007,51014.566985714286,29,9728.0,0.06778830471471149,29,9728.0
94365.0,60,14102.0,195.86111111111111,1.383854337835241,47594.14530485884,661.0297959008171,3617371.835000001,50241.27548611112,33,9849.0,0.030012415004453525,33,9849.0
94370.0,62,14407.0,200.09722222222223,1.5069313034882434,47883.00355681679,665.0417160668999,3663664.1120000007,50884.22377777778,36,9984.0,0.04735561528715932,36,9984.0
94375.0,66,14724.0,207.38028169014083,0.41941565951668003,48093.50645509796,677.3733303534923,3709951.941000001,52252.84423943663,39,10130.0,0.007116166376137536,39,10130.0
94380.0,55,14409.0,205.84285714285716,1.3904151189901062,48415.24670755896,691.6463815365564,3709951.941000001,52999.31344285714,27,9592.0,0.055843266890281,27,9592.0
94385.0,52,14564.0,196.8108108108108,1.3637780619430546,48739.8899828271,658.6471619300958,3709952.1750000007,50134.48885135136,23,9422.0,0.053029434329091164,23,9422.0
94390.0,54,14759.0,199.44594594594594,1.7317569044513006,48934.00628376093,661.2703551859584,3663717.009000001,49509.68931081082,26,9504.0,0.10323833974422066,26,9504.0
94395.0,59,15011.0,208.48611111111111,0.8780150279646262,48956.04213093619,679.9450295963361,3617459.232000001,50242.48933333334,32,9625.0,0.03339699166841185,32,9625.0
94400.0,54,14255.0,195.27397260273972,1.53168808656143,48901.45511586063,669.8829467926112,3663776.1710000006,50188.714671232876,26,8880.0,0.03708264825886799,26,8880.0
94405.0,56,14526.0,188.64935064935065,2.8558667273777294,49057.57909187315,637.1114167775734,3710091.5410000007,48183.00702597403,29,8815.0,0.03478106259674969,29,8815.0
94410.0,56,14802.0,194.76315789473685,2.6087977604608152,49136.44669652499,646.5321933753289,3710171.4230000004,48818.04503947368,29,8920.0,0.1223097474062463,29,8920.0
94415.0,64,15104.0,218.8985507246377,0.740475316023266,48497.10897692313,702.8566518394657,3710162.7570000007,53770.47473913044,36,9043.0,0.01238419773002499,36,9043.0
94420.0,58,15254.0,231.12121212121212,0.7124272747256029,48701.93627407279,737.9081253647394,3710162.0890000006,56214.577106060606,30,8936.0,0.02492053386737801,30,8936.0
94425.0,54,15396.0,226.41176470588235,1.5889187771669784,49006.8128130339,720.6884237210867,3710162.4730000007,54561.2128382353,26,8842.0,0.05537851053513635,26,8842.0
94430.0,51,15558.0,228.7941176470588,2.155997262542746,49296.960790769095,724.9553057466043,3710162.4730000007,54561.2128382353,24,8829.0,0.05901188655202262,24,8829.0
94435.0,53,15796.0,250.73015873015873,0.7057739999074261,48969.46931888245,777.293163791785,3478890.8310000007,55220.48938095239,27,8936.0,0.056528372571790726,27,8936.0
94440.0,49,15780.0,250.47619047619048,1.0324090357483315,49129.817466290035,779.8383724807942,3478975.293,55221.83004761906,23,8812.0,0.05247449934453537,23,8812.0
94445.0,54,16039.0,232.44927536231884,1.6344382246781004,49426.27394926117,716.3228108588576,3571650.5579999997,51763.05156521739,27,8856.0,0.05168260710936585,27,8856.0
94450.0,56,16308.0,226.5,1.8724210257247893,49667.50907823492,689.8265149754849,3664322.4280000003,50893.36705555556,29,8957.0,0.058028383677053874,29,8957.0
94455.0,59,16594.0,237.05714285714285,1.239648035431004,49887.840476968464,712.6834353852638,3710656.029,53009.37184285714,33,9073.0,0.033982689467990476,33,9073.0
94460.0,57,16763.0,253.9848484848485,0.9420779030017172,49997.15888433033,757.5327103686416,3710656.029,56222.06104545454,29,8993.0,0.07219162648692234,29,8993.0
94465.0,55,16956.0,253.07462686567163,1.5811622462233876,50299.59115272322,750.7401664585553,3710657.0020000003,55382.94032835821,27,8930.0,0.05860654195035272,27,8930.0
94470.0,50,17124.0,259.45454545454544,1.815425443485202,50575.77112288925,766.2995624680186,3664319.7460000003,55519.99615151515,23,8943.0,0.08379903826843839,23,8943.0
94475.0,57,17370.0,267.2307692307692,0.7194950344207508,50376.17425348358,775.018065438209,3479212.0629999996,53526.33943076923,28,9047.0,0.04931876057259625,28,9047.0
94480.0,52,17531.0,269.7076923076923,1.631697066376022,50572.38880725268,778.0367508808106,3479266.1169999996,53527.171030769234,26,9052.0,0.08733547929164817,26,9052.0
94485.0,56,17800.0,254.28571428571428,1.5257327092636697,50871.285913629334,726.7326559089905,3571965.7659999994,51028.082371428565,29,9150.0,0.056632354511513466,29,9150.0
94490.0,59,18083.0,254.69014084507043,1.7714944119477325,51146.680903849534,720.3757873781625,3664669.6439999994,51615.0654084507,32,9264.0,0.07768866092028356,32,9264.0
94495.0,62,18380.0,270.29411764705884,0.5895124483096388,51376.06327182506,755.5303422327213,3711017.6239999994,54573.78858823529,36,9391.0,0.017840573930616773,36,9391.0
94500.0,67,18700.0,271.0144927536232,0.19825135564055124,51662.73116767601,748.735234314145,3757361.2099999995,54454.51028985507,38,9539.0,0.021549967485602565,38,9539.0
94505.0,55,18302.0,254.19444444444446,1.166021613941564,52000.37163693269,722.2273838462875,3757363.2099999995,52185.60013888889,26,9239.0,0.03731172273568215,26,9239.0
94510.0,53,18401.0,255.56944444444446,1.7846259507696571,52316.257412380706,726.6146862830655,3757363.2099999995,52185.60013888889,22,9104.0,0.12474999477312712,22,9104.0
94515.0,52,18564.0,261.46478873239437,1.0745051521899704,52600.127207286205,740.8468620744535,3711028.5109999995,52268.00719718309,25,9181.0,0.03356966374862173,25,9181.0
94520.0,59,18829.0,276.8970588235294,0.795212408973047,52771.006276277105,776.0442099452515,3618328.2659999994,53210.70979411765,33,9307.0,0.005010480302867681,33,9307.0
94525.0,57,19063.0,276.27536231884056,1.3567970924896355,52885.644288034906,766.4586128700712,3664695.9510000004,53111.53552173912,31,9371.0,0.0003801475023032429,31,9371.0
94530.0,60,19356.0,280.5217391304348,1.3908014806716307,52928.582638303735,767.0809078015033,3618401.7069999995,52440.60444927536,32,9490.0,0.028976697565346262,32,9490.0
94535.0,60,19656.0,289.05882352941177,1.267747122583891,53098.86983606333,780.8657328832842,3618398.4229999995,53211.74151470588,32,9610.0,0.04957801879016812,32,9610.0
94540.0,62,19963.0,311.921875,0.15360663984564238,53330.69091317208,833.2920455183139,3618396.4229999995,56537.444109375,34,9737.0,0.01769404779074324,34,9737.0
94545.0,51,13435.0,203.56060606060606,1.1742732822435238,53639.83795611711,812.7248175169257,3618400.847,54824.25525757575,27,5895.0,0.05066404430077147,27,5895.0
94550.0,44,9732.0,147.45454545454547,2.905111149875582,53915.17823155358,816.896639872024,3618400.847,54824.25525757575,27,4044.0,0.09018531902112185,27,4044.0
94555.0,37,4890.0,74.0909090909091,3.1426803512046675,51406.842767851835,778.8915570886641,3533609.005,53539.53037878788,29,8087.0,0.04951668369692427,29,8087.0
94560.0,37,1726.0,29.25423728813559,2.4817238316976096,32345.493686487363,548.2287065506332,2940140.74,49832.89389830508,35,8785.0,0.006708109704142773,35,8785.0
94565.0,36,1538.0,23.661538461538463,2.3997146966346765,24421.055500804294,375.70854616621983,2947987.1850000005,45353.649,28,8405.0,0.02961837488204951,28,8405.0
94570.0,37,1468.0,22.242424242424242,2.5796158380570393,24107.542042320176,365.2657885200028,3035929.5889999997,45998.93316666667,25,8490.0,0.10826814849491326,25,8490.0
94575.0,42,1471.0,21.63235294117647,1.3152176565078049,24050.112477979554,353.67812467616994,3339303.9289999995,49107.41072058823,26,8583.0,0.03100754040544839,26,8583.0
94580.0,57,1676.0,23.6056338028169,0.8535706675492803,23694.832557206377,333.73003601699116,3473665.6689999998,48924.86857746478,35,8775.0,0.010373836799709645,35,8775.0
94585.0,55,1824.0,25.690140845070424,1.2844832086446527,23974.947753980832,337.6753204786034,3607503.921,50809.91438028168,30,8840.0,0.01713004445608383,30,8840.0
94590.0,60,2116.0,29.38888888888889,1.5466398738171827,24290.42345175558,337.3669923854943,3653929.823,50749.025319444445,33,8955.0,0.04242491345641141,33,8955.0
94595.0,61,2412.0,33.5,1.4030999267663065,24391.77464358342,338.77464782754765,3654065.2319999994,50750.905999999995,34,9093.0,0.04364966542784149,34,9093.0
94600.0,63,2723.0,40.044117647058826,0.6684520396550604,24631.627756802955,362.22981995298477,3654064.3239999996,53736.24005882353,35,9235.0,0.025015413353818086,35,9235.0
94605.0,58,2868.0,41.56521739130435,0.9916477492624253,24868.50257527856,360.4130808011386,3654064.712,52957.4595942029,30,9057.0,0.01830991174942979,30,9057.0
94610.0,53,3006.0,44.205882352941174,1.9655512553111847,25145.255983726154,369.7831762312671,3654061.712,53736.20164705882,25,8907.0,0.07779569696992644,25,8907.0
94615.0,51,3168.0,46.588235294117645,1.9333097719249905,25434.75452615522,374.04050773757683,3654061.712,53736.20164705882,24,8870.0,0.0809042240389683,24,8870.0
94620.0,55,3416.0,52.55384615384615,0.7792233520281605,25160.15310975475,387.0792786116117,3468689.9449999994,53364.46069230769,29,9016.0,0.051767632776879326,29,9016.0
94625.0,44,1921.0,27.840579710144926,2.172829874077379,25294.91818612114,366.5930171901614,3515246.745,50945.605,17,7825.0,0.0915047161089055,17,7825.0
94630.0,46,2144.0,29.77777777777778,3.465188820133599,25400.45322387802,352.78407255386145,3515357.857,48824.41468055555,20,7434.0,0.18465897711649357,20,7434.0
94635.0,51,2388.0,33.166666666666664,2.9091200331981977,25403.940333201164,352.83250462779404,3608248.2870000005,50114.55954166666,25,7508.0,0.04093019087930484,25,7508.0
94640.0,54,2653.0,41.453125,1.4482392825134212,24263.61307566057,379.11895430719653,3654683.938,57104.43653125,27,7612.0,0.07566990295649104,27,7612.0
94645.0,58,2935.0,46.58730158730159,0.4899256132096111,24369.964928438832,386.82484013394975,3654682.2139999997,58010.82879365079,30,7725.0,0.000450496476977156,30,7725.0
94650.0,53,3075.0,49.596774193548384,1.23179961497106,24651.38301869913,397.602951914502,3654682.2139999997,58946.48732258064,25,7709.0,0.07143330781534808,25,7709.0
94655.0,56,3341.0,51.4,1.2596344093525085,24933.821668580196,383.5972564396953,3654683.7460000003,56225.90378461539,26,7791.0,0.011769461149031239,26,7791.0
94660.0,55,3615.0,56.484375,1.655042331673711,25183.205895408457,393.487592115757,3654683.552,57104.4305,27,7895.0,0.034432673081743984,27,7895.0
94665.0,56,3891.0,64.85,0.8159104502846228,25336.17502962856,422.2695838271427,3654683.0719999997,60911.38453333334,28,8001.0,0.059624154783598886,28,8001.0
94670.0,49,3847.0,66.32758620689656,0.7801042343284403,25585.446866331815,441.1283942471002,3654683.0719999997,63011.77710344828,21,7718.0,0.023156405349332873,21,7718.0
94675.0,46,3853.0,66.43103448275862,1.7552956806734603,25846.844433115035,445.6352488468109,3654683.0719999997,63011.77710344828,18,7491.0,0.06806877556673754,18,7491.0
94680.0,45,3899.0,67.22413793103448,1.636399768804094,26022.18010457897,448.6582776651549,3561787.88,61410.13586206897,16,7399.0,0.09165179460846659,16,7399.0
94685.0,45,4077.0,66.8360655737705,1.7478217908147793,25885.43955064128,424.3514680432998,3515595.513,57632.713327868856,18,7496.0,0.06759832942910193,18,7496.0
94690.0,45,4261.0,72.22033898305085,1.9392112169149516,25588.340718014493,433.70069013583907,3423030.488,58017.46589830509,19,7559.0,0.18852193381678853,19,7559.0
94695.0,49,4499.0,73.75409836065573,1.492130146326854,25850.656544226822,423.7812548233908,3515999.0880000005,57639.32931147542,23,7637.0,0.06609735132850562,23,7637.0
94700.0,54,4757.0,74.328125,1.5859881875375397,26096.563257978723,407.7588009059177,3608977.1280000005,56390.267625,27,7735.0,0.04619990688306367,27,7735.0
94705.0,55,5026.0,78.53125,1.4094831426162364,26349.627404335897,411.7129281927485,3655461.3620000007,57116.583781249996,29,7844.0,0.060159528481819234,29,7844.0
94710.0,50,5147.0,81.6984126984127,1.2686207864193888,26619.417940164196,422.5304434946699,3701942.1610000003,58760.98668253969,23,7564.0,0.05821344337529671,23,7564.0
94715.0,48,5307.0,84.23809523809524,2.3479211129063082,26885.95015075219,426.761113504003,3701940.1610000003,58760.954936507944,20,7406.0,0.12047476939888992,20,7406.0
94720.0,44,5452.0,87.93548387096774,2.256043082515462,27080.98300343195,436.79004844245077,3655496.6900000004,58959.62403225807,17,7379.0,0.11615226484875281,17,7379.0
94725.0,49,5674.0,91.51612903225806,1.3676620186284894,26919.604083203216,434.1871626323101,3516329.4140000003,56714.990548387104,22,7460.0,0.04853773952448486,22,7460.0
94730.0,50,5909.0,98.48333333333333,1.1417018616607353,26776.82278738896,446.28037978981615,3423605.2539999997,57060.08756666667,24,7544.0,0.07732150950390516,24,7544.0
94735.0,54,6172.0,96.4375,1.060402979839998,27064.16361492352,422.87755648318,3516602.132,54946.908312499996,28,7647.0,0.053288955069760884,28,7647.0
94740.0,57,6449.0,99.21538461538462,1.1880295766274995,27340.02120567438,420.615710856529,3609593.5539999995,55532.20852307692,30,7764.0,0.03961999136533218,30,7764.0
94745.0,60,6741.0,100.61194029850746,0.3711565408669176,27637.904064402253,412.506030811974,3656087.3539999994,54568.46797014925,33,7895.0,0.005102125511053271,33,7895.0
94750.0,57,6907.0,103.08955223880596,1.1927462517325462,27951.237239076294,417.1826453593478,3656087.3539999994,54568.46797014925,29,7829.0,0.07487639305405029,29,7829.0
94755.0,53,7069.0,105.50746268656717,1.5048218230636934,28250.60372188403,421.6508018191649,3656087.3539999994,54568.46797014925,25,7759.0,0.060702925002190475,25,7759.0
94760.0,52,7265.0,105.28985507246377,1.5550127246369685,28552.332822518314,413.8019249640336,3656089.1739999996,52986.79962318842,25,7854.0,0.050867044834146495,25,7854.0
94765.0,56,7518.0,112.2089552238806,1.1865339164448088,28595.908342468712,426.8046021263989,3516712.1659999997,52488.24128358209,29,7976.0,0.029907122673433168,29,7976.0
94770.0,54,7733.0,117.16666666666667,1.2141781922885915,28663.240194486858,434.29151809828585,3470334.874,52580.831424242424,28,8045.0,0.07732673014345316,28,8045.0
94775.0,58,8018.0,116.20289855072464,1.1392853332187811,28971.28792064679,419.87373798038846,3563358.012,51642.86973913044,32,8170.0,0.031164416612598046,32,8170.0
94780.0,60,8315.0,120.5072463768116,1.2687478284035878,29235.437160381796,423.70198783162033,3609868.5599999996,52316.93565217392,34,8307.0,0.06574147536985217,34,8307.0
94785.0,62,8622.0,121.43661971830986,0.7480803748881305,29536.8830392634,416.01243717272416,3702890.3379999995,52153.38504225352,36,8454.0,0.032487515791023144,36,8454.0
94790.0,54,8316.0,120.52173913043478,1.310305463041693,29828.65435105119,432.29933842103173,3702890.3379999995,53665.077362318836,26,8118.0,0.04285252602267488,26,8118.0
94795.0,54,8464.0,122.66666666666667,1.2416470354186504,30136.784769913993,436.7649966654203,3702890.3379999995,53665.077362318836,23,8050.0,0.046621709917262034,23,8050.0
94800.0,53,8651.0,127.22058823529412,1.1846143981197013,30295.03211549948,445.5151781691102,3702889.962,54454.26414705881,25,8141.0,0.03250007709154584,25,8141.0
94805.0,55,8897.0,123.56944444444444,1.2912026811122885,30468.14681977975,423.1687058302745,3563410.456,49491.811888888886,28,8261.0,0.024108426663027666,28,8261.0
94810.0,47,8082.0,109.21621621621621,2.577955303911609,30605.086093455535,413.5822445061559,3609937.8839999996,48782.94437837838,20,7481.0,0.15131183755424718,20,7481.0
94815.0,52,8326.0,114.05479452054794,2.891585103830817,30702.94411021537,420.5882754824024,3656464.792,50088.55879452055,25,7382.0,0.032336348818126685,25,7382.0
94820.0,55,8599.0,121.11267605633803,2.6033590918569405,30703.54464069472,432.44429071401015,3609976.522,50844.73974647888,27,7487.0,0.05649605938623537,27,7487.0
94825.0,58,8882.0,143.25806451612902,0.8317576857275099,30090.94164691048,485.33776849855616,3609968.456,58225.29767741935,30,7600.0,5.306104622314599e-05,30,7600.0
94830.0,52,9041.0,153.23728813559322,1.0017413155653803,30269.776838809357,513.0470650645655,3609964.636,61185.84128813559,24,7601.0,0.01396189170211119,24,7601.0
94835.0,54,9301.0,152.47540983606558,1.1426509908880023,30531.340127627318,500.51377258405444,3609966.172,59179.77331147541,24,7679.0,0.0,24,7679.0
94840.0,52,9561.0,159.35,1.5778629296660307,30764.060356336147,512.7343392722692,3609965.9760000003,60166.099599999994,24,7769.0,0.036801687732002035,24,7769.0
94845.0,53,9823.0,172.33333333333334,0.7898110848377011,30921.493751724396,542.4823465214807,3609962.494,63332.67533333333,25,7861.0,0.06115856592589829,25,7861.0
94850.0,49,9794.0,174.89285714285714,0.8746537932661,31162.57041133091,556.4744716309093,3609962.494,64463.61596428572,21,7686.0,0.055659973367058004,21,7686.0
94855.0,46,9836.0,172.56140350877192,1.8169073125364072,31417.939832303833,551.1919268825234,3609963.162,63332.687052631576,18,7443.0,0.07110408747910972,18,7443.0
94860.0,44,9825.0,169.39655172413794,1.8724376705516994,31480.139141712454,542.7610196846977,3516958.3119999995,60637.212275862075,15,7491.0,0.14089920556286128,15,7491.0
94865.0,44,9997.0,169.4406779661017,1.5186514080794637,31307.56878206603,530.6367590180685,3424083.0769999996,58035.30638983051,18,7634.0,0.09010438770839616,18,7634.0
94870.0,47,10167.0,169.45,1.7334807841583215,31442.4447488047,524.0407458134117,3470732.2309999997,57845.537183333334,20,7644.0,0.14713683007682737,20,7644.0
94875.0,50,10408.0,170.62295081967213,1.313300883679371,31710.041113171825,519.8367395601939,3517302.9629999995,57660.70431147541,24,7725.0,0.04367858105044215,24,7725.0
94880.0,54,10666.0,172.03225806451613,1.2187657989842475,31962.30792805087,515.5210956137239,3610447.302,58233.02099999999,27,7823.0,0.0008297211971909329,27,7823.0
94885.0,54,10935.0,173.57142857142858,1.0967632095852888,32207.5927469793,511.2316309044334,3657022.702,58047.97939682539,28,7932.0,0.03567118888758644,28,7932.0
94890.0,49,11054.0,172.71875,1.7664894190398168,32451.288443973834,507.05138193709126,3703596.9,57868.701562500006,22,7786.0,0.1401742522407306,22,7786.0
94895.0,46,11183.0,172.04615384615386,2.321663649646151,32723.131397121524,503.43279072494664,3703596.9,56978.413846153846,18,7650.0,0.17088957858232237,18,7650.0
94900.0,47,11349.0,177.328125,2.0018717401829034,32975.737593741236,515.2458999022069,3657019.2139999997,57140.92521875,20,7622.0,0.09197810699580995,20,7622.0
94905.0,51,11585.0,186.8548387096774,1.2051819698091912,32818.84129038898,529.3361498449834,3564113.952,57485.70890322581,25,7726.0,0.05422813900797695,25,7726.0
94910.0,51,11813.0,196.88333333333333,0.5864193980419453,32840.43284487596,547.3405474145994,3471111.22,57851.85366666668,24,7794.0,0.017919042952048055,24,7794.0
94915.0,55,12077.0,191.6984126984127,1.1000083719464138,33129.51509337394,525.8653189424437,3517695.3700000006,55836.43444444445,29,7898.0,0.041974022136596074,29,7898.0
94920.0,58,12356.0,193.0625,0.978502155397032,33410.51013666743,522.0392208854288,3610859.9700000007,56419.687031249996,32,8017.0,0.04148552731764619,32,8017.0
94925.0,59,12648.0,188.77611940298507,0.5488726716998719,33688.476828501676,502.81308699256255,3657442.985000001,54588.701268656725,32,8147.0,0.027568710216901087,32,8147.0
94930.0,56,12806.0,191.13432835820896,1.4310333099429735,33997.32301703205,507.42273159749345,3657442.985000001,54588.701268656725,28,8040.0,0.09945497306627292,28,8040.0
94935.0,53,12969.0,190.72058823529412,1.7084071803720242,34296.63082631034,504.3622180339758,3657443.3920000005,53785.932235294116,25,7944.0,0.07331350437155418,25,7944.0
94940.0,53,13161.0,193.5441176470588,1.3490334914071132,34441.61552459385,506.49434594990976,3564348.9140000003,52416.89579411765,26,8042.0,0.0644074652139518,26,8042.0
94945.0,57,13421.0,203.34848484848484,0.9040634972707001,34479.26033348752,522.4130353558716,3471329.49,52595.90136363636,31,8187.0,0.04107749292450877,31,8187.0
94950.0,55,13625.0,203.3582089552239,1.207397659839364,34639.919284896365,517.013720670095,3518012.9280000003,52507.65564179105,28,8231.0,0.04792599205364338,28,8231.0
94955.0,59,13910.0,201.59420289855072,1.3360355650075508,34950.43870095873,506.528097115344,3564608.768,51660.996637681164,33,8356.0,0.01996057837067754,33,8356.0
94960.0,61,14209.0,208.9558823529412,0.954616291258452,35207.25808853043,517.7537954195652,3657803.7520000003,53791.23164705883,35,8495.0,0.049259466315425396,35,8495.0
94965.0,65,14523.0,204.54929577464787,0.5532469022182628,35499.35549943833,499.99092252730065,3657804.148,51518.36828169014,37,8643.0,4.525940439589277e-05,37,8643.0
94970.0,54,10323.0,147.47142857142856,1.5508867026717292,35798.76189515469,511.4108842164957,3657804.148,52254.344971428574,30,5847.0,0.05600259071520841,30,5847.0
94975.0,51,8154.0,116.48571428571428,1.7859679752220772,36104.593934391196,515.7799133484458,3657804.148,52254.344971428574,31,5023.0,0.03802834820370456,31,5023.0
94980.0,45,4367.0,63.289855072463766,2.3426979213472747,34170.891687235824,495.23031430776587,3572103.5130000003,51769.616130434784,37,10023.0,0.030051879794864615,37,10023.0
94985.0,45,2192.0,32.23529411764706,2.0922932379364827,27797.35451692272,408.78462524886345,3315021.801,48750.320602941174,42,10227.0,8.129364608556276e-05,42,10227.0
94990.0,38,1411.0,20.44927536231884,2.1632490263064805,20661.977214894127,299.448945143393,3234171.324,46872.04817391304,30,9736.0,0.0933627358522773,30,9736.0
94995.0,43,1376.0,19.11111111111111,2.0673595992870832,20956.646657833986,291.06453691436076,3497559.5039999997,48577.21533333333,30,9611.0,0.045064587383859545,30,9611.0
95000.0,49,1398.0,18.64,1.9059915895624826,21269.58901950236,283.59452026003146,3760936.241,50145.81654666667,31,9730.0,0.04957314216567772,31,9730.0
95005.0,59,1615.0,22.123287671232877,0.9139157755237356,20742.8109105636,284.14809466525475,3668216.0759999994,50249.53528767123,36,9897.0,0.012571407058418282,36,9897.0
95010.0,59,1793.0,24.90277777777778,1.2277344063258968,20594.89273233968,286.040176838051,3714846.9819999994,51595.09697222222,34,9966.0,0.04946025145647357,34,9966.0
95015.0,65,2099.0,27.25974025974026,1.5739512716164084,20924.953985028555,271.752649156215,3761486.175999999,48850.46981818181,35,10086.0,0.03752901929363651,35,10086.0
95020.0,64,2418.0,32.67567567567568,1.5064706871657219,21087.0024696804,284.95949283351894,3714912.1659999993,50201.51575675675,36,10225.0,0.054781343614482884,36,10225.0
95025.0,67,2744.0,39.2,0.3899511937708699,21285.672274129825,304.081032487569,3714911.681999999,53070.16688571429,39,10371.0,0.027591232434352644,39,10371.0
95030.0,59,2820.0,40.869565217391305,0.7703561695362247,21613.739408677986,313.24260012576804,3714911.681999999,53839.29973913043,31,10017.0,0.029083833267240948,31,10017.0
95035.0,56,2965.0,42.971014492753625,0.9927145056457968,21934.041935010227,317.8846657247859,3714911.681999999,53839.29973913043,27,10109.0,0.02644490468104764,27,10109.0
95040.0,57,3137.0,46.13235294117647,0.7274449147139094,21904.275088312523,322.1216924751842,3621741.0029999996,53260.89710294117,27,10203.0,0.026236694842155763,27,10203.0
95045.0,56,3376.0,45.62162162162162,1.2692778215403744,22139.77072341575,299.1860908569696,3668413.496999999,49573.15536486486,30,10333.0,0.012329875144544809,30,10333.0
95050.0,47,2083.0,28.534246575342465,2.413210467553185,22414.54123243108,307.0485100333024,3715079.209,50891.496013698634,21,9328.0,0.1371017156808222,21,9328.0
95055.0,52,2329.0,31.472972972972972,3.3551047100592726,22699.215763579305,306.74615896728795,3761746.439,50834.41133783783,25,8993.0,0.13178678771234237,25,8993.0
95060.0,56,2592.0,36.50704225352113,2.4072206120672024,22226.198815942495,313.0450537456689,3761843.667,52983.71361971831,28,9061.0,0.025783348622609326,28,9061.0
95065.0,58,2879.0,46.435483870967744,0.8351192369887822,21475.258465239665,346.37513653612365,3761835.053,60674.758919354834,30,9168.0,2.083380196536444e-05,30,9168.0
95070.0,52,3024.0,50.4,1.132461171466696,21705.6787943199,361.76131323866514,3761831.9669999997,62697.19944999999,24,9136.0,0.019338192810667783,24,9136.0
95075.0,52,3284.0,53.83606557377049,1.484406008612392,21978.580842824304,360.30460398072637,3761831.9669999997,61669.376508196714,24,9207.0,0.07524601218593402,24,9207.0
95080.0,53,3546.0,60.101694915254235,0.9975290766361382,22182.236323202407,375.97010717292216,3761831.1409999994,63759.84984745762,25,9289.0,0.035943991566688045,25,9289.0
95085.0,55,3817.0,64.69491525423729,0.7099713560342789,22443.832305655596,380.4039373839933,3761829.1409999994,63759.81594915253,27,9380.0,1.4637233844445107e-05,27,9380.0
95090.0,48,3769.0,66.12280701754386,0.9714293075308212,22613.14949484227,396.72192096214513,3761827.0259999996,65996.96536842105,20,9089.0,0.054779786171168146,20,9089.0
95095.0,44,3759.0,63.71186440677966,2.198549498082972,22868.659081961527,387.604391219687,3761828.2819999997,63759.80138983051,16,8710.0,0.0962273792465424,16,8710.0
95100.0,41,3789.0,64.22033898305085,2.5027383670391843,23110.095672875777,391.69653682840305,3761828.2819999997,63759.80138983051,14,8742.0,0.094753590315492,14,8742.0
95105.0,43,3959.0,68.25862068965517,1.2821106410409444,22728.5894900967,391.87223258787407,3575473.119999999,61646.08827586207,17,8866.0,0.07132504966454421,17,8866.0
95110.0,45,4112.0,70.89655172413794,1.5386240656499663,22630.46671131176,390.1804605398581,3575724.784999999,61650.4273275862,18,8849.0,0.12711057467302248,18,8849.0
95115.0,47,4340.0,73.55932203389831,1.633171053414091,22891.29404405113,387.98803464493443,3622433.4589999993,61397.17727118644,21,8907.0,0.046888464160815796,21,8907.0
95120.0,51,4589.0,74.01612903225806,1.6220866475943463,23123.5139461163,372.9599023567146,3715851.6869999995,59933.091725806444,25,8986.0,0.026845817638905162,25,8986.0
95125.0,53,4851.0,79.52459016393442,1.1131462572516395,23321.640674924904,382.3219782774575,3762559.6389999995,61681.30555737705,26,9075.0,0.03684558906446482,26,9075.0
95130.0,48,4976.0,82.93333333333334,1.628139847668159,23588.002738852432,393.133378980874,3762559.6389999995,62709.32731666667,20,8836.0,0.12980084143383733,20,8836.0
95135.0,47,5110.0,83.77049180327869,1.7673657005096781,23856.13692231419,391.08421184121624,3762559.6389999995,61681.30555737705,19,8610.0,0.06896450649961575,19,8610.0
95140.0,46,5264.0,87.73333333333333,1.6813454004935868,24104.4964947752,401.7416082462535,3715850.2949999995,61930.83825,19,8660.0,0.09137572941767151,19,8660.0
95145.0,49,5482.0,91.36666666666666,0.7311649953540722,23815.118226389935,396.91863710649903,3576091.1109999996,59601.51851666667,22,8739.0,0.04385041937141445,22,8739.0
95150.0,48,5691.0,94.85,1.2936279552976957,23912.8450772755,398.5474179545917,3576217.886999999,59603.63145,22,8792.0,0.0670235829233923,22,8792.0
95155.0,52,5942.0,95.83870967741936,0.8311654503970823,24191.475027080887,390.1850810819499,3669662.3399999994,59188.10225806452,25,8872.0,0.05423573975504557,25,8872.0
95160.0,57,6218.0,98.6984126984127,0.7937335519968056,24463.103055237232,388.30322309900373,3763111.4959999993,59731.92850793651,30,8979.0,0.031447605514861,30,8979.0
95165.0,60,6507.0,98.5909090909091,0.7579894828022216,24756.159039153128,375.0933187750474,3763114.4959999993,57016.886303030304,32,9095.0,6.506788160068634e-05,32,9095.0
95170.0,54,6644.0,97.70588235294117,1.3727478395908614,25021.61503220448,367.9649269441835,3763119.5159999994,55339.99288235295,26,8900.0,0.08778878012207872,26,8900.0
95175.0,48,6785.0,99.77941176470588,2.218744479142203,25311.37368284548,372.226083571257,3763119.5159999994,55339.99288235295,20,8735.0,0.11526692812445048,20,8735.0
95180.0,47,6940.0,103.58208955223881,1.7057138549139281,25581.019695973882,381.806264119013,3716390.7289999994,55468.518343283584,21,8715.0,0.09171350615785076,21,8715.0
95185.0,54,7198.0,112.46875,0.7497955690378585,25347.47790601229,396.0543422814421,3576539.7279999997,55883.43325,28,8818.0,0.044413178078225195,28,8818.0
95190.0,53,7411.0,112.28787878787878,1.3596615379348773,25642.755285019233,388.5265952275641,3670019.962,55606.36306060606,26,8876.0,0.055019915675324424,26,8876.0
95195.0,58,7684.0,113.0,1.1411393741346076,25667.592624022353,377.4645974120935,3623459.441,53286.16825000001,30,8979.0,0.012031958621689301,30,8979.0
95200.0,59,7976.0,113.94285714285714,1.6108649937545783,25975.478716259226,371.07826737513176,3716940.477,53099.149671428575,33,9101.0,0.060141428636861415,33,9101.0
95205.0,61,8273.0,114.90277777777777,0.9448061724438879,26221.546128652662,364.1881406757315,3810416.8539999994,52922.45630555556,34,9228.0,0.07272330623285013,34,9228.0
95210.0,55,8218.0,115.74647887323944,1.3082577614699404,26533.142436580805,373.70623150113823,3810416.8539999994,53667.84301408451,27,8980.0,0.08163214889478193,27,8980.0
95215.0,55,8402.0,118.33802816901408,1.370682046152525,26851.014900753493,378.1833084613168,3810416.8539999994,53667.84301408451,26,9013.0,0.04765493398132349,26,9013.0
95220.0,57,8588.0,119.27777777777777,1.3279004990296857,27025.123015062356,375.3489307647551,3763747.76,52274.27444444444,27,9101.0,0.024765510697998955,27,9101.0
95225.0,57,8841.0,122.79166666666667,1.3392576934241798,27231.530961001892,378.2157077916931,3670295.853,50976.33129166667,30,9217.0,0.008734008948033676,30,9217.0
95230.0,57,9067.0,127.70422535211267,1.5612496532038358,27382.1127073463,385.66355925839855,3717048.6639999994,52352.79808450705,30,9285.0,0.08103774682514227,30,9285.0
95235.0,60,9359.0,131.81690140845072,1.1984870811504686,27657.86986268414,389.5474628547061,3763800.4899999998,53011.27450704225,34,9407.0,0.015593834766579504,34,9407.0
95240.0,62,9663.0,140.04347826086956,1.1906113307388089,27836.477641316877,403.4272121929982,3717090.766,53870.880666666664,34,9537.0,0.017304288688049944,34,9537.0
95245.0,64,9975.0,146.69117647058823,0.711589288656072,28112.806752502525,413.4236287132723,3717091.0709999995,54663.10398529411,36,9669.0,4.500726184401639e-06,36,9669.0
95250.0,57,10121.0,151.0597014925373,1.0956314023406464,28389.257661142616,423.72026359914344,3717089.7589999996,55478.95162686567,29,9591.0,0.06326934869166849,29,9591.0
95255.0,54,10284.0,151.23529411764707,1.8432199830084701,28690.981323794545,421.92619593815516,3717089.7589999996,54663.08469117647,26,9512.0,0.06315700772897945,26,9512.0
95260.0,53,10426.0,157.96969696969697,1.1308129867010002,28844.507819153507,437.03799725990143,3623628.2479999997,54903.4583030303,26,9599.0,0.06185026915928931,26,9599.0
95265.0,56,10678.0,164.27692307692308,0.4814216550962306,28896.931579013024,444.5681781386618,3576999.5499999993,55030.762307692305,30,9724.0,0.02586655716629048,30,9724.0
95270.0,47,9575.0,147.30769230769232,1.4285961848395101,29074.911400491306,447.3063292383278,3577074.141999999,55031.90987692308,21,8832.0,0.06760071243700574,21,8832.0
95275.0,50,9817.0,142.2753623188406,2.8893033080005557,29352.690751635786,425.40131524109813,3670639.465999999,53197.67342028986,24,8561.0,0.06360985142042098,24,8561.0
95280.0,54,10075.0,148.16176470588235,2.525177890235445,29201.252452101424,429.4301831191385,3764196.0179999988,55355.82379411764,27,8638.0,0.02947293877478486,27,8638.0
95285.0,55,10343.0,154.37313432835822,1.2495457110948125,28566.977942115565,426.37280510620224,3764193.4479999994,56181.99176119402,28,8734.0,0.03105513609402623,28,8734.0
95290.0,51,10467.0,163.546875,1.7382064830810955,28715.49434237811,448.67959909965793,3764192.273999999,58815.50428125,23,8619.0,0.10686507019578326,23,8619.0
95295.0,49,10598.0,165.59375,1.6489363330635123,28996.66902278262,453.07295348097836,3764192.273999999,58815.50428125,21,8519.0,0.07321447302262227,21,8519.0
95300.0,49,10768.0,165.66153846153847,1.435392955955143,29267.0042936112,450.2616045170952,3717408.7339999992,57190.9036,22,8589.0,0.05242354325224672,22,8589.0
95305.0,52,11005.0,174.68253968253967,1.0958144157737597,29285.40051478892,464.84762721887165,3623976.9819999994,57523.44415873015,25,8687.0,0.038783542086621825,25,8687.0
95310.0,47,11032.0,177.93548387096774,1.4283097069885493,29333.000594211255,473.1129128098589,3577311.1959999995,57698.56767741934,21,8589.0,0.09265152056166767,21,8589.0
95315.0,50,11275.0,173.46153846153845,1.6516730288095718,29611.783049707105,455.5658930724169,3670911.5359999994,56475.56209230769,24,8635.0,0.03418019190160286,24,8635.0
95320.0,54,11537.0,174.8030303030303,1.8856762706096206,29839.273701066337,452.1102075919141,3764503.1269999994,57037.926166666664,27,8727.0,0.05969337718897346,27,8727.0
95325.0,57,11813.0,181.73846153846154,0.8928952005454507,30002.907236157665,461.5831882485793,3764502.0869999994,57915.41672307693,29,8828.0,0.008591825873928541,29,8828.0
95330.0,51,11941.0,189.53968253968253,1.47454248427231,30176.17063268001,478.9868354393651,3764502.1889999993,59754.003,23,8692.0,0.09832946263102625,23,8692.0
95335.0,47,12070.0,191.5873015873016,1.6714023657205719,30451.692304322296,483.360195306703,3764502.1889999993,59754.003,19,8579.0,0.0828053657746772,19,8579.0
95340.0,48,12239.0,200.63934426229508,1.25083990269877,30553.90260171087,500.88364920837483,3670984.524999999,60180.07418032786,21,8644.0,0.055302319274043485,21,8644.0
95345.0,50,12465.0,201.0483870967742,0.9174412493853172,30568.066186416425,493.03332558736156,3577519.548999999,57701.92820967741,23,8734.0,0.0419689110140788,23,8734.0
95350.0,50,12664.0,197.875,1.3092640663377688,30725.299648325796,480.08280700509044,3577601.5749999993,55900.024609375,24,8780.0,0.09159811315657862,24,8780.0
95355.0,53,12922.0,195.78787878787878,1.6496153527212605,31014.72378272671,469.9200573140409,3671237.4169999994,55624.80934848485,27,8868.0,0.07352533651749747,27,8868.0
95360.0,57,13193.0,196.91044776119404,1.3205743146717515,31290.53069772428,467.02284623469063,3764863.606999999,56191.994134328364,30,8970.0,0.04011374463215012,30,8970.0
95365.0,62,13491.0,201.3582089552239,0.6203875950855949,31541.047212995676,470.76189870142804,3764866.606999999,56192.03891044776,34,9094.0,1.2328523926383257e-05,34,9094.0
95370.0,55,13643.0,209.8923076923077,1.133598643597091,31836.702729421908,489.79542660649076,3764866.606999999,57921.024723076924,27,8988.0,0.06981027991826935,27,8988.0
95375.0,54,13819.0,203.22058823529412,1.6122981448044822,32130.415437515694,472.50610937523066,3764868.1549999993,55365.708161764705,24,8912.0,0.06048228408512593,24,8912.0
95380.0,49,13977.0,205.5441176470588,2.324255721610235,32418.582923292182,476.7438665190025,3764868.1549999993,55365.708161764705,22,8921.0,0.0904913988509121,22,8921.0
95385.0,53,14213.0,218.66153846153847,1.2639189664919241,32387.004752744986,498.2616115806921,3624575.851,55762.7054,26,9020.0,0.07823884616532792,26,9020.0
95390.0,53,14436.0,229.14285714285714,0.8411985617697494,32354.466615333877,513.5629621481568,3531095.9499999997,56049.142063492065,27,9089.0,0.051785645529532943,27,9089.0
95395.0,57,14712.0,226.33846153846153,0.922472650285884,32650.63230778078,502.31742011970414,3624768.2959999996,55765.66609230769,30,9195.0,0.02262449081297723,30,9195.0
95400.0,61,15002.0,223.91044776119404,0.9506189311877223,32922.5658420795,491.38157973252964,3671601.3579999995,54800.02026865671,33,9315.0,0.03565011128609945,33,9315.0
95405.0,63,15302.0,212.52777777777777,0.7425410692790395,33201.20629133336,461.12786515740754,3765279.372999999,52295.54684722222,37,9445.0,0.01132107065433879,37,9445.0
95410.0,55,15458.0,211.75342465753425,1.9281171378830457,33520.57263888491,459.185926560067,3812110.1129999994,52220.68647945205,29,9384.0,0.1530833790830262,29,9384.0
95415.0,53,15627.0,214.06849315068493,1.538882049607478,33837.87192101021,463.5324920686331,3812110.1129999994,52220.68647945205,25,9349.0,0.05209248723049111,25,9349.0
95420.0,58,15855.0,217.1917808219178,1.5555768248518431,34160.85504522111,467.9569184276863,3812110.1129999994,52220.68647945205,31,9452.0,0.048872527983114526,31,9452.0
95425.0,59,16141.0,233.92753623188406,0.6803993775976945,34210.00070269067,495.79711163319786,3624885.5270000002,52534.572855072474,33,9592.0,0.041230282118281156,33,9592.0
95430.0,50,11034.0,155.40845070422534,1.4682028135466945,34337.438731166796,483.62589762206744,3624979.4310000003,51056.04832394367,26,5629.0,0.07108749893977687,26,5629.0
95435.0,49,8197.0,112.28767123287672,2.4995437160993847,34642.241990213086,474.5512601399051,3671822.5450000004,50298.938972602744,31,5749.0,0.06005239109776703,31,5749.0
95440.0,43,4456.0,60.21621621621622,2.5483004634574997,34917.70531976042,471.86088269946504,3765504.1210000007,50885.19082432433,37,8534.0,0.045773475390382505,37,8534.0
95445.0,47,2067.0,28.708333333333332,1.997431658336343,29452.112013928476,409.05711130456234,3417925.674000001,47471.18991666666,43,8719.0,0.0001605148942358193,43,8719.0
95450.0,43,2225.0,30.90277777777778,2.0476487483067043,23911.419355344467,332.1030466020066,3423392.8930000006,47547.12351388889,36,5999.0,0.04831221880215867,36,5999.0
95455.0,46,2422.0,32.729729729729726,2.1850965230336996,21875.817224021834,295.6191516759707,3513726.0510000004,47482.78447297297,38,4833.0,0.042850424989231,38,4833.0
95460.0,46,2620.0,35.89041095890411,2.3151466703932186,19852.85036053693,271.9568542539306,3427632.6180000007,46953.87147945205,42,7601.0,0.024324418201988208,42,7601.0
95465.0,50,2854.0,38.053333333333335,2.0156100006630195,16378.981600295654,218.38642133727535,3342856.447,44571.41929333333,47,8273.0,0.0010637535183140455,47,8273.0
95470.0,41,1790.0,24.18918918918919,2.7090929429227515,13014.178248077582,175.8672736226701,3257954.4570000004,44026.41158108108,35,7459.0,0.08257948735275034,35,7459.0
95475.0,47,2007.0,26.76,2.770201722870711,11983.697448183513,159.78263264244688,3347332.4240000006,44631.09898666667,36,7368.0,0.0019002608247843937,36,7368.0
95480.0,53,2255.0,28.91025641025641,2.3433008614373683,11764.13046952452,150.8221855067246,3611911.389000001,46306.55626923077,38,7552.0,0.0,38,7552.0
95485.0,60,2538.0,34.2972972972973,1.3546827059625315,11258.789502635838,152.14580408967348,3788235.843000001,51192.37625675676,37,7737.0,0.026344722290743274,37,7737.0
95490.0,58,2400.0,34.285714285714285,0.7089159299892324,11499.921520173715,164.28459314533882,3788231.8650000007,54117.598071428576,31,7545.0,0.031063750114782906,31,7545.0
95495.0,58,2382.0,33.54929577464789,1.4697995485616038,11825.958142807556,166.5627907437684,3788231.8650000007,53355.37838028169,30,7489.0,0.04026379766493678,30,7489.0
95500.0,55,2421.0,34.58571428571429,1.326128588736376,11976.29029731438,171.08986139020547,3741434.9900000007,53449.071285714286,28,7632.0,0.04946896709725201,28,7632.0
95505.0,59,2643.0,38.30434782608695,0.6112166796573283,11874.364194894546,172.09223470861664,3601049.981,52189.13015942029,32,7842.0,0.03260632719020898,32,7842.0
95510.0,53,2425.0,35.14492753623188,1.3987112828482275,12058.787403150574,174.76503482826917,3601136.281,52190.38088405797,27,7728.0,0.043116527657681286,27,7728.0
95515.0,53,2660.0,37.46478873239437,2.027709670475848,12360.10781036219,174.08602549805894,3694943.824,52041.462309859155,27,7723.0,0.11752487918668206,27,7723.0
95520.0,59,2939.0,41.98571428571429,0.9304898598967543,12510.464646712799,178.72092352446853,3788741.786,54124.88265714286,32,7872.0,0.004914709554156028,32,7872.0
95525.0,64,3249.0,43.9054054054054,1.164623225913457,12716.650439820727,171.8466275651449,3788746.8680000002,51199.28199999999,36,8049.0,1.5015706050347405e-05,36,8049.0
95530.0,57,3410.0,46.71232876712329,1.8336146636857056,12850.533354498994,176.03470348628753,3788744.644,51900.61156164383,29,7959.0,0.12027915234451624,29,7959.0
95535.0,55,3573.0,49.625,1.8150655113671992,13095.960967493444,181.88834677074223,3788744.644,52621.45338888889,27,7886.0,0.052053072999511105,27,7886.0
95540.0,54,3762.0,52.25,1.8393252390426669,13405.578292920336,186.18858740167127,3788744.644,52621.45338888889,28,7925.0,0.07192241772417378,28,7925.0
95545.0,59,4044.0,59.470588235294116,0.7776831736960362,13250.75915671413,194.86410524579594,3601372.5399999996,52961.360882352936,32,8092.0,0.04066631732897843,32,8092.0
95550.0,53,4173.0,62.28358208955224,1.1583457757056903,13302.31562019344,198.54202418199156,3554627.1639999994,53054.13677611939,27,8106.0,0.0678452883059067,27,8106.0
95555.0,59,4449.0,61.791666666666664,1.495784068657325,13608.62287725735,189.00865107301874,3648470.8639999996,50673.20644444445,31,8203.0,0.04058675521982091,31,8203.0
95560.0,61,4746.0,65.91666666666667,1.4305019860886068,13867.807751256112,192.60844098966814,3742310.1509999996,51976.529875,34,8370.0,0.05997280907496391,34,8370.0
95565.0,64,5057.0,70.23611111111111,0.8606884214447093,14051.907392743178,195.16538045476634,3789227.5969999996,52628.161069444446,38,8551.0,0.045966782349370884,38,8551.0
95570.0,56,3944.0,54.77777777777778,1.229829566420786,14330.597805162306,199.03608062725428,3836142.3629999994,53279.75504166666,29,7797.0,0.06732533790804071,29,7797.0
95575.0,53,3806.0,53.605633802816904,1.4260469893976797,14625.926203060284,205.99896060648288,3836142.3629999994,54030.17412676056,23,7457.0,0.06928974300793075,23,7457.0
95580.0,52,3973.0,55.95774647887324,1.183837698169813,14538.700610824466,204.77043113837271,3789242.826999999,53369.61728169014,22,7556.0,0.04651659607164652,22,7556.0
95585.0,55,4213.0,58.513888888888886,1.235591198997585,14690.64629680698,204.0367541223191,3695498.169999999,51326.36347222222,28,7675.0,0.013915950856630372,28,7675.0
95590.0,56,4401.0,61.125,1.6793557984421368,14681.857639598788,203.9146894388721,3742430.974999999,51978.207986111105,30,7748.0,0.08187926017002863,30,7748.0
95595.0,60,4695.0,65.20833333333333,1.3718053149987604,14754.976084535441,204.93022339632557,3789364.4189999993,52630.061375,33,7852.0,0.01285504088096868,33,7852.0
95600.0,63,5005.0,72.53623188405797,0.8614891441178104,14650.762167210105,212.32988648130586,3742515.9259999995,54239.36124637681,35,8003.0,6.678457601538811e-05,35,8003.0
95605.0,63,5320.0,73.88888888888889,1.2051028607807746,14973.119955919175,207.95999938776626,3742518.8639999996,51979.42866666667,35,8158.0,0.017029997011496975,35,8158.0
95610.0,51,3874.0,55.34285714285714,1.833208809320664,15176.234347999956,216.80334782857076,3742514.559999999,53464.49371428571,27,4801.0,0.07588969343097973,27,4801.0
95615.0,44,2876.0,41.08571428571429,2.724877117746193,15431.940463941324,220.456292342019,3742514.559999999,53464.49371428571,29,3088.0,0.09316728304966392,29,3088.0
95620.0,40,2007.0,28.67142857142857,3.113184242474483,15703.237511716734,224.3319644530962,3742514.559999999,53464.49371428571,33,3964.0,0.045401867430155285,33,3964.0
95625.0,42,1542.0,24.870967741935484,2.1890120427100603,9387.447383762496,151.41044167358865,3041653.0399999996,49058.91999999999,40,4560.0,0.013329904578709624,40,4560.0
95630.0,37,1240.0,19.682539682539684,1.9760134628246693,8271.897829454112,131.29996554689072,3131116.44,49700.260952380944,31,4133.0,0.026647127427490255,31,4133.0
95635.0,43,1227.0,18.313432835820894,1.897702438144659,7768.5954126866445,115.94918526397981,3308326.527,49378.00786567164,29,4030.0,0.03755865352263916,29,4030.0
95640.0,47,1256.0,18.470588235294116,1.3578987167927534,7635.382277878832,112.28503349821814,3349799.303,49261.75445588235,29,4172.0,0.025341881323111357,29,4172.0
95645.0,56,1405.0,18.986486486486488,1.3401095462211523,7739.659907467723,104.58999874956389,3614681.61,48847.04878378378,34,4376.0,0.04698800907073994,34,4376.0
95650.0,58,1554.0,21.0,1.451892116238479,7776.3733668526265,105.08612657908957,3749949.78,50674.99702702703,34,4483.0,0.07794406146147334,34,4483.0
95655.0,63,1861.0,24.813333333333333,1.468586009482854,8109.4476209263585,108.12596827901817,3796933.505,50625.780066666666,36,4636.0,0.04561663197423499,36,4636.0
95660.0,64,2181.0,28.69736842105263,1.4641188139649228,8201.335497786975,107.91230918140764,3750089.409,49343.281697368424,36,4816.0,0.00503972144000394,36,4816.0
95665.0,65,2504.0,34.3013698630137,1.3660136805213743,8457.919282381927,115.86190797783466,3750088.775,51371.07910958904,37,4999.0,0.021435146852691433,37,4999.0
95670.0,55,2539.0,37.338235294117645,0.8627704445875568,8678.823582475141,127.62975856581095,3750085.775,55148.32022058824,27,4605.0,0.04865651376942548,27,4605.0
95675.0,52,2662.0,38.57971014492754,1.4240025696829928,8991.471068434252,130.31117490484422,3750085.775,54349.06920289855,24,4516.0,0.04414090192819575,24,4516.0
95680.0,53,2817.0,41.4264705882353,1.534217909385322,9227.59294933941,135.6998963138149,3703152.229,54458.12101470589,25,4639.0,0.06012717264000729,25,4639.0
95685.0,56,3052.0,42.985915492957744,1.2179787168952927,9022.068412400244,127.0713860901443,3656482.339,51499.75125352113,29,4801.0,0.02749188691673069,29,4801.0
95690.0,47,2006.0,29.07246376811594,2.153650627280704,9149.805338026863,132.60587446415744,3703492.012,53673.79727536231,21,3947.0,0.09745353451078315,21,3947.0
95695.0,51,2251.0,32.15714285714286,2.9459458846941553,9426.011700285058,134.65731000407226,3750509.001,53578.700014285714,25,3765.0,0.07445976378752976,25,3765.0
95700.0,52,2509.0,36.89705882352941,2.7894412055997106,9082.10324750721,133.56034187510605,3750682.377,55157.09377941177,26,3893.0,0.05674747501086551,26,3893.0
95705.0,54,2774.0,43.34375,1.5279679992944888,8416.616084052574,131.50962631332146,3797692.611,59338.947046875,26,4023.0,0.03559137016226549,26,4023.0
95710.0,49,2886.0,47.31147540983606,1.4100948125129724,8592.420549271064,140.8593532667388,3797688.835,62257.19401639344,21,3843.0,0.09966023480177347,21,3843.0
95715.0,46,2988.0,48.193548387096776,1.9874433971215808,8858.589796666316,142.88048059139223,3797689.632,61253.058580645156,18,3669.0,0.06176304191084795,18,3669.0
95720.0,43,3121.0,52.016666666666666,1.9961139251466447,9097.438827327021,151.6239804554504,3703659.535,61727.65891666667,16,3631.0,0.14553259588461165,16,3631.0
95725.0,48,3330.0,56.440677966101696,1.1900595496893887,8821.916915464006,149.52401551633918,3609963.878,61185.828440677964,21,3744.0,0.08244916054528226,21,3744.0
95730.0,43,3345.0,57.672413793103445,1.460485268094831,8736.286212101673,150.6256243465806,3563177.0280000004,61434.08668965518,17,3666.0,0.07578064426030233,17,3666.0
95735.0,48,3569.0,56.65079365079365,1.8802349875376791,8996.35871896256,142.79934474543748,3657245.1290000007,58051.509984126984,20,3740.0,0.06314995767657548,20,3740.0
95740.0,50,3810.0,60.476190476190474,2.2264684814052815,9177.657314022084,145.67710022257276,3751309.4870000007,59544.595031746045,23,3851.0,0.07505273328709147,23,3851.0
95745.0,52,4061.0,67.68333333333334,1.1464384487140378,9321.250544650356,155.3541757441726,3798339.0690000006,63305.651150000005,26,3972.0,0.07093784642175674,26,3972.0
95750.0,49,4191.0,73.52631578947368,0.6457123507353302,9514.26544662284,166.91693766004974,3798339.0690000006,66637.52752631578,21,3794.0,0.015252774795976212,21,3794.0
95755.0,46,4345.0,76.2280701754386,1.661094923776092,9772.988859706358,171.4559449071291,3798339.0690000006,66637.52752631578,18,3631.0,0.055814240457627166,18,3631.0
95760.0,44,4488.0,77.37931034482759,1.5964468345168201,10008.231767203502,172.55572012419827,3751305.765,64677.68560344827,14,3709.0,0.07834124642121146,14,3709.0
95765.0,44,4672.0,77.86666666666666,1.416454465866934,9726.545530043188,162.10909216738642,3563512.696,59391.87826666667,18,3806.0,0.06132766275103348,18,3806.0
95770.0,45,4852.0,79.54098360655738,2.0276761817294746,9803.239148505823,160.7088385000955,3610697.347,59191.75978688525,19,3870.0,0.15105109572428477,19,3870.0
95775.0,49,5088.0,82.06451612903226,1.484459686051304,10071.95740063083,162.45092581662638,3657745.139,58995.889338709676,23,3976.0,0.07718125533330816,23,3976.0
95780.0,53,5350.0,84.92063492063492,1.4446016943321502,10323.936559665612,163.87200888358115,3751842.77,59553.059841269845,27,4108.0,0.03555466047625234,27,4108.0
95785.0,56,5625.0,89.28571428571429,1.0332630992740617,10605.023124267598,168.3337003852,3798893.0239999997,60299.889269841275,29,4251.0,0.003799776897518516,29,4251.0
95790.0,51,5765.0,92.98387096774194,1.2630980235958178,10847.643440648231,174.9619909781973,3798888.724,61272.398774193556,23,4126.0,0.022003959738095845,23,4126.0
95795.0,47,5919.0,95.46774193548387,2.108282789273732,11105.511708609605,179.1211565904775,3798889.2600000002,61272.407419354844,19,4064.0,0.1292094272364401,19,4064.0
95800.0,44,6048.0,97.54838709677419,1.952307836193807,11356.188816234298,183.1643357457145,3751839.921,60513.54711290323,17,4149.0,0.14287406795419078,17,4149.0
95805.0,47,6260.0,102.62295081967213,0.956677103253877,11297.271579889151,185.2011734408058,3657940.9020000002,59966.24429508197,21,4262.0,0.047533664882640665,21,4262.0
95810.0,52,6502.0,108.36666666666666,0.9510954443190318,11338.80879853465,188.98014664224416,3611012.05,60183.53416666666,26,4389.0,0.08037687810681034,26,4389.0
95815.0,55,6770.0,105.78125,0.7569088880112842,11631.52118646326,181.7425185384884,3705140.8439999996,57892.8256875,29,4528.0,0.006475070433189398,29,4528.0
95820.0,58,7054.0,110.21875,0.8832452554270185,11918.378435595914,186.22466305618613,3752207.2549999994,58628.238359375,32,4682.0,0.00019607334874844492,32,4682.0
95825.0,59,7345.0,111.28787878787878,0.7070922583738083,12211.879903389903,185.0284833846955,3799273.3649999993,57564.74795454545,33,4843.0,0.04182773617556183,33,4843.0
95830.0,56,7495.0,111.86567164179104,1.5117033332834708,12517.597157981514,186.8298083280823,3846342.1999999993,57408.09253731343,28,4793.0,0.13972720246150455,28,4793.0
95835.0,53,7648.0,114.14925373134328,1.6450100130031233,12816.21556100621,191.2867994180032,3846342.1999999993,57408.09253731343,25,4788.0,0.044975096507044204,25,4788.0
95840.0,50,7833.0,115.19117647058823,1.959958825071621,13067.89394299556,192.17491092640532,3799293.726,55871.96655882353,23,4846.0,0.07099511487557429,23,4846.0
95845.0,51,8073.0,122.31818181818181,1.237730202354974,12904.395053878858,195.52113717998282,3564145.2679999997,54002.201030303026,25,4980.0,0.05074044120628205,25,4980.0
95850.0,50,8267.0,123.38805970149254,1.7028193278522696,13195.207288670379,196.9433923682146,3611224.4719999996,53898.87271641791,24,5055.0,0.09040091014193305,24,5055.0
95855.0,55,8534.0,123.68115942028986,1.3994833488353378,13408.903623379818,194.33193657072192,3658347.1899999995,53019.52449275362,29,5192.0,0.04771024678123974,29,5192.0
95860.0,61,8830.0,127.97101449275362,1.3184638639977895,13669.016737449967,198.10169184710094,3752503.383999999,54384.10701449275,34,5358.0,0.06015745709875027,34,5358.0
95865.0,64,9138.0,134.38235294117646,0.2066397748068663,13937.993175921005,204.97048788119125,3799579.0829999996,55876.16298529411,37,5535.0,0.010756560086767111,37,5535.0
95870.0,59,9327.0,137.16176470588235,0.9713951154251831,14263.74116863355,209.7608995387287,3799579.0829999996,55876.16298529411,31,5531.0,0.0124025759589157,31,5531.0
95875.0,55,9528.0,138.08695652173913,1.597807758046085,14573.769962789445,211.21405743173105,3799579.357999999,55066.36750724637,27,5546.0,0.06409292103613917,27,5546.0
95880.0,53,9707.0,142.75,1.4158328445436918,14866.244358516398,218.6212405664176,3752500.153999999,55183.82579411765,26,5676.0,0.05512035604953287,26,5676.0
95885.0,57,9965.0,142.35714285714286,1.0442304873191837,14931.192989070745,213.30275698672494,3658461.5449999995,52263.73635714286,30,5833.0,0.034754618909912646,30,5833.0
95890.0,48,9326.0,131.35211267605635,2.0714941130531246,15051.652871783874,211.9951108701954,3611458.8439999996,50865.61752112676,22,5218.0,0.14587762012030966,22,5218.0
95895.0,52,9578.0,131.2054794520548,2.6007416272423605,15343.765399289212,210.18856711355082,3705643.0519999997,50762.2335890411,26,5200.0,0.04527022271859359,26,5200.0
95900.0,58,9855.0,135.0,2.114605568149827,15347.867373993426,210.24475854785516,3799830.37,52052.47082191781,31,5347.0,0.0587881919358534,31,5347.0
95905.0,62,10155.0,156.23076923076923,0.346074668420363,14998.71300474808,230.74943084227814,3799822.334,58458.80513846154,34,5510.0,0.0007110177763985376,34,5510.0
95910.0,56,10312.0,163.68253968253967,0.7071651306884991,15254.95284941792,242.1421087209193,3799821.412,60314.6255873016,28,5500.0,0.021303210776186406,28,5500.0
95915.0,54,10489.0,158.92424242424244,1.6548021175127265,15542.624963931481,235.49431763532542,3799822.972,57573.07533333334,24,5443.0,0.03730003270899622,24,5443.0
95920.0,49,10656.0,161.45454545454547,2.1635853418881,15806.613424363031,239.49414279337924,3752725.9860000005,56859.48463636364,21,5550.0,0.10536442236103175,21,5550.0
95925.0,52,10864.0,164.6060606060606,1.306776916339031,15766.315082942756,238.88356186276897,3611568.35,54720.732575757575,25,5684.0,0.08961098420487337,25,5684.0
95930.0,47,10872.0,167.26153846153846,1.631555503027719,15876.88810535799,244.2598170055075,3564550.4270000006,54839.23733846154,21,5617.0,0.11376680906521652,21,5617.0
95935.0,52,11122.0,166.0,1.776028224135035,16160.604906304483,241.20305830305196,3658769.7510000006,54608.50374626866,26,5701.0,0.06599308473846563,26,5701.0
95940.0,61,11402.0,167.6764705882353,1.1760674764826546,16325.097936987579,240.07496966158203,3752990.474,55191.03638235294,32,5851.0,0.02197691138569465,32,5851.0
95945.0,58,11692.0,171.94117647058823,1.159566691478488,16469.446270339635,242.19773926970052,3800100.5799999996,55883.83205882354,32,6011.0,0.044203992227340956,32,6011.0
95950.0,54,11838.0,171.56521739130434,1.5132777484256388,16760.961762800867,242.9124893159546,3847206.202,55756.611623188415,27,5981.0,0.11849649630200158,27,5981.0
95955.0,54,12021.0,171.72857142857143,1.8999810163742186,17066.01504259923,243.80021489427475,3847209.2159999995,54960.131657142854,26,5984.0,0.09467894276575131,26,5984.0
95960.0,53,12202.0,176.84057971014494,1.5456441418871294,17256.55130306718,250.09494642126347,3800140.3809999996,55074.49827536232,26,6110.0,0.054221720682141546,26,6110.0
95965.0,55,12462.0,188.8181818181818,0.6299288977763186,17317.956332542995,262.39327776580296,3611787.7219999996,54724.0563939394,29,6261.0,0.030435296022694062,29,6261.0
95970.0,53,12656.0,186.11764705882354,1.2799563442177548,17539.759527566086,257.93764011126603,3611828.817,53115.1296617647,27,6336.0,0.05435095267757987,27,6336.0
95975.0,57,12935.0,182.18309859154928,1.6870089090829317,17847.643823920094,251.3752651256352,3706075.6489999997,52198.248577464794,31,6486.0,0.08743893890823586,31,6486.0
95980.0,61,13229.0,183.73611111111111,1.333983110340559,18143.750378845933,251.9965330395269,3800312.7649999997,52782.121736111105,34,6650.0,0.04883915538650138,34,6650.0
95985.0,67,13547.0,202.19402985074626,0.0009871625601555974,18366.83855926298,274.13191879497003,3800310.7649999997,56721.05619402984,39,6835.0,4.130070122481445e-05,39,6835.0
95990.0,56,12679.0,189.23880597014926,0.7162434885856925,18691.773459839762,278.98169343044435,3800310.7649999997,56721.05619402984,28,6333.0,0.028444447039194885,28,6333.0
95995.0,51,12727.0,184.44927536231884,1.7166914709628016,19001.60126227783,275.3855255402585,3800312.0409999997,55076.98610144927,22,6088.0,0.0638997691469729,22,6088.0
96000.0,52,12883.0,192.28358208955223,1.3735210578260795,18965.793840484355,283.0715498579756,3753188.735,56017.74231343283,25,6205.0,0.02238416379949808,25,6205.0
96005.0,56,13134.0,184.98591549295776,0.9557951266896769,18808.933628716066,264.91455815093065,3706072.426,52198.203183098594,30,6356.0,0.01751095952030306,30,6356.0
96010.0,58,13374.0,188.3661971830986,1.638271094455246,18932.105798455286,266.6493774430323,3753213.3090000004,52862.15928169014,32,6456.0,0.10945429122239973,32,6456.0
96015.0,61,13676.0,192.61971830985917,1.2461582783125336,19248.52964407185,271.10605132495573,3753213.3090000004,52862.15928169014,33,6609.0,0.007261058924275302,33,6609.0
96020.0,63,13990.0,199.85714285714286,1.0560494806083787,19395.797557382717,277.0828222483246,3706138.8910000003,52944.8413,35,6773.0,0.0,35,6773.0
96025.0,63,14305.0,210.36764705882354,0.9909140636997336,19679.866953302844,289.40980813680653,3706138.8910000003,54502.04251470588,35,6938.0,0.0,35,6938.0
96030.0,58,14439.0,218.77272727272728,0.4659751248460564,19982.2197482704,302.7609052768243,3706136.6440000003,56153.58551515151,30,6868.0,0.03321673621663598,30,6868.0
96035.0,56,14598.0,217.88059701492537,1.2508385236972215,20294.357445972044,302.9008574025678,3706136.6440000003,55315.47229850746,28,6813.0,0.05882067415472837,28,6813.0
96040.0,53,14714.0,222.93939393939394,1.1086589728307699,20440.155007392957,309.69931829383273,3659060.4390000002,55440.30968181818,26,6932.0,0.06773847895643918,26,6932.0
96045.0,57,14953.0,219.89705882352942,0.7034536168864313,20485.92632087667,301.2636223658334,3612051.245,53118.4006617647,30,7105.0,0.03588385617250707,30,7105.0
96050.0,50,14445.0,212.4264705882353,1.9743301780855143,20659.287065306948,303.81304507804333,3612133.369,53119.60836764705,24,6580.0,0.11007361683322503,24,6580.0
96055.0,54,14700.0,210.0,2.2624606280994692,20943.340536064123,299.19057908663046,3706487.1799999997,52949.81685714285,27,6606.0,0.04495288748281166,27,6606.0
96060.0,57,14978.0,210.95774647887325,2.0146902899120382,21239.594594883627,299.14921964624835,3753665.042,52868.52171830986,31,6744.0,0.015752563198731303,31,6744.0
96065.0,60,15269.0,227.8955223880597,0.8490099566509777,20732.397114885833,309.4387629087437,3848007.5059999996,57432.94785074626,33,6895.0,0.016956323731609116,33,6895.0
96070.0,54,15415.0,230.07462686567163,1.2736628000296395,20991.076508132202,313.29964937510744,3848005.2879999997,57432.91474626865,26,6783.0,0.08670632380795519,26,6783.0
96075.0,51,15587.0,232.6417910447761,2.0539802051650162,21284.7884138864,317.68340916248354,3848005.2879999997,57432.91474626865,23,6708.0,0.05263052243898014,23,6708.0
96080.0,49,15748.0,238.6060606060606,1.8072544613239716,21513.511895302952,325.96230144398413,3800860.8689999995,57588.80104545454,22,6811.0,0.08735137523126206,22,6811.0
96085.0,54,15991.0,242.28787878787878,0.9162409433004919,21518.194439935323,326.0332490899291,3659475.085999999,55446.592212121206,27,6939.0,0.036077353861667,27,6939.0
96090.0,49,16034.0,246.6769230769231,1.581303905484012,21551.370331968716,331.55954356874935,3612447.3479999998,55576.11304615385,23,6875.0,0.08839452802596431,23,6875.0
96095.0,56,16287.0,232.67142857142858,1.6637100392221822,21842.28198757962,312.03259982256594,3706830.902,52954.72717142857,27,6967.0,0.03652355430722721,27,6967.0
96100.0,55,16559.0,236.55714285714285,2.2304026701842665,22076.32056238295,315.376008034042,3754022.64,53628.894857142855,29,7099.0,0.07255565186289624,29,7099.0
96105.0,60,16845.0,255.22727272727272,0.8349619785463782,22231.623828370244,336.842785278337,3801208.318,57594.06542424242,32,7241.0,0.030473958104128864,32,7241.0
96110.0,56,17001.0,261.55384615384617,0.7904023398330268,22460.54333409862,345.54682052459407,3801212.302,58480.189261538464,28,7151.0,0.03232037509727516,28,7151.0
96115.0,52,17176.0,264.24615384615385,1.6501894924184655,22753.189175570686,350.04906423954895,3801212.302,58480.189261538464,24,7073.0,0.07429967951412816,24,7073.0
96120.0,53,17348.0,262.8484848484849,1.378863665572264,23027.266769959384,348.89798136302113,3754022.252,56879.12503030303,23,7177.0,0.0547314691071817,23,7177.0
96125.0,53,17572.0,266.24242424242425,1.121138952228675,22865.17958455173,346.44211491745045,3565495.508,54022.659212121216,27,7313.0,0.036589583182502036,27,7313.0
96130.0,54,17798.0,265.64179104477614,1.6061231900866684,23027.418520686915,343.6928137415957,3612788.796,53922.2208358209,28,7416.0,0.12897199587141295,28,7416.0
96135.0,59,18076.0,261.9710144927536,1.4246044912327576,23327.458004606775,338.07910151604034,3707209.43,53727.67289855073,32,7554.0,0.030230327531125548,32,7554.0
96140.0,60,18369.0,266.2173913043478,1.4097286910586997,23608.76742595532,342.1560496515265,3754413.4760000007,54411.78950724637,34,7707.0,0.0285532643709282,34,7707.0
96145.0,62,18673.0,274.6029411764706,0.7501323505134926,23892.1662681361,351.35538629611915,3801619.463000001,55906.168573529416,35,7870.0,0.00032875943557429335,35,7870.0
96150.0,52,12686.0,192.21212121212122,1.1725213759577233,24187.855091838763,366.48265290664796,3801615.1710000006,57600.22986363637,28,4766.0,0.02803395139412115,28,4766.0
96155.0,44,8774.0,130.955223880597,2.8716051355827132,24469.317096276005,365.2136880041196,3801615.1710000006,56740.52494029851,28,3582.0,0.06305744196318869,28,3582.0
96160.0,38,4325.0,65.53030303030303,3.11493902599139,23583.453606737363,357.32505464753575,3713821.343000001,56270.02034848485,31,6352.0,0.05819184417269072,31,6352.0
96165.0,40,1948.0,31.419354838709676,1.9757805403912625,18581.090842777114,299.6950135931792,3096752.731000001,49947.62469354839,38,7040.0,0.00023963951804331792,38,7040.0
96170.0,34,1025.0,16.26984126984127,2.3498272334206898,16800.00501533371,266.6667462751382,3187331.8160000006,50592.568507936514,26,6498.0,0.0810572908427407,26,6498.0
96175.0,39,781.0,11.318840579710145,1.973227708111201,16405.690589287784,237.76363172880852,3454310.8010000004,50062.4753768116,24,6221.0,0.06706993087965533,24,6221.0
96180.0,47,832.0,12.235294117647058,1.6072426820633379,15885.033624505975,233.6034356544997,3496351.9800000004,51416.940882352945,26,6345.0,0.039342750913447896,26,6345.0
96185.0,55,1001.0,13.902777777777779,0.9379261794042875,15880.662524869238,220.5647572898505,3626717.4860000005,50371.07619444444,32,6530.0,0.008790098559003331,32,6530.0
96190.0,60,1227.0,17.281690140845072,1.3286273645851316,15766.207861956455,222.0592656613585,3673965.6490000007,51745.99505633804,34,6634.0,0.07112870848743283,34,6634.0
96195.0,63,1533.0,21.591549295774648,0.9871712157600562,16091.128853592687,226.63561765623507,3673965.6490000007,51745.99505633804,35,6805.0,1.77289491218953e-05,35,6805.0
96200.0,63,1848.0,26.4,0.9224986316127022,16174.142104638908,231.05917292341297,3626848.4550000005,51812.120785714294,35,6980.0,2.277847246156128e-07,35,6980.0
96205.0,63,2163.0,30.464788732394368,1.3666231841224614,16496.82088644267,232.3495899498967,3626848.4550000005,51082.372605633806,35,7155.0,0.0,35,7155.0
96210.0,58,2299.0,34.833333333333336,0.6437800948895098,16732.82192158949,253.52760487256796,3626848.4550000005,54952.24931818182,30,7022.0,0.05394187154999275,30,7022.0
96215.0,57,2459.0,36.701492537313435,1.1231575765759405,17044.236704088355,254.39159259833355,3626848.4550000005,54132.06649253731,29,6929.0,0.04852384027711886,29,6929.0
96220.0,52,2582.0,39.121212121212125,1.278791154612453,17121.70683577058,259.4198005419784,3579729.3250000007,54238.32310606061,25,6948.0,0.07968689291285436,25,6948.0
96225.0,56,2820.0,41.470588235294116,0.9227350540566952,17276.7470683455,254.06980982861018,3579835.984,52644.646823529416,29,7145.0,0.03626275377688733,29,7145.0
96230.0,48,2225.0,33.208955223880594,2.0692840961103243,17267.949042368688,257.7305827219207,3532762.5840000003,52727.79976119404,22,6559.0,0.08877798262942196,22,6559.0
96235.0,51,2473.0,36.36764705882353,2.597001764757206,17398.38929911321,255.85866616342943,3580151.8780000005,52649.29232352942,25,6568.0,0.06167956535271506,25,6568.0
96240.0,56,2745.0,40.36764705882353,1.822418164457843,17402.88234132164,255.92474031355349,3674712.2280000006,54039.88570588236,29,6710.0,0.019482761062430923,29,6710.0
96245.0,57,3029.0,45.208955223880594,1.0270501776348975,17044.586922586368,254.39681974009494,3721988.6650000005,55552.069626865676,31,6864.0,0.029613977642592285,31,6864.0
96250.0,52,3167.0,45.89855072463768,1.7103274915038102,17343.382588130247,251.3533708424673,3769265.1650000005,54627.0313768116,25,6704.0,0.13047164354637578,25,6704.0
96255.0,51,3323.0,48.15942028985507,2.0234644624126967,17640.379230000064,255.65767000000082,3769265.1650000005,54627.0313768116,23,6591.0,0.06092662991421887,23,6591.0
96260.0,52,3525.0,51.838235294117645,1.7162746773471902,17759.61453093021,261.17080192544427,3722090.6650000005,54736.62742647059,25,6712.0,0.06902815020983064,25,6712.0
96265.0,57,3786.0,58.246153846153845,0.5701022612262902,17681.572120419456,272.0241864679916,3533191.527,54356.79272307692,30,6864.0,0.0405556869390428,30,6864.0
96270.0,50,3811.0,57.74242424242424,1.4346271957288883,17832.775566215565,270.19356918508413,3533297.912,53534.81684848485,24,6801.0,0.090759480169616,24,6801.0
96275.0,56,4071.0,57.33802816901409,1.7344612527697203,18128.247743482996,255.3274330068028,3627884.528,51096.96518309859,28,6899.0,0.07093495775537283,28,6899.0
96280.0,57,4347.0,61.225352112676056,1.746811433047914,18333.44181324478,258.21749032739126,3722458.0700000003,52428.986901408454,31,7045.0,0.03758085643527548,31,7045.0
96285.0,62,4649.0,68.36764705882354,1.033318267271442,18538.61477872525,272.62668792243,3722457.572,54742.02311764707,34,7210.0,0.04044613458265826,34,7210.0
96290.0,52,4249.0,65.36923076923077,1.1261267124380476,18724.619623778235,288.07107113504975,3722454.572,57268.53187692307,24,6577.0,0.06416767186842336,24,6577.0
96295.0,45,4237.0,65.18461538461538,1.6398972837608907,19012.05226241258,292.4931117294243,3722454.572,57268.53187692307,16,6234.0,0.09437292586922097,16,6234.0
96300.0,46,4386.0,66.45454545454545,1.5349474348177647,19014.603878034868,288.100058758104,3722454.7120000003,56400.828969696966,16,6316.0,0.06390029761422175,16,6316.0
96305.0,49,4593.0,69.5909090909091,1.4722942548438644,18947.06447181947,287.076734421507,3580782.964,54254.287333333334,23,6435.0,0.020859288147408974,23,6435.0
96310.0,44,3383.0,52.04615384615385,1.9387079931297535,18782.944583302575,288.9683782046551,3628093.273,55816.81958461538,21,4015.0,0.16000957313083758,21,4015.0
96315.0,44,2897.0,43.89393939393939,2.0999808889709213,18881.438902963248,286.0824076206553,3722709.267,56404.68586363636,26,3462.0,0.08510133705376657,26,3462.0
96320.0,42,1847.0,27.984848484848484,2.370158705739802,18993.047948965403,287.773453772203,3722806.141,56406.153651515146,32,6369.0,0.04720617288329393,32,6369.0
96325.0,43,1083.0,16.921875,1.5789186290635144,15276.821193535185,238.7003311489873,3281694.5979999998,51276.478093749996,38,6549.0,0.00012800616591165386,38,6549.0
96330.0,40,834.0,12.636363636363637,2.1110950872356096,13366.60347602098,202.52429509122695,3283620.184,49751.82096969697,31,6568.0,0.04153635856366109,31,6568.0
96335.0,44,1046.0,15.159420289855072,2.0927169668437067,13650.125303980987,197.82790295624622,3461433.76,50165.706666666665,31,6708.0,0.05110212017780433,31,6708.0
96340.0,53,1298.0,18.542857142857144,1.2751673827765482,13890.667970615825,198.43811386594038,3728164.241,53259.48915714285,34,6874.0,0.022285552396908895,34,6874.0
96345.0,62,1590.0,23.73134328358209,0.491297757153678,14080.74349703443,210.16035070200644,3728162.8799999994,55644.22208955224,36,7048.0,0.01650778340355154,36,7048.0
96350.0,57,1595.0,24.53846153846154,0.710885641351352,14362.444305835326,220.96068162823582,3728162.8799999994,57356.352000000006,29,6818.0,0.02889959238912019,29,6818.0
96355.0,53,1642.0,24.507462686567163,1.7038168814924388,14663.924836936305,218.8645498050195,3728164.1639999994,55644.24125373134,25,6772.0,0.05594113869988894,25,6772.0
96360.0,50,1729.0,25.80597014925373,2.2771348671158016,14948.222192307534,223.10779391503777,3728164.1639999994,55644.24125373134,23,6801.0,0.06988844006721409,23,6801.0
96365.0,51,1940.0,29.393939393939394,1.0175678870230054,14505.897042857865,219.78631883117978,3491947.379999999,52908.29363636363,25,7001.0,0.05626083585928781,25,7001.0
96370.0,54,2157.0,32.68181818181818,1.4511768496605206,14688.221027121677,222.54880344123754,3492015.433999999,52909.324757575756,28,7088.0,0.11596232482948192,28,7088.0
96375.0,56,2433.0,35.779411764705884,1.3533489898941073,14988.058464177948,220.4126244732052,3586715.494999999,52745.81610294117,30,7234.0,0.04356441139571597,30,7234.0
96380.0,60,2721.0,38.32394366197183,1.4524333781142622,15261.211125967904,214.94663557701278,3681419.448999999,51850.97815492958,33,7392.0,0.027959595234843086,33,7392.0
96385.0,62,3024.0,43.82608695652174,1.0553967327941183,15528.340171369395,225.0484082807159,3728766.576999999,54040.09531884058,36,7565.0,0.015282027794288505,36,7565.0
96390.0,57,3186.0,47.55223880597015,0.9462973901520049,15828.50823353975,236.24639154536942,3776110.926999999,56359.864582089554,29,7502.0,0.060292015162514076,29,7502.0
96395.0,54,3361.0,49.4264705882353,1.827859716638958,16131.774304247816,237.2319750624679,3776110.926999999,55531.04304411765,26,7455.0,0.059415287995010446,26,7455.0
96400.0,51,3560.0,53.134328358208954,1.9199094072292273,16279.138743526186,242.9722200526296,3728832.5019999994,55654.2164477612,24,7491.0,0.09147292556314236,24,7491.0
96405.0,53,3805.0,55.14492753623188,1.2356023844848518,16296.324096543818,236.17861009483792,3539569.553,51298.10946376812,27,7639.0,0.06441255937304752,27,7639.0
96410.0,46,3117.0,45.838235294117645,2.086542594274059,16339.75021977249,240.29044440841903,3492361.6369999996,51358.25936764706,20,6951.0,0.08495180603732451,20,6951.0
96415.0,52,3367.0,48.1,2.8284978499805953,16620.721878348493,237.438883976407,3587086.0209999997,51244.08601428572,26,6941.0,0.05687269134025822,26,6941.0
96420.0,55,3637.0,52.710144927536234,2.0067896986710076,16382.17080520496,237.42276529282555,3681805.3370000003,53359.49763768116,28,7081.0,0.039416404779698,28,7081.0
96425.0,58,3920.0,58.507462686567166,0.958264080207193,16183.965001342343,241.55171643794543,3729158.081,55659.075835820906,32,7234.0,0.033374460483639,32,7234.0
96430.0,55,4069.0,59.838235294117645,1.20685208260905,16480.18704936382,242.35569190240912,3729156.242,54840.53297058825,27,7165.0,0.09584369134812837,27,7165.0
96435.0,51,4227.0,62.161764705882355,2.004127640664724,16779.08526254121,246.75125386090008,3729156.242,54840.53297058825,23,7038.0,0.06952729166018498,23,7038.0
96440.0,51,4415.0,65.8955223880597,1.7544150819705955,17053.896660365786,254.5357710502356,3681795.004,54952.16423880597,24,7152.0,0.09478342735840257,24,7152.0
96445.0,55,4661.0,70.62121212121212,1.109515236079981,17076.66987380277,258.73742233034494,3587210.9200000004,54351.68060606061,28,7295.0,0.05229269376018045,28,7295.0
96450.0,49,4711.0,73.609375,1.4853137886222516,17027.44636732727,266.05384948948864,3492661.0340000005,54572.82865625,23,7249.0,0.09030122222591397,23,7249.0
96455.0,55,4969.0,72.01449275362319,1.8124552512643115,17314.21704699327,250.93068184048215,3587413.644,51991.50208695653,27,7357.0,0.05837745545892972,27,7357.0
96460.0,55,5238.0,75.91304347826087,1.9440228660337182,17524.43050395393,253.97725368049177,3682162.356,53364.67182608696,28,7496.0,0.03900938106069275,28,7496.0
96465.0,59,5523.0,84.96923076923076,0.8783176226061344,17647.944471985167,271.50683803054085,3729533.7439999995,57377.44221538461,33,7651.0,0.06691084748974199,33,7651.0
96470.0,51,4878.0,76.21875,0.8858641503824287,17919.042970223378,279.9850464097401,3776904.6659999993,59014.13540625,22,7157.0,0.06352680286064291,22,7157.0
96475.0,49,4861.0,75.953125,1.2383706129992933,18210.280223003207,284.535628484425,3776904.6659999993,59014.13540625,18,6895.0,0.07034691827731544,18,6895.0
96480.0,47,5000.0,76.92307692307692,1.0390197745769278,18460.584387009734,284.00899056938033,3729547.5179999997,57377.65412307692,18,6983.0,0.04104202669613883,18,6983.0
96485.0,48,5216.0,75.59420289855072,1.5366463879159205,18458.14765182324,267.5093862583078,3682177.4199999995,53364.89014492754,22,7090.0,0.011147528055859848,22,7090.0
96490.0,53,5431.0,77.58571428571429,2.492453654291178,18738.537857410516,267.6933979630073,3729579.5989999995,53279.708557142854,26,7171.0,0.16635061372513374,26,7171.0
96495.0,57,5704.0,85.13432835820896,1.3674180366512205,18324.36369478001,273.4979655937315,3729574.4279999994,55665.28997014926,29,7294.0,0.05715738095060087,29,7294.0
96500.0,60,5999.0,90.89393939393939,0.9955836896681289,18503.55300134557,280.35686365675105,3682223.503,55791.265196969696,32,7434.0,0.01045186898500531,32,7434.0
96505.0,60,6299.0,98.421875,0.7435042329971426,18770.47195428121,293.2886242856439,3682223.4309999994,57534.741109375,32,7579.0,0.013057531604775808,32,7579.0
96510.0,55,6407.0,101.6984126984127,0.784005529457894,19056.66963387284,302.48681958528323,3682221.1469999994,58447.95471428572,27,7498.0,0.015856177644945117,27,7498.0
96515.0,50,6515.0,101.796875,1.9208188685907062,19342.366948357296,302.2244835680828,3682221.1469999994,57534.705421875,22,7428.0,0.10999580076772182,22,7428.0
96520.0,49,6646.0,107.19354838709677,1.2523643452151771,19461.96655381137,313.9026863517962,3587500.0599999996,57862.90419354839,22,7521.0,0.08345910224608125,22,7521.0
96525.0,53,6872.0,110.83870967741936,0.6457456871926228,19502.798337593875,314.56126350957857,3540223.8399999994,57100.38451612904,26,7656.0,0.034268980720457344,26,7656.0
96530.0,53,7096.0,114.45161290322581,0.9027407703758702,19671.469480193537,317.2817658095732,3540294.6159999995,57101.52606451613,27,7761.0,0.054613249007369344,27,7761.0
96535.0,56,7370.0,111.66666666666667,1.131769958912958,19967.559783193887,302.5387845938468,3635129.447,55077.7188939394,30,7890.0,0.03609656345925921,30,7890.0
96540.0,60,7660.0,116.06060606060606,0.9398782496150776,20254.906596317433,306.8925241866277,3682546.353,55796.15686363636,33,8034.0,6.124181414665665e-05,33,8034.0
96545.0,62,7964.0,118.86567164179104,0.5302212844337687,20526.73913525341,306.36924082467783,3682544.353,54963.3485522388,34,8185.0,0.0036097781308613067,34,8185.0
96550.0,57,8120.0,123.03030303030303,1.2380690066796909,20832.262097704384,315.6403348137029,3682544.353,55796.12656060606,29,8118.0,0.09987995579115051,29,8118.0
96555.0,54,8277.0,125.4090909090909,1.4028958444722943,21132.455740787824,320.18872334527003,3682544.353,55796.12656060606,26,8050.0,0.06081786429633469,26,8050.0
96560.0,51,8441.0,125.98507462686567,1.4982127009484363,21410.683076596022,319.5624339790451,3635124.0349999997,54255.5826119403,25,8084.0,0.05888291540415979,25,8084.0
96565.0,54,8705.0,126.15942028985508,1.5322739385615707,21448.306079150727,310.84501563986555,3587849.6289999993,51997.82071014493,28,8240.0,0.053132884334330374,28,8240.0
96570.0,54,8910.0,131.02941176470588,1.6624404773232442,21387.325214646695,314.51948845068677,3540634.208999999,52068.15013235294,27,8300.0,0.13708163206430912,27,8300.0
96575.0,56,9184.0,131.2,1.5328019414461354,21689.494674092362,309.8499239156052,3588069.9209999987,51258.14172857142,30,8429.0,0.04536341496912311,30,8429.0
96580.0,62,9486.0,133.6056338028169,0.9085049593145226,21941.497589389703,309.03517731534794,3682945.837999999,51872.47659154929,36,8586.0,0.0464735528152349,36,8586.0
96585.0,65,9803.0,134.2876712328767,0.6485381209245737,22252.215305144826,304.82486719376476,3777819.3799999985,51750.95041095891,39,8758.0,0.048042649628416235,39,8758.0
96590.0,57,9448.0,129.42465753424656,1.3238919169780898,22584.306628332644,309.3740634018172,3825250.5359999985,52400.6922739726,29,8294.0,0.06615089831626388,29,8294.0
96595.0,52,9516.0,130.35616438356163,1.5666081423357359,22904.5578937838,313.76106703813423,3825250.5359999985,52400.6922739726,22,8114.0,0.08303047722194046,22,8114.0
96600.0,52,9705.0,134.79166666666666,1.362266795444975,23183.947608363567,321.9992723383829,3777833.2719999985,52469.90655555556,25,8214.0,0.032387956692031344,25,8214.0
96605.0,57,9968.0,136.54794520547946,1.2826521842363425,23173.01796703952,317.4386022882127,3683025.758999999,50452.407657534255,31,8355.0,0.010021105821404657,31,8355.0
96610.0,51,9335.0,126.14864864864865,2.261470305576499,23231.089527897133,313.9336422688803,3683040.954999999,49770.82371621622,24,7727.0,0.1184315202875173,24,7727.0
96615.0,54,9595.0,135.14084507042253,2.2886455190987656,23041.96702933586,324.5347468920545,3635664.6789999995,51206.54477464788,27,7702.0,0.003385248202337964,27,7702.0
96620.0,57,9878.0,141.11428571428573,1.958388352194238,23294.892923246825,332.78418461781183,3635664.6789999995,51938.066842857144,29,7832.0,0.039722286509302145,29,7832.0
96625.0,59,10169.0,164.01612903225808,0.5013373724399078,22730.916209779723,366.62768080289874,3635656.033,58639.613435483865,31,7982.0,2.5448644059703665e-05,31,7982.0
96630.0,54,10298.0,174.54237288135593,0.40885002253613506,22915.89271360547,388.4049612475504,3635655.1729999995,61621.274118644076,26,7880.0,0.017310487857705576,26,7880.0
96635.0,52,10445.0,168.46774193548387,1.4104914660485823,23193.36477847201,374.0865286850324,3635656.749,58639.62498387096,22,7789.0,0.0745352496470382,22,7789.0
96640.0,46,10550.0,172.95081967213116,1.7310906226399754,23298.719297776894,381.9462179963425,3588282.844,58824.30891803279,19,7797.0,0.08602567180389634,19,7797.0
96645.0,50,10763.0,170.84126984126985,1.3413309245390808,23274.274679243277,369.43293141656,3541004.5300000003,56206.42111111111,24,7934.0,0.09436904528196603,24,7934.0
96650.0,46,10755.0,170.71428571428572,1.8044059000743136,23311.535447270115,370.02437217889076,3541152.123,56208.76385714286,19,7806.0,0.14214587120104832,19,7806.0
96655.0,50,10991.0,169.09230769230768,1.6786049066857038,23587.72537020443,362.8880826185298,3588631.3880000003,55209.713661538466,24,7841.0,0.0752292878038858,24,7841.0
96660.0,55,11250.0,167.91044776119404,1.6608999800967557,23776.981277253515,354.88031757094785,3683585.5920000006,54978.88943283582,27,7935.0,0.04215236369836572,27,7935.0
96665.0,57,11526.0,169.5,1.364419233725588,23916.50265232494,351.7132742988961,3778530.546000001,55566.6256764706,30,8046.0,0.03167135351959962,30,8046.0
96670.0,52,11651.0,179.24615384615385,1.6673074978146205,24137.18374571978,371.3412883956889,3778530.546000001,58131.23916923078,24,7911.0,0.13543564959999788,24,7911.0
96675.0,51,11801.0,181.55384615384617,1.8692066235581473,24420.181362177547,375.6950978796545,3778530.546000001,58131.23916923078,23,7850.0,0.07807755673639369,23,7850.0
96680.0,48,11978.0,190.12698412698413,1.6727786175088109,24517.183898675397,389.1616491853237,3683660.764000001,58470.80577777779,22,7855.0,0.07841105394252873,22,7855.0
96685.0,50,12224.0,200.39344262295083,0.9492274103848592,24547.365123608688,402.4158216985031,3541339.428000001,58054.74472131149,24,7958.0,0.05881435655532971,24,7958.0
96690.0,48,12419.0,194.046875,1.5959167541876207,24736.01150627845,386.50017978560084,3541390.7830000003,55334.230984375004,22,7989.0,0.08489361135093233,22,7989.0
96695.0,52,12670.0,191.96969696969697,1.9732810561519567,24921.270695567953,377.59501053890835,3588935.222,54377.8063939394,26,8075.0,0.12341731832234658,26,8075.0
96700.0,57,12940.0,199.07692307692307,0.7618727767732549,25157.53437250424,387.03899034621907,3683904.472,56675.45341538462,30,8180.0,0.03168373729282333,30,8180.0
96705.0,62,13239.0,206.859375,0.14091614505773972,25442.621314766697,397.5409580432296,3731391.042,58302.985031250006,36,8314.0,0.011929411201588956,36,8314.0
96710.0,56,13398.0,206.12307692307692,0.8510300155581442,25753.565011965784,396.2086924917813,3778878.674,58136.59498461538,29,8249.0,0.05137661722332264,29,8249.0
96715.0,52,13572.0,202.56716417910448,1.8963072901237357,26048.714030999858,388.78677658208755,3778879.9660000005,56401.19352238805,24,8158.0,0.036585330521575164,24,8158.0
96720.0,49,13764.0,208.54545454545453,2.214407592032283,26205.06603990981,397.04645515014863,3731444.3210000005,56537.03516666667,22,8233.0,0.0797468419924547,22,8233.0
96725.0,51,14001.0,202.91304347826087,1.3852638338826073,26344.144972093196,381.7992024941044,3589047.578,52015.18228985507,25,8336.0,0.05401557661317681,25,8336.0
96730.0,54,14212.0,205.97101449275362,1.8117698916436744,26421.680762981934,382.9229096084339,3589165.279,52016.88810144928,27,8382.0,0.1386614673151366,27,8382.0
96735.0,58,14486.0,204.0281690140845,1.0916438554695083,26666.200482383603,375.58028848427614,3589190.4880000004,50551.97870422535,31,8490.0,0.05068246205976592,31,8490.0
96740.0,61,14783.0,197.10666666666665,1.6588059189360878,26992.49581135932,359.89994415145753,3684184.9800000004,49122.46639999999,35,8623.0,0.053164214790441165,35,8623.0
96745.0,65,15098.0,204.02702702702703,1.312698091924886,27243.224971139964,368.1516887991886,3779176.2900000005,51069.94986486486,38,8773.0,0.023038157357096564,38,8773.0
96750.0,55,14592.0,208.45714285714286,1.063190647084703,27549.284667055872,393.5612095293696,3779173.2900000005,53988.189857142854,27,8240.0,0.05467976697267221,27,8240.0
96755.0,51,14673.0,206.66197183098592,1.64146540217118,27867.399165807616,392.4985798001073,3779173.2900000005,53227.792816901405,22,8023.0,0.0667036094110844,22,8023.0
96760.0,50,14854.0,215.2753623188406,1.528180500577825,27773.44511273705,402.51369728604425,3731694.9000000004,54082.53478260869,22,8094.0,0.0651279846312548,22,8094.0
96765.0,54,15092.0,215.6,0.9906367063828566,28039.61076272808,400.56586803897267,3636724.173,51953.202471428565,28,8198.0,0.010852902237731084,28,8198.0
96770.0,49,14582.0,214.44117647058823,2.1308257758545874,27918.27284222194,410.56283591502864,3636723.06,53481.22147058823,23,7624.0,0.07008033393583286,23,7624.0
96775.0,53,14838.0,218.2058823529412,2.4980321975168702,28027.684728513712,412.1718342428487,3684232.232,54179.885764705876,27,7626.0,0.020834944381533625,27,7626.0
96780.0,56,15110.0,228.93939393939394,1.9468825698958754,27959.269894432033,423.62530143078845,3684264.9689999996,55822.1965,28,7730.0,0.03403888348502167,28,7730.0
96785.0,56,15390.0,252.29508196721312,0.5901656610498301,27639.53916347503,453.10719940123005,3684259.455,60397.69598360654,28,7835.0,0.00042100851668874616,28,7835.0
96790.0,51,15513.0,250.20967741935485,1.1976547478997404,27917.540146000243,450.2829055806492,3684260.245,59423.55233870967,23,7757.0,0.07250157358513991,23,7757.0
96795.0,47,15629.0,252.08064516129033,1.8633573441639202,28192.416413423092,454.7163937648886,3684260.245,59423.55233870967,19,7676.0,0.06612819280509653,19,7676.0
96800.0,46,15765.0,258.44262295081967,1.8221223409252316,28439.763979897627,466.22563901471517,3636747.523,59618.81185245901,19,7669.0,0.11191354844429001,19,7669.0
96805.0,49,15981.0,253.66666666666666,1.2300153432994787,28380.18559048272,450.4791363568685,3541847.4359999993,56219.80057142856,23,7762.0,0.07207638974215042,23,7762.0
96810.0,47,16012.0,254.15873015873015,1.6266162903194707,28439.677796081447,451.42345708065784,3494424.0849999995,55467.04896825396,20,7666.0,0.11114027120284976,20,7666.0
96815.0,52,16256.0,239.05882352941177,1.6996749265305677,28722.814888545494,422.3943365962573,3589505.1399999997,52786.84029411765,23,7723.0,0.07702850042092937,23,7723.0
96820.0,53,16507.0,246.37313432835822,1.8783377784460595,28887.56370896306,431.1576672979561,3684578.795999999,54993.71337313433,26,7815.0,0.08344507741361226,26,7815.0
96825.0,58,16785.0,254.3181818181818,1.1210672405294857,29115.413963606858,441.14263581222514,3732112.8999999994,56547.16515151516,32,7928.0,0.04748203385626608,32,7928.0
96830.0,53,16935.0,268.8095238095238,0.9003521045288888,29333.95675797499,465.61836123769825,3732112.8999999994,59239.887301587296,25,7855.0,0.02439406152687967,25,7855.0
96835.0,50,17086.0,275.5806451612903,1.7976953362191284,29584.232797357894,477.1650451186758,3732112.8999999994,60195.3693548387,22,7735.0,0.05454444799329136,22,7735.0
96840.0,49,17262.0,274.0,1.6848246126718032,29835.388444714543,473.5775943605484,3684573.7359999996,58485.29739682538,20,7802.0,0.08126160074894148,20,7802.0
96845.0,50,17487.0,269.03076923076924,1.6816241551771753,29859.873321406332,459.38266648317426,3589620.008,55224.923200000005,23,7890.0,0.052357510375047246,23,7890.0
96850.0,50,17693.0,280.8412698412698,1.8662663231862946,29836.388596473782,473.59346978529817,3494676.769,55471.05982539682,24,7945.0,0.16333411985949,24,7945.0
96855.0,54,17952.0,276.18461538461537,1.4112954557605049,30118.357417963995,463.3593448917538,3589782.463,55227.42250769231,28,8039.0,0.05709953207809575,28,8039.0
96860.0,57,18227.0,276.1666666666667,1.2180146189856966,30385.7163753258,460.38964205039093,3684886.404,55831.612181818185,30,8149.0,0.0038980106855319055,30,8149.0
96865.0,59,18518.0,280.57575757575756,1.068965680125989,30657.401630681365,464.5060853133541,3732435.8340000003,56552.05809090909,33,8275.0,0.014107665216749733,33,8275.0
96870.0,53,18652.0,291.4375,0.9980789116809989,30934.1900148876,483.34671898261877,3779980.4820000003,59062.19503125,26,8177.0,0.04683575065978782,26,8177.0
96875.0,49,18801.0,289.24615384615385,2.112212294535758,31216.32104864489,480.25109305607526,3779980.4820000003,58153.54587692308,21,8108.0,0.08702501758016623,21,8108.0
96880.0,47,18978.0,291.96923076923076,1.9052938463048426,31491.68857730756,484.4875165739625,3779980.4820000003,58153.54587692308,20,8170.0,0.08348900183706415,20,8170.0
96885.0,52,19215.0,300.234375,0.9122810898028698,31476.424847825252,491.81913824726956,3589912.4360000007,56092.3818125,25,8263.0,0.0385435458704192,25,8263.0
96890.0,53,19463.0,304.109375,1.2385525920271767,31551.081651913617,492.9856508111503,3542468.9960000003,55351.078062500004,27,8356.0,0.10842211468215164,27,8356.0
96895.0,55,19734.0,286.0,1.256676933215387,31854.194304829267,461.6549899250619,3637601.5419999994,52718.86292753624,29,8462.0,0.07365026705773436,29,8462.0
96900.0,62,20031.0,286.15714285714284,0.9438904183135516,32156.06482053838,459.37235457911976,3732721.8259999994,53324.59751428572,35,8594.0,0.026798963724277598,35,8594.0
96905.0,67,20352.0,286.6478873239437,0.3688358962267913,32481.03959772746,457.47943095390787,3732721.8259999994,52573.54684507043,39,8746.0,0.012266374250850125,39,8746.0
96910.0,56,19836.0,279.38028169014086,1.3434159960282723,32811.05540303169,462.1275408877703,3732721.8259999994,52573.54684507043,28,8259.0,0.0791317148538934,28,8259.0
96915.0,49,19865.0,279.7887323943662,1.2973413900026307,33129.57974875411,466.613799278227,3732721.8259999994,52573.54684507043,20,8030.0,0.0710868378841454,20,8030.0
96920.0,53,20052.0,274.6849315068493,1.402929828979002,33452.53103663875,458.2538498169692,3732723.693999999,51133.20128767123,25,8111.0,0.03512538538605651,25,8111.0
96925.0,58,20299.0,285.90140845070425,1.2726029139337067,33391.04354696874,470.29638798547523,3637677.1849999996,51234.889929577475,31,8234.0,0.009156292601272186,31,8234.0
96930.0,57,20528.0,293.25714285714287,1.3544386652354452,33272.18817993173,475.31697399902475,3685260.0529999994,52646.57218571429,31,8314.0,0.06263521367584586,31,8314.0
96935.0,61,20822.0,289.19444444444446,1.4293157690241294,33409.64353717265,464.02282690517575,3780423.201999999,52505.87780555556,34,8443.0,0.04757511545832923,34,8443.0
96940.0,62,21126.0,301.8,1.1921541798826147,33592.635757536,479.8947965362287,3732886.3819999998,53326.94831428572,34,8578.0,0.058019829077320326,34,8578.0
96945.0,65,21440.0,310.72463768115944,0.340893504993506,33848.22235084247,490.55394711365904,3732885.3290000004,54099.78737681159,37,8717.0,0.004244778002000955,37,8717.0
96950.0,54,21476.0,315.8235294117647,1.4515833715052116,34158.2400376548,502.3270593772764,3732885.3290000004,54895.37248529412,26,8401.0,0.05836286188103689,26,8401.0
96955.0,52,21601.0,317.6617647058824,1.1688789195549754,34461.98446302075,506.7938891620699,3732885.3290000004,54895.37248529412,23,8409.0,0.05035189726872112,23,8409.0
96960.0,53,21783.0,330.04545454545456,0.9448983809977051,34502.68083715115,522.767891471987,3685347.0190000003,55838.5911969697,24,8490.0,0.023741478220195598,24,8490.0
96965.0,54,21991.0,309.7323943661972,1.2338438370210727,34788.85138512799,489.9838223257463,3637790.7800000003,51236.489859154935,27,8607.0,0.01227745973454417,27,8607.0
96970.0,46,21178.0,294.1388888888889,2.4458938135834245,34893.812239702595,484.6362811069805,3637791.3880000003,50524.88038888889,20,7823.0,0.14071766336265532,20,7823.0
96975.0,49,21415.0,297.43055555555554,3.0027204205376448,35118.565310647355,487.7578515367687,3685395.886,51186.053972222224,23,7723.0,0.04642225440198369,23,7723.0
96980.0,55,21679.0,314.18840579710144,2.3294961772837532,34941.922415162604,506.4046726835159,3637854.05,52722.52246376812,27,7817.0,0.03848440045539146,27,7817.0
96985.0,57,21960.0,360.0,0.8366334455037934,34451.671985806024,564.781507964033,3637843.9639999997,59636.78629508197,29,7923.0,2.48559382907067e-05,29,7923.0
96990.0,51,22112.0,387.9298245614035,0.826477418260318,34636.93723226458,607.6655654783261,3637842.8099999996,63821.80368421053,23,7911.0,0.01693229267782818,23,7911.0
96995.0,53,22367.0,372.78333333333336,1.2610903406573513,34902.77941397169,581.7129902328617,3637844.3939999994,60630.73990000001,23,7980.0,0.0,23,7980.0
97000.0,51,22622.0,396.87719298245617,1.1365614180828032,35095.08015361517,615.7031605897399,3637843.6679999996,63821.818736842106,23,8060.0,0.03350885613252847,23,8060.0
97005.0,52,22878.0,401.36842105263156,0.9259037361373634,35337.24218961522,619.9516173616706,3637840.6679999996,63821.76610526316,24,8141.0,0.07037036974465768,24,8141.0
97010.0,48,22879.0,415.9818181818182,0.6809556251762756,35524.01880168387,645.891250939707,3637840.6679999996,66142.55760000001,20,7951.0,0.06591578571930137,20,7951.0
97015.0,45,22882.0,416.03636363636366,1.355828106261914,35778.763851562755,650.5229791193228,3637840.6679999996,66142.55760000001,17,7775.0,0.07267476573633579,17,7775.0
97020.0,43,22923.0,402.1578947368421,1.6347901634198427,36021.481517068096,631.955816088914,3637840.823999999,63821.768842105266,14,7702.0,0.08908093462050753,14,7702.0
97025.0,44,23090.0,391.35593220338984,1.683985067042955,35936.77929375214,609.0979541313924,3590414.4849999994,60854.482796610166,17,7788.0,0.06331148256791283,17,7788.0
97030.0,43,23251.0,407.9122807017544,1.9435864310529816,35722.31088396142,626.7072084905512,3495418.7949999985,61323.13675438597,17,7827.0,0.21429573518438655,17,7827.0
97035.0,47,23477.0,397.91525423728814,1.4804193085634476,35974.42031656301,609.7359375688645,3590736.040999999,60859.93289830508,21,7888.0,0.0673469634432363,21,7888.0
97040.0,50,23721.0,395.35,1.2210488226569491,36213.208918586424,603.5534819764405,3686051.676999999,61434.19461666666,23,7967.0,0.0058375665055657435,23,7967.0
97045.0,54,23981.0,380.6507936507937,1.2220342982239092,36454.630483110515,578.6449283033419,3733710.1649999986,59265.24071428571,28,8062.0,0.016676073254336437,28,8062.0
97050.0,47,24092.0,382.41269841269843,1.895704140733294,36692.51991016086,582.4209509549344,3781367.2789999996,60021.702841269835,20,7835.0,0.1494863838364539,20,7835.0
97055.0,45,24218.0,378.40625,2.5610196664762634,36956.47342685182,577.4448972945601,3781367.2789999996,59083.863734375,17,7662.0,0.1722322212305812,17,7662.0
97060.0,47,24391.0,387.1587301587302,1.7432950776261957,37157.99467177443,589.8094392345149,3733758.8989999997,59266.01426984127,20,7716.0,0.07684338367402391,20,7716.0
97065.0,52,24626.0,403.7049180327869,0.9547631878931889,37084.777403516055,607.9471705494436,3638653.7099999995,59650.06081967212,25,7805.0,0.043603093747126835,25,7805.0
97070.0,51,24853.0,421.23728813559325,0.8921890631963797,37048.50142266242,627.9407020790243,3543538.7889999994,60059.97947457628,25,7877.0,0.0586879409121428,25,7877.0
97075.0,54,25119.0,398.7142857142857,0.941452235347515,37333.892894944016,592.601474522921,3638879.004999999,57759.9842063492,28,7978.0,0.025346473008204168,28,7978.0
97080.0,57,25398.0,403.14285714285717,0.9174481052464001,37588.10225681706,596.636543759001,3734210.987999999,59273.190285714285,30,8092.0,0.030619226116090466,30,8092.0
97085.0,59,25685.0,389.1666666666667,0.42131552635243463,37884.97400756991,574.0147576904534,3734213.987999999,56578.999818181815,31,8211.0,0.0025354846780448184,31,8211.0
97090.0,55,25827.0,391.3181818181818,1.3795326668229737,38190.62537744273,578.645839052163,3734213.987999999,56578.999818181815,27,8029.0,0.09954608914642085,27,8029.0
97095.0,51,25974.0,393.54545454545456,1.5691361956045529,38484.05049012886,583.0916740928616,3734213.987999999,56578.999818181815,23,7893.0,0.06046679044480132,23,7893.0
97100.0,52,26157.0,390.4029850746269,1.457713114047657,38744.667445616506,578.2786185912913,3686560.8339999993,55023.29602985075,25,7979.0,0.05714457699817024,25,7979.0
97105.0,54,26405.0,412.578125,0.9825510210081564,38510.05819681588,601.7196593252486,3543876.0549999997,55373.063359375,27,8094.0,0.04519497133046024,27,8094.0
97110.0,52,26599.0,415.609375,1.09680392255711,38652.50627983951,603.9454106224925,3543981.4459999995,55374.71009375,26,8139.0,0.054489275490899,26,8139.0
97115.0,56,26868.0,401.0149253731343,1.6696681252400942,38946.235433003465,581.2870960149775,3639357.6999999997,54318.77164179104,30,8243.0,0.07328201522165655,30,8243.0
97120.0,59,27151.0,399.27941176470586,1.1511815359915774,39214.58814963196,576.6851198475289,3734723.017999999,54922.39732352941,32,8361.0,0.027395557753727807,32,8361.0
97125.0,63,27456.0,397.9130434782609,0.43283478929683605,39454.08722963232,571.7983656468455,3734722.624999999,54126.414855072464,35,8497.0,0.009199547763515652,35,8497.0
97130.0,53,27138.0,393.30434782608694,1.6997991262512258,39767.207123771645,576.3363351271253,3734722.624999999,54126.414855072464,24,8159.0,0.10014678248639862,24,8159.0
97135.0,52,27285.0,395.4347826086956,0.8450398429982032,40078.471808417846,580.8474175133023,3734722.624999999,54126.414855072464,23,8100.0,0.036690162676826295,23,8100.0
97140.0,57,27491.0,410.3134328358209,0.6598135050381337,40208.003955455926,600.1194620217308,3687033.1679999996,55030.345791044776,29,8200.0,0.011259933324189286,29,8200.0
97145.0,57,27745.0,402.1014492753623,1.0520137201124249,40517.25075325327,587.2065326558447,3639343.459,52744.10810144928,31,8332.0,0.00561001630160991,31,8332.0
97150.0,59,27983.0,394.1267605633803,1.5017489938277548,40579.53771140027,571.5427846676098,3734760.549,52602.26125352114,32,8424.0,0.09664455815601206,32,8424.0
97155.0,59,28277.0,403.95714285714286,1.7362900897535274,40807.1775989991,582.9596799857018,3734757.189,53353.67412857144,32,8552.0,0.02653780744643362,32,8552.0
97160.0,61,28578.0,420.2647058823529,1.2426896770391895,40922.55940332928,601.8023441666073,3687151.9269999997,54222.82245588236,33,8700.0,0.03070458863906975,33,8700.0
97165.0,63,28888.0,444.4307692307692,0.281328277620708,41174.091317440885,633.4475587298601,3687151.9269999997,56725.41426153846,35,8867.0,1.3959022601296263e-05,35,8867.0
97170.0,56,28978.0,452.78125,0.7110461694235652,41477.5494214879,648.0867097107489,3687151.9269999997,57611.748859374995,28,8747.0,0.0447126606838979,28,8747.0
97175.0,54,29089.0,434.1641791044776,1.2137253903421363,41777.68779236309,623.5475789904946,3687153.515,55032.14201492538,24,8653.0,0.04053855933721037,24,8653.0
97180.0,49,29225.0,442.8030303030303,1.7518134086923725,42027.60498647514,636.7818937344721,3639470.3630000004,55143.490348484855,22,8729.0,0.08751586896399062,22,8729.0
97185.0,53,29450.0,453.0769230769231,1.1477345504011647,42049.65297209099,646.9177380321694,3591889.7190000005,55259.841830769234,26,8842.0,0.06727893067006134,26,8842.0
97190.0,44,28408.0,450.92063492063494,1.6134827146929247,42032.031144372995,667.1750975297302,3544312.7909999997,56258.9331904762,18,7971.0,0.09682735682615362,18,7971.0
97195.0,48,28639.0,440.6,2.520653967719149,42293.577228134236,650.6704188943734,3639790.9159999997,55996.78332307692,21,7732.0,0.04234676987678339,21,7732.0
97200.0,52,28885.0,424.77941176470586,2.3799609498342926,42561.66063892873,625.9067741018933,3687527.0579999997,54228.3390882353,24,7810.0,0.0003704848226970591,24,7810.0
97205.0,51,29140.0,428.52941176470586,1.8145140413214027,41611.759512629535,611.9376398916111,3735269.622,54930.43561764706,25,7900.0,0.05677631513505542,25,7900.0
97210.0,50,29270.0,443.4848484848485,2.3788459724340005,41707.32920493501,631.9292303778035,3735279.8819999998,56595.14972727273,22,7856.0,0.21740510061225118,22,7856.0
97215.0,55,29528.0,447.3939393939394,1.3407312897226966,41990.282321665574,636.2163988131149,3735279.8819999998,56595.14972727273,25,7936.0,0.0687570749373472,25,7936.0
97220.0,56,29798.0,458.4307692307692,1.1899582948479428,42238.43277988563,649.8220427674713,3735279.3739999994,57465.83652307693,28,8034.0,0.004745232639129033,28,8034.0
97225.0,57,30082.0,477.4920634920635,1.1873537676398118,42495.95493708984,674.5389672553941,3735278.4999999995,59290.13492063492,29,8143.0,7.411130388249491e-07,29,8143.0
97230.0,50,30075.0,485.0806451612903,1.5188443101310063,42690.68757165396,688.5594769621606,3735277.2319999994,60246.40696774194,22,7898.0,0.02445620632709682,22,7898.0
97235.0,46,30141.0,502.35,2.2108543249283503,42922.81504143524,715.3802506905873,3735274.2319999994,62254.57053333334,18,7724.0,0.1280398667627857,18,7724.0
97240.0,44,30165.0,511.271186440678,1.7681045896252006,43106.446911637235,730.6177442650379,3687564.5219999994,62501.09359322034,17,7769.0,0.10420860790231187,17,7769.0
97245.0,48,30356.0,523.3793103448276,0.9113166951947209,43006.061657520506,741.4838216813879,3592275.6459999993,61935.78699999999,21,7863.0,0.0497461707860129,21,7863.0
97250.0,48,30583.0,527.2931034482758,1.1079124234992013,43115.65184892925,743.3733077401597,3592380.4219999993,61937.59348275862,22,7959.0,0.08500025418122895,22,7959.0
97255.0,51,30833.0,505.4590163934426,0.9511604584803005,43239.403120162824,708.8426741010301,3640264.54,59676.467868852465,25,8044.0,0.03253412167101123,25,8044.0
97260.0,56,31102.0,501.64516129032256,1.068420677205074,43504.61819512956,701.6873902440252,3735808.2219999996,60254.97132258065,29,8148.0,0.031894970285827946,29,8148.0
97265.0,58,31383.0,498.14285714285717,0.37243481451913,43789.64523672693,695.0737339163003,3735808.2219999996,59298.543206349204,31,8261.0,0.0018639363732618976,31,8261.0
97270.0,53,31517.0,500.26984126984127,1.3037735556590915,44081.759767924406,699.7104725067367,3735808.2219999996,59298.543206349204,25,8039.0,0.11502895679696994,25,8039.0
97275.0,49,31659.0,502.5238095238095,1.7116255350234268,44360.27262992459,704.131311586105,3735808.2219999996,59298.543206349204,21,7779.0,0.04909986591870972,21,7779.0
97280.0,49,31826.0,489.6307692307692,1.7522516601612321,44451.926768704296,683.8757964416044,3688142.7,56740.65692307692,22,7848.0,0.07493783027245929,22,7848.0
97285.0,50,32054.0,493.1384615384615,1.5731171667168808,44335.061967977126,682.0778764304174,3545073.4719999996,54539.59187692308,24,7958.0,0.07940107989376118,24,7958.0
97290.0,51,32246.0,496.0923076923077,1.6359267990147215,44309.09976238216,681.6784578828026,3545288.1279999996,54542.89427692308,24,7985.0,0.09856727113252155,24,7985.0
97295.0,54,32510.0,485.2238805970149,1.5689069559619881,44599.0465508631,665.6574112069122,3593081.9979999997,53628.08952238806,28,8084.0,0.0597507340636871,28,8084.0
97300.0,59,32794.0,489.46268656716416,1.05604410710058,44866.47857615895,669.6489339725217,3688655.923999999,55054.56602985074,33,8203.0,0.0361257088757714,33,8203.0
97305.0,63,33099.0,494.0149253731343,0.3549836570625277,45117.1285733371,673.3899787065238,3784236.378,56481.13997014925,36,8343.0,0.023235613580357087,36,8343.0
97310.0,57,33256.0,496.35820895522386,1.0115322839488996,45433.59726670463,678.1133920403676,3784236.378,56481.13997014925,29,8250.0,0.030996035843498335,29,8250.0
97315.0,53,33436.0,499.04477611940297,1.7286453087775941,45731.193280699976,682.5551235925369,3784236.378,56481.13997014925,25,8206.0,0.05870086526460031,25,8206.0
97320.0,52,33612.0,517.1076923076923,1.293294831127749,45850.80481677585,705.3969971811671,3688734.639,56749.763676923074,25,8327.0,0.053467262599660496,25,8327.0
97325.0,55,33862.0,497.97058823529414,1.18789595572217,46018.51351805094,676.7428458536904,3641008.9339999994,53544.24902941176,28,8445.0,0.03259382354628759,28,8445.0
97330.0,54,34096.0,501.4117647058824,1.3756778802515988,46083.539956045424,677.6991170006679,3545548.275999999,52140.41582352941,28,8526.0,0.07116481040305199,28,8526.0
97335.0,58,34382.0,491.1714285714286,1.1853817865827518,46393.84392286653,662.7691988980932,3641156.0979999993,52016.51568571428,32,8647.0,0.013779822970388756,32,8647.0
97340.0,61,34684.0,495.48571428571427,1.1493015850220045,46695.98753952389,667.0855362789127,3688956.631999999,52699.380457142855,35,8784.0,0.03935101905896312,35,8784.0
97345.0,65,34999.0,492.943661971831,1.0703474418614363,47020.708786199924,662.2635040309849,3736758.709999999,52630.404366197174,37,8930.0,0.0259823774514804,37,8930.0
97350.0,59,35163.0,532.7727272727273,0.6169196592055075,47286.09705514794,716.4560159870902,3736755.709999999,56617.51075757576,31,8862.0,0.012244900849484748,31,8862.0
97355.0,56,35328.0,512.0,1.4613105379247362,47592.32134765774,689.7437876472138,3736757.301999999,54155.90292753623,26,8831.0,0.04317823860907369,26,8831.0
97360.0,51,35509.0,514.6231884057971,1.8357205636632223,47858.57633015646,693.602555509514,3688966.8819999998,53463.28814492753,24,8919.0,0.08611769981442341,24,8919.0
97365.0,54,35751.0,503.53521126760563,1.3287004014339814,47919.48385307966,674.9223077898544,3593478.7739999997,50612.37709859155,27,9029.0,0.09420959768410356,27,9029.0
97370.0,48,35019.0,500.27142857142854,1.879280399513211,48037.07618228319,686.2439454611884,3545752.124,50653.60177142858,22,8299.0,0.11605259482253949,22,8299.0
97375.0,53,35276.0,489.94444444444446,2.4689657930958324,48329.71375771285,671.2460244126788,3641394.136,50574.91855555555,27,8241.0,0.0293137498947314,27,8241.0
97380.0,60,35556.0,493.8333333333333,1.7632169130802022,48062.35078975683,667.5326498577338,3737027.465,51903.15923611111,31,8356.0,0.02348803056419179,31,8356.0
97385.0,61,35851.0,527.2205882352941,0.9662513323712352,47871.146503280615,703.9874485776561,3737023.7750000004,54956.23198529412,33,8483.0,2.0779402337791056e-05,33,8483.0
97390.0,54,35996.0,545.3939393939394,1.5075184730781876,48155.28424319689,729.6255188363164,3737019.9790000003,56621.514833333335,26,8383.0,0.11245451446451923,26,8383.0
97395.0,52,36153.0,547.7727272727273,1.7817245717736396,48449.249075672924,734.0795314495899,3737019.9790000003,56621.514833333335,24,8340.0,0.08074864236212191,24,8340.0
97400.0,51,36338.0,567.78125,1.531431006874262,48573.2179470693,758.956530422958,3641444.001,56897.562515624995,24,8360.0,0.06812132440055482,24,8360.0
97405.0,53,36580.0,580.6349206349206,0.8882297839560852,48630.35703429309,771.9104291157635,3545898.882,56284.10923809525,27,8485.0,0.05937884628177104,27,8485.0
97410.0,49,36603.0,546.3134328358209,1.899953450706165,48919.89651740041,730.1477092149315,3641577.8809999996,54351.908671641795,22,8372.0,0.09393992288205692,22,8372.0
97415.0,51,36853.0,550.044776119403,2.181698779563917,49013.76848225382,731.5487833172213,3593836.0649999995,53639.344253731346,25,8428.0,0.1149521288405238,25,8428.0
97420.0,54,37117.0,545.8382352941177,1.7958187145479438,49231.57912338158,723.9938106379644,3689502.6189999995,54257.39145588236,28,8527.0,0.03997437379141153,28,8527.0
97425.0,60,37407.0,575.4923076923077,0.8328085968597688,49366.51944998926,759.4849146152194,3785171.698,58233.41073846154,33,8652.0,0.022767775917421178,33,8652.0
97430.0,54,37543.0,605.5322580645161,0.7623712504187009,49581.484203119566,799.7013581148319,3785171.698,61051.15641935485,26,8574.0,0.03224269556498204,26,8574.0
97435.0,49,37687.0,588.859375,1.9872819136463504,49864.117616524134,779.1268377581898,3785173.005999999,59143.32821875,21,8521.0,0.06071933608866512,21,8521.0
97440.0,46,37858.0,591.53125,2.3551348558182674,50010.91862059431,781.4206034467863,3737383.7909999997,58396.621734375,19,8519.0,0.09100467012865322,19,8519.0
97445.0,48,38076.0,576.9090909090909,1.3277461616776591,50036.338071962564,758.1263344236752,3546141.743,53729.42034848484,21,8595.0,0.05605456447045999,21,8595.0
97450.0,51,38270.0,588.7692307692307,1.9106151949141406,50128.50571162495,771.2077801788455,3498387.329,53821.343523076925,25,8635.0,0.16194182333197646,25,8635.0
97455.0,56,38531.0,575.0895522388059,1.1059830867257057,50417.947613864766,752.5066808039518,3594089.28,53643.12358208955,29,8732.0,0.029671862325625905,29,8732.0
97460.0,58,38815.0,554.5,1.3016291094741892,50695.80599559908,724.2257999371299,3641939.1289999993,52027.70184285714,32,8851.0,0.02328114006456053,32,8851.0
97465.0,60,39111.0,558.7285714285714,1.5343432039864346,50994.072871342905,728.4867553048986,3737634.143999999,53394.77348571428,34,8982.0,0.047328636113004065,34,8982.0
97470.0,51,38077.0,568.3134328358209,1.1664984669536298,51245.26235144307,764.8546619618371,3785478.399999999,56499.67761194029,24,8429.0,0.0798216183118295,24,8429.0
97475.0,47,37982.0,558.5588235294117,1.6258778494042752,51547.91977856498,758.0576438024264,3785478.399999999,55668.79999999999,18,7997.0,0.08681025525836339,18,7997.0
97480.0,46,38156.0,569.4925373134329,1.6929788545147209,51806.10163347905,773.2253975146128,3737641.637999999,55785.69608955223,18,8052.0,0.08271605968034049,18,8052.0
97485.0,52,38381.0,572.8507462686567,1.1320404314234678,51738.15416147271,772.211256141384,3641982.7889999994,54357.95207462686,25,8140.0,0.018848691816211068,25,8140.0
97490.0,55,38634.0,594.3692307692307,1.1438534580487858,51245.64884363435,788.3945975943747,3689825.144999999,56766.540692307695,29,8238.0,0.03255188133484399,29,8238.0
97495.0,58,38918.0,589.6666666666666,0.9257807424896569,51546.40302684154,781.0061064672963,3737687.894999999,56631.63477272727,32,8357.0,0.02178867485501506,32,8357.0
97500.0,60,39216.0,612.75,0.6536134647527743,51722.2150398213,808.1596099972081,3689864.4749999996,57654.132421875,32,8482.0,0.015934314836892914,32,8482.0
97505.0,61,39519.0,607.9846153846154,0.5574133697839374,52021.26956726536,800.3272241117749,3689864.248999999,56767.14229230769,33,8610.0,2.3929902277806404e-06,33,8610.0
97510.0,50,26758.0,405.42424242424244,1.4913449853588656,52308.3417549602,792.5506326509122,3689865.272999999,55907.04959090908,26,5730.0,0.0893059009253971,26,5730.0
97515.0,45,18719.0,279.3880597014925,2.608354747945447,52587.110685702086,784.88224904033,3689866.066999999,55072.62786567164,28,3859.0,0.03708579982059423,28,3859.0
97520.0,39,8309.0,125.89393939393939,3.138029726753042,48954.15456988785,741.7296146952704,3513364.6169999996,53232.79722727273,31,5982.0,0.06322187486687175,31,5982.0
97525.0,39,1431.0,22.359375,2.6876494164763836,39568.10379856626,618.2516218525977,3072087.301999999,48001.36409375,37,9099.0,0.019411799973547503,37,9099.0
97530.0,36,1119.0,17.761904761904763,2.120584937974455,32065.3949079619,508.97452234860157,2989396.0819999995,47450.73146031746,29,8606.0,0.06048486350773867,29,8606.0
97535.0,41,1096.0,15.884057971014492,1.6437569599869295,32345.00827456113,468.76823586320495,3259628.821999999,47240.99742028985,25,8555.0,0.05566018071487424,25,8555.0
97540.0,45,1081.0,15.442857142857143,1.4573046010704187,31277.50381950004,446.82148313571486,3393166.125999999,48473.801799999994,28,8654.0,0.04509623803822028,28,8654.0
97545.0,56,1282.0,17.805555555555557,1.0137132759844985,31450.58857623927,436.81373022554527,3573391.0099999993,49630.43069444444,35,8822.0,0.032663637656901334,35,8822.0
97550.0,58,1428.0,19.833333333333332,0.9923174093593706,31370.797298568334,435.7055180356713,3711365.5669999993,51546.743986111105,33,8877.0,0.01668390775630806,33,8877.0
97555.0,61,1729.0,24.35211267605634,1.191341133714883,31365.706494687554,441.7705140096839,3711454.450999999,52274.006352112665,35,8996.0,0.022529723341520938,35,8996.0
97560.0,65,2039.0,27.931506849315067,1.2995708135108057,31685.639016865676,434.0498495461052,3711454.618999999,50841.84409589041,35,9136.0,0.007995326003286457,35,9136.0
97565.0,64,2358.0,32.75,0.8455066654317478,31870.31287645388,442.64323439519285,3711458.308999999,51548.032069444445,36,9280.0,1.794527810424246e-06,36,9280.0
97570.0,55,2384.0,34.05714285714286,1.5062489612008654,32131.675661508263,459.02393802154654,3711458.308999999,53020.832985714274,26,9091.0,0.11673674401711819,26,9091.0
97575.0,57,2546.0,36.371428571428574,1.097217420388848,32447.688642325953,463.5384091760851,3711458.308999999,53020.832985714274,28,9130.0,0.026856173339471066,28,9130.0
97580.0,58,2717.0,39.955882352941174,0.7084749754935565,32626.102370217803,479.7956230914383,3663551.807999999,53875.761882352934,30,9239.0,0.011116288817989425,30,9239.0
97585.0,60,2964.0,44.90909090909091,0.4640895850148413,32793.39157268219,496.8695692830634,3663550.2109999987,55508.33653030302,34,9390.0,0.005953924557702239,34,9390.0
97590.0,58,3201.0,46.391304347826086,1.1673095157996836,33060.381455798284,479.1359631275114,3759428.513999999,54484.47121739131,32,9486.0,0.019895728969584456,32,9486.0
97595.0,60,3497.0,49.25352112676056,1.572483692063727,33373.163306274066,470.0445536094939,3759429.046999999,52949.70488732393,32,9611.0,0.05160836062646819,32,9611.0
97600.0,62,3801.0,55.08695652173913,1.1148659949496547,33498.60452554153,485.48702210929764,3711589.038999999,53791.14549275362,34,9740.0,0.04797166748913702,34,9740.0
97605.0,64,4118.0,59.68115942028985,0.39757887535325515,33749.87221233734,489.12858278749775,3711587.038999999,53791.11650724637,36,9882.0,0.014277983627410609,36,9882.0
97610.0,59,4252.0,61.6231884057971,1.00905750520338,34074.19836256938,493.82896177636775,3711587.038999999,53791.11650724637,31,9678.0,0.06546828408191953,31,9678.0
97615.0,57,4412.0,62.140845070422536,1.3548199726705343,34394.63139202982,484.4314280567578,3711588.350999999,52275.89226760563,29,9496.0,0.04546192416715807,29,9496.0
97620.0,55,4570.0,66.23188405797102,1.3611365364046872,34464.26843401065,499.48215121754566,3615838.315999999,52403.45385507246,27,9471.0,0.05690547745215491,27,9471.0
97625.0,58,4790.0,65.61643835616438,1.3257795242712287,34784.368252616194,476.49819524131783,3663806.459999999,50189.1295890411,31,9611.0,0.05220481201172875,31,9611.0
97630.0,45,3313.0,46.66197183098591,2.1675339827746862,34533.635257909445,486.38922898464006,3568266.718999999,50257.27773239436,19,8511.0,0.13531458310493294,19,8511.0
97635.0,50,3551.0,49.31944444444444,3.031743914812937,34653.907010676114,481.304264037168,3616355.5369999995,50227.160236111115,24,8106.0,0.10205659117963864,24,8106.0
97640.0,55,3810.0,51.486486486486484,2.8135016135267326,34623.599478754775,467.886479442632,3712292.2239999995,50166.11113513514,28,8196.0,0.05538429394021042,28,8196.0
97645.0,57,4087.0,61.0,1.5914845532983963,33583.517968603664,501.2465368448309,3760251.3979999996,56123.15519402985,30,8307.0,0.017061082367351914,30,8307.0
97650.0,53,4193.0,67.62903225806451,1.1149063747030783,33662.75871724316,542.9477212458577,3760246.8599999994,60649.1429032258,25,8251.0,0.07077668764478849,25,8251.0
97655.0,54,4460.0,70.7936507936508,1.2097962091712304,33947.561768218206,538.8501867971145,3760246.8599999994,59686.4580952381,26,8330.0,4.3136274852570475e-06,26,8330.0
97660.0,54,4730.0,76.29032258064517,1.4919460176094754,34172.413886785376,551.1679659158932,3760246.4899999993,60649.13693548387,26,8425.0,0.03388513301577778,26,8425.0
97665.0,55,5001.0,81.98360655737704,0.8866572962197852,34352.67197181791,563.1585569150477,3760246.2899999996,61643.381803278695,27,8521.0,8.087006853479961e-05,27,8521.0
97670.0,48,4994.0,87.6140350877193,1.2750723448326629,34532.94214854543,605.8410903253583,3760245.3479999993,65969.21663157895,20,8217.0,0.025785743139462646,20,8217.0
97675.0,43,5016.0,85.01694915254237,1.8947916781735286,34786.89522008936,589.6083935608368,3760248.8919999995,63733.03206779661,15,7943.0,0.09412012431610303,15,7943.0
97680.0,41,5083.0,89.17543859649123,2.0098308530407674,34786.74281360187,610.2937335719625,3664433.0439999998,64288.29901754385,14,7826.0,0.1496843720243742,14,7826.0
97685.0,45,5260.0,84.83870967741936,1.5889483795707575,34809.40602354755,561.4420326378638,3616623.3549999995,58332.63475806452,18,7907.0,0.06355552096280283,18,7907.0
97690.0,46,5453.0,87.95161290322581,1.895810478595166,34465.01141194728,555.8872808378593,3521085.3379999995,56791.69900000001,20,7970.0,0.16547963088985979,20,7970.0
97695.0,50,5694.0,88.96875,1.5624629956619527,34740.58856302378,542.8216962972467,3617092.9579999996,56517.07746875,24,8046.0,0.05947221268747636,24,8046.0
97700.0,55,5956.0,91.63076923076923,1.4938551866852625,35006.30409497211,538.5585245380324,3713099.1159999995,57124.60178461539,28,8143.0,0.07133860993225945,28,8143.0
97705.0,59,6237.0,97.453125,0.8099426068669169,35296.883463856524,551.5138041227583,3761095.8699999996,58767.12296875,33,8259.0,0.020187435789554054,33,8259.0
97710.0,49,4485.0,71.19047619047619,1.1718628911339635,35546.45135482065,564.2293865844547,3809096.5449999995,60461.84992063493,25,5397.0,0.04667533244755516,25,5397.0
97715.0,44,3277.0,50.41538461538462,2.5934846898698396,35808.13278051909,550.8943504695246,3809098.1449999996,58601.50992307693,26,3545.0,0.046261906697307995,26,3545.0
97720.0,36,2049.0,31.523076923076925,3.5531357989571934,36047.5181522954,554.5772023430062,3809098.2909999997,58601.512169230766,28,6603.0,0.057569729551820645,28,6603.0
97725.0,35,1175.0,19.915254237288135,2.3218622142589016,23444.142186666013,397.35834214688157,3189533.6769999997,54059.89283050848,33,7708.0,0.048475516171353344,33,7708.0
97730.0,32,726.0,12.305084745762711,2.061699357695216,17854.909383507093,302.62558277130677,3195042.206,54153.257728813565,23,7156.0,0.07047478509670599,23,7156.0
97735.0,38,691.0,11.14516129032258,1.964610540231216,18110.288931515846,292.1014343792878,3465704.726,55898.463322580654,21,7128.0,0.04226536051723562,21,7128.0
97740.0,40,724.0,10.805970149253731,1.840791656670181,18385.754881976547,274.4142519697992,3736356.547,55766.51562686567,20,7200.0,0.03324666049257972,20,7200.0
97745.0,48,911.0,13.803030303030303,1.5669538757593122,18032.751689719385,273.2235104502937,3592640.412,54433.94563636364,24,7315.0,0.015432625715261498,24,7315.0
97750.0,51,1101.0,16.432835820895523,1.8543231002921046,18177.555507921927,271.30679862570037,3640677.366,54338.468149253735,24,7382.0,0.10613741073292632,24,7382.0
97755.0,55,1364.0,20.984615384615385,1.294528428984938,18105.03792099758,278.5390449384243,3640850.8689999995,56013.090292307694,28,7485.0,0.049558856183814164,28,7485.0
97760.0,55,1637.0,25.578125,1.3143452819547075,18368.452926129023,287.007076970766,3640850.0689999997,56888.282328125,28,7595.0,0.034540645425387276,28,7595.0
97765.0,58,1923.0,29.584615384615386,1.009262140727235,18656.819672618924,287.02799496336803,3640850.9829999995,56013.09204615385,30,7711.0,6.170087382662218e-05,30,7711.0
97770.0,51,2002.0,31.28125,1.4690466269547677,18879.892592657794,294.998321760278,3640851.7269999995,56888.308234375,22,7597.0,0.07104766974768748,22,7597.0
97775.0,45,2100.0,32.8125,1.6170949900414486,19159.236675315955,299.36307305181185,3640851.7269999995,56888.308234375,17,7518.0,0.08903145241513141,17,7518.0
97780.0,47,2239.0,36.11290322580645,0.9843995848184528,19383.219402180424,312.6325710029101,3592817.5949999997,57948.67088709678,20,7586.0,0.05512870010999116,20,7586.0
97785.0,51,2465.0,41.083333333333336,0.3712834937704076,19478.067508556986,324.63445847594977,3544877.6489999997,59081.29415,25,7694.0,0.017656414758814937,25,7694.0
97790.0,43,1910.0,31.833333333333332,1.4647461620438287,19542.39660171901,325.70661002865023,3545033.8089999994,59083.896816666675,17,7084.0,0.07402965448453216,17,7084.0
97795.0,47,2137.0,33.390625,2.576018538811125,19801.139421999902,309.3928034687485,3641167.242999999,56893.238171875,21,7037.0,0.04294330463078219,21,7037.0
97800.0,50,2380.0,37.77777777777778,2.3880261691868885,19916.672040262005,316.13765143273025,3641166.300999999,57796.29049206349,22,7117.0,0.0007508835999259119,22,7117.0
97805.0,51,2635.0,45.43103448275862,0.6637168976067204,19417.604835132664,334.78629026090806,3641161.302999999,62778.64315517241,23,7202.0,0.008586861502693804,23,7202.0
97810.0,49,2802.0,49.1578947368421,1.459645667156514,19659.578901223405,344.90489300391954,3641160.930999999,63880.01633333333,21,7199.0,0.11194370538020026,21,7199.0
97815.0,50,3049.0,53.49122807017544,1.3721519197871066,19914.951652023115,349.3851167021601,3641160.930999999,63880.01633333333,21,7274.0,0.0,21,7274.0
97820.0,49,3292.0,56.758620689655174,1.5248946778118246,20136.513317951853,347.18126410261806,3641162.446999999,62778.66287931034,21,7349.0,4.142738738223899e-07,21,7349.0
97825.0,49,3537.0,64.30909090909091,1.443214753205701,20342.320679791952,369.86037599621744,3641161.788999999,66202.94161818182,21,7424.0,0.0,21,7424.0
97830.0,49,3782.0,72.73076923076923,0.2794329674076201,20521.85527520441,394.6510629847001,3641159.538999999,70022.29882692307,21,7499.0,0.04505079712037391,21,7499.0
97835.0,45,3722.0,68.92592592592592,1.1583246308378885,20776.492060636403,384.7498529747482,3641163.288999999,67428.9497962963,17,7150.0,0.09257577682565535,17,7150.0
97840.0,41,3739.0,69.24074074074075,2.009325387640798,21011.392745809415,389.0998656631372,3641163.288999999,67428.9497962963,13,6878.0,0.17074318189546567,13,6878.0
97845.0,39,3697.0,62.66101694915254,2.228315097054854,21251.502875155966,360.19496398569447,3641166.748999999,61714.69066101695,12,6754.0,0.09493365413230638,12,6754.0
97850.0,42,3849.0,67.52631578947368,2.1027236569240824,20986.102427049143,368.1772355622658,3545331.6499999994,62198.80087719298,15,6838.0,0.13458419718347922,15,6838.0
97855.0,43,4029.0,73.25454545454545,1.1214403399431698,20638.394949672074,375.2435445394921,3449546.3799999994,62719.02509090908,17,6904.0,0.07201724478547814,17,6904.0
97860.0,48,4259.0,74.71929824561404,1.1433940874158948,20895.10084923864,366.5807166533096,3545784.835999999,62206.75150877193,22,6975.0,0.05419507857038556,22,6975.0
97865.0,52,4509.0,73.91803278688525,1.338877593010901,21140.281967505623,346.5619994673054,3642011.4859999996,59705.106327868845,25,7065.0,0.03483216866711812,25,7065.0
97870.0,55,4773.0,78.24590163934427,0.723020318296303,21386.1854621474,350.59320429749846,3690127.9709999994,60493.901163934424,28,7168.0,0.06465701526558854,28,7168.0
97875.0,49,4903.0,80.37704918032787,1.0961978533579277,21672.057154960945,355.279625491163,3690127.9709999994,60493.901163934424,21,6932.0,0.029106372793284516,21,6932.0
97880.0,47,5046.0,82.72131147540983,1.8677638239852352,21940.622503611536,359.68233612477945,3690127.9709999994,60493.901163934424,19,6739.0,0.09311874064185587,19,6739.0
97885.0,46,5212.0,85.44262295081967,1.8803987974048941,22186.82024264678,363.7183646335538,3642011.730999999,59705.1103442623,19,6670.0,0.09486816117135859,19,6670.0
97890.0,47,5428.0,93.58620689655173,1.0830914048096212,21859.661935593278,376.89072302747013,3498047.6149999993,60311.165775862064,21,6756.0,0.07199877818487213,21,6756.0
97895.0,50,5605.0,91.88524590163935,1.3765820722921502,21782.109961811322,357.0837698657595,3498308.0039999993,57349.3115409836,21,6788.0,0.07331573858546771,21,6788.0
97900.0,50,5851.0,94.37096774193549,1.9635176114887072,22051.305701932884,355.6662209989176,3546437.8119999995,57200.60987096774,24,6874.0,0.09006748341220858,24,6874.0
97905.0,53,6110.0,96.98412698412699,1.5761170201442813,22306.488496811355,354.0712459811327,3642693.951999999,57820.538920634914,27,6973.0,0.07941701152691803,27,6973.0
97910.0,57,6383.0,102.95161290322581,0.5648825651735444,22510.055892943543,363.0654176281218,3738946.5389999994,60305.58933870967,30,7086.0,0.034826366376278985,30,7086.0
97915.0,51,6509.0,106.70491803278688,0.9099788482661472,22798.44111972508,373.74493638893586,3738946.5389999994,61294.205557377056,24,6887.0,0.05686585044256451,24,6887.0
97920.0,50,6646.0,105.4920634920635,1.9533164950824782,23070.435197514176,366.1973840875266,3738946.7149999994,59348.360555555555,20,6695.0,0.04583731303896772,20,6695.0
97925.0,44,6815.0,103.25757575757575,2.2435674368448617,23085.296332881448,349.7772171648704,3594707.2009999994,54465.26062121212,17,6756.0,0.07540316420705886,17,6756.0
97930.0,48,7030.0,109.84375,2.017777579718936,23059.548457232206,360.3054446442533,3498615.9909999995,54665.874859375,21,6833.0,0.1671648550156579,21,6833.0
97935.0,50,7244.0,113.1875,1.3562330567255807,23217.81924423843,362.77842569122566,3498690.3619999997,54667.036906249996,24,6900.0,0.07666429737090141,24,6900.0
97940.0,56,7505.0,115.46153846153847,1.2587979187647178,23389.0595766628,359.83168579481236,3546914.201,54567.91078461539,29,7002.0,0.03651616535078962,29,7002.0
97945.0,56,7781.0,119.70769230769231,1.1357338048755523,23653.85043702444,363.90539133883755,3595051.0949999997,55308.47838461538,30,7119.0,0.01960060654871445,30,7119.0
97950.0,59,8070.0,122.27272727272727,0.622178007249984,23944.145051598643,362.7900765393734,3691329.737,55929.23843939394,33,7248.0,0.0005823825514515614,33,7248.0
97955.0,53,8219.0,124.53030303030303,1.3036077628825546,24233.302425618323,367.171248873005,3739468.577,56658.6148030303,27,7215.0,0.07084732943968736,27,7215.0
97960.0,51,8376.0,126.9090909090909,1.9704662943704767,24521.96802549679,371.5449700832848,3739468.577,56658.6148030303,23,7187.0,0.11916776900059334,23,7187.0
97965.0,48,8571.0,127.92537313432835,2.1736327194324883,24805.336915803306,370.22890919109415,3739468.577,55812.963835820905,22,7222.0,0.06873810784196542,22,7222.0
97970.0,51,8820.0,140.0,1.2706676104933763,24770.29793390641,393.17933228422885,3547006.011,56301.68271428572,25,7324.0,0.07708017072445908,25,7324.0
97975.0,46,8125.0,125.0,1.8296914375246351,24895.851828328996,383.01310505121523,3498923.681,53829.59509230769,19,6622.0,0.11150134719077029,19,6622.0
97980.0,50,8363.0,126.71212121212122,2.7455442806708352,25158.258661182488,381.1857372906437,3547075.136,53743.56266666667,24,6547.0,0.05086054069094715,24,6547.0
97985.0,52,8617.0,123.1,2.2329394087056316,25164.14717505345,359.48781678647794,3643371.464,52048.16377142858,26,6641.0,0.04822802137204471,26,6641.0
97990.0,56,8888.0,134.66666666666666,1.294817346795076,24793.469796552217,375.658633281094,3739663.1239999994,56661.56248484847,29,6752.0,0.11934972172202565,29,6752.0
97995.0,53,9022.0,140.96875,0.795056983804276,24996.333956892224,390.567718076441,3739661.9479999994,58432.2179375,25,6703.0,0.04382764051379875,25,6703.0
98000.0,52,9194.0,139.3030303030303,1.8073893428295467,25289.414257282286,383.17294329215576,3739663.8399999994,56661.57333333333,24,6684.0,0.046741205440575084,24,6684.0
98005.0,49,9350.0,137.5,2.073705668137798,25457.18574147232,374.37037855106354,3643392.5849999995,53579.30272058823,22,6765.0,0.0751943192949851,22,6765.0
98010.0,51,9585.0,143.0597014925373,1.397867302359854,25728.742685495832,384.0110848581467,3595256.8459999994,53660.54994029851,24,6865.0,0.09004287921491246,24,6865.0
98015.0,50,9618.0,145.72727272727272,1.3106842696755936,25767.916113944506,390.42297142340163,3499034.213999999,53015.6699090909,23,6768.0,0.07003929669477701,23,6768.0
98020.0,53,9874.0,145.2058823529412,1.7610797408639858,26061.118750973776,383.2517463378497,3595356.2629999993,52872.88622058823,27,6846.0,0.05728196964314599,27,6846.0
98025.0,57,10152.0,147.1304347826087,1.3911481424822452,26278.619314501364,380.8495552826285,3643517.3809999996,52804.59972463767,31,6964.0,0.008639745886263633,31,6964.0
98030.0,59,10444.0,160.6769230769231,0.9072855987038353,26398.63177711295,406.1327965709684,3691679.1159999995,56795.06332307692,32,7094.0,0.02985824284517236,32,7094.0
98035.0,54,10584.0,168.0,0.7835189206604427,26659.96530535067,423.1740524658836,3691679.1159999995,58598.081206349205,26,7062.0,0.038366401034013,26,7062.0
98040.0,51,10734.0,170.38095238095238,1.5905452307010945,26949.060884904535,427.7628711889608,3691679.1159999995,58598.081206349205,23,7033.0,0.0512335618392718,23,7033.0
98045.0,48,10904.0,165.21212121212122,1.901508903889714,27218.317948587184,412.39875679677556,3643517.2179999994,55204.806333333334,21,7112.0,0.059786946030632976,21,7112.0
98050.0,51,11133.0,171.27692307692308,1.314887778399573,27208.891882688204,418.5983366567417,3499110.428999999,53832.46813846154,24,7211.0,0.12108943459607863,24,7211.0
98055.0,52,11345.0,174.53846153846155,1.5192751410477026,27411.83208497203,421.72049361495436,3499155.482999999,53833.16127692308,26,7278.0,0.06277402933067561,26,7278.0
98060.0,55,11613.0,173.32835820895522,1.1315071059659196,27706.865906576062,413.5353120384487,3595508.738999999,53664.30953731343,29,7386.0,0.050863180363047884,29,7386.0
98065.0,60,11903.0,172.5072463768116,1.2930685788732834,27991.93836752048,405.68026619594895,3691869.2349999994,53505.35123188406,33,7516.0,0.0312830133460586,33,7516.0
98070.0,61,12203.0,187.73846153846154,0.6160826333163232,28246.391052910454,434.55986235246854,3691868.7169999992,56797.980261538454,33,7651.0,0.03397548800927013,33,7651.0
98075.0,54,11566.0,175.24242424242425,0.7482295228214613,28531.195453344157,432.2908402021842,3691867.3249999993,55937.383712121205,23,7193.0,0.03378411369540076,23,7193.0
98080.0,47,11548.0,174.96969696969697,1.2361591441402893,28834.741602411013,436.8900242789547,3691867.3249999993,55937.383712121205,18,7106.0,0.07965118079652854,18,7106.0
98085.0,48,11702.0,172.08823529411765,1.3731476956339699,29099.176402311048,427.92906473986835,3643706.9839999992,53583.926235294115,20,7169.0,0.07049242962639914,20,7169.0
98090.0,54,11927.0,178.01492537313433,1.2261918811486132,29396.213003271037,438.74944781001545,3595530.1999999993,53664.62985074627,28,7279.0,0.05178613384303052,28,7279.0
98095.0,58,12197.0,182.044776119403,0.9641987978329032,29458.177240949597,439.67428717835213,3643732.6439999994,54384.06931343283,32,7406.0,0.020035199558871612,32,7406.0
98100.0,62,12491.0,186.43283582089552,0.5725943067108256,29220.78548367271,436.1311266219808,3643787.6949999994,54384.89097014925,33,7539.0,0.027317107372037644,33,7539.0
98105.0,61,12796.0,185.44927536231884,0.9496548166271296,29531.154654115362,427.98774861036753,3643788.8909999994,52808.53465217391,33,7674.0,0.0059923774731895025,33,7674.0
98110.0,62,13106.0,192.73529411764707,1.004148219629972,29828.58580831942,438.6556736517562,3643788.8909999994,53585.13075,34,7814.0,0.08493592454550775,34,7814.0
98115.0,58,13229.0,197.44776119402985,0.5986264583728781,30138.922128045437,449.8346586275437,3643788.8909999994,54384.90882089553,30,7707.0,0.029982490302190204,30,7707.0
98120.0,57,13398.0,199.97014925373134,1.199650596126118,30449.244213095768,454.4663315387427,3643788.8909999994,54384.90882089553,29,7634.0,0.04787011357139533,29,7634.0
98125.0,52,13524.0,201.8507462686567,1.409624010810765,30709.767046047724,458.3547320305629,3595608.0249999994,53665.79141791045,25,7646.0,0.066415145047011,25,7646.0
98130.0,55,13764.0,202.41176470588235,1.2463440709035498,30742.904912780024,452.1015428350002,3547537.1199999996,52169.663529411766,28,7775.0,0.0687822888599977,28,7775.0
98135.0,53,13961.0,205.30882352941177,1.448249828815916,30786.43972864281,452.7417607153354,3499469.8669999996,51462.79216176471,27,7839.0,0.043195088786318336,27,7839.0
98140.0,58,14239.0,206.36231884057972,1.3186821337521661,30960.375651291655,448.7010963955312,3547780.8509999993,51417.11378260869,31,7956.0,0.06648307725116312,31,7956.0
98145.0,61,14534.0,201.86111111111111,1.3319646764079367,31251.08082894724,434.0427892909339,3644242.7979999995,50614.483305555565,34,8092.0,0.050272961753508996,34,8092.0
98150.0,63,14840.0,212.0,0.8511284765018731,31497.882195779217,449.9697456539888,3692469.4679999994,52749.56382857143,36,8237.0,0.042660232380357606,36,8237.0
98155.0,56,14684.0,212.81159420289856,0.8859283663498916,31802.192527289775,460.9013409752141,3692470.4159999993,53514.064,27,7943.0,0.030785119342342338,27,7943.0
98160.0,51,14838.0,215.04347826086956,1.790620935241591,32110.558996756165,465.37042024284284,3692470.4159999993,53514.064,22,7757.0,0.05871827140129505,22,7757.0
98165.0,50,15015.0,205.68493150684932,1.4593871550417363,32242.230910944923,441.67439604034143,3644243.6719999993,49921.14619178082,23,7841.0,0.01633616962489737,23,7841.0
98170.0,56,15272.0,221.33333333333334,1.23850554478978,32068.503996090665,464.76092747957483,3596010.0079999994,52116.087072463764,30,7967.0,0.06355172239544263,30,7967.0
98175.0,50,14293.0,204.18571428571428,1.6939352848759501,32379.99162093646,462.57130887052074,3644256.0899999994,52060.80128571428,23,7101.0,0.06920832922366062,23,7101.0
98180.0,53,14553.0,202.125,2.735811375304955,32505.754165981034,451.4688078608476,3644359.8519999995,50616.10905555556,26,6940.0,0.03619414475460318,26,6940.0
98185.0,55,14823.0,214.82608695652175,2.4991991808455736,32262.040577537657,467.5658054715601,3644355.2459999993,52816.74269565218,27,7041.0,0.0002380586595658313,27,7041.0
98190.0,55,15098.0,247.50819672131146,0.9259866236393768,31864.998899880127,522.3770311455758,3644348.4059999995,59743.41649180328,27,7146.0,0.01766357038986276,27,7146.0
98195.0,52,15286.0,263.55172413793105,0.8344294315178554,31962.39307871204,551.0757427364143,3644346.564,62833.56144827587,24,7164.0,2.0057056785504485e-05,24,7164.0
98200.0,52,15546.0,268.0344827586207,1.128925524946457,32230.80594214426,555.7035507266249,3644346.564,62833.56144827587,24,7254.0,0.03731695993548214,24,7254.0
98205.0,53,15807.0,263.45,1.0677786991163845,32469.99091688799,541.1665152814664,3644346.3699999996,60739.10616666667,25,7345.0,6.404181404992445e-05,25,7345.0
98210.0,53,16072.0,287.0,0.636422362694365,32650.59837025414,583.0463994688238,3644342.4219999993,65077.54325,25,7440.0,0.026765193133707274,25,7440.0
98215.0,48,16032.0,286.2857142857143,0.7878773987472483,32916.601450564194,587.7964544743606,3644342.4219999993,65077.54325,20,7176.0,0.05659841852667182,20,7176.0
98220.0,45,16021.0,281.0701754385965,1.4952327955637938,33173.20466105575,581.9860466851884,3644342.8669999996,63935.83977192984,17,6969.0,0.07504576677002413,17,6969.0
98225.0,41,16046.0,267.43333333333334,2.3342518325320043,33424.29546805642,557.0715911342736,3644342.8669999996,60739.04778333334,14,6889.0,0.12775481574660336,14,6889.0
98230.0,45,16210.0,270.1666666666667,1.5313022713510074,33066.98227330541,551.1163712217567,3499906.6199999996,58331.777,18,6983.0,0.15293829261431655,18,6983.0
98235.0,45,16370.0,277.45762711864404,1.7072900864115175,32983.34527565235,559.0397504347854,3451860.6459999997,58506.1126440678,19,7027.0,0.07868191069102846,19,7027.0
98240.0,47,16597.0,272.08196721311475,1.509866540317216,33244.134916236966,544.9858182989666,3548455.3939999994,58171.39990163935,21,7095.0,0.10486259178283493,21,7095.0
98245.0,53,16847.0,259.18461538461537,1.5483576232834382,33503.005374045504,515.4308519083924,3645046.9339999994,56077.645138461536,26,7185.0,0.05019740847337537,26,7185.0
98250.0,55,17117.0,267.453125,1.3731073757905943,33776.126423855305,527.7519753727394,3693338.4899999993,57708.41390625,29,7295.0,0.05845502861720759,29,7295.0
98255.0,54,17257.0,269.640625,1.004299786369895,33983.527168162065,530.9926120025324,3693339.5819999995,57708.43096875,24,7095.0,0.0254784068150185,24,7095.0
98260.0,48,17406.0,276.2857142857143,1.9711605963769074,34251.191342037186,543.66970384186,3693339.5819999995,58624.43780952381,20,6943.0,0.08431407041373935,20,6943.0
98265.0,45,17572.0,283.4193548387097,2.454325996792452,34493.870231000896,556.3527456613047,3645043.0319999997,58791.0166451613,18,6741.0,0.14526558251940444,18,6741.0
98270.0,46,17780.0,296.3333333333333,1.657780499797181,34365.756630227945,572.7626105037991,3548702.3719999995,59145.03953333332,19,6817.0,0.08641583695040957,19,6817.0
98275.0,51,18027.0,316.2631578947368,0.8007373519435104,34079.66577292832,597.8888732092687,3404154.808999999,59722.01419298245,25,6918.0,0.07958561920102018,25,6918.0
98280.0,52,18232.0,303.8666666666667,0.8702881821803019,34229.076999677425,570.4846166612904,3452546.329999999,57542.438833333326,24,6963.0,0.07095448792098495,24,6963.0
98285.0,53,18489.0,280.1363636363636,1.3461299361019075,34516.11536529694,522.9714449287414,3549171.020999999,53775.318499999994,26,7060.0,0.01932466866054872,26,7060.0
98290.0,55,18758.0,284.2121212121212,1.5953049221737607,34793.95839250151,527.1811877651743,3597476.628999999,54507.221651515145,29,7169.0,0.10285270889947346,29,7169.0
98295.0,59,19043.0,288.530303030303,0.3703418095647739,35043.76652523807,530.9661594733038,3694092.052999999,55971.09171212121,33,7294.0,0.04306855701411179,33,7294.0
98300.0,58,19181.0,274.01428571428573,0.9634006860466081,35364.789765294045,505.2112823613431,3790706.998999999,54152.95712857143,31,7187.0,0.05814644723829464,31,7187.0
98305.0,55,19373.0,276.75714285714287,2.005228086070894,35673.18282808758,509.61689754410816,3790706.998999999,54152.95712857143,27,7168.0,0.07889333381636492,27,7168.0
98310.0,53,19578.0,271.9166666666667,2.292705994010898,35974.48698990968,499.64565263763404,3790707.7549999985,52648.718819444446,26,7224.0,0.05832298326377174,26,7224.0
98315.0,55,19836.0,291.70588235294116,1.2765441945654674,35815.29334625177,526.6954903860551,3549382.273999999,52196.79814705882,28,7336.0,0.05838109897099717,28,7336.0
98320.0,52,19993.0,302.92424242424244,1.3934660040249787,35987.12803628213,545.2595157012444,3452795.975999999,52315.09054545455,26,7341.0,0.0749832043888915,26,7341.0
98325.0,57,20269.0,285.4788732394366,1.4067635445062368,36293.71977024492,511.17915169359054,3549427.131999999,49991.931436619714,31,7457.0,0.02484825166963033,31,7457.0
98330.0,60,20562.0,285.5833333333333,1.6987055973253833,36570.706375421156,507.92647743640475,3646055.484999999,50639.659513888895,33,7590.0,0.09136845777916464,33,7590.0
98335.0,60,20861.0,293.8169014084507,0.7305792841465094,36799.97465251361,518.3095021480792,3694368.736999999,52033.36249295774,34,7729.0,0.027677470888492116,34,7729.0
98340.0,54,20295.0,289.92857142857144,1.2177825621942624,37087.43598039509,529.8205140056441,3742673.760999999,53466.76801428571,27,7293.0,0.04711658125513091,27,7293.0
98345.0,54,20390.0,279.3150684931507,1.4030551179865374,37413.23522288424,512.5100715463597,3742673.760999999,51269.50357534247,22,7203.0,0.05476405016013548,22,7203.0
98350.0,50,20565.0,285.625,1.623041470741768,37702.86817337196,523.6509468523883,3694367.318999999,51310.65720833334,24,7287.0,0.09792906772482145,24,7287.0
98355.0,57,20831.0,293.3943661971831,1.000125839149643,37924.72277458542,534.1510249941607,3646079.5449999995,51353.233028169016,31,7405.0,0.009759742167733365,31,7405.0
98360.0,52,20229.0,280.9583333333333,1.7659399738096977,37962.922575636716,527.2628135505098,3646092.338,50640.17136111111,25,6789.0,0.03928066673673877,25,6789.0
98365.0,54,20489.0,288.5774647887324,2.79974753134828,37759.493527362225,531.8238524980594,3646126.596,51353.89571830986,27,6751.0,0.03213874856695861,27,6751.0
98370.0,55,20761.0,305.30882352941177,2.107949446081046,37610.46741800304,553.0951090882801,3646122.414,53619.44726470588,27,6856.0,0.06674744891501862,27,6856.0
98375.0,59,21049.0,345.0655737704918,0.34337151061348936,37372.813549009654,612.6690745739289,3646117.618,59772.419967213114,31,6974.0,5.660696265104701e-05,31,6974.0
98380.0,53,21197.0,347.4918032786885,0.9777220096323016,37637.91034333145,617.0149236611716,3646117.877,59772.424213114755,25,6955.0,0.05516982749484232,25,6955.0
98385.0,53,21462.0,340.6666666666667,1.4161757526422898,37915.712726868864,601.8367099502998,3646118.349,57874.894428571424,25,7047.0,0.016682574074523705,25,7047.0
98390.0,54,21731.0,362.18333333333334,1.0555501538745466,38104.56049009344,635.0760081682241,3646116.735,60768.612250000006,26,7146.0,5.190457801924082e-06,26,7146.0
98395.0,54,22001.0,372.89830508474574,0.8256124384704658,38326.919199814525,649.6087999968565,3646116.735,61798.588728813564,26,7246.0,0.054208297762213295,26,7246.0
98400.0,49,21983.0,385.6666666666667,0.7991166718974219,38549.207305142096,676.3018825463525,3646116.735,63966.960263157904,21,7118.0,0.02426390153841985,21,7118.0
98405.0,46,22028.0,349.6507936507937,2.046759578251226,38813.46368504584,616.0867251594575,3646122.735,57874.96404761905,18,6925.0,0.06551219644784188,18,6925.0
98410.0,42,22016.0,344.0,2.6315890362089522,38946.55769647721,608.5399640074565,3597810.9590000003,56215.796234375,15,6973.0,0.21645272315270941,15,6973.0
98415.0,46,22189.0,357.88709677419354,1.285101523675819,38947.419341107954,628.1841829210961,3501245.402,56471.70003225807,19,7073.0,0.07496428285820875,19,7073.0
98420.0,48,22399.0,361.2741935483871,1.663940126601225,39107.0297589305,630.758544498879,3501307.64,56472.70387096774,22,7167.0,0.10852065607854276,22,7167.0
98425.0,53,22652.0,359.55555555555554,1.2919185554631232,39273.206235527876,623.3842259607601,3549750.4650000003,56345.24547619048,27,7260.0,0.02544311156975752,27,7260.0
98430.0,57,22925.0,352.6923076923077,1.333964672553884,39559.35655043808,608.6054853913549,3646494.915,56099.92176923077,30,7373.0,0.031320267104702974,30,7373.0
98435.0,59,23207.0,368.36507936507934,0.46624201202967175,39781.7481546414,631.4563199149426,3694864.8880000003,58648.64901587302,31,7495.0,0.03942984440202587,31,7495.0
98440.0,53,23352.0,364.875,1.4125996003643961,40077.02475074387,626.203511730373,3743235.8000000003,58488.059375,25,7345.0,0.08195708865613355,25,7345.0
98445.0,49,23504.0,361.6,2.241053347030134,40354.06006739177,620.8316933444888,3743235.8000000003,57588.24307692308,21,7169.0,0.10439723968074903,21,7169.0
98450.0,46,23666.0,375.6507936507937,1.909887216162631,40419.7825610613,641.5838501755761,3646598.6920000003,57882.51892063493,20,7235.0,0.10383456159829717,20,7235.0
98455.0,50,23909.0,391.95081967213116,0.8509779020521167,40432.83909361956,662.8334277642549,3501615.0260000005,57403.52501639346,24,7339.0,0.05566039643689875,24,7339.0
98460.0,53,24136.0,383.1111111111111,0.8836442459906596,40484.32376372079,642.6083137098537,3453372.072,54815.42971428572,25,7406.0,0.06682229017627708,25,7406.0
98465.0,55,24401.0,358.8382352941176,1.532171573756722,40781.72096643754,599.731190682905,3550141.974,52207.97020588235,29,7511.0,0.05890212778992312,29,7511.0
98470.0,59,24685.0,357.7536231884058,1.4104470725464353,41068.9367615674,595.2019820517013,3646908.1790000005,52853.741724637686,32,7635.0,0.09027789838946103,32,7635.0
98475.0,61,24985.0,367.4264705882353,0.4286865775675873,41354.18751061188,608.1498163325275,3695290.6640000003,54342.50976470588,35,7775.0,0.04721851362747277,35,7775.0
98480.0,56,24559.0,355.92753623188406,1.008756353634073,41679.8132781077,604.0552649001118,3743673.7420000006,54256.141188405796,28,7229.0,0.06287519658986103,28,7229.0
98485.0,52,24615.0,341.875,1.5887887555870845,41995.994745155236,583.2777047938224,3743676.7420000006,51995.51030555556,22,7004.0,0.07390419389289964,22,7004.0
98490.0,49,24796.0,335.0810810810811,1.9044356189723803,42174.32198940083,569.9232701270381,3695364.1730000004,49937.353689189185,21,7077.0,0.0890297165040862,21,7077.0
98495.0,56,25042.0,347.80555555555554,1.225989463883246,42219.32986948312,586.379581520599,3598604.126,49980.61286111111,28,7182.0,0.052571897431808144,28,7182.0
98500.0,57,25225.0,350.34722222222223,1.098617515961843,42284.787338316855,587.2887130321784,3646997.781,50652.74695833333,31,7231.0,0.02921336272277684,31,7231.0
98505.0,61,25521.0,364.5857142857143,0.9580997224144175,42238.90436367825,603.4129194811181,3646995.413,52099.93447142857,34,7366.0,2.3814656284417015e-05,34,7366.0
98510.0,62,25828.0,368.9714285714286,1.1858819941684753,42559.063556321846,607.9866222331691,3646995.413,52099.93447142857,34,7506.0,6.350445573253843e-07,34,7506.0
98515.0,62,26138.0,390.1194029850746,0.6464360543888591,42616.143511502494,636.0618434552608,3598679.969,53711.64132835821,34,7646.0,0.0,34,7646.0
98520.0,52,26152.0,396.24242424242425,1.3114903429691043,42907.82521201495,650.1185638184085,3598679.969,54525.454075757574,24,7302.0,0.03360138021833435,24,7302.0
98525.0,51,26294.0,386.6764705882353,1.423176623075013,43163.733309011375,634.7607839560494,3598682.969,52921.808367647056,22,7330.0,0.049682345984971295,22,7330.0
98530.0,49,26415.0,388.45588235294116,2.008379011093431,43458.92293729463,639.1018079013915,3598682.969,52921.808367647056,21,7417.0,0.10621331079867005,21,7417.0
98535.0,54,26637.0,397.56716417910445,0.9959803216119171,43335.69126447893,646.8013621564018,3598804.0929999994,53713.493925373135,27,7544.0,0.033798984168883994,27,7544.0
98540.0,48,25940.0,387.1641791044776,1.9649662335729785,43474.053104272614,648.8664642428747,3647234.386,54436.33411940298,21,6869.0,0.11396425992351238,21,6869.0
98545.0,50,26175.0,384.9264705882353,2.61477683385883,43576.556758278486,640.8317170335068,3695763.0179999997,54349.45614705881,23,6792.0,0.0424208704147256,23,6792.0
98550.0,53,26436.0,394.56716417910445,2.0965600788716667,43800.5618540675,653.7397291651862,3695763.0179999997,55160.64205970149,25,6885.0,0.03566500673928639,25,6885.0
98555.0,56,26711.0,437.88524590163934,0.8062310759033849,43264.452685222386,709.2533227085635,3695755.2159999995,60586.15108196721,28,6990.0,1.4267662927810376e-05,28,6990.0
98560.0,51,26871.0,471.42105263157896,0.884109496565036,43347.52522235781,760.482898637856,3695753.3619999997,64837.77828070176,23,6980.0,0.029639729338237508,23,6980.0
98565.0,51,27126.0,437.51612903225805,1.458673633033963,43620.4956506349,703.5563814618529,3695756.8379999995,59608.981258064516,23,7065.0,0.0,23,7065.0
98570.0,51,27381.0,448.8688524590164,2.2711967361516052,43846.30129315868,718.7918244780107,3695756.1719999993,60586.166754098354,23,7150.0,0.0741059750199985,23,7150.0
98575.0,53,27640.0,493.57142857142856,0.14890768595314988,43995.61032185163,785.635898604493,3695752.2199999997,65995.57535714285,25,7239.0,0.022097964225210685,25,7239.0
98580.0,49,27592.0,492.7142857142857,0.6875224406740327,44267.50551928913,790.4911699873055,3695752.2199999997,65995.57535714285,21,6997.0,0.012547975932160157,21,6997.0
98585.0,45,27634.0,468.3728813559322,2.0545892233533234,44527.93981446936,754.71084431304,3695752.2199999997,62639.86813559321,17,6829.0,0.06917902082785059,17,6829.0
98590.0,41,27622.0,460.3666666666667,2.1881854425998557,44702.72526992529,745.0454211654212,3647359.1679999996,60789.31946666666,14,6873.0,0.18458308965681114,14,6873.0
98595.0,45,27791.0,479.1551724137931,1.223200037563722,44616.358984281265,769.2475686945046,3550650.7919999994,61218.117103448276,18,6969.0,0.043204758735711515,18,6969.0
98600.0,45,27967.0,490.64912280701753,1.2581414913599027,44566.323947201585,781.8653324070455,3502379.6769999997,61445.25749122806,19,7028.0,0.08007225825778429,19,7028.0
98605.0,49,28204.0,470.06666666666666,1.35286232333121,44831.80456646831,747.196742774472,3599323.9289999995,59988.73214999999,23,7105.0,0.03869465306348721,23,7105.0
98610.0,52,28456.0,474.26666666666665,1.1007152095182968,45064.21784148586,751.0702973580976,3647795.8709999993,60796.59785,26,7197.0,0.04147366083897629,26,7197.0
98615.0,57,28719.0,455.85714285714283,0.9668999942313697,45332.09516425316,719.5570660992566,3696272.7949999995,58670.99674603174,27,7297.0,0.060934875676736784,27,7297.0
98620.0,49,28842.0,472.8196721311475,1.598147595567034,45560.90297452341,746.9000487626788,3696272.7949999995,60594.63598360655,21,7109.0,0.10247836449120701,21,7109.0
98625.0,47,28984.0,475.1475409836066,1.932863506617605,45826.9296650472,751.2611420499541,3696272.7949999995,60594.63598360655,19,6939.0,0.10140260253433245,19,6939.0
98630.0,45,29108.0,501.86206896551727,1.0990572016133382,45893.01723070428,791.2589177707631,3550952.8509999993,61223.32501724138,18,6998.0,0.06363030539873055,18,6998.0
98635.0,49,29326.0,514.4912280701755,0.5764393248930221,45828.23848352332,804.0041839214618,3502689.6249999995,61450.695175438595,22,7088.0,0.0411121280715205,22,7088.0
98640.0,51,29520.0,500.33898305084745,0.7317665038160333,45941.13933429964,778.6633785474513,3502796.5929999994,59369.43377966101,23,7139.0,0.04134962969609358,23,7139.0
98645.0,51,29769.0,444.3134328358209,1.6291490193792375,46228.305008683375,689.97470162214,3599784.4459999995,53728.12605970149,25,7228.0,0.04136799328448647,25,7228.0
98650.0,55,30034.0,448.2686567164179,1.7698688480723457,46503.48670731018,694.081891153883,3648272.768,54451.83235820896,29,7333.0,0.10608268788596885,29,7333.0
98655.0,59,30319.0,459.3787878787879,0.36712308181925857,46754.31964640282,708.398782521255,3696765.197,56011.5938939394,32,7457.0,0.04404493827053194,32,7457.0
98660.0,59,30489.0,461.95454545454544,0.668730147815841,47073.36138642519,713.2327482791694,3696765.197,56011.5938939394,31,7310.0,0.016374914711130874,31,7310.0
98665.0,55,30679.0,464.8333333333333,1.4474318811809581,47374.275532899774,717.7920535287844,3696765.197,56011.5938939394,27,7172.0,0.04832254178505532,27,7172.0
98670.0,51,30844.0,453.5882352941176,1.9418867622443576,47667.22871328729,700.9886575483424,3696765.961,54364.20530882353,24,7173.0,0.06687701957593037,24,7173.0
98675.0,53,31083.0,470.95454545454544,1.3998445716302608,47570.222962465115,720.760953976744,3551528.916,53811.044181818186,26,7283.0,0.07206164328046939,26,7283.0
98680.0,51,31228.0,480.4307692307692,1.5742775557833166,47557.8688886268,731.6595213634894,3503227.022,53895.80033846154,25,7283.0,0.0803716612458834,25,7283.0
98685.0,55,31497.0,470.1044776119403,1.4349504996659224,47690.48630988206,711.7983031325676,3551843.393,53012.58795522389,29,7392.0,0.021501192495036344,29,7392.0
98690.0,60,31782.0,467.38235294117646,1.2694038030034047,47952.23959535532,705.1799940493428,3648861.6360000004,53659.729941176476,33,7517.0,0.029731403302183355,33,7517.0
98695.0,59,32077.0,478.76119402985074,0.9878540831820074,48144.598059536394,718.5760904408414,3697365.27,55184.55626865672,33,7652.0,0.06738806333454694,33,7652.0
98700.0,55,32231.0,481.05970149253733,1.1828081236885548,48448.355341757655,723.1097812202631,3745867.05,55908.46343283582,28,7518.0,0.042911292403273835,28,7518.0
98705.0,52,32394.0,462.77142857142854,1.907316390302382,48756.0047231795,696.5143531882785,3745867.05,53512.38642857143,24,7484.0,0.0516495742389657,24,7484.0
98710.0,52,32590.0,465.57142857142856,2.126332788128144,49053.229551886994,700.7604221698138,3745867.05,53512.38642857143,25,7580.0,0.1041092459522599,25,7580.0
98715.0,56,32842.0,497.6060606060606,0.7513758299143919,49007.64377063382,742.5400571308152,3552021.422,53818.506393939395,29,7716.0,0.04060003638895161,29,7716.0
98720.0,50,32071.0,478.67164179104475,1.309723979845991,49114.701783236495,733.0552504960667,3503599.435,52292.52888059701,23,7000.0,0.05283159781334101,23,7000.0
98725.0,54,32328.0,449.0,2.741185184114853,49402.470320610875,686.1454211195953,3600640.489,50008.89568055556,26,6921.0,0.04964531927318557,26,6921.0
98730.0,53,32585.0,458.943661971831,2.6071845756508814,49363.87306117481,695.2658177630256,3649158.2639999995,51396.59526760564,27,7024.0,0.10726717148710994,27,7024.0
98735.0,57,32863.0,497.92424242424244,0.9077112286476123,48953.721841494254,741.7230582044582,3697668.012,56025.272909090905,30,7140.0,0.03209062698384274,30,7140.0
98740.0,56,33019.0,515.921875,1.0705934958026062,49154.136573369426,768.033383958897,3697667.2479999997,57776.050749999995,28,7131.0,0.03858602764494965,28,7131.0
98745.0,56,33299.0,504.530303030303,1.225654336390321,49430.505768616706,748.9470571002529,3697667.816,56025.26993939393,28,7236.0,0.007022685396442998,28,7236.0
98750.0,56,33579.0,516.6,1.7966197570576106,49680.52316411837,764.3157409864363,3697667.148,56887.18689230768,28,7346.0,0.031110558245056777,28,7346.0
98755.0,57,33861.0,564.35,0.35300305507009366,49820.37795475816,830.3396325793024,3697666.1939999997,61627.7699,29,7458.0,0.02025952841813748,29,7458.0
98760.0,52,33861.0,573.9152542372881,0.7129781317906407,50101.5618338147,849.1790141324528,3697666.1939999997,62672.30837288136,24,7303.0,0.01795048256617417,24,7303.0
98765.0,47,33886.0,537.8730158730159,1.9566834824475112,50375.844850292146,799.616584925272,3697669.1939999997,58693.16180952381,19,7206.0,0.07290900517359537,19,7206.0
98770.0,44,33948.0,514.3636363636364,2.4725646088289963,50492.65902044206,765.0402881885158,3649202.442,55290.946090909085,17,7180.0,0.18315731336619592,17,7180.0
98775.0,48,34134.0,533.34375,1.633778172230725,50594.578708702335,790.540292323474,3552228.3479999998,55503.5679375,21,7277.0,0.08713070664696429,21,7277.0
98780.0,48,34345.0,553.9516129032259,1.2511167525083877,50506.28799269312,814.6175482692437,3455332.3039999995,55731.16619354839,22,7363.0,0.07184894891819822,22,7363.0
98785.0,55,34607.0,540.734375,1.1980406172275229,50791.172843985965,793.6120756872803,3552444.1079999995,55506.9391875,28,7463.0,0.04906654315986271,28,7463.0
98790.0,58,34883.0,545.046875,0.9725471868803728,51044.746466753175,797.5741635430181,3649553.9769999995,57024.280890625,31,7581.0,0.030326183034972243,31,7581.0
98795.0,60,35171.0,532.8939393939394,0.8154429306574112,51320.45274608968,777.582617364995,3698109.9359999993,56031.96872727273,32,7709.0,0.045929579682589414,32,7709.0
98800.0,49,34571.0,531.8615384615384,1.5014538981509953,51596.403241472704,793.7908190995802,3746661.039999999,57640.939076923074,21,7198.0,0.09928278582195119,21,7198.0
98805.0,47,34656.0,502.2608695652174,1.6927933778316988,51892.93129916881,752.0714681038955,3746664.039999999,54299.4788405797,16,7081.0,0.11683415877552202,16,7081.0
98810.0,43,34799.0,519.3880597014926,1.6070769103868388,52062.13215497138,777.046748581662,3649594.871999999,54471.565253731336,16,7130.0,0.09793275994003832,16,7130.0
98815.0,51,35024.0,530.6666666666666,0.972312705252112,52351.62528679318,793.2064437392901,3601048.368999999,54561.338924242424,25,7219.0,0.017192620793768657,25,7219.0
98820.0,58,35270.0,518.6764705882352,0.9877506873558952,52386.43177301985,770.3887025444094,3649613.683999999,53670.78947058823,29,7316.0,0.001995049336624296,29,7316.0
98825.0,59,35557.0,522.8970588235294,1.078718094568995,52195.50204169925,767.5809123779297,3601101.5499999993,52957.37573529412,32,7443.0,9.370123481160061e-05,32,7443.0
98830.0,60,35856.0,535.1641791044776,1.3039784081421644,52484.84817880748,783.3559429672753,3601100.7379999994,53747.77220895522,32,7573.0,0.09863227370336404,32,7573.0
98835.0,62,36160.0,556.3076923076923,0.11825440044033805,52768.12169065109,811.8172567792475,3601100.7379999994,55401.54981538462,34,7707.0,0.015913007264387855,34,7707.0
98840.0,60,36321.0,558.7846153846153,0.3792014844134387,53088.389424228524,816.7444526804387,3601100.7379999994,55401.54981538462,32,7611.0,0.018049979865419775,32,7611.0
98845.0,57,36499.0,544.7611940298508,1.2339678291041036,53396.32080397042,796.9600119995581,3601101.0949999993,53747.77753731343,29,7428.0,0.03395253813499019,29,7428.0
98850.0,51,36635.0,530.9420289855072,1.919273445783127,53697.02258209605,778.217718581102,3601101.8629999994,52189.88207246376,24,7524.0,0.10718596612838342,24,7524.0
98855.0,55,36872.0,542.2352941176471,1.1915186894836856,53560.621914784395,787.656204629182,3504192.5559999994,51532.24347058823,28,7650.0,0.07781448607026567,28,7650.0
98860.0,55,37055.0,553.0597014925373,1.2320473905988418,53601.73745236429,800.0259321248401,3455769.2339999992,51578.645283582075,29,7699.0,0.05423392058956277,29,7699.0
98865.0,58,37339.0,541.1449275362319,1.6648924217372651,53903.98968242392,781.2172417742595,3552966.0129999993,51492.261057971,32,7823.0,0.06438797020571384,32,7823.0
98870.0,61,37632.0,537.6,1.224369242692431,54181.04798877172,774.0149712681674,3650161.797999999,52145.16854285714,34,7956.0,0.00872018709690709,34,7956.0
98875.0,62,37938.0,557.9117647058823,0.38117175214761606,54397.4482958684,799.9624749392412,3698755.2719999994,54393.45988235294,36,8102.0,0.00022250743660481704,36,8102.0
98880.0,52,37773.0,555.4852941176471,1.1719952210985822,54710.93596631237,804.5725877398876,3747353.6099999994,55108.14132352941,25,7822.0,0.057061415734854355,25,7822.0
98885.0,55,37926.0,512.5135135135135,1.4679353722253285,55033.17514025149,743.6915559493444,3747359.6099999994,50639.994729729726,24,7740.0,0.041270429281857555,24,7740.0
98890.0,52,38110.0,522.054794520548,1.7504308114658313,55340.37352859045,758.0873086108279,3698757.9659999995,50667.91734246576,24,7830.0,0.09911973358618839,24,7830.0
98895.0,56,38353.0,547.9,0.8286816134258753,55515.83570815298,793.0833672593283,3601555.795,51450.79707142857,30,7947.0,0.015089555662018398,30,7947.0
98900.0,52,37510.0,513.8356164383562,1.6127342026098836,55646.16988287898,762.2762997654655,3698782.958,50668.259698630136,24,7312.0,0.06108392054965424,24,7312.0
98905.0,59,37787.0,532.2112676056338,1.634704922979441,55685.14402113184,784.2978031145328,3650264.5979999998,51412.17743661972,27,7295.0,0.033236543831192976,27,7295.0
98910.0,59,38069.0,543.8428571428572,1.299991449539895,55827.379728471875,797.5339961210266,3650263.644,52146.623485714284,29,7406.0,0.009493244097128881,29,7406.0
98915.0,59,38346.0,563.9117647058823,1.3212342280983267,55753.96753925062,819.9112873419208,3650263.118,53680.33997058824,31,7529.0,7.5775418665758095e-06,31,7529.0
98920.0,51,38478.0,601.21875,2.068880661151672,55812.23922148247,872.0662378356633,3650261.538,57035.336531249995,23,7262.0,0.04809530319172719,23,7262.0
98925.0,51,38733.0,595.8923076923077,2.169298307864126,55725.653981799835,857.317753566151,3650257.876,56157.813476923075,23,7332.0,0.010805333004479051,23,7332.0
98930.0,51,38988.0,639.1475409836065,2.019737464476259,55693.64053857858,913.0105006324355,3650256.346,59840.26796721312,23,7417.0,0.09315687197155374,23,7417.0
98935.0,51,39243.0,700.7678571428571,0.32576470428281573,55752.25215362072,995.5759313146555,3650247.346,65182.98832142857,23,7502.0,0.04637378655319826,23,7502.0
98940.0,46,39101.0,698.2321428571429,1.0737511696845068,56019.96885267558,1000.3565866549209,3650247.346,65182.98832142857,18,7037.0,0.050901377413617645,18,7037.0
98945.0,42,39068.0,662.1694915254237,1.9127501072006878,56276.42519054129,953.8377150939197,3650247.346,61868.59908474576,13,6958.0,0.06082607711205066,13,6958.0
98950.0,41,39082.0,673.8275862068965,1.906503583246358,56136.66195580382,967.8734819966172,3553131.099,61260.88101724138,13,6992.0,0.17674117175533394,13,6992.0
98955.0,43,39234.0,688.3157894736842,1.2628857189927973,56099.58425997361,984.2032326311155,3553276.8079999997,62338.189614035095,17,7132.0,0.043295966109281485,17,7132.0
98960.0,42,39398.0,703.5357142857143,1.6185445490725578,56320.004335722646,1005.7143631379041,3601932.691,64320.226625,16,7136.0,0.09315913888191649,16,7136.0
98965.0,47,39623.0,649.5573770491803,1.679068960305534,56576.35044933315,927.4811549071004,3699260.333,60643.612016393454,21,7203.0,0.03583139690888846,21,7203.0
98970.0,50,39868.0,687.3793103448276,1.4233835687083691,56631.343527973586,976.4024746202341,3650704.905,62943.188017241395,22,7283.0,0.0772886054961183,22,7283.0
98975.0,54,40125.0,691.8103448275862,0.38036063258354286,56873.85940050007,980.5837827672423,3650706.005,62943.206982758624,24,7370.0,0.009609105471372467,24,7370.0
98980.0,48,40227.0,705.7368421052631,1.1618965137347006,57108.309115873606,1001.9001599276069,3650706.005,64047.47377192982,20,7148.0,0.055618673315918715,20,7148.0
98985.0,45,40358.0,708.0350877192982,1.779090310419505,57359.39279682276,1006.305136786364,3650706.005,64047.47377192982,17,6929.0,0.13473476359330225,17,6929.0
98990.0,41,40453.0,722.375,1.6522900869241361,57586.856236818734,1028.33671851462,3602042.475,64322.18705357143,14,6847.0,0.09465149441703645,14,6847.0
98995.0,44,40647.0,752.7222222222222,0.9682674244940837,57277.68677693246,1060.6979032765269,3505063.7660000003,64908.58825925925,18,6948.0,0.06722294460476139,18,6948.0
99000.0,47,40823.0,728.9821428571429,0.9573234337508747,57176.908674937215,1021.0162263381644,3505321.2169999997,62595.02173214286,18,6964.0,0.07376651740449948,18,6964.0
99005.0,48,41051.0,651.6031746031746,1.6221478518499903,57444.60652723401,911.8191512259365,3554018.403,56412.99052380952,22,7032.0,0.07906444338521797,22,7032.0
99010.0,51,41300.0,635.3846153846154,2.0583695550833045,57716.3813223315,887.9443280358691,3651380.976,56175.09193846154,25,7121.0,0.1548767219875375,25,7121.0
99015.0,58,41572.0,659.8730158730159,0.27302962783756357,57944.08879126992,919.7474411312681,3700064.5779999997,58731.18377777778,31,7231.0,0.036834262542517086,31,7231.0
99020.0,56,41721.0,662.2380952380952,0.6092865823086708,58251.35392688285,924.6246655060768,3700064.5779999997,58731.18377777778,28,7041.0,0.016091004893787713,28,7041.0
99025.0,51,41886.0,664.8571428571429,1.5753514586746393,58538.32159066934,929.1797077884023,3700064.5779999997,58731.18377777778,23,6918.0,0.06064092896035969,23,6918.0
99030.0,49,42067.0,667.7301587301587,1.5107953670611824,58580.52796084354,929.8496501721194,3602839.1500000004,57187.92301587301,22,6999.0,0.06286158254176773,22,6999.0
99035.0,52,42301.0,682.2741935483871,1.0422821158374582,58544.42159852713,944.2648644923727,3505661.42,56542.926129032254,25,7104.0,0.08452329296399808,25,7104.0
99040.0,47,29398.0,474.16129032258067,1.3685522297017587,58677.44655688466,946.410428336849,3505767.474,56544.63667741935,25,5216.0,0.1056775938908357,25,5216.0
99045.0,42,20445.0,305.14925373134326,2.451892277829375,58951.91263315909,879.8792930322254,3603169.676,53778.651880597004,27,4340.0,0.09048288093976048,27,4340.0
99050.0,40,8872.0,130.47058823529412,2.7325836097420857,56360.84926864624,828.8360186565626,3611780.947,53114.42569117647,33,7456.0,0.05001441237666913,33,7456.0
99055.0,41,1219.0,18.19402985074627,2.2162945977905335,42820.82644742428,639.1168126481238,3307702.3860000004,49368.6923283582,40,9590.0,0.028781928540514267,40,9590.0
99060.0,44,1188.0,17.73134328358209,2.051396324653549,37372.95855698314,557.8053515967632,3313188.4840000006,49450.5743880597,35,9513.0,0.01359112431068128,35,9513.0
99065.0,53,1426.0,19.27027027027027,2.0081072484745417,37671.65458909093,509.0764133660938,3679213.985000001,49719.107905405406,37,9636.0,2.5531890666289216e-05,37,9636.0
99070.0,57,1697.0,23.569444444444443,1.5487545736495276,36355.35776645518,504.9355245340996,3772152.7950000004,52391.011041666665,37,9781.0,0.04402867871548388,37,9781.0
99075.0,66,2003.0,28.211267605633804,0.5732162212249083,36585.47491374568,515.2883790668405,3955138.6700000004,55706.178450704225,39,9929.0,0.00033876637020528874,39,9929.0
99080.0,60,1882.0,26.13888888888889,0.7631037837001357,36839.37721328182,511.6580168511364,3955138.1600000006,54932.47444444444,31,9710.0,0.021386162948346814,31,9710.0
99085.0,55,1985.0,27.19178082191781,1.6300028889667995,37150.0401699457,508.90465986226974,3955141.7340000006,54180.023753424655,26,9649.0,0.044380498302372715,26,9649.0
99090.0,50,2042.0,28.36111111111111,1.6157705571525414,37403.94847365124,519.4992843562669,3906457.3180000004,54256.35163888889,23,9727.0,0.08681380790002337,23,9727.0
99095.0,56,2278.0,32.542857142857144,0.7766069539934956,37597.47497304717,537.1067853292456,3809045.492,54414.935600000004,30,9860.0,0.017155782729045627,30,9860.0
99100.0,55,2533.0,37.25,0.734675291249044,37461.08873950158,550.8983638161995,3760576.064,55302.58917647058,29,9767.0,0.05750086932471031,29,9767.0
99105.0,55,2793.0,38.791666666666664,1.2680521592796044,37781.59156726919,524.7443273231829,3858055.8699999996,53584.109305555554,28,9712.0,0.07418039440887624,28,9712.0
99110.0,55,3064.0,42.55555555555556,1.5950706299820514,38098.425031212915,529.1447921001795,3858055.8699999996,53584.109305555554,29,9746.0,0.059136292454444093,29,9746.0
99115.0,59,3349.0,47.16901408450704,0.908075345162953,38093.89545490747,536.5337388015139,3809527.5549999992,53655.31767605634,32,9861.0,0.04096010722786836,32,9861.0
99120.0,50,2234.0,32.3768115942029,1.540559391147649,38078.89216339644,551.8680023680646,3712235.3869999996,53800.51285507246,23,8908.0,0.08865463590683102,23,8908.0
99125.0,54,2495.0,32.4025974025974,2.6082458170405034,38387.250081793805,498.5357153479716,3809728.5529999994,49476.994194805186,27,8666.0,0.04073098108821019,27,8666.0
99130.0,57,2765.0,35.0,2.888297563547537,38288.945451324194,484.6701955863823,3907215.3449999993,49458.42208860759,30,8772.0,0.09044646211651261,30,8772.0
99135.0,61,3056.0,42.44444444444444,1.2347722573818534,37659.29187898308,523.0457205414318,3955950.6989999996,54943.75970833333,35,8893.0,0.0453732825827407,35,8893.0
99140.0,56,3065.0,43.16901408450704,1.2213668784780134,37881.07995958512,533.5363374589451,4004685.9729999998,56404.02778873239,29,8793.0,0.04297357769065586,29,8793.0
99145.0,59,3358.0,47.97142857142857,1.4986803897515037,38133.91499494193,544.7702142134561,4004685.9729999998,57209.79961428571,31,8845.0,0.02059793885312981,31,8845.0
99150.0,59,3653.0,53.720588235294116,1.5697802442814697,38314.32223814671,563.4459152668633,4004685.015,58892.426691176464,31,8957.0,0.0,31,8957.0
99155.0,61,3948.0,59.81818181818182,0.8946241177297708,38482.179297344905,583.0633226870439,4004685.873,60677.058681818184,31,9072.0,0.0,31,9072.0
99160.0,50,3877.0,61.53968253968254,1.2415948122827403,38639.07432360456,613.3186400572154,4004683.186,63566.39977777778,22,8824.0,0.07340925403168476,22,8824.0
99165.0,46,3911.0,61.109375,2.48654221561931,38907.773560750575,607.9339618867277,4004683.186,62573.174781249996,18,8647.0,0.15099606198975082,18,8647.0
99170.0,46,4002.0,62.53125,2.1381165981994776,39172.29889824301,612.0671702850469,4004683.186,62573.174781249996,19,8695.0,0.08359039052511917,19,8695.0
99175.0,51,4217.0,71.47457627118644,0.7634194373364047,38827.2045673989,658.0882130067608,3761221.2050000005,63749.511949152555,25,8802.0,0.035220182838522754,25,8802.0
99180.0,44,2955.0,48.442622950819676,1.185144708306586,38950.19881430421,638.5278494148231,3761327.0500000003,61661.09918032787,19,4951.0,0.048556721425032895,19,4951.0
99185.0,37,2185.0,33.61538461538461,3.5335780009751514,39205.08451983408,603.1551464589858,3810103.6760000004,58616.97963076924,23,3076.0,0.11088035705720767,23,3076.0
99190.0,32,1284.0,19.753846153846155,3.8548320478248437,34948.45271168623,537.6685032567115,3728674.066,57364.216400000005,26,7109.0,0.1308901686175826,26,7109.0
99195.0,38,861.0,14.35,2.2770904231610873,25802.239142571667,430.03731904286116,3279477.327000001,54657.95545000001,36,8207.0,0.015619395211582484,36,8207.0
99200.0,37,901.0,15.271186440677965,1.9419863302027447,18059.68060579405,306.09628145413643,3195443.0300000007,54160.051355932206,31,8108.0,0.011446589795407835,31,8108.0
99205.0,37,962.0,14.575757575757576,2.6120716721064,18319.064594999432,277.56158477271873,3470231.179,52579.260287878795,26,8044.0,0.055626375985360466,26,8044.0
99210.0,39,1063.0,15.632352941176471,2.2033101098158605,16993.26172114412,249.9009076638842,3514514.1250000005,51684.03125,24,8128.0,0.08998642474979925,24,8128.0
99215.0,52,1269.0,18.12857142857143,1.1255001222881855,16985.53235034925,242.65046214784655,3691903.4329999997,52741.47761428572,30,8245.0,0.056640412773224534,30,8245.0
99220.0,52,1284.0,18.608695652173914,1.2443117940647366,17054.07620052185,247.16052464524424,3643257.394,52800.831797101455,27,8157.0,0.05827936668694446,27,8157.0
99225.0,56,1556.0,21.91549295774648,1.6630864985561717,17360.39968759048,244.51267165620402,3740844.5239999997,52687.95104225353,30,8236.0,0.06354148482976935,30,8236.0
99230.0,61,1848.0,25.666666666666668,1.6580763182945706,17613.263897434106,244.62866524214036,3838425.574,53311.46630555556,34,8363.0,0.028665057691602415,34,8363.0
99235.0,63,2157.0,31.26086956521739,0.786041417496548,17785.49350742909,257.76077546998687,3838424.432,55629.33959420291,35,8499.0,0.00018604972830773165,35,8499.0
99240.0,56,2313.0,34.52238805970149,1.0944176842131723,17975.311103229054,268.28822542132923,3838427.5360000003,57289.96322388061,28,8423.0,0.03724237650313696,28,8423.0
99245.0,53,2493.0,35.11267605633803,1.974316420604844,18280.224719397884,257.4679537943364,3838430.5360000003,54062.40191549296,25,8343.0,0.08209988838438169,25,8343.0
99250.0,50,2649.0,37.84285714285714,2.2369543842199917,18558.896329597083,265.1270904228154,3789635.9050000003,54137.6557857143,23,8347.0,0.14173602989961762,23,8347.0
99255.0,54,2889.0,42.48529411764706,1.0739970312204223,18601.26799927869,273.5480588129219,3692169.013,54296.603132352946,27,8459.0,0.05475637291012734,27,8459.0
99260.0,54,3144.0,45.56521739130435,1.1385067613346271,18568.427137801624,269.1076396782843,3594751.277,52097.8445942029,28,8567.0,0.05230287252977874,28,8567.0
99265.0,59,3426.0,48.25352112676056,1.4235903345068612,18880.857583403023,265.92757159722555,3692372.2449999996,52005.24288732395,32,8684.0,0.03742165502643398,32,8684.0
99270.0,62,3726.0,52.478873239436616,1.1174024364228883,19184.484042035154,270.20400059204434,3741182.088,52692.70546478874,36,8819.0,0.041784905838422044,36,8819.0
99275.0,65,4046.0,57.8,0.38962382573441534,19479.542176445902,278.2791739492271,3838799.156,54839.98794285715,39,8974.0,0.029341348982249424,39,8974.0
99280.0,57,3657.0,51.50704225352113,0.7719956185746129,19815.1600910848,279.0867618462646,3887602.836,54754.96952112677,29,8610.0,0.06601072485923719,29,8610.0
99285.0,58,3819.0,50.25,1.1725380915209265,20157.189217130035,265.2261739096056,3887606.3279999997,51152.71484210526,27,8600.0,0.036841298240081144,27,8600.0
99290.0,55,4014.0,53.52,1.4533710578995902,20455.88883652901,272.7451844870534,3838815.2539999997,51184.20338666667,27,8696.0,0.045959985164380227,27,8696.0
99295.0,57,4263.0,58.397260273972606,0.8151752085406302,20774.06440926594,284.57622478446496,3741194.005,51249.23294520548,31,8820.0,0.018891821640630753,31,8820.0
99300.0,54,3340.0,45.75342465753425,1.7069230425876998,20905.12465402589,286.37157060309437,3790013.726,51917.99624657534,28,7972.0,0.04865584576971043,28,7972.0
99305.0,56,3619.0,48.9054054054054,2.83088580717428,20861.084137719063,281.906542401609,3741266.9699999997,50557.66175675675,28,7833.0,3.268232269192048e-06,28,7833.0
99310.0,56,3899.0,54.15277777777778,2.3004403066905996,20583.18008288036,285.8775011511162,3741266.9469999997,51962.04093055555,28,7938.0,0.06575870878510323,28,7938.0
99315.0,58,4182.0,64.33846153846154,0.9622544893165619,20039.40923070961,308.2986035493785,3741259.7580000004,57557.84243076923,30,8046.0,0.003560002737193105,30,8046.0
99320.0,54,4297.0,69.30645161290323,0.7714626402888973,20266.03064127517,326.871461956051,3741255.552,60342.83148387097,26,7918.0,0.07229159998697725,26,7918.0
99325.0,52,4438.0,70.44444444444444,1.1983566375294805,20555.994672156052,326.28562971676274,3741255.552,59385.00876190476,24,7819.0,0.054279907515899485,24,7819.0
99330.0,49,4540.0,72.06349206349206,1.218013738180018,20840.560418707526,330.80254632869094,3741255.552,59385.00876190476,22,7895.0,0.0686728752766082,22,7895.0
99335.0,55,4764.0,73.29230769230769,0.8414325783397641,20819.130976507284,320.2943227154966,3692606.988,56809.338276923074,26,8023.0,0.04203716256476221,26,8023.0
99340.0,46,4719.0,73.734375,1.5832878555412135,20847.258491952587,325.7384139367591,3643924.7669999995,56936.324484375,20,7889.0,0.07317893012787086,20,7889.0
99345.0,51,4962.0,75.18181818181819,2.2517930468757235,21121.91571973489,320.0290260565892,3741636.6489999993,56691.464378787874,24,7919.0,0.15501894510396189,24,7919.0
99350.0,52,5214.0,77.82089552238806,1.6768570504699276,21335.50583337901,318.440385572821,3839346.215999999,57303.674865671645,25,8007.0,0.007524513155247573,25,8007.0
99355.0,56,5489.0,88.53225806451613,0.9522483724134383,21485.3799022084,346.5383855194903,3839344.619999999,61924.91322580645,29,8113.0,7.210512453121318e-06,29,8113.0
99360.0,52,5613.0,90.53225806451613,1.2216613500681908,21662.026966110607,349.38753171146146,3839344.827999999,61924.91658064516,22,7975.0,0.020329473315135668,22,7975.0
99365.0,45,5736.0,88.24615384615385,2.345269402080502,21847.243660001623,336.1114409231019,3839352.827999999,59066.96658461539,17,7849.0,0.06365131024945528,17,7849.0
99370.0,43,5878.0,91.84375,2.8999874300415227,22088.040105248005,345.1256266445,3790493.753999999,59226.464906249996,16,7895.0,0.20838581300217562,16,7895.0
99375.0,47,6084.0,99.73770491803279,0.7726747420235983,21915.35262968035,359.26807589639907,3644150.051999999,59740.16478688523,20,7969.0,0.0734455353091714,20,7969.0
99380.0,51,6329.0,103.75409836065573,1.129700152184515,22067.400834881933,361.7606694242939,3644236.1059999997,59741.575508196715,25,8066.0,0.0563190127899635,25,8066.0
99385.0,53,6590.0,104.60317460317461,1.368596099581352,22345.17361552146,354.68529548446764,3741985.3389999997,59396.592682539675,27,8162.0,0.05636893288317351,27,8162.0
99390.0,58,6864.0,107.25,0.7644271676589594,22616.032765661257,353.37551196345703,3839728.1509999996,59995.752359375,31,8271.0,0.002236773864812372,31,8271.0
99395.0,58,7154.0,110.06153846153846,0.7531825048537302,22894.770176134738,352.22723347899586,3888598.530999999,59824.592784615386,32,8396.0,0.07927875466794838,32,8396.0
99400.0,53,7280.0,110.3030303030303,1.1587104169711449,23200.491486985567,351.5225982876602,3888602.0609999993,58918.21304545455,25,8264.0,0.09232921663479947,25,8264.0
99405.0,53,7450.0,111.19402985074628,1.834321138263059,23495.251155220372,350.67539037642354,3888602.0609999993,58038.83673134329,25,8171.0,0.05739369965820849,25,8171.0
99410.0,50,7629.0,113.86567164179104,2.1275873947803032,23779.68261848044,354.920636096723,3888602.0609999993,58038.83673134329,22,8167.0,0.09272414669577272,22,8167.0
99415.0,54,7856.0,120.86153846153846,1.1369898734249726,23735.102965494418,365.15543023837563,3693267.0669999993,56819.493338461536,27,8272.0,0.052561410951012966,27,8272.0
99420.0,53,8088.0,128.38095238095238,1.058129819571642,23647.00769352433,375.34932846864007,3595725.7749999994,57075.0123015873,27,8353.0,0.03515895913319971,27,8353.0
99425.0,55,8359.0,122.92647058823529,1.1663004761422446,23948.461676373998,352.18325994667646,3693504.0989999995,54316.236750000004,29,8459.0,0.04633069154040527,29,8459.0
99430.0,60,8649.0,125.34782608695652,1.343667348243433,24230.681590944816,351.1692984194901,3791274.8989999997,54946.01302898551,33,8584.0,0.10188303996091197,33,8584.0
99435.0,63,8953.0,129.7536231884058,0.35926981613804054,24549.86521904301,355.79514810207263,3840157.443,55654.45569565218,37,8723.0,0.0021513772683713277,37,8723.0
99440.0,55,8439.0,122.30434782608695,0.9723619958660175,24838.67938860248,359.98086070438376,3840159.3669999996,55654.48357971015,27,8238.0,0.03641069927405823,27,8238.0
99445.0,50,8516.0,118.27777777777777,1.7614995155244328,25153.11492843349,349.34881845046505,3840162.3669999996,53335.58843055555,21,7989.0,0.06300975721142922,21,7989.0
99450.0,51,8707.0,124.38571428571429,1.6941079702225799,25215.89095719206,360.2270136741722,3791272.609,54161.03727142858,23,8065.0,0.1066057804000398,23,8065.0
99455.0,58,8955.0,127.92857142857143,0.8877834979951945,25366.582149640395,362.3797449948627,3742483.74,53464.05342857143,32,8184.0,0.007837135782455236,32,8184.0
99460.0,57,9169.0,132.8840579710145,1.0163092380985412,25301.038121924554,366.68171191194995,3791390.618,54947.69011594203,31,8251.0,0.03146652335331247,31,8251.0
99465.0,60,9462.0,131.41666666666666,1.481209915954169,25413.2249452441,352.96145757283466,3889193.6449999996,54016.57840277778,33,8375.0,0.04539433275124642,33,8375.0
99470.0,61,9761.0,137.4788732394366,1.4663513166525517,25577.837411429773,360.25123114689825,3840373.3499999996,54089.76549295775,33,8505.0,0.027286261874843495,33,8505.0
99475.0,63,10072.0,145.97101449275362,0.6974254633522321,25829.390248043423,374.33898910207853,3840372.6569999997,55657.57473913044,35,8641.0,0.02442310587720713,35,8641.0
99480.0,58,10207.0,152.34328358208955,0.9219982822768756,26099.755609796794,389.5485911909969,3840372.6569999997,57318.99488059702,30,8560.0,0.039131421773109853,30,8560.0
99485.0,54,10338.0,147.68571428571428,1.8702986218213233,26401.044785267062,377.15778264667233,3840375.6569999997,54862.509385714286,26,8422.0,0.0432602589134743,26,8422.0
99490.0,51,10496.0,149.94285714285715,2.148135616524691,26547.43591516082,379.2490845022974,3742619.144999999,53465.987785714286,24,8506.0,0.12389739552705799,24,8506.0
99495.0,55,10732.0,157.8235294117647,1.1569760442986545,26575.26657832193,390.8127437988519,3644926.7869999995,53601.864514705885,28,8619.0,0.05391988803373249,28,8619.0
99500.0,48,9982.0,148.98507462686567,1.4194490410280334,26686.387793276514,398.3042954220374,3596103.4509999994,53673.1858358209,21,7905.0,0.07576118866707203,21,7905.0
99505.0,52,10231.0,148.2753623188406,2.5304408794626188,26973.163943548232,390.9154194717133,3693958.514999999,53535.63065217392,26,7809.0,0.05344883804652074,26,7809.0
99510.0,54,10495.0,149.92857142857142,2.4897349498339483,27094.373404127076,387.0624772018152,3791810.630999999,54168.7233,27,7908.0,0.051409858358018354,27,7908.0
99515.0,60,10772.0,163.21212121212122,0.9035309403279909,26547.136792999274,402.2293453484737,3840729.9009999987,58192.877287878786,31,8019.0,0.00012259949326714852,31,8019.0
99520.0,54,10932.0,173.52380952380952,1.2958707833762613,26699.350527118655,423.799214716169,3840729.101999999,60963.954,26,8005.0,0.04592815391224312,26,8005.0
99525.0,55,11203.0,169.74242424242425,1.4844791130979207,26988.09821193374,408.91057896869285,3840732.101999999,58192.91063636363,26,8100.0,0.0742399584874012,26,8100.0
99530.0,56,11477.0,176.56923076923076,1.5759572045893353,27232.676796105992,418.9642584016306,3840731.853999999,59088.18236923076,28,8200.0,0.060583830858616954,28,8200.0
99535.0,57,11758.0,189.6451612903226,0.7327574477376684,27441.337085679505,442.60221105934664,3840731.319999999,61947.27935483871,29,8306.0,0.009743274140646673,29,8306.0
99540.0,54,11760.0,192.78688524590163,0.5903614160205093,27677.84789172601,453.7352113397706,3840727.711999999,62962.74937704918,24,8130.0,0.013283150146406717,24,8130.0
99545.0,47,11798.0,184.34375,2.0527287594381103,27958.348469635588,436.84919483805584,3840729.711999999,60011.40175,19,8002.0,0.05602815829793321,19,8002.0
99550.0,44,11879.0,182.75384615384615,2.346441495986793,28222.832153149728,434.1974177407649,3840729.719999999,59088.149538461534,17,8055.0,0.1527933597317401,17,8055.0
99555.0,50,12076.0,191.68253968253967,1.0784975056802455,28155.543335562543,446.9133862787705,3694091.7589999996,58636.37712698413,23,8156.0,0.08235147499796332,23,8156.0
99560.0,50,12293.0,198.2741935483871,1.2085919091335142,28177.12055480096,454.4696863677572,3645296.2319999994,58795.10051612903,24,8242.0,0.06064616905591252,24,8242.0
99565.0,55,12556.0,193.16923076923078,1.3666360874813943,28467.189749181347,437.9567653720205,3743218.8039999995,57587.9816,29,8340.0,0.02208542461067673,29,8340.0
99570.0,58,12838.0,194.5151515151515,1.1481715350279982,28737.970071529264,435.42378896256446,3841139.5029999996,58199.08337878788,31,8457.0,0.05469791736901059,31,8457.0
99575.0,60,13130.0,198.93939393939394,0.6560011273127115,29002.18441049535,439.42703652265664,3890101.0129999993,58940.92443939394,34,8584.0,0.06744730435983608,34,8584.0
99580.0,52,12739.0,193.0151515151515,1.154557641866703,29310.223234111352,444.09429142592944,3890101.0129999993,58940.92443939394,24,8014.0,0.09247773153290462,24,8014.0
99585.0,48,12834.0,194.45454545454547,1.2177184929280234,29612.750512260245,448.6780380645492,3890101.0129999993,58940.92443939394,17,7915.0,0.05797937381286876,17,7915.0
99590.0,49,12991.0,199.86153846153846,1.2223380337987209,29765.82197561649,457.93572270179203,3841211.977999999,59095.568892307696,22,7982.0,0.03160183717016924,22,7982.0
99595.0,51,13209.0,203.2153846153846,1.05646581658676,29982.50814381738,461.2693560587288,3743338.102999999,57589.816969230764,24,8069.0,0.015357663839838496,24,8069.0
99600.0,53,13415.0,206.3846153846154,1.426345985950431,30008.893764627814,461.6752886865817,3792313.456999999,58343.283953846156,26,8123.0,0.0031126311567069133,26,8123.0
99605.0,57,13690.0,198.40579710144928,1.0728727499727413,29784.43527782873,431.6584822873728,3743426.662999999,54252.56033333333,29,8230.0,0.019498678346651647,29,8230.0
99610.0,58,13976.0,205.52941176470588,1.6296408405014962,30065.291384728556,442.1366380107141,3743426.270999999,55050.38633823529,30,8344.0,0.10344958904431997,30,8344.0
99615.0,62,14273.0,216.25757575757575,0.24992420399649137,30350.909103293176,459.8622591408056,3743425.592999999,56718.56959090909,34,8466.0,0.006612893808532019,34,8466.0
99620.0,60,14436.0,215.46268656716418,0.49090723138629244,30634.996918255256,457.23875997395896,3743427.520999999,55872.052552238805,32,8327.0,0.016107118699146033,32,8327.0
99625.0,56,14615.0,218.13432835820896,1.479511927234727,30942.82568626698,461.8332191980144,3743427.520999999,55872.052552238805,28,8209.0,0.04917980747932484,28,8209.0
99630.0,52,14752.0,216.94117647058823,1.5202372310510397,31239.531908310644,459.4048810045682,3743428.2679999988,55050.415705882355,25,8211.0,0.07595685693383214,25,8211.0
99635.0,56,14998.0,223.8507462686567,1.042359439150794,31033.604521853926,463.18812719184956,3645773.312999999,54414.5270597015,29,8341.0,0.06225567800918398,29,8341.0
99640.0,54,15176.0,229.93939393939394,1.1057417399816545,31062.939705953944,470.6506016053626,3596952.7389999996,54499.28392424242,28,8378.0,0.05712872100355654,28,8378.0
99645.0,58,15459.0,217.73239436619718,1.727667541078302,31369.74606040702,441.8274093015072,3694968.5229999996,52041.81018309858,32,8496.0,0.0713501924605109,32,8496.0
99650.0,61,15751.0,218.76388888888889,1.6080893655441437,31650.88510688722,439.5956264845447,3792982.1459999997,52680.30758333333,34,8623.0,0.03169178533876853,34,8623.0
99655.0,64,16063.0,232.79710144927537,0.3868240957582791,31875.644163636192,461.9658574440026,3841982.65,55680.907971014494,38,8770.0,0.014557328516398994,38,8770.0
99660.0,60,16236.0,231.94285714285715,1.007521323232748,32196.81519852025,459.95450283600337,3939996.563,56285.665185714286,33,8678.0,0.05851012417179074,33,8678.0
99665.0,56,16415.0,224.86301369863014,2.1564955849308416,32515.879963112082,445.423013193316,3939996.563,53972.55565753425,28,8613.0,0.05509404156684813,28,8613.0
99670.0,52,16630.0,221.73333333333332,3.0155706961565607,32811.388925049636,437.48518566732827,3939997.635,52533.3018,25,8512.0,0.15248089630796638,25,8512.0
99675.0,55,16888.0,241.25714285714287,1.7740811693794605,32636.986439716453,466.24266342452063,3695199.6219999995,52788.566028571426,29,8623.0,0.06976279583209431,29,8623.0
99680.0,59,17171.0,248.85507246376812,0.7835093331021472,32742.12124670346,474.52349632903554,3646297.403,52844.88989855073,32,8741.0,0.045802739552804214,32,8741.0
99685.0,52,16466.0,231.91549295774647,1.6408687125095975,32877.345064992965,463.06119809849247,3597393.497,50667.51404225353,25,8015.0,0.07771488816726725,25,8015.0
99690.0,55,16736.0,229.26027397260273,2.688854047461208,33174.42507482333,454.4441791071686,3695417.871,50622.16261643836,28,7970.0,0.08886338192133036,28,7970.0
99695.0,60,17009.0,229.85135135135135,1.6867480630886997,32944.62567787505,445.19764429560854,3793442.307,51262.73387837837,31,8084.0,0.033344275667683304,31,8084.0
99700.0,60,17304.0,250.7826086956522,1.0688215320140138,32732.142943354036,474.3788832370148,3842445.309,55687.61317391305,34,8214.0,0.04956214534226536,34,8214.0
99705.0,58,17415.0,252.3913043478261,1.199288213752782,33035.58427564241,478.7765837049625,3891449.7809999995,56397.822913043485,31,8170.0,0.060640056874051065,31,8170.0
99710.0,60,17711.0,253.0142857142857,1.1657230442470958,33326.56031464486,476.0937187806409,3891453.7529999996,55592.19647142857,32,8280.0,0.017330961787180212,32,8280.0
99715.0,60,18011.0,264.86764705882354,1.2099511882594784,33557.30853912987,493.4898314577919,3891452.9669999992,57227.24951470589,32,8405.0,0.019596568500523603,32,8405.0
99720.0,64,18315.0,273.35820895522386,0.5056954236206401,33787.09464052519,504.2849946347041,3891452.3609999996,58081.37852238806,34,8534.0,7.468201163085905e-05,34,8534.0
99725.0,50,17667.0,256.04347826086956,1.3543466147841354,34020.221059176714,493.04668201705385,3891457.3609999996,56397.93276811594,21,8063.0,0.03969309373703239,21,8063.0
99730.0,47,17589.0,258.6617647058824,2.1673777040101165,34301.375086341824,504.4319865638504,3891457.3609999996,57227.31413235294,16,7799.0,0.16566175292839283,16,7799.0
99735.0,48,17669.0,259.8382352941176,1.261763822895345,34601.93548998883,508.85199249983583,3891457.3609999996,57227.31413235294,21,7852.0,0.04534360211531122,21,7852.0
99740.0,53,17887.0,275.18461538461537,0.9704316262126464,34637.68611744574,532.8874787299341,3793429.4789999994,58360.453523076925,27,7966.0,0.00563690449249162,27,7966.0
99745.0,53,18118.0,278.73846153846154,1.570603838921439,34904.83158400507,536.9974089846933,3793459.738999999,58360.91906153846,27,8032.0,0.0005468214136602484,27,8032.0
99750.0,56,18395.0,291.984126984127,1.0937186388101556,34428.20646487138,546.479467696371,3744495.731999999,59436.44019047619,28,8137.0,6.000517510591127e-06,28,8137.0
99755.0,56,18675.0,301.2096774193548,1.1881599073971167,34683.18414731765,559.4061959244782,3744495.623999999,60395.09070967742,28,8242.0,0.061217487520826626,28,8242.0
99760.0,58,18958.0,315.96666666666664,0.45316748218588543,34941.340647876386,582.3556774646063,3744490.623999999,62408.17706666666,30,8350.0,0.02946776637175297,30,8350.0
99765.0,54,19070.0,307.5806451612903,0.6897013257499623,35215.633629273325,567.9940907947308,3744493.623999999,60395.05845161291,26,8201.0,0.02002345906222116,26,8201.0
99770.0,49,19176.0,309.2903225806452,1.7257122583218742,35494.52848290488,572.4923948855626,3744493.623999999,60395.05845161291,21,8098.0,0.11087004163610366,21,8098.0
99775.0,45,19297.0,296.87692307692305,1.7623696084618,35771.175009192484,550.3257693721919,3744495.499999999,57607.62307692307,18,8070.0,0.08498957710566586,18,8070.0
99780.0,50,19515.0,309.76190476190476,1.4064951788037345,35616.579586143744,565.3425331133926,3646621.944999999,57882.888015873,24,8237.0,0.07769734540736686,24,8237.0
99785.0,53,19721.0,294.34328358208955,1.228821954523036,35677.053005219095,532.493328436106,3646768.545999999,54429.381283582086,26,8278.0,0.04414998350591932,26,8278.0
99790.0,56,19994.0,294.02941176470586,2.0241686236145244,35973.191516555285,529.0175223022836,3695843.800999999,54350.644132352936,30,8386.0,0.15908783199874071,30,8386.0
99795.0,62,20282.0,298.2647058823529,0.5237516466264213,36252.212341541956,533.120769728558,3793995.8979999996,55794.05732352941,36,8509.0,0.011728423734482529,36,8509.0
99800.0,65,20600.0,298.5507246376812,0.23189322683524277,36539.58296987024,529.5591734763801,3843073.3239999996,55696.714840579705,39,8662.0,0.01116068774159807,39,8662.0
99805.0,59,20770.0,288.47222222222223,1.3318045933821518,36868.400796253925,512.0611221701935,3941228.9379999996,54739.29080555556,32,8579.0,0.05733251055311078,32,8579.0
99810.0,55,20941.0,290.84722222222223,1.757266723944457,37184.519072583236,516.4516537858785,3941228.9379999996,54739.29080555556,27,8501.0,0.08282542570360316,27,8501.0
99815.0,56,21167.0,289.958904109589,1.6699491331936533,37505.03421933151,513.7675920456371,3941228.9379999996,53989.43750684932,29,8606.0,0.04473154644973416,29,8606.0
99820.0,60,21449.0,310.8550724637681,0.6886002901288634,37396.779727671514,541.9823148937903,3745124.792999999,54277.170913043476,34,8736.0,0.041515880473883444,34,8736.0
99825.0,50,14731.0,207.4788732394366,1.154369535173963,37582.77018457699,529.3347913320703,3745203.244999999,52749.34147887323,27,5854.0,0.03926319830772142,27,5854.0
99830.0,49,10615.0,147.43055555555554,2.4309751618788393,37890.386125747966,526.2553628576109,3794289.862999999,52698.470319444445,31,7013.0,0.07570566235789562,31,7013.0
99835.0,44,5233.0,73.70422535211267,2.0556585150837163,38135.422643363396,537.118628779766,3843373.732999999,54132.0244084507,37,7912.0,0.019107641488557866,37,7912.0
99840.0,48,1745.0,25.28985507246377,1.734763047398704,32182.29497839955,466.4100721507182,3664886.306999999,53114.29430434782,42,8106.0,2.264328593803995e-05,42,8106.0
99845.0,39,1321.0,18.095890410958905,1.9942800636321816,23363.650609689666,320.0500083519132,3489105.360999999,47795.96384931508,30,7598.0,0.03128791857636828,30,7598.0
99850.0,45,1378.0,17.896103896103895,2.283298719731996,23623.24743965938,306.79542129427773,3765699.649999999,48905.19025974025,27,7501.0,0.12552929965582463,27,7501.0
99855.0,52,1509.0,19.855263157894736,1.4468393597151739,23680.393996549996,311.58413153355264,3808823.7479999987,50116.101947368414,29,7625.0,0.0245802253802571,29,7625.0
99860.0,63,1771.0,23.613333333333333,0.7560052535182128,23215.349890011963,309.53799853349267,3760402.5539999986,50138.70072,38,7813.0,0.02234930631063124,38,7813.0
99865.0,59,1859.0,24.786666666666665,1.2720703890087357,23203.617644307807,309.3815685907707,3809510.8899999987,50793.478533333335,33,7842.0,0.050216067911259064,33,7842.0
99870.0,62,2164.0,28.103896103896105,1.6622622538211442,23397.131205808866,303.8588468286866,3907728.239999999,50749.7174025974,35,7945.0,0.07614872618410393,35,7945.0
99875.0,66,2473.0,31.303797468354432,1.4798480462826296,23702.859228961624,300.03619277166615,3907729.6359999985,49464.93210126582,36,8112.0,0.027075119432153308,36,8112.0
99880.0,67,2802.0,37.86486486486486,1.1295164042217558,23782.8231647202,321.3895022259486,3858717.533999999,52144.83154054054,39,8291.0,0.02328167912961388,39,8291.0
99885.0,61,2947.0,40.93055555555556,1.1208750467686128,23960.865202727426,332.7897944823253,3858714.533999999,53593.25741666667,33,8143.0,0.04761979347532026,33,8143.0
99890.0,57,3098.0,43.63380281690141,1.6730981485931855,24255.003795459786,341.6197717670393,3858714.533999999,54348.092028169005,29,8046.0,0.0706395421923297,29,8046.0
99895.0,56,3279.0,47.52173913043478,1.3721764799055578,24341.445278395677,352.77456925211123,3760617.812999999,54501.707434782606,29,8109.0,0.051902464132034906,29,8109.0
99900.0,59,3539.0,52.044117647058826,0.5846973799187831,24141.11887902036,355.01645410324056,3613578.8479999993,53140.865411764695,31,8293.0,0.04910022071172084,31,8293.0
99905.0,47,2200.0,30.555555555555557,1.9204342478025747,24360.3809099841,338.33862374977895,3662764.2909999993,50871.72626388889,20,7204.0,0.05863995071466449,20,7204.0
99910.0,50,2442.0,33.45205479452055,3.5001254519856846,24641.92553094649,337.56062371159584,3711899.338999999,50847.93615068493,24,6917.0,0.12551241243207273,24,6917.0
99915.0,55,2704.0,37.04109589041096,2.506086801601941,24554.630009291366,336.36479464782684,3810157.0949999997,52193.93280821918,29,7039.0,0.04913383817602233,29,7039.0
99920.0,60,2997.0,46.10769230769231,0.6539917380688943,23645.44859724086,363.7761322652439,3859277.0309999995,59373.49278461538,33,7190.0,0.0058729410453240635,33,7190.0
99925.0,55,3157.0,48.56923076923077,0.85338838380265,23817.246248057283,366.4191730470351,3859274.6689999998,59373.45644615385,27,7137.0,0.016334969515921022,27,7137.0
99930.0,50,3313.0,49.44776119402985,2.208447378533819,24109.177060928698,359.83846359595066,3859275.4609999997,57601.12628358209,22,7085.0,0.09327350243947338,22,7085.0
99935.0,50,3487.0,52.04477611940298,1.8839832158240513,24266.443694289806,362.18572678044484,3810200.206,56868.65979104478,23,7183.0,0.11853098084038717,23,7183.0
99940.0,54,3731.0,57.4,0.8387872455964634,24411.750109714972,375.56538630330715,3712006.019,57107.78490769231,28,7317.0,0.048922523924636405,28,7317.0
99945.0,49,3707.0,57.03076923076923,1.3143822383304176,24477.868661217133,376.5825947879559,3662997.628,56353.809661538464,23,7211.0,0.07576267169350571,23,7211.0
99950.0,52,3963.0,59.149253731343286,2.0354564929224357,24761.31806465695,369.5719114127902,3761292.9430000004,56138.70064179105,26,7285.0,0.11441750764076937,26,7285.0
99955.0,56,4231.0,62.220588235294116,1.363762579527832,24927.133003126328,366.57548534009294,3859581.089,56758.5454264706,29,7413.0,0.0073821726191630535,29,7413.0
99960.0,60,4525.0,69.61538461538461,0.9367057851682719,25111.27578623496,386.3273197882301,3859580.583,59378.162815384625,32,7560.0,1.8244135411973125e-05,32,7560.0
99965.0,54,4662.0,70.63636363636364,1.0921487648451158,25288.764576776182,383.16309964812393,3859583.583,58478.53913636364,26,7484.0,0.033696991109359226,26,7484.0
99970.0,50,4801.0,72.74242424242425,2.340998756159552,25573.22075811025,387.47304178954914,3859583.583,58478.53913636364,22,7357.0,0.13192196563844927,22,7357.0
99975.0,48,4966.0,75.24242424242425,1.888746770354138,25852.692256722406,391.70745843518785,3859583.583,58478.53913636364,21,7450.0,0.07040177691538191,21,7450.0
99980.0,52,5204.0,80.06153846153846,1.052478559361025,25841.219523947613,397.55722344534786,3712285.5369999995,57112.085184615375,26,7584.0,0.04118109366209584,26,7584.0
99985.0,49,5380.0,85.39682539682539,1.5488491175442216,25798.29199310229,409.496698303211,3614147.1629999997,57367.41528571429,23,7643.0,0.07240077736025284,23,7643.0
99990.0,53,5637.0,86.72307692307692,1.2619626758553253,26081.599159117923,401.2553716787373,3712475.141,57115.002169230764,27,7753.0,0.06537415726714203,27,7753.0
99995.0,57,5911.0,89.56060606060606,1.1173390568340937,26342.285899775805,399.12554393599703,3810801.5709999995,57739.417742424244,30,7887.0,0.030263280893747038,30,7887.0
100000.0,58,6196.0,93.87878787878788,1.1540522976943521,26626.83465938269,403.43688877852554,3859964.4089999995,58484.30922727272,32,8032.0,0.05251038871541413,32,8032.0
